#sequence delta(k-1),f(k-1),theta(k),v(k),delta_diff(k-1),f_diff(k-1),theta_diff(k),v_diff(k),phi(1,1;k),phi(1,2;k),phi(2,1;k),phi(2,2;k)
1	-3.380162e-01	0.000000e+00	-3.379792e-01	0.000000e+00	-3.380162e-01	0.000000e+00	-9.447076e-03	-6.233132e-03	9.500965e-01	1.000000e-01	1.000000e+00	1.400000e+01
2	-7.443323e-02	2.000000e-01	-7.546271e-02	1.780910e+00	2.635830e-01	2.000000e-01	2.625165e-01	1.780910e+00	9.491573e-01	9.928729e-02	8.477412e-01	1.388447e+01
3	-3.923560e-01	4.000000e-01	-3.911181e-01	4.786598e+00	-3.179228e-01	2.000000e-01	-3.156554e-01	3.005688e+00	9.539187e-01	9.629193e-02	7.774481e-01	1.392869e+01
4	-3.033845e-01	3.992655e-01	-3.037272e-01	4.389457e+00	8.897151e-02	-7.344712e-04	8.739094e-02	-3.971414e-01	9.540278e-01	9.629103e-02	7.582494e-01	1.392885e+01
5	-2.229337e-01	5.992655e-01	-2.232493e-01	6.864079e+00	8.045082e-02	2.000000e-01	8.047793e-02	2.474622e+00	9.534477e-01	9.484894e-02	7.443509e-01	1.389430e+01
6	-2.278564e-01	6.668787e-01	-2.278384e-01	8.121164e+00	-4.922677e-03	6.761316e-02	-4.589081e-03	1.257085e+00	9.534624e-01	9.464680e-02	7.436014e-01	1.390459e+01
7	-1.609125e-01	7.014119e-01	-1.611739e-01	9.477092e+00	6.694385e-02	3.453318e-02	6.666442e-02	1.355928e+00	9.534487e-01	9.463973e-02	7.697918e-01	1.391810e+01
8	4.290178e-02	6.834707e-01	4.210461e-02	8.618761e+00	2.038143e-01	-1.794114e-02	2.032785e-01	-8.583314e-01	9.544586e-01	9.455083e-02	6.971999e-01	1.392449e+01
9	2.110867e-01	8.834707e-01	2.104267e-01	9.708009e+00	1.681850e-01	2.000000e-01	1.683221e-01	1.089248e+00	9.536001e-01	9.352988e-02	5.571522e-01	1.375795e+01
10	2.740100e-01	1.083471e+00	2.737616e-01	1.390087e+01	6.292322e-02	2.000000e-01	6.333493e-02	4.192860e+00	9.531504e-01	9.210071e-02	5.982778e-01	1.388867e+01
11	4.366394e-01	9.311287e-01	4.360031e-01	1.002626e+01	1.626294e-01	-1.523421e-01	1.622416e-01	-3.874611e+00	9.547531e-01	9.059941e-02	4.583712e-01	1.401973e+01
12	5.346993e-01	1.131129e+00	5.343138e-01	1.326854e+01	9.805989e-02	2.000000e-01	9.831060e-02	3.242283e+00	9.541426e-01	8.935423e-02	4.762511e-01	1.405619e+01
13	5.482379e-01	1.220431e+00	5.481835e-01	1.539748e+01	1.353864e-02	8.930184e-02	1.386978e-02	2.128942e+00	9.540976e-01	8.905735e-02	4.818056e-01	1.409283e+01
14	5.671906e-01	1.214280e+00	5.671163e-01	1.524835e+01	1.895265e-02	-6.150889e-03	1.893280e-02	-1.491287e-01	9.541102e-01	8.905326e-02	4.811613e-01	1.409304e+01
15	5.731092e-01	1.366319e+00	5.730858e-01	1.732902e+01	5.918641e-03	1.520390e-01	5.969478e-03	2.080663e+00	9.540734e-01	8.810966e-02	4.809810e-01	1.408841e+01
16	5.107569e-01	1.423571e+00	5.110003e-01	1.874118e+01	-6.235236e-02	5.725281e-02	-6.208548e-02	1.412160e+00	9.542989e-01	8.790260e-02	4.622249e-01	1.410563e+01
17	3.745461e-01	1.406054e+00	3.750791e-01	1.771719e+01	-1.362108e-01	-1.751749e-02	-1.359212e-01	-1.023986e+00	9.545807e-01	8.793883e-02	5.079849e-01	1.411152e+01
18	2.594419e-01	1.606054e+00	2.598936e-01	2.029129e+01	-1.151042e-01	2.000000e-01	-1.151855e-01	2.574095e+00	9.558001e-01	8.582003e-02	5.180896e-01	1.409396e+01
19	1.748956e-01	1.650442e+00	1.752276e-01	2.200411e+01	-8.454627e-02	4.438846e-02	-8.466595e-02	1.712823e+00	9.561066e-01	8.565913e-02	4.728747e-01	1.411770e+01
20	-2.595332e-02	1.550224e+00	-2.516746e-02	2.175364e+01	-2.008489e-01	-1.002187e-01	-2.003951e-01	-2.504642e-01	9.560858e-01	8.564879e-02	3.556792e-01	1.405922e+01
21	-1.929526e-01	1.516510e+00	-1.922971e-01	2.143350e+01	-1.669992e-01	-3.371364e-02	-1.671297e-01	-3.201480e-01	9.564437e-01	8.572103e-02	3.390062e-01	1.405585e+01
22	-3.272950e-01	1.617307e+00	-3.267676e-01	2.231539e+01	-1.343424e-01	1.007966e-01	-1.344705e-01	8.818965e-01	9.573636e-01	8.503079e-02	3.697982e-01	1.403275e+01
23	-4.513768e-01	1.754230e+00	-4.508900e-01	2.313507e+01	-1.240818e-01	1.369233e-01	-1.241224e-01	8.196747e-01	9.583473e-01	8.394538e-02	4.309843e-01	1.396523e+01
24	-5.293754e-01	1.924077e+00	-5.290688e-01	2.452191e+01	-7.799861e-02	1.698472e-01	-7.817878e-02	1.386840e+00	9.589913e-01	8.254294e-02	4.656315e-01	1.388979e+01
25	-5.551390e-01	2.042375e+00	-5.550371e-01	2.626417e+01	-2.576357e-02	1.182978e-01	-2.596831e-02	1.742259e+00	9.591253e-01	8.192788e-02	4.642815e-01	1.389598e+01
26	-5.643356e-01	2.016319e+00	-5.642993e-01	2.575699e+01	-9.196636e-03	-2.605601e-02	-9.262151e-03	-5.071748e-01	9.591179e-01	8.190693e-02	4.648965e-01	1.389773e+01
27	-4.599963e-01	2.078618e+00	-4.604037e-01	2.756761e+01	1.043393e-01	6.229949e-02	1.038955e-01	1.810616e+00	9.590548e-01	8.186931e-02	5.089919e-01	1.392406e+01
28	-2.094202e-01	1.984583e+00	-2.104006e-01	2.728850e+01	2.505761e-01	-9.403548e-02	2.500031e-01	-2.791109e-01	9.610526e-01	8.111960e-02	6.127199e-01	1.388513e+01
29	-6.713312e-02	1.937962e+00	-6.769276e-02	2.620831e+01	1.422871e-01	-4.662136e-02	1.427078e-01	-1.080191e+00	9.617039e-01	8.090620e-02	5.779626e-01	1.389652e+01
30	-1.318723e-01	2.092818e+00	-1.316216e-01	2.829737e+01	-6.473918e-02	1.548564e-01	-6.392884e-02	2.089062e+00	9.621344e-01	7.987637e-02	5.787354e-01	1.389467e+01
31	-2.371445e-01	2.124555e+00	-2.367323e-01	2.778996e+01	-1.052722e-01	3.173738e-02	-1.051107e-01	-5.074048e-01	9.624505e-01	7.978107e-02	6.228456e-01	1.388137e+01
32	-3.168247e-01	2.280207e+00	-3.165119e-01	2.949490e+01	-7.968023e-02	1.556518e-01	-7.977957e-02	1.704940e+00	9.630287e-01	7.865166e-02	6.379840e-01	1.385180e+01
33	-3.631061e-01	2.324254e+00	-3.629241e-01	2.980976e+01	-4.628133e-02	4.404640e-02	-4.641218e-02	3.148578e-01	9.631451e-01	7.854086e-02	6.438140e-01	1.384625e+01
34	-3.213258e-01	2.364752e+00	-3.214883e-01	2.969986e+01	4.178028e-02	4.049833e-02	4.143578e-02	-1.099036e-01	9.631057e-01	7.850274e-02	6.299940e-01	1.383285e+01
35	-2.430972e-01	2.463906e+00	-2.434034e-01	3.127360e+01	7.822858e-02	9.915379e-02	7.808486e-02	1.573744e+00	9.629199e-01	7.826717e-02	6.356299e-01	1.384000e+01
36	-3.238568e-01	2.424633e+00	-3.235425e-01	3.097897e+01	-8.075960e-02	-3.927234e-02	-8.013911e-02	-2.946265e-01	9.628932e-01	7.825418e-02	6.241589e-01	1.383442e+01
37	-4.390972e-01	2.424786e+00	-4.386459e-01	3.088893e+01	-1.152405e-01	1.527807e-04	-1.151033e-01	-9.004400e-02	9.631189e-01	7.825388e-02	6.252589e-01	1.383442e+01
38	-4.840716e-01	2.474696e+00	-4.838941e-01	3.088057e+01	-4.497432e-02	4.990988e-02	-4.524826e-02	-8.359836e-03	9.632433e-01	7.811578e-02	6.395549e-01	1.381855e+01
39	-5.432033e-01	2.587584e+00	-5.429716e-01	3.240455e+01	-5.913176e-02	1.128876e-01	-5.907752e-02	1.523983e+00	9.635481e-01	7.753401e-02	6.395032e-01	1.381865e+01
40	-6.474728e-01	2.571487e+00	-6.470646e-01	3.178020e+01	-1.042695e-01	-1.609656e-02	-1.040930e-01	-6.243586e-01	9.636651e-01	7.755208e-02	6.560153e-01	1.382120e+01
41	-7.065499e-01	2.642926e+00	-7.063175e-01	3.263076e+01	-5.907706e-02	7.143931e-02	-5.925291e-02	8.505628e-01	9.638848e-01	7.728641e-02	6.587552e-01	1.381789e+01
42	-7.280922e-01	2.651325e+00	-7.280072e-01	3.324893e+01	-2.154234e-02	8.398336e-03	-2.168965e-02	6.181678e-01	9.639009e-01	7.728013e-02	6.534734e-01	1.381995e+01
43	-7.802893e-01	2.588480e+00	-7.800851e-01	3.401513e+01	-5.219708e-02	-6.284454e-02	-5.207791e-02	7.662005e-01	9.638245e-01	7.718816e-02	6.122350e-01	1.377030e+01
44	-9.178795e-01	2.406825e+00	-9.173412e-01	3.099950e+01	-1.375902e-01	-1.816554e-01	-1.372562e-01	-3.015623e+00	9.632271e-01	7.639942e-02	6.396225e-01	1.380646e+01
45	-9.564065e-01	2.592783e+00	-9.562539e-01	3.366589e+01	-3.852696e-02	1.859587e-01	-3.891262e-02	2.666388e+00	9.635149e-01	7.501034e-02	6.374007e-01	1.381718e+01
46	-1.113215e+00	2.555351e+00	-1.112602e+00	3.354067e+01	-1.568083e-01	-3.743192e-02	-1.563478e-01	-1.252214e-01	9.636952e-01	7.505339e-02	6.012297e-01	1.380855e+01
47	-1.432667e+00	2.522049e+00	-1.431417e+00	3.418361e+01	-3.194522e-01	-3.330255e-02	-3.188151e-01	6.429356e-01	9.649161e-01	7.518067e-02	4.143853e-01	1.378907e+01
48	-1.746611e+00	2.400301e+00	-1.745380e+00	3.216728e+01	-3.139438e-01	-1.217477e-01	-3.139628e-01	-2.016325e+00	9.651815e-01	7.528357e-02	4.436605e-01	1.380042e+01
49	-1.932188e+00	2.520375e+00	-1.931459e+00	3.419353e+01	-1.855775e-01	1.200734e-01	-1.860790e-01	2.026248e+00	9.665585e-01	7.439263e-02	4.048086e-01	1.382556e+01
50	-2.056186e+00	2.454393e+00	-2.055699e+00	3.273428e+01	-1.239978e-01	-6.598209e-02	-1.242403e-01	-1.459245e+00	9.665282e-01	7.437651e-02	4.337844e-01	1.384098e+01
51	-2.070361e+00	2.556270e+00	-2.070304e+00	3.484922e+01	-1.417530e-02	1.018775e-01	-1.460525e-02	2.114931e+00	9.665850e-01	7.396823e-02	4.290222e-01	1.387520e+01
52	-1.916489e+00	2.427409e+00	-1.917090e+00	3.247080e+01	1.538726e-01	-1.288609e-01	1.532145e-01	-2.378418e+00	9.675891e-01	7.312731e-02	3.819891e-01	1.391459e+01
53	-1.636769e+00	2.549268e+00	-1.637864e+00	3.389176e+01	2.797195e-01	1.218584e-01	2.792253e-01	1.420965e+00	9.675460e-01	7.310854e-02	3.335556e-01	1.389349e+01
54	-1.251153e+00	2.547512e+00	-1.252663e+00	3.450469e+01	3.856166e-01	-1.755777e-03	3.852010e-01	6.129327e-01	9.696307e-01	7.309905e-02	4.202850e-01	1.389310e+01
55	-1.064907e+00	2.441309e+00	-1.065640e+00	3.387409e+01	1.862457e-01	-1.062030e-01	1.870229e-01	-6.306039e-01	9.708585e-01	7.239897e-02	4.865806e-01	1.385529e+01
56	-9.628092e-01	2.356669e+00	-9.632109e-01	3.307827e+01	1.020978e-01	-8.463963e-02	1.024296e-01	-7.958163e-01	9.713120e-01	7.202296e-02	5.023109e-01	1.384225e+01
57	-7.279748e-01	2.347584e+00	-7.288936e-01	3.218204e+01	2.348344e-01	-9.084812e-03	2.343172e-01	-8.962352e-01	9.720582e-01	7.199409e-02	4.058717e-01	1.384598e+01
58	-5.200030e-01	2.467906e+00	-5.208189e-01	3.347997e+01	2.079718e-01	1.203216e-01	2.080747e-01	1.297935e+00	9.717943e-01	7.184142e-02	3.624301e-01	1.382085e+01
59	-4.115057e-01	2.467440e+00	-4.119327e-01	3.416347e+01	1.084973e-01	-4.654492e-04	1.088863e-01	6.834997e-01	9.719727e-01	7.184065e-02	3.957639e-01	1.382071e+01
60	-2.017962e-01	2.340290e+00	-2.026171e-01	3.253221e+01	2.097095e-01	-1.271508e-01	2.093156e-01	-1.631261e+00	9.733864e-01	7.098353e-02	3.999276e-01	1.381818e+01
61	5.791203e-02	2.344135e+00	5.689434e-02	3.327596e+01	2.597082e-01	3.844895e-03	2.595114e-01	7.437509e-01	9.741551e-01	7.099491e-02	4.699488e-01	1.381922e+01
62	2.234547e-01	2.246724e+00	2.228040e-01	3.192309e+01	1.655426e-01	-9.741094e-02	1.659097e-01	-1.352869e+00	9.750478e-01	7.046966e-02	4.634230e-01	1.382306e+01
63	3.872116e-01	2.269456e+00	3.865694e-01	3.337390e+01	1.637569e-01	2.273192e-02	1.637654e-01	1.450808e+00	9.752390e-01	7.049621e-02	5.448163e-01	1.383436e+01
64	5.813990e-01	2.105141e+00	5.806379e-01	3.095231e+01	1.941873e-01	-1.643142e-01	1.940685e-01	-2.421588e+00	9.766930e-01	6.926593e-02	5.221037e-01	1.385358e+01
65	6.839964e-01	2.165523e+00	6.835927e-01	3.021873e+01	1.025975e-01	6.038148e-02	1.029548e-01	-7.335872e-01	9.766236e-01	6.922509e-02	4.435336e-01	1.380733e+01
66	6.872103e-01	2.353826e+00	6.871962e-01	3.189598e+01	3.213906e-03	1.883034e-01	3.603518e-03	1.677252e+00	9.766048e-01	6.812032e-02	4.421474e-01	1.372612e+01
67	7.230746e-01	2.375808e+00	7.229345e-01	3.332479e+01	3.586432e-02	2.198139e-02	3.573830e-02	1.428809e+00	9.765914e-01	6.811214e-02	4.610611e-01	1.373771e+01
68	8.341853e-01	2.175808e+00	8.337507e-01	3.143690e+01	1.111107e-01	-2.000000e-01	1.108162e-01	-1.887891e+00	9.774107e-01	6.663748e-02	5.026395e-01	1.366287e+01
69	7.913015e-01	2.056630e+00	7.914673e-01	2.840928e+01	-4.288377e-02	-1.191775e-01	-4.228338e-02	-3.027617e+00	9.772576e-01	6.621217e-02	5.304807e-01	1.374024e+01
70	7.587293e-01	2.256630e+00	7.588572e-01	3.023457e+01	-3.257222e-02	2.000000e-01	-3.261015e-02	1.825287e+00	9.774702e-01	6.490696e-02	5.442083e-01	1.365595e+01
71	8.023260e-01	2.295017e+00	8.021562e-01	3.088403e+01	4.359667e-02	3.838684e-02	4.329899e-02	6.494658e-01	9.774328e-01	6.487407e-02	5.463074e-01	1.365780e+01
72	7.912825e-01	2.194994e+00	7.913250e-01	2.919149e+01	-1.104349e-02	-1.000229e-01	-1.083122e-02	-1.692539e+00	9.773992e-01	6.456907e-02	5.479797e-01	1.367294e+01
73	6.937018e-01	2.202537e+00	6.940832e-01	2.846837e+01	-9.758067e-02	7.542798e-03	-9.724180e-02	-7.231201e-01	9.775077e-01	6.456068e-02	5.836279e-01	1.367019e+01
74	6.323413e-01	2.264531e+00	6.325825e-01	2.985477e+01	-6.136050e-02	6.199433e-02	-6.150066e-02	1.386400e+00	9.776681e-01	6.439867e-02	5.669400e-01	1.368705e+01
75	5.789763e-01	2.118517e+00	5.791857e-01	2.699795e+01	-5.336503e-02	-1.460137e-01	-5.339681e-02	-2.856827e+00	9.774632e-01	6.383814e-02	5.876797e-01	1.374380e+01
76	4.075638e-01	2.215103e+00	4.082342e-01	2.762087e+01	-1.714125e-01	9.658509e-02	-1.709515e-01	6.229224e-01	9.782275e-01	6.340752e-02	6.359072e-01	1.371662e+01
77	2.137385e-01	2.235432e+00	2.144983e-01	2.819733e+01	-1.938253e-01	2.032991e-02	-1.937359e-01	5.764630e-01	9.787171e-01	6.335615e-02	5.978820e-01	1.372061e+01
78	1.315483e-01	2.118714e+00	1.318723e-01	2.769459e+01	-8.219025e-02	-1.167185e-01	-8.262597e-02	-5.027442e-01	9.785158e-01	6.307023e-02	5.535218e-01	1.365761e+01
79	3.289201e-02	1.942813e+00	3.327865e-02	2.345875e+01	-9.865625e-02	-1.759008e-01	-9.859363e-02	-4.235840e+00	9.781007e-01	6.233019e-02	6.352201e-01	1.380328e+01
80	-3.721644e-02	2.142813e+00	-3.694107e-02	2.613075e+01	-7.010845e-02	2.000000e-01	-7.021972e-02	2.672005e+00	9.785604e-01	6.101894e-02	6.366569e-01	1.379918e+01
81	-7.220860e-02	2.081058e+00	-7.207084e-02	2.482973e+01	-3.499216e-02	-6.175547e-02	-3.512977e-02	-1.301021e+00	9.785126e-01	6.093466e-02	6.437292e-01	1.381166e+01
82	-4.651813e-02	2.091471e+00	-4.661795e-02	2.595001e+01	2.569047e-02	1.041282e-02	2.545289e-02	1.120278e+00	9.785087e-01	6.093308e-02	6.554386e-01	1.381641e+01
83	2.080155e-02	1.895878e+00	2.053819e-02	2.291524e+01	6.731968e-02	-1.955929e-01	6.715613e-02	-3.034773e+00	9.789220e-01	5.973228e-02	6.436514e-01	1.385065e+01
84	1.290721e-01	1.943650e+00	1.286481e-01	2.471030e+01	1.082705e-01	4.777239e-02	1.081099e-01	1.795067e+00	9.788846e-01	5.971578e-02	6.979755e-01	1.387462e+01
85	2.710727e-01	1.743650e+00	2.705164e-01	2.127551e+01	1.420006e-01	-2.000000e-01	1.418682e-01	-3.434795e+00	9.798543e-01	5.835000e-02	6.482769e-01	1.394462e+01
86	4.451311e-01	1.840765e+00	4.444490e-01	2.306350e+01	1.740584e-01	9.711535e-02	1.739327e-01	1.787995e+00	9.796690e-01	5.824660e-02	6.742930e-01	1.395914e+01
87	3.818393e-01	1.709266e+00	3.820838e-01	2.177274e+01	-6.329187e-02	-1.314994e-01	-6.236521e-02	-1.290762e+00	9.794519e-01	5.779548e-02	6.568158e-01	1.392283e+01
88	2.336684e-01	1.612158e+00	2.342481e-01	1.885292e+01	-1.481709e-01	-9.710829e-02	-1.478357e-01	-2.919825e+00	9.792507e-01	5.766364e-02	7.587110e-01	1.398961e+01
89	1.798580e-01	1.802702e+00	1.800705e-01	2.110221e+01	-5.381035e-02	1.905439e-01	-5.417764e-02	2.249289e+00	9.795634e-01	5.655659e-02	7.681247e-01	1.395627e+01
90	-5.997166e-03	1.730167e+00	-5.270339e-03	1.991035e+01	-1.858552e-01	-7.253431e-02	-1.853408e-01	-1.191855e+00	9.794925e-01	5.652894e-02	7.713089e-01	1.395751e+01
91	-1.638540e-01	1.675150e+00	-1.632345e-01	1.932026e+01	-1.578568e-01	-5.501683e-02	-1.579642e-01	-5.900962e-01	9.795099e-01	5.653499e-02	7.491570e-01	1.394979e+01
92	-3.330056e-01	1.587366e+00	-3.323425e-01	1.887087e+01	-1.691516e-01	-8.778485e-02	-1.691079e-01	-4.493891e-01	9.793883e-01	5.647189e-02	6.779834e-01	1.391286e+01
93	-3.981510e-01	1.441009e+00	-3.978939e-01	1.640833e+01	-6.514536e-02	-1.463570e-01	-6.555146e-02	-2.462538e+00	9.791892e-01	5.602463e-02	6.896582e-01	1.393909e+01
94	-3.680474e-01	1.485077e+00	-3.681639e-01	1.693850e+01	3.010363e-02	4.406815e-02	2.972998e-02	5.301673e-01	9.791576e-01	5.597830e-02	6.881608e-01	1.393689e+01
95	-3.451425e-01	1.427828e+00	-3.452325e-01	1.684318e+01	2.290483e-02	-5.724868e-02	2.293149e-02	-9.531900e-02	9.791979e-01	5.587764e-02	6.956187e-01	1.391825e+01
96	-3.031002e-01	1.276004e+00	-3.032648e-01	1.251721e+01	4.204231e-02	-1.518242e-01	4.196766e-02	-4.325967e+00	9.793810e-01	5.521636e-02	6.513929e-01	1.407796e+01
97	-2.608601e-01	1.476004e+00	-2.610258e-01	1.499643e+01	4.224009e-02	2.000000e-01	4.223903e-02	2.479221e+00	9.791810e-01	5.426966e-02	6.442413e-01	1.404410e+01
98	-1.853173e-01	1.416037e+00	-1.856130e-01	1.297974e+01	7.554286e-02	-5.996695e-02	7.541277e-02	-2.016691e+00	9.793488e-01	5.413649e-02	6.005534e-01	1.407878e+01
99	-1.544633e-01	1.490591e+00	-1.545850e-01	1.465117e+01	3.085392e-02	7.455371e-02	3.102798e-02	1.671430e+00	9.793017e-01	5.402266e-02	6.093661e-01	1.410008e+01
100	-1.390805e-01	1.293080e+00	-1.391411e-01	1.104402e+01	1.538284e-02	-1.975111e-01	1.544396e-02	-3.607148e+00	9.793809e-01	5.300596e-02	6.034066e-01	1.417659e+01
101	-8.887195e-02	1.361575e+00	-8.906831e-02	1.136568e+01	5.020855e-02	6.849558e-02	5.007275e-02	3.216643e-01	9.793160e-01	5.291742e-02	5.872555e-01	1.415456e+01
102	-6.352017e-02	1.352425e+00	-6.361996e-02	1.086325e+01	2.535178e-02	-9.149984e-03	2.544835e-02	-5.024327e-01	9.793293e-01	5.291262e-02	5.825872e-01	1.415624e+01
103	-5.701623e-02	1.305567e+00	-5.704203e-02	8.762906e+00	6.503933e-03	-4.685787e-02	6.577934e-03	-2.100346e+00	9.793376e-01	5.285286e-02	5.781410e-01	1.418828e+01
104	-5.037392e-02	1.404968e+00	-5.039997e-02	9.514796e+00	6.642309e-03	9.940120e-02	6.642057e-03	7.518894e-01	9.793215e-01	5.261247e-02	5.760617e-01	1.415716e+01
105	-3.164818e-02	1.362122e+00	-3.172143e-02	9.057091e+00	1.872575e-02	-4.284603e-02	1.867854e-02	-4.577046e-01	9.793446e-01	5.255973e-02	5.772886e-01	1.415435e+01
106	-1.581575e-02	1.239193e+00	-1.587788e-02	7.387978e+00	1.583243e-02	-1.229294e-01	1.584355e-02	-1.669113e+00	9.793953e-01	5.216574e-02	5.777494e-01	1.415078e+01
107	-8.867523e-03	1.164999e+00	-8.894908e-03	7.379990e+00	6.948226e-03	-7.419443e-02	6.982974e-03	-7.988113e-03	9.794086e-01	5.202346e-02	5.811654e-01	1.411430e+01
108	-6.125313e-03	9.789167e-01	-6.136131e-03	5.080565e+00	2.742211e-03	-1.860818e-01	2.758776e-03	-2.299425e+00	9.794211e-01	5.117602e-02	5.815820e-01	1.408603e+01
109	-1.045730e-03	9.148687e-01	-1.065615e-03	2.693083e+00	5.079582e-03	-6.404806e-02	5.070517e-03	-2.387482e+00	9.794292e-01	5.107361e-02	5.779985e-01	1.413121e+01
110	1.923936e-03	1.059925e+00	1.912258e-03	3.870960e+00	2.969667e-03	1.450566e-01	2.977873e-03	1.177877e+00	9.794190e-01	5.057319e-02	5.767790e-01	1.407164e+01
111	1.875882e-04	1.064656e+00	1.943252e-04	3.873374e+00	-1.736348e-03	4.730325e-03	-1.717933e-03	2.414334e-03	9.794192e-01	5.057261e-02	5.768311e-01	1.407150e+01
112	1.113215e-03	9.592576e-01	1.109626e-03	4.139630e+00	9.256271e-04	-1.053981e-01	9.153007e-04	2.662554e-01	9.794215e-01	5.030680e-02	5.775957e-01	1.398443e+01
113	3.896655e-03	7.592576e-01	3.885768e-03	1.158783e+00	2.783440e-03	-2.000000e-01	2.776143e-03	-2.980847e+00	9.794346e-01	4.936506e-02	5.773552e-01	1.400171e+01
114	5.333777e-03	6.917513e-01	5.328121e-03	7.225008e-01	1.437122e-03	-6.750630e-02	1.442353e-03	-4.362819e-01	9.794369e-01	4.925733e-02	5.777013e-01	1.398546e+01
115	5.021985e-03	5.673937e-01	5.023180e-03	0.000000e+00	-3.117927e-04	-1.243576e-01	-3.049406e-04	-7.225008e-01	9.794360e-01	4.889825e-02	5.775518e-01	1.392585e+01
116	7.448607e-03	5.002610e-01	7.439133e-03	0.000000e+00	2.426623e-03	-6.713267e-02	2.415953e-03	0.000000e+00	9.794398e-01	4.879256e-02	5.786254e-01	1.389615e+01
117	7.184149e-03	4.441780e-01	7.185145e-03	1.091153e+00	-2.644582e-04	-5.608308e-02	-2.539878e-04	1.091153e+00	9.794395e-01	4.871964e-02	5.783907e-01	1.384640e+01
118	5.002529e-03	2.731839e-01	5.011055e-03	0.000000e+00	-2.181620e-03	-1.709941e-01	-2.174090e-03	-1.091153e+00	9.794310e-01	4.805574e-02	5.770857e-01	1.374411e+01
119	5.565524e-03	1.825964e-01	5.563358e-03	0.000000e+00	5.629951e-04	-9.058743e-02	5.523033e-04	0.000000e+00	9.794322e-01	4.786915e-02	5.774172e-01	1.369077e+01
120	6.647040e-03	1.030984e-01	6.642807e-03	8.880045e-01	1.081516e-03	-7.949806e-02	1.079449e-03	8.880045e-01	9.794342e-01	4.772514e-02	5.784290e-01	1.361640e+01
121	6.192025e-03	0.000000e+00	6.193786e-03	0.000000e+00	-4.550154e-04	-1.030984e-01	-4.490214e-04	-8.880045e-01	9.794331e-01	4.748562e-02	5.783181e-01	1.359126e+01
122	6.117108e-03	0.000000e+00	6.117407e-03	0.000000e+00	-7.491708e-05	0.000000e+00	-7.637842e-05	0.000000e+00	9.794331e-01	4.748562e-02	1.000000e+00	1.400000e+01
123	6.215251e-03	0.000000e+00	6.214869e-03	0.000000e+00	9.814300e-05	0.000000e+00	9.746127e-05	0.000000e+00	9.794331e-01	4.748562e-02	1.000000e+00	1.400000e+01
124	6.246610e-03	0.000000e+00	6.246486e-03	0.000000e+00	3.135896e-05	0.000000e+00	3.161717e-05	0.000000e+00	9.794331e-01	4.748562e-02	1.000000e+00	1.400000e+01
125	5.924196e-03	0.000000e+00	5.925455e-03	0.000000e+00	-3.224135e-04	0.000000e+00	-3.210306e-04	0.000000e+00	9.794331e-01	4.748562e-02	1.000000e+00	1.400000e+01
126	6.403382e-03	0.000000e+00	6.401515e-03	0.000000e+00	4.791853e-04	0.000000e+00	4.760595e-04	0.000000e+00	9.794331e-01	4.748562e-02	1.000000e+00	1.400000e+01
127	6.109262e-03	0.000000e+00	6.110404e-03	5.366321e-01	-2.941195e-04	0.000000e+00	-2.911110e-04	5.366321e-01	9.794331e-01	4.748562e-02	1.000000e+00	1.400000e+01
128	5.851112e-03	0.000000e+00	5.852125e-03	0.000000e+00	-2.581496e-04	0.000000e+00	-2.582783e-04	-5.366321e-01	9.794331e-01	4.748562e-02	1.000000e+00	1.400000e+01
129	5.871905e-03	0.000000e+00	5.871828e-03	5.813166e-01	2.079293e-05	0.000000e+00	1.970281e-05	5.813166e-01	9.794331e-01	4.748562e-02	1.000000e+00	1.400000e+01
130	5.942669e-03	0.000000e+00	5.942393e-03	3.210834e-01	7.076406e-05	0.000000e+00	7.056460e-05	-2.602332e-01	9.794331e-01	4.748562e-02	1.000000e+00	1.400000e+01
131	6.367283e-03	0.000000e+00	6.365623e-03	0.000000e+00	4.246133e-04	0.000000e+00	4.232303e-04	-3.210834e-01	9.794331e-01	4.748562e-02	1.000000e+00	1.400000e+01
132	7.155295e-03	0.000000e+00	7.152210e-03	0.000000e+00	7.880121e-04	0.000000e+00	7.865872e-04	0.000000e+00	9.794331e-01	4.748562e-02	1.000000e+00	1.400000e+01
133	6.994891e-03	0.000000e+00	6.995505e-03	0.000000e+00	-1.604042e-04	0.000000e+00	-1.567050e-04	0.000000e+00	9.794331e-01	4.748562e-02	1.000000e+00	1.400000e+01
134	6.826319e-03	0.000000e+00	6.826980e-03	0.000000e+00	-1.685713e-04	0.000000e+00	-1.685249e-04	0.000000e+00	9.794331e-01	4.748562e-02	1.000000e+00	1.400000e+01
135	6.896762e-03	0.000000e+00	6.896490e-03	0.000000e+00	7.044291e-05	0.000000e+00	6.950944e-05	0.000000e+00	9.794331e-01	4.748562e-02	1.000000e+00	1.400000e+01
136	6.809564e-03	0.000000e+00	6.809903e-03	1.056171e+00	-8.719868e-05	0.000000e+00	-8.658654e-05	1.056171e+00	9.794331e-01	4.748562e-02	1.000000e+00	1.400000e+01
137	6.801766e-03	0.000000e+00	6.801798e-03	0.000000e+00	-7.797127e-06	0.000000e+00	-8.104898e-06	-1.056171e+00	1.000000e+00	1.000000e-01	1.000004e+00	1.400000e+01
138	7.288497e-03	0.000000e+00	7.286595e-03	4.274033e-01	4.867301e-04	0.000000e+00	4.847971e-04	4.274033e-01	1.000000e+00	1.000000e-01	1.000000e+00	1.400000e+01
139	7.176401e-03	0.000000e+00	7.176832e-03	2.105589e-01	-1.120955e-04	0.000000e+00	-1.097638e-04	-2.168445e-01	1.000000e+00	1.000000e-01	1.000000e+00	1.400000e+01
140	7.316561e-03	0.000000e+00	7.316015e-03	0.000000e+00	1.401597e-04	0.000000e+00	1.391835e-04	-2.105589e-01	1.000000e+00	1.000000e-01	1.000000e+00	1.400000e+01
141	7.403436e-03	0.000000e+00	7.403094e-03	0.000000e+00	8.687506e-05	0.000000e+00	8.707939e-05	0.000000e+00	1.000000e+00	1.000000e-01	1.000000e+00	1.400000e+01
142	7.191242e-03	0.000000e+00	7.192069e-03	0.000000e+00	-2.121939e-04	0.000000e+00	-2.110249e-04	0.000000e+00	1.000000e+00	1.000000e-01	1.000000e+00	1.400000e+01
143	7.129746e-03	0.000000e+00	7.129990e-03	0.000000e+00	-6.149589e-05	0.000000e+00	-6.207999e-05	0.000000e+00	1.000000e+00	1.000000e-01	1.000000e+00	1.400000e+01
144	7.175574e-03	0.000000e+00	7.175396e-03	6.661791e-01	4.582836e-05	0.000000e+00	4.540685e-05	6.661791e-01	1.000000e+00	1.000000e-01	1.000000e+00	1.400000e+01
145	7.102361e-03	0.000000e+00	7.102646e-03	0.000000e+00	-7.321334e-05	0.000000e+00	-7.274998e-05	-6.661791e-01	1.000000e+00	1.000000e-01	1.000000e+00	1.400000e+01
146	7.894686e-03	0.000000e+00	7.891592e-03	0.000000e+00	7.923253e-04	0.000000e+00	7.889461e-04	0.000000e+00	1.000000e+00	1.000000e-01	1.000000e+00	1.400000e+01
147	7.689488e-03	0.000000e+00	7.690277e-03	0.000000e+00	-2.051987e-04	0.000000e+00	-2.013153e-04	0.000000e+00	1.000000e+00	1.000000e-01	1.000000e+00	1.400000e+01
148	7.538899e-03	0.000000e+00	7.539490e-03	0.000000e+00	-1.505888e-04	0.000000e+00	-1.507869e-04	0.000000e+00	1.000000e+00	1.000000e-01	1.000000e+00	1.400000e+01
149	7.618599e-03	5.927525e-03	7.618290e-03	0.000000e+00	7.970032e-05	5.927525e-03	7.879998e-05	0.000000e+00	1.000000e+00	9.999833e-02	9.999969e-01	1.399977e+01
150	7.471668e-03	2.420879e-02	7.472240e-03	0.000000e+00	-1.469315e-04	1.828127e-02	-1.460497e-04	0.000000e+00	1.000000e+00	9.998246e-02	1.000015e+00	1.399755e+01
151	7.446920e-03	5.485599e-02	7.447019e-03	4.530428e-01	-2.474756e-05	3.064720e-02	-2.522140e-05	4.530428e-01	1.000000e+00	9.993787e-02	1.000014e+00	1.399790e+01
152	7.065674e-03	3.922704e-02	7.067164e-03	4.388431e-01	-3.812460e-04	-1.562896e-02	-3.798553e-04	-1.419968e-02	9.999999e-01	9.992627e-02	9.999773e-01	1.399637e+01
153	7.292225e-03	1.140692e-02	7.291345e-03	4.129742e-01	2.265504e-04	-2.782012e-02	2.241816e-04	-2.586889e-02	1.000000e+00	9.988958e-02	1.000016e+00	1.399158e+01
154	7.430974e-03	0.000000e+00	7.430428e-03	1.215612e+00	1.387490e-04	-1.140692e-02	1.390827e-04	8.026376e-01	1.000000e+00	9.988340e-02	1.000080e+00	1.398636e+01
155	8.034128e-03	0.000000e+00	8.031770e-03	0.000000e+00	6.031547e-04	0.000000e+00	6.013419e-04	-1.215612e+00	1.000000e+00	9.988340e-02	1.000000e+00	1.400000e+01
156	8.400261e-03	0.000000e+00	8.398821e-03	5.841287e-01	3.661324e-04	0.000000e+00	3.670512e-04	5.841287e-01	1.000000e+00	9.988340e-02	1.000000e+00	1.400000e+01
157	8.060442e-03	0.000000e+00	8.061764e-03	9.672257e-02	-3.398183e-04	0.000000e+00	-3.370571e-04	-4.874061e-01	1.000000e+00	9.988340e-02	1.000000e+00	1.400000e+01
158	8.026123e-03	0.000000e+00	8.026262e-03	0.000000e+00	-3.431945e-05	0.000000e+00	-3.550201e-05	-9.672257e-02	1.000000e+00	9.988340e-02	1.000000e+00	1.400000e+01
159	8.421168e-03	0.000000e+00	8.419626e-03	0.000000e+00	3.950455e-04	0.000000e+00	3.933637e-04	0.000000e+00	1.000000e+00	9.988340e-02	1.000000e+00	1.400000e+01
160	8.562842e-03	0.000000e+00	8.562283e-03	0.000000e+00	1.416737e-04	0.000000e+00	1.426569e-04	0.000000e+00	1.000000e+00	9.988340e-02	1.000000e+00	1.400000e+01
161	8.420807e-03	0.000000e+00	8.421360e-03	0.000000e+00	-1.420349e-04	0.000000e+00	-1.409228e-04	0.000000e+00	1.000000e+00	9.988340e-02	1.000000e+00	1.400000e+01
162	8.388016e-03	0.000000e+00	8.388146e-03	0.000000e+00	-3.279129e-05	0.000000e+00	-3.321368e-05	0.000000e+00	1.000000e+00	9.988340e-02	1.000000e+00	1.400000e+01
163	8.389460e-03	0.000000e+00	8.389455e-03	5.320939e-01	1.444453e-06	0.000000e+00	1.309070e-06	5.320939e-01	1.000000e+00	1.000000e-01	1.000000e+00	1.400000e+01
164	8.142292e-03	0.000000e+00	8.143258e-03	0.000000e+00	-2.471679e-04	0.000000e+00	-2.461973e-04	-5.320939e-01	1.000000e+00	1.000000e-01	1.000000e+00	1.400000e+01
165	8.485133e-03	0.000000e+00	8.483797e-03	8.156477e-01	3.428402e-04	0.000000e+00	3.405393e-04	8.156477e-01	1.000000e+00	1.000000e-01	1.000000e+00	1.400000e+01
166	8.372744e-03	0.000000e+00	8.373178e-03	0.000000e+00	-1.123886e-04	0.000000e+00	-1.106193e-04	-8.156477e-01	1.000000e+00	1.000000e-01	1.000000e+00	1.400000e+01
167	8.494711e-03	0.000000e+00	8.494236e-03	0.000000e+00	1.219670e-04	0.000000e+00	1.210584e-04	0.000000e+00	1.000000e+00	1.000000e-01	1.000000e+00	1.400000e+01
168	8.468361e-03	0.000000e+00	8.468462e-03	7.156905e-01	-2.634987e-05	0.000000e+00	-2.577405e-05	7.156905e-01	1.000000e+00	1.000000e-01	1.000000e+00	1.400000e+01
169	8.274734e-03	0.000000e+00	8.275491e-03	0.000000e+00	-1.936267e-04	0.000000e+00	-1.929710e-04	-7.156905e-01	1.000000e+00	1.000000e-01	1.000000e+00	1.400000e+01
