#sequence delta(k-1),f(k-1),theta(k),v(k),delta_diff(k-1),f_diff(k-1),theta_diff(k),v_diff(k),phi(1,1;k),phi(1,2;k),phi(2,1;k),phi(2,2;k)
1	-2.128294e+00	0.000000e+00	-2.128428e+00	0.000000e+00	-2.128294e+00	0.000000e+00	3.436134e-02	-2.902704e-03	3.303412e-01	1.000000e-01	1.000000e+00	1.500000e+01
2	-2.618058e+00	2.000000e-01	-2.616146e+00	2.488659e+00	-4.897648e-01	2.000000e-01	-4.877174e-01	2.488659e+00	4.009383e-01	7.117103e-02	1.004403e+00	1.499820e+01
3	-1.935831e+00	3.307856e-01	-1.938488e+00	5.676869e+00	6.822277e-01	1.307856e-01	6.776576e-01	3.188210e+00	5.040135e-01	9.093092e-02	1.145754e+00	1.502530e+01
4	-2.124008e+00	2.729892e-01	-2.123284e+00	5.410710e+00	-1.881778e-01	-5.779644e-02	-1.847956e-01	-2.661587e-01	5.114401e-01	9.321191e-02	1.074040e+00	1.500327e+01
5	-2.338795e+00	3.046038e-01	-2.337954e+00	6.583244e+00	-2.147871e-01	3.161460e-02	-2.146699e-01	1.172534e+00	5.221816e-01	9.163085e-02	9.814519e-01	1.501690e+01
6	-2.154618e+00	3.466514e-01	-2.155334e+00	7.903152e+00	1.841779e-01	4.204759e-02	1.826199e-01	1.319908e+00	5.292805e-01	9.325152e-02	1.025091e+00	1.502686e+01
7	-1.939077e+00	3.864343e-01	-1.939921e+00	7.824011e+00	2.155409e-01	3.978294e-02	2.154123e-01	-7.914133e-02	5.390407e-01	9.505298e-02	9.353182e-01	1.501029e+01
8	-1.944590e+00	5.395463e-01	-1.944572e+00	1.110677e+01	-5.513167e-03	1.531120e-01	-4.650177e-03	3.282755e+00	5.390827e-01	9.388614e-02	9.327566e-01	1.508144e+01
9	-2.003456e+00	5.624602e-01	-2.003226e+00	1.051052e+01	-5.886592e-02	2.291391e-02	-5.865414e-02	-5.962424e-01	5.398940e-01	9.357035e-02	9.575064e-01	1.507180e+01
10	-1.963840e+00	7.087108e-01	-1.963994e+00	1.243126e+01	3.961545e-02	1.462505e-01	3.923158e-02	1.920737e+00	5.399714e-01	9.385598e-02	9.515261e-01	1.504972e+01
11	-1.901683e+00	8.179420e-01	-1.901927e+00	1.379440e+01	6.215692e-02	1.092312e-01	6.206737e-02	1.363137e+00	5.405060e-01	9.479558e-02	9.415692e-01	1.503223e+01
12	-1.912207e+00	9.038998e-01	-1.912167e+00	1.500253e+01	-1.052346e-02	8.595778e-02	-1.023990e-02	1.208132e+00	5.405693e-01	9.427896e-02	9.419382e-01	1.502921e+01
13	-1.958069e+00	9.647678e-01	-1.957890e+00	1.555608e+01	-4.586264e-02	6.086806e-02	-4.572349e-02	5.535539e-01	5.411486e-01	9.351010e-02	9.488466e-01	1.502004e+01
14	-1.995813e+00	1.059531e+00	-1.995665e+00	1.689538e+01	-3.774335e-02	9.476274e-02	-3.777452e-02	1.339301e+00	5.416161e-01	9.233639e-02	9.497068e-01	1.501788e+01
15	-2.054730e+00	1.120201e+00	-2.054500e+00	1.685805e+01	-5.891762e-02	6.067037e-02	-5.883503e-02	-3.733451e-02	5.425231e-01	9.140237e-02	9.745957e-01	1.499225e+01
16	-2.153664e+00	1.283442e+00	-2.153276e+00	1.956488e+01	-9.893327e-02	1.632411e-01	-9.877663e-02	2.706827e+00	5.452934e-01	8.683143e-02	9.581703e-01	1.501936e+01
17	-2.204343e+00	1.272884e+00	-2.204143e+00	1.935889e+01	-5.067923e-02	-1.055785e-02	-5.086711e-02	-2.059879e-01	5.458298e-01	8.694319e-02	9.581428e-01	1.501935e+01
18	-2.226287e+00	1.337605e+00	-2.226200e+00	1.998550e+01	-2.194377e-02	6.472096e-02	-2.205675e-02	6.266074e-01	5.459932e-01	8.646147e-02	9.615166e-01	1.500940e+01
19	-2.263746e+00	1.432789e+00	-2.263600e+00	2.214461e+01	-3.745976e-02	9.518426e-02	-3.739960e-02	2.159108e+00	5.464388e-01	8.532910e-02	9.479495e-01	1.504387e+01
20	-2.301348e+00	1.378214e+00	-2.301201e+00	2.176027e+01	-3.760173e-02	-5.457582e-02	-3.760094e-02	-3.843353e-01	5.466597e-01	8.564977e-02	9.395316e-01	1.503166e+01
21	-2.322080e+00	1.409410e+00	-2.321999e+00	2.188598e+01	-2.073224e-02	3.119639e-02	-2.079813e-02	1.257151e-01	5.467792e-01	8.547005e-02	9.427175e-01	1.502686e+01
22	-2.316777e+00	1.525104e+00	-2.316797e+00	2.264365e+01	5.303365e-03	1.156938e-01	5.201406e-03	7.576627e-01	5.467602e-01	8.505590e-02	9.402506e-01	1.497305e+01
23	-2.318518e+00	1.679438e+00	-2.318512e+00	2.519276e+01	-1.741396e-03	1.543339e-01	-1.714276e-03	2.549115e+00	5.467716e-01	8.404969e-02	9.400545e-01	1.499043e+01
24	-2.328381e+00	1.643806e+00	-2.328342e+00	2.357553e+01	-9.862051e-03	-3.563187e-02	-9.830223e-03	-1.617236e+00	5.467783e-01	8.407410e-02	9.450814e-01	1.500859e+01
25	-2.319902e+00	1.833829e+00	-2.319934e+00	2.671765e+01	8.479020e-03	1.900233e-01	8.407499e-03	3.142121e+00	5.467300e-01	8.299207e-02	9.461975e-01	1.503360e+01
26	-2.295190e+00	1.772497e+00	-2.295287e+00	2.540898e+01	2.471153e-02	-6.133178e-02	2.464784e-02	-1.308663e+00	5.469201e-01	8.252035e-02	9.413953e-01	1.504552e+01
27	-2.270829e+00	1.881546e+00	-2.270925e+00	2.591559e+01	2.436063e-02	1.090481e-01	2.436175e-02	5.066094e-01	5.469435e-01	8.262535e-02	9.280903e-01	1.498596e+01
28	-2.259904e+00	2.035996e+00	-2.259947e+00	2.888323e+01	1.092492e-02	1.544506e-01	1.097740e-02	2.967638e+00	5.469038e-01	8.206283e-02	9.313870e-01	1.503257e+01
29	-2.243905e+00	1.913959e+00	-2.243968e+00	2.765574e+01	1.599914e-02	-1.220374e-01	1.597952e-02	-1.227496e+00	5.470338e-01	8.107073e-02	9.358532e-01	1.499850e+01
30	-2.202794e+00	1.920856e+00	-2.202955e+00	2.681268e+01	4.111151e-02	6.897206e-03	4.101334e-02	-8.430522e-01	5.473843e-01	8.112954e-02	9.166353e-01	1.499528e+01
31	-2.196341e+00	2.107920e+00	-2.196367e+00	2.807244e+01	6.452448e-03	1.870640e-01	6.587451e-03	1.259760e+00	5.473478e-01	8.007107e-02	9.119628e-01	1.485981e+01
32	-2.178391e+00	2.272788e+00	-2.178462e+00	3.088257e+01	1.794988e-02	1.648678e-01	1.790549e-02	2.810126e+00	5.473048e-01	7.967551e-02	9.148548e-01	1.488638e+01
33	-2.125474e+00	2.153278e+00	-2.125681e+00	2.902886e+01	5.291739e-02	-1.195100e-01	5.278062e-02	-1.853709e+00	5.481357e-01	7.779888e-02	9.117880e-01	1.489330e+01
34	-2.066039e+00	2.236390e+00	-2.066272e+00	3.105344e+01	5.943493e-02	8.311196e-02	5.940893e-02	2.024582e+00	5.487076e-01	7.859866e-02	9.323625e-01	1.492207e+01
35	-2.005703e+00	2.127389e+00	-2.005940e+00	2.991141e+01	6.033569e-02	-1.090003e-01	6.033207e-02	-1.142035e+00	5.497255e-01	7.675976e-02	9.445405e-01	1.490007e+01
36	-1.907651e+00	2.156914e+00	-1.908035e+00	3.030198e+01	9.805199e-02	2.952457e-02	9.790464e-02	3.905715e-01	5.516593e-01	7.734203e-02	9.379632e-01	1.489809e+01
37	-1.773756e+00	2.204386e+00	-1.774280e+00	3.096038e+01	1.338959e-01	4.747215e-02	1.337553e-01	6.584005e-01	5.551991e-01	7.859706e-02	9.269800e-01	1.489420e+01
38	-1.629650e+00	2.226611e+00	-1.630215e+00	3.000998e+01	1.441059e-01	2.222503e-02	1.440655e-01	-9.504006e-01	5.594195e-01	7.924795e-02	8.311411e-01	1.487942e+01
39	-1.461821e+00	2.421307e+00	-1.462479e+00	3.308260e+01	1.678288e-01	1.946962e-01	1.677359e-01	3.072617e+00	5.639277e-01	8.447789e-02	8.339316e-01	1.488265e+01
40	-1.273737e+00	2.305229e+00	-1.274474e+00	3.133631e+01	1.880842e-01	-1.160784e-01	1.880048e-01	-1.746284e+00	5.719287e-01	7.953994e-02	8.186194e-01	1.489211e+01
41	-1.068819e+00	2.368844e+00	-1.069622e+00	3.404962e+01	2.049176e-01	6.361559e-02	2.048515e-01	2.713308e+00	5.797871e-01	8.197954e-02	9.706801e-01	1.493931e+01
42	-9.671419e-01	2.168844e+00	-9.675422e-01	3.088389e+01	1.016772e-01	-2.000000e-01	1.020802e-01	-3.165731e+00	5.825914e-01	7.646350e-02	9.576509e-01	1.496494e+01
43	-9.123438e-01	2.306275e+00	-9.125594e-01	3.298081e+01	5.479815e-02	1.374307e-01	5.498285e-02	2.096921e+00	5.829145e-01	7.727385e-02	9.573368e-01	1.496415e+01
44	-8.287839e-01	2.258668e+00	-8.291111e-01	3.246020e+01	8.355989e-02	-4.760732e-02	8.344826e-02	-5.206113e-01	5.844324e-01	7.640907e-02	9.617537e-01	1.496164e+01
45	-7.235017e-01	2.264772e+00	-7.239143e-01	3.171876e+01	1.052822e-01	6.104578e-03	1.051969e-01	-7.414381e-01	5.865808e-01	7.653364e-02	9.153022e-01	1.495894e+01
46	-7.430861e-01	2.393391e+00	-7.430112e-01	3.446306e+01	-1.958435e-02	1.286182e-01	-1.909692e-02	2.744297e+00	5.867418e-01	7.547634e-02	9.075700e-01	1.500972e+01
47	-7.008612e-01	2.214655e+00	-7.010259e-01	3.159957e+01	4.222487e-02	-1.787358e-01	4.198533e-02	-2.863488e+00	5.873474e-01	7.291311e-02	9.032497e-01	1.502801e+01
48	-5.132738e-01	2.333693e+00	-5.140072e-01	3.442522e+01	1.875874e-01	1.190379e-01	1.870187e-01	2.825648e+00	5.932745e-01	7.667427e-02	9.786689e-01	1.507587e+01
49	-5.045758e-01	2.147806e+00	-5.046127e-01	3.184873e+01	8.697961e-03	-1.858870e-01	9.394526e-03	-2.576489e+00	5.933495e-01	7.506972e-02	9.795518e-01	1.505700e+01
50	-3.819756e-01	2.223131e+00	-3.824546e-01	3.257688e+01	1.226003e-01	7.532486e-02	1.221581e-01	7.281562e-01	5.958717e-01	7.661933e-02	9.492280e-01	1.503837e+01
51	-8.141909e-02	2.265370e+00	-8.259501e-02	3.197877e+01	3.005565e-01	4.223978e-02	2.998596e-01	-5.981102e-01	6.119120e-01	7.887361e-02	7.419689e-01	1.500924e+01
52	8.956448e-02	2.408630e+00	8.889198e-02	3.287028e+01	1.709836e-01	1.432592e-01	1.714870e-01	8.915068e-01	6.163150e-01	8.256263e-02	6.321685e-01	1.491725e+01
53	5.185194e-01	2.482583e+00	5.168412e-01	3.337721e+01	4.289549e-01	7.395336e-02	4.279492e-01	5.069283e-01	6.456239e-01	8.761559e-02	4.707225e-01	1.488941e+01
54	9.471874e-01	2.479891e+00	9.455064e-01	3.398148e+01	4.286680e-01	-2.692015e-03	4.286652e-01	6.042702e-01	6.739959e-01	8.743742e-02	5.532540e-01	1.488889e+01
55	7.950331e-01	2.349557e+00	7.956209e-01	3.110651e+01	-1.521543e-01	-1.303343e-01	-1.498855e-01	-2.874972e+00	6.765421e-01	8.961852e-02	6.134960e-01	1.494050e+01
56	7.296704e-01	2.526388e+00	7.299280e-01	3.332631e+01	-6.536278e-02	1.768310e-01	-6.569295e-02	2.219800e+00	6.776806e-01	8.653861e-02	6.251503e-01	1.490897e+01
57	8.540794e-01	2.476303e+00	8.535945e-01	3.274259e+01	1.244091e-01	-5.008479e-02	1.236665e-01	-5.837211e-01	6.802395e-01	8.550845e-02	6.301413e-01	1.490696e+01
58	5.779444e-01	2.439526e+00	5.790212e-01	3.195595e+01	-2.761350e-01	-3.677649e-02	-2.745733e-01	-7.866392e-01	6.907940e-01	8.691414e-02	6.382739e-01	1.490804e+01
59	2.817838e-01	2.469919e+00	2.829449e-01	3.073986e+01	-2.961606e-01	3.039235e-02	-2.960763e-01	-1.216087e+00	7.034742e-01	8.561288e-02	8.376592e-01	1.488758e+01
60	1.381053e-02	2.665488e+00	1.486184e-02	3.253982e+01	-2.679733e-01	1.955696e-01	-2.680830e-01	1.799960e+00	7.150943e-01	7.713240e-02	9.446896e-01	1.480947e+01
61	-1.731086e-01	2.664236e+00	-1.723744e-01	3.260101e+01	-1.869192e-01	-1.252071e-03	-1.872362e-01	6.118541e-02	7.197606e-01	7.716366e-02	9.223235e-01	1.480932e+01
62	-3.434839e-01	2.582187e+00	-3.428155e-01	3.234127e+01	-1.703752e-01	-8.204964e-02	-1.704411e-01	-2.597310e-01	7.230586e-01	7.875191e-02	8.338716e-01	1.476672e+01
63	-4.838358e-01	2.444743e+00	-4.832850e-01	3.011536e+01	-1.403520e-01	-1.374438e-01	-1.404695e-01	-2.225914e+00	7.249006e-01	8.055573e-02	8.390573e-01	1.477180e+01
64	-5.481398e-01	2.534660e+00	-5.478865e-01	3.207064e+01	-6.430403e-02	8.991733e-02	-6.460155e-02	1.955280e+00	7.256666e-01	7.948465e-02	8.183831e-01	1.480071e+01
65	-5.841730e-01	2.373523e+00	-5.840313e-01	2.892242e+01	-3.603317e-02	-1.611368e-01	-3.614476e-02	-3.148222e+00	7.256191e-01	7.927237e-02	8.307736e-01	1.485612e+01
66	-6.475885e-01	2.554828e+00	-6.473402e-01	3.093292e+01	-6.341545e-02	1.813048e-01	-6.330892e-02	2.010498e+00	7.265557e-01	7.659471e-02	8.494159e-01	1.480282e+01
67	-6.758189e-01	2.511713e+00	-6.757077e-01	2.930862e+01	-2.823047e-02	-4.311550e-02	-2.836750e-02	-1.624292e+00	7.266167e-01	7.668785e-02	8.622998e-01	1.482250e+01
68	-6.715165e-01	2.622513e+00	-6.715329e-01	3.068110e+01	4.302449e-03	1.108001e-01	4.174832e-03	1.372472e+00	7.266016e-01	7.629823e-02	8.617441e-01	1.480819e+01
69	-6.935394e-01	2.528282e+00	-6.934535e-01	2.970032e+01	-2.202293e-02	-9.423097e-02	-2.192059e-02	-9.807707e-01	7.265883e-01	7.624161e-02	8.572295e-01	1.478887e+01
70	-7.072069e-01	2.462089e+00	-7.071532e-01	2.977179e+01	-1.366746e-02	-6.619261e-02	-1.369970e-02	7.146192e-02	7.265800e-01	7.620153e-02	8.503500e-01	1.475555e+01
71	-6.697161e-01	2.306337e+00	-6.698624e-01	2.548579e+01	3.749074e-02	-1.557519e-01	3.729078e-02	-4.285998e+00	7.269654e-01	7.460044e-02	8.148392e-01	1.490308e+01
72	-6.997158e-01	2.506337e+00	-6.995991e-01	2.981676e+01	-2.999962e-02	2.000000e-01	-2.973677e-02	4.330968e+00	7.272845e-01	7.247337e-02	7.956411e-01	1.503107e+01
73	-7.843918e-01	2.306337e+00	-7.840606e-01	2.710827e+01	-8.467607e-02	-2.000000e-01	-8.446147e-02	-2.708485e+00	7.276139e-01	7.325142e-02	7.812947e-01	1.499718e+01
74	-7.941859e-01	2.344551e+00	-7.941463e-01	2.815326e+01	-9.794031e-03	3.821417e-02	-1.008570e-02	1.044991e+00	7.276407e-01	7.314697e-02	7.790656e-01	1.500588e+01
75	-7.549754e-01	2.204573e+00	-7.551284e-01	2.655123e+01	3.921049e-02	-1.399784e-01	3.901793e-02	-1.602031e+00	7.280227e-01	7.178333e-02	7.876895e-01	1.497509e+01
76	-7.651365e-01	2.186914e+00	-7.650974e-01	2.628011e+01	-1.016114e-02	-1.765854e-02	-9.969035e-03	-2.711239e-01	7.280290e-01	7.179426e-02	7.876831e-01	1.497508e+01
77	-7.867311e-01	2.165690e+00	-7.866466e-01	2.628451e+01	-2.159462e-02	-2.122422e-02	-2.154921e-02	4.400036e-03	7.280731e-01	7.183763e-02	7.842049e-01	1.497166e+01
78	-7.478827e-01	2.083612e+00	-7.480341e-01	2.666049e+01	3.884844e-02	-8.207861e-02	3.861251e-02	3.759786e-01	7.283712e-01	7.120769e-02	8.131375e-01	1.491053e+01
79	-6.814912e-01	1.883612e+00	-6.817511e-01	2.451427e+01	6.639150e-02	-2.000000e-01	6.628299e-02	-2.146220e+00	7.293636e-01	6.821821e-02	8.372599e-01	1.483787e+01
80	-6.574682e-01	1.856187e+00	-6.575631e-01	2.520619e+01	2.402295e-02	-2.742421e-02	2.418803e-02	6.919273e-01	7.294610e-01	6.810707e-02	8.495610e-01	1.482382e+01
81	-5.869544e-01	1.677539e+00	-5.872302e-01	2.192979e+01	7.051387e-02	-1.786481e-01	7.033291e-02	-3.276407e+00	7.304826e-01	6.551887e-02	8.269322e-01	1.488115e+01
82	-4.431387e-01	1.871358e+00	-4.437016e-01	2.505549e+01	1.438157e-01	1.938191e-01	1.435286e-01	3.125706e+00	7.321935e-01	6.782467e-02	8.350655e-01	1.489212e+01
83	-3.039917e-01	1.671358e+00	-3.045374e-01	2.148890e+01	1.391470e-01	-2.000000e-01	1.391642e-01	-3.566588e+00	7.354573e-01	6.313348e-02	7.898528e-01	1.495710e+01
84	-2.471045e-01	1.821405e+00	-2.473288e-01	2.444395e+01	5.688716e-02	1.500467e-01	5.720855e-02	2.955042e+00	7.356146e-01	6.354847e-02	8.076161e-01	1.500395e+01
85	-1.328483e-01	1.621405e+00	-1.332955e-01	2.074418e+01	1.142562e-01	-2.000000e-01	1.140334e-01	-3.699767e+00	7.378719e-01	5.959730e-02	7.657833e-01	1.507718e+01
86	-6.564300e-03	1.753498e+00	-7.059344e-03	2.251189e+01	1.262840e-01	1.320932e-01	1.262361e-01	1.767707e+00	7.393576e-01	6.115140e-02	7.468685e-01	1.505740e+01
87	1.062427e-02	1.593877e+00	1.055520e-02	2.073374e+01	1.718857e-02	-1.596218e-01	1.761454e-02	-1.778146e+00	7.394758e-01	6.005348e-02	7.518057e-01	1.501155e+01
88	-9.438442e-03	1.521766e+00	-9.360342e-03	1.899926e+01	-2.006272e-02	-7.211030e-02	-1.991554e-02	-1.734480e+00	7.394830e-01	6.007907e-02	7.578583e-01	1.503330e+01
89	9.062701e-03	1.610066e+00	8.990736e-03	2.034294e+01	1.850114e-02	8.830014e-02	1.835108e-02	1.343675e+00	7.394774e-01	6.005254e-02	7.578777e-01	1.503339e+01
90	4.454240e-02	1.464360e+00	4.440352e-02	1.759110e+01	3.547970e-02	-1.457063e-01	3.541279e-02	-2.751836e+00	7.397762e-01	5.882564e-02	7.480740e-01	1.507365e+01
91	4.684032e-02	1.573444e+00	4.683080e-02	1.840278e+01	2.297919e-03	1.090838e-01	2.427274e-03	8.116794e-01	7.397700e-01	5.853258e-02	7.471687e-01	1.503068e+01
92	3.824756e-02	1.538505e+00	3.828109e-02	1.751774e+01	-8.592757e-03	-3.493870e-02	-8.549710e-03	-8.850349e-01	7.397706e-01	5.853503e-02	7.486104e-01	1.503654e+01
93	4.825276e-02	1.517108e+00	4.821381e-02	1.676915e+01	1.000520e-02	-2.139749e-02	9.932723e-03	-7.485990e-01	7.397886e-01	5.849659e-02	7.465468e-01	1.504096e+01
94	6.061478e-02	1.503406e+00	6.056634e-02	1.583479e+01	1.236202e-02	-1.370208e-02	1.235253e-02	-9.343599e-01	7.398121e-01	5.847050e-02	7.422170e-01	1.504575e+01
95	5.780474e-02	1.530418e+00	5.781553e-02	1.745569e+01	-2.810040e-03	2.701227e-02	-2.750811e-03	1.620902e+00	7.398151e-01	5.844162e-02	7.405938e-01	1.506136e+01
96	5.121554e-02	1.330418e+00	5.124132e-02	1.509669e+01	-6.589198e-03	-2.000000e-01	-6.574204e-03	-2.358993e+00	7.397844e-01	5.751130e-02	7.385742e-01	1.500006e+01
97	5.259411e-02	1.245640e+00	5.258883e-02	1.305518e+01	1.378567e-03	-8.477786e-02	1.347501e-03	-2.041513e+00	7.397878e-01	5.730252e-02	7.380713e-01	1.503099e+01
98	5.395443e-02	1.339861e+00	5.394909e-02	1.330878e+01	1.360317e-03	9.422081e-02	1.360267e-03	2.536022e-01	7.397846e-01	5.707772e-02	7.373227e-01	1.497914e+01
99	4.937801e-02	1.359689e+00	4.939586e-02	1.331551e+01	-4.576420e-03	1.982816e-02	-4.553230e-03	6.730632e-03	7.397896e-01	5.705607e-02	7.379463e-01	1.497644e+01
100	4.577551e-02	1.277467e+00	4.578965e-02	1.078387e+01	-3.602500e-03	-8.222149e-02	-3.606213e-03	-2.531649e+00	7.397832e-01	5.691010e-02	7.401592e-01	1.502695e+01
101	4.409796e-02	1.420118e+00	4.410456e-02	1.269028e+01	-1.677552e-03	1.426509e-01	-1.685086e-03	1.906415e+00	7.397900e-01	5.633577e-02	7.403453e-01	1.501112e+01
102	4.171354e-02	1.253908e+00	4.172288e-02	1.049856e+01	-2.384418e-03	-1.662100e-01	-2.381686e-03	-2.191724e+00	7.397802e-01	5.565470e-02	7.400045e-01	1.498737e+01
103	3.834624e-02	1.205823e+00	3.835943e-02	1.080868e+01	-3.367299e-03	-4.808504e-02	-3.363449e-03	3.101257e-01	7.397773e-01	5.561355e-02	7.383538e-01	1.496379e+01
104	3.592324e-02	1.006798e+00	3.593276e-02	7.571059e+00	-2.422994e-03	-1.990256e-01	-2.426668e-03	-3.237623e+00	7.397655e-01	5.464627e-02	7.386445e-01	1.498768e+01
105	3.474809e-02	1.100931e+00	3.475271e-02	9.852124e+00	-1.175158e-03	9.413304e-02	-1.180047e-03	2.281064e+00	7.397686e-01	5.440345e-02	7.381604e-01	1.502646e+01
106	3.327398e-02	9.009307e-01	3.327975e-02	7.101014e+00	-1.474111e-03	-2.000000e-01	-1.472962e-03	-2.751110e+00	7.397614e-01	5.342568e-02	7.379852e-01	1.500268e+01
107	3.117320e-02	8.862173e-01	3.118143e-02	6.326637e+00	-2.100777e-03	-1.471340e-02	-2.098324e-03	-7.743770e-01	7.397611e-01	5.342399e-02	7.385360e-01	1.500654e+01
108	3.066331e-02	9.029185e-01	3.066534e-02	6.488836e+00	-5.098845e-04	1.670128e-02	-5.160893e-04	1.621990e-01	7.397614e-01	5.341581e-02	7.385574e-01	1.500584e+01
109	3.024574e-02	8.203138e-01	3.024738e-02	3.561372e+00	-4.175746e-04	-8.260475e-02	-4.179594e-04	-2.927464e+00	7.397605e-01	5.324753e-02	7.388910e-01	1.507183e+01
110	2.948512e-02	1.010149e+00	2.948810e-02	6.297588e+00	-7.606161e-04	1.898351e-01	-7.592776e-04	2.736216e+00	7.397642e-01	5.233477e-02	7.389351e-01	1.506082e+01
111	2.916636e-02	8.240522e-01	2.916762e-02	3.589156e+00	-3.187601e-04	-1.860968e-01	-3.204808e-04	-2.708431e+00	7.397627e-01	5.149586e-02	7.389210e-01	1.505260e+01
112	2.832763e-02	7.931127e-01	2.833091e-02	2.710888e+00	-8.387338e-04	-3.093947e-02	-8.367094e-04	-8.782683e-01	7.397622e-01	5.147564e-02	7.390851e-01	1.505865e+01
113	2.781801e-02	7.860140e-01	2.782001e-02	3.527416e+00	-5.096236e-04	-7.098704e-03	-5.109013e-04	8.165283e-01	7.397621e-01	5.147486e-02	7.388614e-01	1.505553e+01
114	2.771076e-02	5.860140e-01	2.771118e-02	0.000000e+00	-1.072483e-04	-2.000000e-01	-1.088251e-04	-3.527416e+00	7.397616e-01	5.051876e-02	7.388872e-01	1.510361e+01
115	2.743909e-02	6.718141e-01	2.744015e-02	1.780650e+00	-2.716728e-04	8.580009e-02	-2.710367e-04	1.780650e+00	7.397622e-01	5.033991e-02	7.388249e-01	1.512331e+01
116	2.751566e-02	5.045965e-01	2.751537e-02	3.132775e-01	7.657720e-05	-1.672176e-01	7.521934e-05	-1.467372e+00	7.397625e-01	4.967907e-02	7.388630e-01	1.504016e+01
117	2.734927e-02	3.856280e-01	2.734992e-02	0.000000e+00	-1.663889e-04	-1.189685e-01	-1.654451e-04	-3.132775e-01	7.397620e-01	4.934980e-02	7.387471e-01	1.495733e+01
118	2.720245e-02	2.923233e-01	2.720303e-02	0.000000e+00	-1.468190e-04	-9.330468e-02	-1.468917e-04	0.000000e+00	7.397617e-01	4.914830e-02	7.386502e-01	1.489574e+01
119	2.732990e-02	2.022697e-01	2.732940e-02	0.000000e+00	1.274412e-04	-9.005363e-02	1.263696e-04	0.000000e+00	7.397620e-01	4.895838e-02	7.387311e-01	1.483860e+01
120	2.736052e-02	1.154622e-01	2.736039e-02	0.000000e+00	3.062087e-05	-8.680743e-02	3.099489e-05	0.000000e+00	7.397620e-01	4.878345e-02	7.387497e-01	1.478568e+01
121	2.733054e-02	3.190272e-02	2.733066e-02	0.000000e+00	-2.997249e-05	-8.355950e-02	-2.973434e-05	0.000000e+00	7.397620e-01	4.862252e-02	7.387322e-01	1.473681e+01
122	2.732050e-02	0.000000e+00	2.732054e-02	2.672741e-01	-1.004399e-05	-3.190272e-02	-1.012091e-05	2.672741e-01	7.397620e-01	4.859907e-02	7.387287e-01	1.472565e+01
123	2.733409e-02	0.000000e+00	2.733404e-02	0.000000e+00	1.358931e-05	0.000000e+00	1.349670e-05	-2.672741e-01	7.397620e-01	4.859907e-02	1.000000e+00	1.500000e+01
124	2.720930e-02	0.000000e+00	2.720979e-02	0.000000e+00	-1.247880e-04	0.000000e+00	-1.242478e-04	0.000000e+00	7.397620e-01	4.859907e-02	1.000000e+00	1.500000e+01
125	2.730256e-02	0.000000e+00	2.730220e-02	0.000000e+00	9.325741e-05	0.000000e+00	9.240778e-05	0.000000e+00	7.397620e-01	4.859907e-02	1.000000e+00	1.500000e+01
126	2.732266e-02	0.000000e+00	2.732258e-02	0.000000e+00	2.010263e-05	0.000000e+00	2.038507e-05	0.000000e+00	7.397620e-01	4.859907e-02	1.000000e+00	1.500000e+01
127	2.729877e-02	0.000000e+00	2.729886e-02	0.000000e+00	-2.389384e-05	0.000000e+00	-2.372088e-05	0.000000e+00	7.397620e-01	4.859907e-02	1.000000e+00	1.500000e+01
128	2.730331e-02	0.000000e+00	2.730329e-02	4.541770e-01	4.539239e-06	0.000000e+00	4.428848e-06	4.541770e-01	1.000000e+00	1.000000e-01	1.000001e+00	1.500000e+01
129	2.745962e-02	0.000000e+00	2.745901e-02	0.000000e+00	1.563096e-04	0.000000e+00	1.557163e-04	-4.541770e-01	1.000000e+00	1.000000e-01	1.000000e+00	1.500000e+01
130	2.734967e-02	0.000000e+00	2.735009e-02	0.000000e+00	-1.099488e-04	0.000000e+00	-1.089111e-04	0.000000e+00	1.000000e+00	1.000000e-01	1.000000e+00	1.500000e+01
131	2.714816e-02	0.000000e+00	2.714895e-02	1.079714e+00	-2.015030e-04	0.000000e+00	-2.011413e-04	1.079714e+00	1.000000e+00	1.000000e-01	1.000000e+00	1.500000e+01
