#sequence delta(k-1),f(k-1),theta(k),v(k),delta_diff(k-1),f_diff(k-1),theta_diff(k),v_diff(k),phi(1,1;k),phi(1,2;k),phi(2,1;k),phi(2,2;k)
1	6.208426e-01	0.000000e+00	6.211400e-01	0.000000e+00	6.208426e-01	0.000000e+00	-7.583622e-02	-2.560953e-03	8.277465e-01	1.000000e-01	1.000000e+00	7.000000e+00
2	1.601788e+00	2.000000e-01	1.597957e+00	1.257289e+00	9.809451e-01	2.000000e-01	9.768171e-01	1.257289e+00	8.727057e-01	1.091665e-01	6.512176e-01	6.928888e+00
3	9.991302e-01	4.000000e-01	1.001469e+00	2.045146e+00	-6.026575e-01	2.000000e-01	-5.964877e-01	7.878570e-01	8.947134e-01	1.018630e-01	7.001652e-01	6.912645e+00
4	8.157452e-01	6.000000e-01	8.164707e-01	3.717461e+00	-1.833850e-01	2.000000e-01	-1.849987e-01	1.672316e+00	8.981828e-01	9.807930e-02	6.650313e-01	6.950962e+00
5	8.117920e-01	7.114968e-01	8.118103e-01	3.541876e+00	-3.953186e-03	1.114968e-01	-4.660395e-03	-1.755850e-01	8.982052e-01	9.744532e-02	6.668003e-01	6.901067e+00
6	8.035070e-01	9.114968e-01	8.035395e-01	4.881063e+00	-8.284971e-03	2.000000e-01	-8.270813e-03	1.339187e+00	8.982836e-01	9.555300e-02	6.669373e-01	6.897760e+00
7	7.063486e-01	1.111497e+00	7.067283e-01	6.316782e+00	-9.715842e-02	2.000000e-01	-9.681120e-02	1.435719e+00	8.995738e-01	9.289728e-02	6.614894e-01	6.908975e+00
8	5.781141e-01	1.268568e+00	5.786165e-01	7.250422e+00	-1.282345e-01	1.570710e-01	-1.281118e-01	9.336398e-01	9.012059e-01	9.089806e-02	6.654724e-01	6.904096e+00
9	5.017890e-01	1.459580e+00	5.020891e-01	9.163496e+00	-7.632507e-02	1.910119e-01	-7.652736e-02	1.913074e+00	9.020973e-01	8.866743e-02	6.425691e-01	6.961414e+00
10	3.086827e-01	1.370465e+00	3.094382e-01	8.473639e+00	-1.931063e-01	-8.911467e-02	-1.926509e-01	-6.898579e-01	9.030435e-01	8.910407e-02	6.376725e-01	6.959155e+00
11	-7.608314e-02	1.570465e+00	-7.457720e-02	1.094038e+01	-3.847659e-01	2.000000e-01	-3.840154e-01	2.466742e+00	9.121273e-01	8.438231e-02	4.171133e-01	7.073801e+00
12	-5.278279e-01	1.400301e+00	-5.260574e-01	1.019055e+01	-4.517448e-01	-1.701638e-01	-4.514802e-01	-7.498293e-01	9.169459e-01	8.619739e-02	2.936713e-01	7.027302e+00
13	-8.060642e-01	1.538587e+00	-8.049704e-01	1.124954e+01	-2.782363e-01	1.382857e-01	-2.789130e-01	1.058993e+00	9.214475e-01	8.396006e-02	2.723734e-01	7.037887e+00
14	-7.118534e-01	1.675115e+00	-7.122171e-01	1.352188e+01	9.421078e-02	1.365276e-01	9.275327e-02	2.272338e+00	9.212039e-01	8.360695e-02	3.291328e-01	7.120141e+00
15	-6.444630e-01	1.475115e+00	-6.447276e-01	1.023725e+01	6.739042e-02	-2.000000e-01	6.748949e-02	-3.284632e+00	9.218968e-01	8.155035e-02	2.701770e-01	7.295109e+00
16	-7.009917e-01	1.675115e+00	-7.007719e-01	1.151078e+01	-5.652875e-02	2.000000e-01	-5.604431e-02	1.273530e+00	9.224288e-01	7.966813e-02	2.746510e-01	7.279280e+00
17	-7.023167e-01	1.875115e+00	-7.023106e-01	1.294377e+01	-1.324959e-03	2.000000e-01	-1.538706e-03	1.432993e+00	9.224389e-01	7.815464e-02	2.746648e-01	7.277185e+00
18	-5.845539e-01	2.075115e+00	-5.850139e-01	1.457478e+01	1.177628e-01	2.000000e-01	1.172967e-01	1.631010e+00	9.220596e-01	7.751049e-02	2.824665e-01	7.290435e+00
19	-4.535280e-01	2.197294e+00	-4.540416e-01	1.590438e+01	1.310260e-01	1.221792e-01	1.309723e-01	1.329598e+00	9.221018e-01	7.754981e-02	3.070814e-01	7.313388e+00
20	-3.976501e-01	2.202555e+00	-3.978704e-01	1.553976e+01	5.587786e-02	5.261469e-03	5.617119e-02	-3.646178e-01	9.222141e-01	7.756039e-02	2.959445e-01	7.312339e+00
21	-3.181796e-01	2.402555e+00	-3.184909e-01	1.755847e+01	7.947054e-02	2.000000e-01	7.937953e-02	2.018702e+00	9.218665e-01	7.668561e-02	3.155986e-01	7.361802e+00
22	-1.230073e-01	2.337745e+00	-1.237709e-01	1.572049e+01	1.951723e-01	-6.481009e-02	1.947199e-01	-1.837976e+00	9.236611e-01	7.608969e-02	1.864583e-01	7.404685e+00
23	-2.706557e-02	2.537745e+00	-2.744332e-02	1.657258e+01	9.594174e-02	2.000000e-01	9.632759e-02	8.520891e-01	9.233271e-01	7.539355e-02	1.576927e-01	7.344720e+00
24	7.869225e-02	2.737745e+00	7.827765e-02	1.807583e+01	1.057578e-01	2.000000e-01	1.057210e-01	1.503255e+00	9.229839e-01	7.474452e-02	1.585564e-01	7.346353e+00
25	2.459380e-01	2.847102e+00	2.452831e-01	1.876024e+01	1.672458e-01	1.093572e-01	1.670054e-01	6.844028e-01	9.233318e-01	7.497198e-02	1.472245e-01	7.338944e+00
26	3.999350e-01	2.953647e+00	3.993309e-01	1.804785e+01	1.539970e-01	1.065446e-01	1.540478e-01	-7.123852e-01	9.236100e-01	7.516445e-02	3.817149e-02	7.263494e+00
27	4.630824e-01	3.153647e+00	4.628333e-01	1.937820e+01	6.314733e-02	2.000000e-01	6.350241e-02	1.330346e+00	9.233208e-01	7.424846e-02	3.450976e-02	7.251897e+00
28	5.746328e-01	3.283311e+00	5.741961e-01	1.930335e+01	1.115504e-01	1.296639e-01	1.113627e-01	-7.485054e-02	9.232549e-01	7.417189e-02	-1.870548e-02	7.190040e+00
29	7.058405e-01	3.483311e+00	7.053263e-01	2.197501e+01	1.312077e-01	2.000000e-01	1.311302e-01	2.671660e+00	9.229615e-01	7.372466e-02	5.619057e-02	7.304204e+00
30	7.707523e-01	3.283311e+00	7.704968e-01	2.148201e+01	6.491180e-02	-2.000000e-01	6.517047e-02	-4.929918e-01	9.235650e-01	7.186536e-02	8.527690e-02	7.214586e+00
31	8.168681e-01	3.162116e+00	8.166870e-01	2.025780e+01	4.611577e-02	-1.211947e-01	4.619020e-02	-1.224220e+00	9.238323e-01	7.116267e-02	7.759190e-02	7.234783e+00
32	8.381673e-01	3.362116e+00	8.380833e-01	2.044794e+01	2.129915e-02	2.000000e-01	2.139638e-02	1.901497e-01	9.237083e-01	6.999750e-02	6.511236e-02	7.117600e+00
33	8.450500e-01	3.562116e+00	8.450228e-01	2.250396e+01	6.882731e-03	2.000000e-01	6.939425e-03	2.056015e+00	9.236652e-01	6.874784e-02	6.713815e-02	7.176465e+00
34	8.605065e-01	3.429306e+00	8.604460e-01	1.997286e+01	1.545650e-02	-1.328098e-01	1.542323e-02	-2.531102e+00	9.237400e-01	6.810526e-02	5.564784e-02	7.275196e+00
35	8.661000e-01	3.629306e+00	8.660779e-01	2.058820e+01	5.593519e-03	2.000000e-01	5.631916e-03	6.153429e-01	9.237058e-01	6.687996e-02	5.345980e-02	7.196961e+00
36	8.448000e-01	3.829306e+00	8.448831e-01	2.040641e+01	-2.129997e-02	2.000000e-01	-2.119477e-02	-1.817875e-01	9.238535e-01	6.549291e-02	6.952558e-02	7.046108e+00
37	7.833034e-01	4.029306e+00	7.835439e-01	2.120384e+01	-6.149665e-02	2.000000e-01	-6.133922e-02	7.974308e-01	9.243573e-01	6.385451e-02	8.689150e-02	6.989631e+00
38	7.321019e-01	4.229306e+00	7.323029e-01	2.242579e+01	-5.120144e-02	2.000000e-01	-5.124104e-02	1.221944e+00	9.247546e-01	6.230264e-02	9.097625e-02	6.973675e+00
39	5.926054e-01	4.354965e+00	5.931511e-01	2.360982e+01	-1.394966e-01	1.256581e-01	-1.391518e-01	1.184035e+00	9.259253e-01	6.124801e-02	7.011219e-02	6.992469e+00
40	3.249208e-01	4.260910e+00	3.259685e-01	2.407725e+01	-2.676846e-01	-9.405446e-02	-2.671825e-01	4.674252e-01	9.275835e-01	6.183063e-02	-6.970295e-02	6.943343e+00
41	-8.808142e-02	4.060910e+00	-8.646404e-02	2.213404e+01	-4.130022e-01	-2.000000e-01	-4.124326e-01	-1.943206e+00	9.305959e-01	6.328942e-02	3.383075e-02	6.993481e+00
42	-6.005395e-01	4.260910e+00	-5.985314e-01	2.372807e+01	-5.124580e-01	2.000000e-01	-5.120673e-01	1.594023e+00	9.407093e-01	5.934242e-02	-1.113222e-02	7.011029e+00
43	-6.741140e-01	4.181832e+00	-6.738188e-01	2.201691e+01	-7.357456e-02	-7.907847e-02	-7.528742e-02	-1.711153e+00	9.407573e-01	5.939404e-02	2.908714e-02	7.054257e+00
44	-5.597112e-01	4.381832e+00	-5.601569e-01	2.232484e+01	1.144028e-01	2.000000e-01	1.136618e-01	3.079297e-01	9.404481e-01	5.885338e-02	-2.947349e-02	6.951880e+00
45	-6.810017e-01	4.581832e+00	-6.805297e-01	2.418240e+01	-1.212905e-01	2.000000e-01	-1.203728e-01	1.857559e+00	9.414617e-01	5.718189e-02	-5.547212e-02	6.994750e+00
46	-7.785563e-01	4.381832e+00	-7.781733e-01	2.365154e+01	-9.755451e-02	-2.000000e-01	-9.764365e-02	-5.308619e-01	9.412069e-01	5.665935e-02	-9.448136e-02	6.914776e+00
47	-6.625554e-01	4.302219e+00	-6.630071e-01	2.336608e+01	1.160008e-01	-7.961264e-02	1.151663e-01	-2.854591e-01	9.417795e-01	5.626631e-02	-7.942246e-02	6.904441e+00
48	-5.539145e-01	4.333453e+00	-5.543406e-01	2.473159e+01	1.086410e-01	3.123415e-02	1.086665e-01	1.365508e+00	9.420151e-01	5.633403e-02	-2.001912e-02	6.921519e+00
49	-4.744840e-01	4.133453e+00	-4.747960e-01	2.274862e+01	7.943044e-02	-2.000000e-01	7.954464e-02	-1.982964e+00	9.426046e-01	5.484965e-02	-4.203643e-02	6.976957e+00
50	-3.502958e-01	4.333453e+00	-3.507821e-01	2.418342e+01	1.241882e-01	2.000000e-01	1.240139e-01	1.434795e+00	9.423740e-01	5.447837e-02	-3.947506e-02	6.981082e+00
51	-1.938387e-01	4.149889e+00	-1.944517e-01	2.309221e+01	1.564571e-01	-1.835643e-01	1.563304e-01	-1.091209e+00	9.437382e-01	5.287789e-02	-2.528847e-02	6.964438e+00
52	-4.759667e-02	4.207125e+00	-4.817032e-02	2.418682e+01	1.462420e-01	5.723667e-02	1.462814e-01	1.094605e+00	9.440978e-01	5.301864e-02	2.272284e-02	6.983229e+00
53	9.361077e-02	4.007125e+00	9.305694e-02	2.349055e+01	1.412074e-01	-2.000000e-01	1.412273e-01	-6.962645e-01	9.453037e-01	5.131067e-02	6.812401e-02	6.918925e+00
54	2.512329e-01	3.859045e+00	2.506151e-01	2.217895e+01	1.576222e-01	-1.480809e-01	1.575581e-01	-1.311606e+00	9.464856e-01	5.020029e-02	4.633831e-02	6.939391e+00
55	3.916821e-01	4.050446e+00	3.911311e-01	2.362346e+01	1.404492e-01	1.914012e-01	1.405160e-01	1.444511e+00	9.463542e-01	5.002119e-02	5.346235e-02	6.949100e+00
56	4.760457e-01	3.850446e+00	4.757140e-01	2.205938e+01	8.436358e-02	-2.000000e-01	8.458292e-02	-1.564079e+00	9.469316e-01	4.865225e-02	4.646348e-02	6.965692e+00
57	5.550276e-01	3.984240e+00	5.547178e-01	2.180861e+01	7.898193e-02	1.337943e-01	7.900381e-02	-2.507656e-01	9.468465e-01	4.850807e-02	2.484602e-03	6.891193e+00
58	6.012058e-01	4.184240e+00	6.010242e-01	2.300071e+01	4.617822e-02	2.000000e-01	4.630645e-02	1.192100e+00	9.466936e-01	4.784573e-02	-1.516515e-03	6.873863e+00
59	6.491337e-01	3.984240e+00	6.489458e-01	2.125409e+01	4.792789e-02	-2.000000e-01	4.792156e-02	-1.746623e+00	9.469637e-01	4.671840e-02	-9.805019e-03	6.908451e+00
60	6.919735e-01	4.149079e+00	6.918054e-01	2.149798e+01	4.283979e-02	1.648390e-01	4.285964e-02	2.438928e-01	9.468552e-01	4.630093e-02	-2.774628e-02	6.839416e+00
61	7.103146e-01	4.212829e+00	7.102423e-01	2.090861e+01	1.834108e-02	6.374965e-02	1.843685e-02	-5.893730e-01	9.468389e-01	4.624409e-02	-3.665539e-02	6.808450e+00
62	7.157114e-01	4.374129e+00	7.156900e-01	2.186147e+01	5.396824e-03	1.612998e-01	5.447762e-03	9.528650e-01	9.468209e-01	4.570549e-02	-3.702267e-02	6.797473e+00
63	7.392319e-01	4.174129e+00	7.391399e-01	1.989487e+01	2.352048e-02	-2.000000e-01	2.344989e-02	-1.966609e+00	9.469339e-01	4.474445e-02	-4.366116e-02	6.853922e+00
64	7.614803e-01	4.374129e+00	7.613930e-01	2.145470e+01	2.224840e-02	2.000000e-01	2.225310e-02	1.559838e+00	9.468535e-01	4.402155e-02	-4.169282e-02	6.871616e+00
65	7.599024e-01	4.174129e+00	7.599083e-01	2.016478e+01	-1.577856e-03	-2.000000e-01	-1.484767e-03	-1.289927e+00	9.468470e-01	4.320068e-02	-4.175479e-02	6.863761e+00
66	7.559680e-01	4.084369e+00	7.559834e-01	2.007090e+01	-3.934429e-03	-8.975949e-02	-3.924860e-03	-9.387415e-02	9.468401e-01	4.304449e-02	-4.272650e-02	6.841593e+00
67	7.608215e-01	3.884369e+00	7.608026e-01	1.792700e+01	4.853514e-03	-2.000000e-01	4.819224e-03	-2.143900e+00	9.468601e-01	4.222185e-02	-4.447899e-02	6.913808e+00
68	7.586074e-01	4.084369e+00	7.586160e-01	1.820018e+01	-2.214112e-03	2.000000e-01	-2.186638e-03	2.731763e-01	9.468689e-01	4.142697e-02	-4.333482e-02	6.810456e+00
69	7.498859e-01	4.186103e+00	7.499200e-01	1.908164e+01	-8.721521e-03	1.017344e-01	-8.695994e-03	8.814639e-01	9.468881e-01	4.120331e-02	-4.411056e-02	6.819504e+00
70	7.372212e-01	3.986103e+00	7.372708e-01	1.741404e+01	-1.266471e-02	-2.000000e-01	-1.264921e-02	-1.667602e+00	9.468434e-01	4.049706e-02	-4.231624e-02	6.847840e+00
71	7.246388e-01	4.050527e+00	7.246881e-01	1.704849e+01	-1.258239e-02	6.442343e-02	-1.258265e-02	-3.655463e-01	9.468629e-01	4.039697e-02	-3.750203e-02	6.823191e+00
72	7.107477e-01	4.090201e+00	7.108022e-01	1.896786e+01	-1.389107e-02	3.967414e-02	-1.388596e-02	1.919370e+00	9.468783e-01	4.035299e-02	-4.836732e-02	6.854223e+00
73	6.559825e-01	3.890201e+00	6.561966e-01	1.695409e+01	-5.476523e-02	-2.000000e-01	-5.460554e-02	-2.013773e+00	9.467428e-01	3.985813e-02	-3.192707e-02	6.914262e+00
74	6.015038e-01	3.842621e+00	6.017174e-01	1.735453e+01	-5.447870e-02	-4.757973e-02	-5.447920e-02	4.004412e-01	9.467688e-01	3.988079e-02	-5.070841e-02	6.897859e+00
75	5.457208e-01	3.642621e+00	5.459395e-01	1.613584e+01	-5.578299e-02	-2.000000e-01	-5.577789e-02	-1.218693e+00	9.466388e-01	3.941471e-02	-5.480787e-02	6.883161e+00
76	4.503648e-01	3.442621e+00	4.507382e-01	1.486241e+01	-9.535597e-02	-2.000000e-01	-9.520137e-02	-1.273429e+00	9.465084e-01	3.914125e-02	-5.913934e-02	6.874076e+00
77	3.397597e-01	3.308518e+00	3.401932e-01	1.351998e+01	-1.106051e-01	-1.341031e-01	-1.105450e-01	-1.342430e+00	9.465398e-01	3.917936e-02	-3.703269e-02	6.900880e+00
78	2.892854e-01	3.383421e+00	2.894843e-01	1.487406e+01	-5.047429e-02	7.490264e-02	-5.070895e-02	1.354078e+00	9.466799e-01	3.897144e-02	-5.697824e-02	6.930478e+00
79	2.170120e-01	3.183421e+00	2.172951e-01	1.291353e+01	-7.227337e-02	-2.000000e-01	-7.218914e-02	-1.960531e+00	9.465448e-01	3.859753e-02	-3.755576e-02	6.984226e+00
80	1.245984e-01	3.216679e+00	1.249605e-01	1.239844e+01	-9.241363e-02	3.325813e-02	-9.233463e-02	-5.150880e-01	9.468132e-01	3.850092e-02	-4.754693e-03	6.972421e+00
81	9.306818e-02	3.159868e+00	9.319276e-02	1.221516e+01	-3.153022e-02	-5.681104e-02	-3.176774e-02	-1.832735e-01	9.468092e-01	3.849358e-02	-7.933366e-03	6.966694e+00
82	6.835811e-02	2.959868e+00	6.845512e-02	1.119179e+01	-2.471007e-02	-2.000000e-01	-2.473764e-02	-1.023371e+00	9.467360e-01	3.790170e-02	-1.218710e-02	6.932264e+00
83	4.128789e-02	2.762204e+00	4.139401e-02	9.309441e+00	-2.707022e-02	-1.976639e-01	-2.706111e-02	-1.882351e+00	9.466596e-01	3.734392e-02	-5.726762e-03	6.979437e+00
84	7.354049e-03	2.955798e+00	7.487018e-03	9.807472e+00	-3.393384e-02	1.935937e-01	-3.390699e-02	4.980309e-01	9.468022e-01	3.653084e-02	7.767204e-03	6.902454e+00
85	5.982620e-03	2.843039e+00	5.988497e-03	8.605248e+00	-1.371429e-03	-1.127592e-01	-1.498521e-03	-1.202224e+00	9.467996e-01	3.632225e-02	8.041599e-03	6.925014e+00
86	8.397822e-03	2.868103e+00	8.388411e-03	9.376109e+00	2.415202e-03	2.506421e-02	2.399914e-03	7.708613e-01	9.467987e-01	3.631276e-02	8.726585e-03	6.932123e+00
87	4.115137e-04	2.668103e+00	4.426735e-04	7.734404e+00	-7.986309e-03	-2.000000e-01	-7.945738e-03	-1.641705e+00	9.467731e-01	3.567216e-02	9.675713e-03	6.955892e+00
88	-4.993480e-03	2.609130e+00	-4.972245e-03	7.152472e+00	-5.404993e-03	-5.897245e-02	-5.414918e-03	-5.819318e-01	9.467685e-01	3.562166e-02	1.011569e-02	6.960692e+00
89	-4.496149e-03	2.452155e+00	-4.498009e-03	6.617654e+00	4.973303e-04	-1.569751e-01	4.742356e-04	-5.348189e-01	9.467698e-01	3.520955e-02	1.024587e-02	6.919605e+00
90	-4.187772e-03	2.252155e+00	-4.188983e-03	4.530790e+00	3.083778e-04	-2.000000e-01	3.090257e-04	-2.086863e+00	9.467708e-01	3.455210e-02	1.014492e-02	6.985075e+00
91	-5.602768e-03	2.452155e+00	-5.597245e-03	6.177703e+00	-1.414996e-03	2.000000e-01	-1.408262e-03	1.646912e+00	9.467754e-01	3.390209e-02	9.980240e-03	7.008351e+00
92	-7.066134e-03	2.252155e+00	-7.060396e-03	4.324769e+00	-1.463367e-03	-2.000000e-01	-1.463151e-03	-1.852934e+00	9.467708e-01	3.327782e-02	1.028775e-02	7.050379e+00
93	-7.278515e-03	2.202605e+00	-7.277663e-03	3.386077e+00	-2.123804e-04	-4.954988e-02	-2.172662e-04	-9.386925e-01	9.467707e-01	3.323944e-02	1.034713e-02	7.064233e+00
94	-7.142388e-03	2.155388e+00	-7.142916e-03	4.408375e+00	1.361267e-04	-4.721782e-02	1.347462e-04	1.022298e+00	9.467708e-01	3.320414e-02	1.043470e-02	7.033857e+00
95	-7.461231e-03	1.955388e+00	-7.459988e-03	3.599118e+00	-3.188435e-04	-2.000000e-01	-3.170716e-04	-8.092567e-01	9.467698e-01	3.258705e-02	1.034598e-02	6.978206e+00
96	-7.972408e-03	1.755388e+00	-7.970406e-03	2.431647e+00	-5.111767e-04	-2.000000e-01	-5.104185e-04	-1.167472e+00	9.467683e-01	3.198250e-02	1.029167e-02	6.956955e+00
97	-8.078262e-03	1.555388e+00	-8.077840e-03	1.492955e+00	-1.058534e-04	-2.000000e-01	-1.074338e-04	-9.386917e-01	9.467679e-01	3.138742e-02	1.026935e-02	6.914791e+00
98	-7.856954e-03	1.355388e+00	-7.857817e-03	9.003777e-01	2.213077e-04	-2.000000e-01	2.200236e-04	-5.925775e-01	9.467686e-01	3.080177e-02	1.035081e-02	6.841178e+00
99	-7.802406e-03	1.155388e+00	-7.802623e-03	0.000000e+00	5.454739e-05	-2.000000e-01	5.519378e-05	-9.003777e-01	9.467687e-01	3.022768e-02	1.036269e-02	6.797603e+00
100	-7.964276e-03	1.122963e+00	-7.963645e-03	0.000000e+00	-1.618699e-04	-3.242414e-02	-1.610220e-04	0.000000e+00	9.467687e-01	3.021272e-02	1.034575e-02	6.794210e+00
101	-7.976059e-03	1.092663e+00	-7.976011e-03	8.895324e-02	-1.178308e-05	-3.030045e-02	-1.236605e-05	8.895324e-02	9.467687e-01	3.019956e-02	1.034411e-02	6.789969e+00
102	-7.827028e-03	1.035383e+00	-7.827610e-03	0.000000e+00	1.490315e-04	-5.727947e-02	1.484011e-04	-8.895324e-02	9.467688e-01	3.015238e-02	1.036531e-02	6.781820e+00
103	-7.953279e-03	9.960347e-01	-7.952788e-03	0.000000e+00	-1.262513e-04	-3.934879e-02	-1.251784e-04	0.000000e+00	9.467687e-01	3.013033e-02	1.034931e-02	6.776837e+00
104	-7.978505e-03	9.587516e-01	-7.978405e-03	0.000000e+00	-2.522631e-05	-3.728305e-02	-2.561675e-05	0.000000e+00	9.467687e-01	3.011048e-02	1.034629e-02	6.772365e+00
105	-8.000808e-03	9.235191e-01	-8.000721e-03	0.000000e+00	-2.230290e-05	-3.523253e-02	-2.231585e-05	0.000000e+00	9.467687e-01	3.009275e-02	1.034376e-02	6.768374e+00
106	-7.996136e-03	8.903236e-01	-7.996154e-03	2.794930e-01	4.672702e-06	-3.319548e-02	4.567278e-06	2.794930e-01	1.000000e+00	1.000000e-01	1.034488e-02	6.760429e+00
107	-7.759828e-03	7.710806e-01	-7.760751e-03	0.000000e+00	2.363077e-04	-1.192431e-01	2.354025e-04	-2.794930e-01	1.000001e+00	9.932942e-02	1.040358e-02	6.730811e+00
108	-8.003121e-03	7.020821e-01	-8.002174e-03	0.000000e+00	-2.432927e-04	-6.899846e-02	-2.414228e-04	0.000000e+00	1.000001e+00	9.910527e-02	1.035003e-02	6.715626e+00
109	-8.118381e-03	6.350941e-01	-8.117927e-03	0.000000e+00	-1.152606e-04	-6.698803e-02	-1.157535e-04	0.000000e+00	1.000000e+00	9.889452e-02	1.032546e-02	6.701343e+00
110	-8.232843e-03	5.701114e-01	-8.232394e-03	0.000000e+00	-1.144616e-04	-6.498264e-02	-1.144667e-04	0.000000e+00	9.999998e-01	9.869657e-02	1.030183e-02	6.687930e+00
111	-8.184910e-03	5.071309e-01	-8.185095e-03	0.000000e+00	4.793332e-05	-6.298057e-02	4.729895e-05	0.000000e+00	1.000000e+00	9.851100e-02	1.031141e-02	6.675354e+00
112	-8.415373e-03	4.461507e-01	-8.414474e-03	0.000000e+00	-2.304638e-04	-6.098021e-02	-2.293788e-04	0.000000e+00	9.999993e-01	9.833729e-02	1.026693e-02	6.663585e+00
113	-8.100696e-03	3.871706e-01	-8.101921e-03	0.000000e+00	3.146778e-04	-5.898009e-02	3.125526e-04	0.000000e+00	1.000000e+00	9.817514e-02	1.032557e-02	6.652594e+00
114	-8.339528e-03	3.301917e-01	-8.338600e-03	2.139800e-01	-2.388325e-04	-5.697886e-02	-2.366786e-04	2.139800e-01	9.999995e-01	9.802393e-02	1.025840e-02	6.636569e+00
115	-7.637433e-03	2.085160e-01	-7.640172e-03	1.900472e-01	7.020947e-04	-1.216757e-01	6.984276e-04	-2.393282e-02	1.000003e+00	9.733987e-02	1.051780e-02	6.591615e+00
116	-7.480906e-03	6.622996e-02	-7.481528e-03	0.000000e+00	1.565279e-04	-1.422860e-01	1.586447e-04	-1.900472e-01	1.000005e+00	9.641304e-02	1.057284e-02	6.541577e+00
117	-8.411062e-03	0.000000e+00	-8.407431e-03	0.000000e+00	-9.301566e-04	-6.622996e-02	-9.259035e-04	0.000000e+00	1.000002e+00	9.621246e-02	1.038184e-02	6.527977e+00
118	-8.329269e-03	0.000000e+00	-8.329574e-03	0.000000e+00	8.179299e-05	0.000000e+00	7.785667e-05	0.000000e+00	1.000002e+00	9.621246e-02	1.000000e+00	7.000000e+00
119	-8.105652e-03	0.000000e+00	-8.106527e-03	0.000000e+00	2.236173e-04	0.000000e+00	2.230479e-04	0.000000e+00	1.000002e+00	9.621246e-02	1.000000e+00	7.000000e+00
120	-8.124542e-03	0.000000e+00	-8.124472e-03	0.000000e+00	-1.889020e-05	0.000000e+00	-1.794513e-05	0.000000e+00	1.000002e+00	9.621246e-02	1.000000e+00	7.000000e+00
121	-8.180939e-03	0.000000e+00	-8.180718e-03	0.000000e+00	-5.639693e-05	0.000000e+00	-5.624673e-05	0.000000e+00	1.000002e+00	9.621246e-02	1.000000e+00	7.000000e+00
122	-8.394600e-03	0.000000e+00	-8.393764e-03	0.000000e+00	-2.136608e-04	0.000000e+00	-2.130459e-04	0.000000e+00	1.000002e+00	9.621246e-02	1.000000e+00	7.000000e+00
123	-8.386364e-03	0.000000e+00	-8.386393e-03	1.991517e-01	8.235737e-06	0.000000e+00	7.371355e-06	1.991517e-01	1.000000e+00	1.000000e-01	1.000001e+00	7.000000e+00
124	-7.639812e-03	0.000000e+00	-7.642728e-03	0.000000e+00	7.465525e-04	0.000000e+00	7.436651e-04	-1.991517e-01	1.000000e+00	1.000000e-01	1.000000e+00	7.000000e+00
125	-8.155472e-03	0.000000e+00	-8.153470e-03	0.000000e+00	-5.156609e-04	0.000000e+00	-5.107417e-04	0.000000e+00	1.000000e+00	1.000000e-01	1.000000e+00	7.000000e+00
126	-8.371621e-03	0.000000e+00	-8.370769e-03	0.000000e+00	-2.161488e-04	0.000000e+00	-2.172995e-04	0.000000e+00	1.000000e+00	1.000000e-01	1.000000e+00	7.000000e+00
127	-8.206697e-03	0.000000e+00	-8.207338e-03	0.000000e+00	1.649241e-04	0.000000e+00	1.634310e-04	0.000000e+00	1.000000e+00	1.000000e-01	1.000000e+00	7.000000e+00
128	-8.425430e-03	0.000000e+00	-8.424579e-03	0.000000e+00	-2.187333e-04	0.000000e+00	-2.172405e-04	0.000000e+00	1.000000e+00	1.000000e-01	1.000000e+00	7.000000e+00
129	-8.126626e-03	0.000000e+00	-8.127790e-03	0.000000e+00	2.988041e-04	0.000000e+00	2.967883e-04	0.000000e+00	1.000000e+00	1.000000e-01	1.000000e+00	7.000000e+00
130	-8.157958e-03	0.000000e+00	-8.157840e-03	0.000000e+00	-3.133183e-05	0.000000e+00	-3.005011e-05	0.000000e+00	1.000000e+00	1.000000e-01	1.000000e+00	7.000000e+00
131	-8.226371e-03	0.000000e+00	-8.226103e-03	0.000000e+00	-6.841290e-05	0.000000e+00	-6.826304e-05	0.000000e+00	1.000000e+00	1.000000e-01	1.000000e+00	7.000000e+00
132	-8.482434e-03	0.000000e+00	-8.481432e-03	2.771462e-01	-2.560626e-04	0.000000e+00	-2.553291e-04	2.771462e-01	1.000000e+00	1.000000e-01	1.000000e+00	7.000000e+00
133	-7.648002e-03	0.000000e+00	-7.651258e-03	0.000000e+00	8.344315e-04	0.000000e+00	8.301746e-04	-2.771462e-01	1.000000e+00	1.000000e-01	1.000000e+00	7.000000e+00
134	-8.052720e-03	0.000000e+00	-8.051152e-03	0.000000e+00	-4.047181e-04	0.000000e+00	-3.998943e-04	0.000000e+00	1.000000e+00	1.000000e-01	1.000000e+00	7.000000e+00
135	-8.222863e-03	0.000000e+00	-8.222192e-03	0.000000e+00	-1.701424e-04	0.000000e+00	-1.710399e-04	0.000000e+00	1.000000e+00	1.000000e-01	1.000000e+00	7.000000e+00
136	-8.370750e-03	0.000000e+00	-8.370169e-03	0.000000e+00	-1.478867e-04	0.000000e+00	-1.479771e-04	0.000000e+00	1.000000e+00	1.000000e-01	1.000000e+00	7.000000e+00
137	-8.005341e-03	0.000000e+00	-8.006766e-03	1.022824e-01	3.654088e-04	0.000000e+00	3.634033e-04	1.022824e-01	1.000000e+00	1.000000e-01	1.000000e+00	7.000000e+00
138	-7.477108e-03	0.000000e+00	-7.479177e-03	0.000000e+00	5.282326e-04	0.000000e+00	5.275887e-04	-1.022824e-01	1.000000e+00	1.000000e-01	1.000000e+00	7.000000e+00
139	-8.068230e-03	0.000000e+00	-8.065929e-03	0.000000e+00	-5.911216e-04	0.000000e+00	-5.867516e-04	0.000000e+00	1.000000e+00	1.000000e-01	1.000000e+00	7.000000e+00
140	-8.348997e-03	0.000000e+00	-8.347891e-03	2.407685e-01	-2.807671e-04	0.000000e+00	-2.819623e-04	2.407685e-01	1.000000e+00	1.000000e-01	1.000000e+00	7.000000e+00
141	-7.640010e-03	0.000000e+00	-7.642775e-03	0.000000e+00	7.089872e-04	0.000000e+00	7.051163e-04	-2.407685e-01	1.000000e+00	1.000000e-01	1.000000e+00	7.000000e+00
142	-7.805970e-03	0.000000e+00	-7.805333e-03	0.000000e+00	-1.659606e-04	0.000000e+00	-1.625580e-04	0.000000e+00	1.000000e+00	1.000000e-01	1.000000e+00	7.000000e+00
143	-8.015829e-03	0.000000e+00	-8.015007e-03	0.000000e+00	-2.098593e-04	0.000000e+00	-2.096745e-04	0.000000e+00	1.000000e+00	1.000000e-01	1.000000e+00	7.000000e+00
144	-7.969614e-03	0.000000e+00	-7.969791e-03	0.000000e+00	4.621543e-05	0.000000e+00	4.521586e-05	0.000000e+00	1.000000e+00	1.000000e-01	1.000000e+00	7.000000e+00
145	-7.924577e-03	0.000000e+00	-7.924754e-03	0.000000e+00	4.503703e-05	0.000000e+00	4.503773e-05	0.000000e+00	1.000000e+00	1.000000e-01	1.000000e+00	7.000000e+00
146	-7.836399e-03	0.000000e+00	-7.836744e-03	0.000000e+00	8.817846e-05	0.000000e+00	8.800994e-05	0.000000e+00	1.000000e+00	1.000000e-01	1.000000e+00	7.000000e+00
147	-7.934803e-03	0.000000e+00	-7.934419e-03	0.000000e+00	-9.840398e-05	0.000000e+00	-9.767580e-05	0.000000e+00	1.000000e+00	1.000000e-01	1.000000e+00	7.000000e+00
148	-8.112947e-03	0.000000e+00	-8.112250e-03	0.000000e+00	-1.781446e-04	0.000000e+00	-1.778303e-04	0.000000e+00	1.000000e+00	1.000000e-01	1.000000e+00	7.000000e+00
149	-8.093383e-03	0.000000e+00	-8.093456e-03	0.000000e+00	1.956450e-05	0.000000e+00	1.879343e-05	0.000000e+00	1.000000e+00	1.000000e-01	1.000000e+00	7.000000e+00
150	-8.054290e-03	0.000000e+00	-8.054443e-03	0.000000e+00	3.909308e-05	0.000000e+00	3.901378e-05	0.000000e+00	1.000000e+00	1.000000e-01	1.000000e+00	7.000000e+00
151	-8.069965e-03	0.000000e+00	-8.069904e-03	0.000000e+00	-1.567524e-05	0.000000e+00	-1.546161e-05	0.000000e+00	1.000000e+00	1.000000e-01	1.000000e+00	7.000000e+00
152	-8.077553e-03	0.000000e+00	-8.077523e-03	4.631411e-01	-7.588035e-06	0.000000e+00	-7.618791e-06	4.631411e-01	1.000000e+00	1.000000e-01	9.999983e-01	7.000000e+00
153	-7.491234e-03	0.000000e+00	-7.493524e-03	4.522492e-01	5.863190e-04	0.000000e+00	5.839989e-04	-1.089187e-02	1.000000e+00	1.000000e-01	1.000000e+00	7.000000e+00
154	-7.525507e-03	0.000000e+00	-7.525382e-03	0.000000e+00	-3.427292e-05	0.000000e+00	-3.185780e-05	-4.522492e-01	1.000000e+00	1.000000e-01	1.000000e+00	7.000000e+00
155	-8.086900e-03	0.000000e+00	-8.084707e-03	0.000000e+00	-5.613933e-04	0.000000e+00	-5.593248e-04	0.000000e+00	1.000000e+00	1.000000e-01	1.000000e+00	7.000000e+00
156	-8.008112e-03	0.000000e+00	-8.008412e-03	0.000000e+00	7.878771e-05	0.000000e+00	7.629509e-05	0.000000e+00	1.000000e+00	1.000000e-01	1.000000e+00	7.000000e+00
157	-7.888995e-03	0.000000e+00	-7.889461e-03	2.188159e-01	1.191174e-04	0.000000e+00	1.189501e-04	2.188159e-01	1.000000e+00	1.000000e-01	1.000000e+00	7.000000e+00
158	-7.544801e-03	0.000000e+00	-7.546147e-03	0.000000e+00	3.441941e-04	0.000000e+00	3.433142e-04	-2.188159e-01	1.000000e+00	1.000000e-01	1.000000e+00	7.000000e+00
159	-7.884899e-03	0.000000e+00	-7.883576e-03	0.000000e+00	-3.400984e-04	0.000000e+00	-3.374288e-04	0.000000e+00	1.000000e+00	1.000000e-01	1.000000e+00	7.000000e+00
160	-7.925141e-03	0.000000e+00	-7.924979e-03	0.000000e+00	-4.024190e-05	0.000000e+00	-4.140278e-05	0.000000e+00	1.000000e+00	1.000000e-01	1.000000e+00	7.000000e+00
161	-7.930854e-03	0.000000e+00	-7.930831e-03	0.000000e+00	-5.712539e-06	0.000000e+00	-5.851954e-06	0.000000e+00	1.000000e+00	1.000000e-01	1.000000e+00	7.000000e+00
162	-7.816763e-03	0.000000e+00	-7.817209e-03	5.651975e-01	1.140905e-04	0.000000e+00	1.136220e-04	5.651975e-01	1.000000e+00	1.000000e-01	1.000000e+00	7.000000e+00
163	-7.621767e-03	0.000000e+00	-7.622530e-03	0.000000e+00	1.949963e-04	0.000000e+00	1.946784e-04	-5.651975e-01	1.000000e+00	1.000000e-01	1.000000e+00	7.000000e+00
164	-7.840227e-03	0.000000e+00	-7.839376e-03	0.000000e+00	-2.184600e-04	0.000000e+00	-2.168462e-04	0.000000e+00	1.000000e+00	1.000000e-01	1.000000e+00	7.000000e+00
165	-7.849564e-03	0.000000e+00	-7.849524e-03	0.000000e+00	-9.337088e-06	0.000000e+00	-1.014767e-05	0.000000e+00	1.000000e+00	1.000000e-01	1.000000e+00	7.000000e+00
166	-7.793985e-03	0.000000e+00	-7.794202e-03	0.000000e+00	5.557848e-05	0.000000e+00	5.532173e-05	0.000000e+00	1.000000e+00	1.000000e-01	1.000000e+00	7.000000e+00
167	-7.801662e-03	0.000000e+00	-7.801633e-03	0.000000e+00	-7.676647e-06	0.000000e+00	-7.430559e-06	0.000000e+00	1.000000e+00	1.000000e-01	1.000000e+00	7.000000e+00
168	-7.834366e-03	0.000000e+00	-7.834238e-03	0.000000e+00	-3.270357e-05	0.000000e+00	-3.260485e-05	0.000000e+00	1.000000e+00	1.000000e-01	1.000000e+00	7.000000e+00
169	-7.831460e-03	0.000000e+00	-7.831471e-03	0.000000e+00	2.905426e-06	0.000000e+00	2.766714e-06	0.000000e+00	1.000000e+00	1.000000e-01	1.000000e+00	7.000000e+00
170	-7.823740e-03	0.000000e+00	-7.823770e-03	6.713888e-01	7.719998e-06	0.000000e+00	7.700649e-06	6.713888e-01	1.000000e+00	1.000000e-01	1.000002e+00	7.000000e+00
171	-7.648997e-03	0.000000e+00	-7.649680e-03	0.000000e+00	1.747434e-04	0.000000e+00	1.740909e-04	-6.713888e-01	1.000000e+00	1.000000e-01	1.000000e+00	7.000000e+00
172	-7.783817e-03	0.000000e+00	-7.783293e-03	0.000000e+00	-1.348202e-04	0.000000e+00	-1.336135e-04	0.000000e+00	1.000000e+00	1.000000e-01	1.000000e+00	7.000000e+00
173	-7.812184e-03	0.000000e+00	-7.812071e-03	0.000000e+00	-2.836666e-05	0.000000e+00	-2.877778e-05	0.000000e+00	1.000000e+00	1.000000e-01	1.000000e+00	7.000000e+00
174	-7.805525e-03	0.000000e+00	-7.805551e-03	0.000000e+00	6.658736e-06	0.000000e+00	6.520312e-06	0.000000e+00	1.000000e+00	1.000000e-01	1.000000e+00	7.000000e+00
175	-7.798288e-03	0.000000e+00	-7.798316e-03	1.492224e+00	7.237259e-06	0.000000e+00	7.234458e-06	1.492224e+00	1.000000e+00	1.000000e-01	1.000005e+00	7.000000e+00
176	-7.667656e-03	0.000000e+00	-7.668166e-03	4.256630e-01	1.306322e-04	0.000000e+00	1.301502e-04	-1.066561e+00	1.000000e+00	1.000000e-01	1.000000e+00	7.000000e+00
177	-7.677743e-03	0.000000e+00	-7.677705e-03	2.226571e-02	-1.008723e-05	0.000000e+00	-9.539427e-06	-4.033973e-01	1.000000e+00	1.000000e-01	1.000000e+00	7.000000e+00
178	-7.697586e-03	1.351430e-02	-7.697509e-03	0.000000e+00	-1.984346e-05	1.351430e-02	-1.980321e-05	-2.226571e-02	1.000000e+00	9.999133e-02	1.000001e+00	6.999250e+00
179	-7.863520e-03	3.346679e-02	-7.862871e-03	0.000000e+00	-1.659333e-04	1.995250e-02	-1.653624e-04	0.000000e+00	1.000000e+00	9.997243e-02	1.000012e+00	6.997928e+00
180	-7.815440e-03	5.563656e-02	-7.815625e-03	2.932080e-01	4.807963e-05	2.216976e-02	4.724587e-05	2.932080e-01	1.000000e+00	9.994908e-02	1.000015e+00	6.999381e+00
181	-7.624432e-03	0.000000e+00	-7.625179e-03	8.556062e-02	1.910079e-04	-5.563656e-02	1.904463e-04	-2.076474e-01	1.000001e+00	9.980237e-02	1.000032e+00	6.994590e+00
182	-7.650422e-03	0.000000e+00	-7.650323e-03	0.000000e+00	-2.598950e-05	0.000000e+00	-2.514405e-05	-8.556062e-02	1.000001e+00	9.980237e-02	1.000000e+00	7.000000e+00
183	-7.898431e-03	0.000000e+00	-7.897462e-03	1.819378e-02	-2.480093e-04	0.000000e+00	-2.471387e-04	1.819378e-02	1.000001e+00	9.980237e-02	1.000000e+00	7.000000e+00
184	-7.756638e-03	0.000000e+00	-7.757188e-03	1.188183e-01	1.417928e-04	0.000000e+00	1.402735e-04	1.006245e-01	1.000001e+00	9.980237e-02	1.000000e+00	7.000000e+00
185	-7.662918e-03	0.000000e+00	-7.663286e-03	1.263297e-01	9.372018e-05	0.000000e+00	9.390203e-05	7.511372e-03	1.000001e+00	9.980237e-02	1.000000e+00	7.000000e+00
186	-7.728357e-03	0.000000e+00	-7.728103e-03	0.000000e+00	-6.543954e-05	0.000000e+00	-6.481711e-05	-1.263297e-01	1.000001e+00	9.980237e-02	1.000000e+00	7.000000e+00
187	-7.866546e-03	0.000000e+00	-7.866006e-03	0.000000e+00	-1.381891e-04	0.000000e+00	-1.379024e-04	0.000000e+00	1.000001e+00	9.980237e-02	1.000000e+00	7.000000e+00
188	-7.864452e-03	0.000000e+00	-7.864458e-03	3.423816e-01	2.094159e-06	0.000000e+00	1.547297e-06	3.423816e-01	1.000000e+00	1.000000e-01	1.000000e+00	7.000000e+00
189	-7.751822e-03	0.000000e+00	-7.752262e-03	4.298991e-02	1.126299e-04	0.000000e+00	1.121960e-04	-2.993917e-01	1.000000e+00	1.000000e-01	1.000000e+00	7.000000e+00
190	-7.760219e-03	0.000000e+00	-7.760187e-03	0.000000e+00	-8.396089e-06	0.000000e+00	-7.925026e-06	-4.298991e-02	1.000000e+00	1.000000e-01	1.000000e+00	7.000000e+00
191	-7.899931e-03	0.000000e+00	-7.899386e-03	0.000000e+00	-1.397129e-04	0.000000e+00	-1.391981e-04	0.000000e+00	1.000000e+00	1.000000e-01	1.000000e+00	7.000000e+00
192	-7.872251e-03	0.000000e+00	-7.872357e-03	0.000000e+00	2.768066e-05	0.000000e+00	2.702879e-05	0.000000e+00	1.000000e+00	1.000000e-01	1.000000e+00	7.000000e+00
193	-7.843994e-03	0.000000e+00	-7.844105e-03	9.843818e-01	2.825667e-05	0.000000e+00	2.825188e-05	9.843818e-01	1.000000e+00	1.000000e-01	1.000000e+00	7.000000e+00
194	-7.849029e-03	0.000000e+00	-7.849009e-03	4.843740e-01	-5.034576e-06	0.000000e+00	-4.904551e-06	-5.000078e-01	1.000000e+00	1.000000e-01	1.000001e+00	7.000000e+00
195	-7.869002e-03	0.000000e+00	-7.868924e-03	1.448500e-01	-1.997351e-05	0.000000e+00	-1.991465e-05	-3.395239e-01	1.000000e+00	1.000000e-01	1.000000e+00	7.000000e+00
196	-7.878566e-03	0.000000e+00	-7.878528e-03	0.000000e+00	-9.563820e-06	0.000000e+00	-9.604253e-06	-1.448500e-01	1.000000e+00	1.000000e-01	1.000001e+00	7.000000e+00
197	-7.933450e-03	0.000000e+00	-7.933236e-03	0.000000e+00	-5.488436e-05	0.000000e+00	-5.470749e-05	0.000000e+00	1.000000e+00	1.000000e-01	1.000000e+00	7.000000e+00
198	-7.941732e-03	0.000000e+00	-7.941699e-03	3.402364e-01	-8.282120e-06	0.000000e+00	-8.463470e-06	3.402364e-01	1.000000e+00	1.000000e-01	9.999987e-01	7.000000e+00
199	-7.878080e-03	0.000000e+00	-7.878328e-03	0.000000e+00	6.365261e-05	0.000000e+00	6.337090e-05	-3.402364e-01	1.000000e+00	1.000000e-01	1.000000e+00	7.000000e+00
200	-7.895785e-03	0.000000e+00	-7.895717e-03	0.000000e+00	-1.770512e-05	0.000000e+00	-1.738842e-05	0.000000e+00	1.000000e+00	1.000000e-01	1.000000e+00	7.000000e+00
201	-7.911233e-03	0.000000e+00	-7.911172e-03	0.000000e+00	-1.544759e-05	0.000000e+00	-1.545518e-05	0.000000e+00	1.000000e+00	1.000000e-01	1.000000e+00	7.000000e+00
202	-7.918564e-03	0.000000e+00	-7.918535e-03	0.000000e+00	-7.331551e-06	0.000000e+00	-7.363284e-06	0.000000e+00	1.000000e+00	1.000000e-01	1.000000e+00	7.000000e+00
203	-7.914771e-03	0.000000e+00	-7.914786e-03	0.000000e+00	3.792942e-06	0.000000e+00	3.749363e-06	0.000000e+00	1.000000e+00	1.000000e-01	1.000000e+00	7.000000e+00
204	-7.922298e-03	0.000000e+00	-7.922269e-03	0.000000e+00	-7.526893e-06	0.000000e+00	-7.482845e-06	0.000000e+00	1.000000e+00	1.000000e-01	1.000000e+00	7.000000e+00
205	-7.923851e-03	0.000000e+00	-7.923845e-03	4.355766e-01	-1.553345e-06	0.000000e+00	-1.576507e-06	4.355766e-01	1.000000e+00	1.000000e-01	9.999997e-01	7.000000e+00
206	-7.875583e-03	0.000000e+00	-7.875772e-03	0.000000e+00	4.826793e-05	0.000000e+00	4.807323e-05	-4.355766e-01	1.000000e+00	1.000000e-01	1.000000e+00	7.000000e+00
207	-7.899207e-03	0.000000e+00	-7.899115e-03	0.000000e+00	-2.362327e-05	0.000000e+00	-2.334321e-05	0.000000e+00	1.000000e+00	1.000000e-01	1.000000e+00	7.000000e+00
208	-7.912615e-03	0.000000e+00	-7.912562e-03	0.000000e+00	-1.340797e-05	0.000000e+00	-1.344678e-05	0.000000e+00	1.000000e+00	1.000000e-01	1.000000e+00	7.000000e+00
209	-7.905337e-03	0.000000e+00	-7.905366e-03	0.000000e+00	7.277369e-06	0.000000e+00	7.196416e-06	0.000000e+00	1.000000e+00	1.000000e-01	1.000000e+00	7.000000e+00
210	-7.902683e-03	0.000000e+00	-7.902694e-03	0.000000e+00	2.654304e-06	0.000000e+00	2.672047e-06	0.000000e+00	1.000000e+00	1.000000e-01	1.000000e+00	7.000000e+00
211	-7.904627e-03	0.000000e+00	-7.904620e-03	0.000000e+00	-1.944152e-06	0.000000e+00	-1.926120e-06	0.000000e+00	1.000000e+00	1.000000e-01	1.000000e+00	7.000000e+00
212	-7.905323e-03	0.000000e+00	-7.905320e-03	1.169348e-01	-6.953448e-07	0.000000e+00	-7.001525e-07	1.169348e-01	1.000000e+00	1.000000e-01	1.000000e+00	7.000000e+00
213	-7.872639e-03	0.000000e+00	-7.872766e-03	0.000000e+00	3.268375e-05	0.000000e+00	3.255335e-05	-1.169348e-01	1.000000e+00	1.000000e-01	1.000000e+00	7.000000e+00
214	-7.903833e-03	0.000000e+00	-7.903711e-03	0.000000e+00	-3.119402e-05	0.000000e+00	-3.094501e-05	0.000000e+00	1.000000e+00	1.000000e-01	1.000000e+00	7.000000e+00
215	-7.911606e-03	0.000000e+00	-7.911575e-03	0.000000e+00	-7.772857e-06	0.000000e+00	-7.863373e-06	0.000000e+00	1.000000e+00	1.000000e-01	1.000000e+00	7.000000e+00
216	-7.907540e-03	0.000000e+00	-7.907556e-03	3.714467e-01	4.065539e-06	0.000000e+00	4.018942e-06	3.714467e-01	1.000000e+00	1.000000e-01	1.000001e+00	7.000000e+00
217	-7.863489e-03	0.000000e+00	-7.863661e-03	0.000000e+00	4.405112e-05	0.000000e+00	4.389475e-05	-3.714467e-01	1.000000e+00	1.000000e-01	1.000000e+00	7.000000e+00
218	-7.907462e-03	0.000000e+00	-7.907291e-03	0.000000e+00	-4.397278e-05	0.000000e+00	-4.362955e-05	0.000000e+00	1.000000e+00	1.000000e-01	1.000000e+00	7.000000e+00
219	-7.920313e-03	0.000000e+00	-7.920262e-03	0.000000e+00	-1.285101e-05	0.000000e+00	-1.297124e-05	0.000000e+00	1.000000e+00	1.000000e-01	1.000000e+00	7.000000e+00
220	-7.893192e-03	0.000000e+00	-7.893298e-03	0.000000e+00	2.712068e-05	0.000000e+00	2.696407e-05	0.000000e+00	1.000000e+00	1.000000e-01	1.000000e+00	7.000000e+00
221	-7.902050e-03	0.000000e+00	-7.902016e-03	0.000000e+00	-8.858284e-06	0.000000e+00	-8.718353e-06	0.000000e+00	1.000000e+00	1.000000e-01	1.000000e+00	7.000000e+00
222	-7.899534e-03	0.000000e+00	-7.899544e-03	0.000000e+00	2.516071e-06	0.000000e+00	2.472187e-06	0.000000e+00	1.000000e+00	1.000000e-01	1.000000e+00	7.000000e+00
223	-7.897551e-03	0.000000e+00	-7.897558e-03	0.000000e+00	1.983641e-06	0.000000e+00	1.985550e-06	0.000000e+00	1.000000e+00	1.000000e-01	1.000000e+00	7.000000e+00
224	-7.891053e-03	0.000000e+00	-7.891078e-03	0.000000e+00	6.498137e-06	0.000000e+00	6.480510e-06	0.000000e+00	1.000000e+00	1.000000e-01	1.000000e+00	7.000000e+00
225	-7.896006e-03	0.000000e+00	-7.895987e-03	0.000000e+00	-4.953341e-06	0.000000e+00	-4.908678e-06	0.000000e+00	1.000000e+00	1.000000e-01	1.000000e+00	7.000000e+00
226	-7.892674e-03	0.000000e+00	-7.892687e-03	0.000000e+00	3.331455e-06	0.000000e+00	3.299267e-06	0.000000e+00	1.000000e+00	1.000000e-01	1.000000e+00	7.000000e+00
227	-7.896736e-03	0.000000e+00	-7.896720e-03	0.000000e+00	-4.061802e-06	0.000000e+00	-4.033048e-06	0.000000e+00	1.000000e+00	1.000000e-01	1.000000e+00	7.000000e+00
228	-7.904683e-03	0.000000e+00	-7.904652e-03	0.000000e+00	-7.947249e-06	0.000000e+00	-7.931959e-06	0.000000e+00	1.000000e+00	1.000000e-01	1.000000e+00	7.000000e+00
229	-7.904900e-03	0.000000e+00	-7.904899e-03	0.000000e+00	-2.167188e-07	0.000000e+00	-2.468565e-07	0.000000e+00	1.000000e+00	1.000000e-01	1.000000e+00	7.000000e+00
230	-7.902957e-03	0.000000e+00	-7.902965e-03	0.000000e+00	1.943095e-06	0.000000e+00	1.934540e-06	0.000000e+00	1.000000e+00	1.000000e-01	1.000000e+00	7.000000e+00
231	-7.906429e-03	0.000000e+00	-7.906416e-03	4.296427e-01	-3.472034e-06	0.000000e+00	-3.450915e-06	4.296427e-01	1.000000e+00	1.000000e-01	9.999993e-01	7.000000e+00
232	-7.876449e-03	0.000000e+00	-7.876566e-03	0.000000e+00	2.998038e-05	0.000000e+00	2.984979e-05	-4.296427e-01	1.000000e+00	1.000000e-01	1.000000e+00	7.000000e+00
233	-7.894665e-03	0.000000e+00	-7.894595e-03	0.000000e+00	-1.821646e-05	0.000000e+00	-1.802870e-05	0.000000e+00	1.000000e+00	1.000000e-01	1.000000e+00	7.000000e+00
234	-7.905082e-03	0.000000e+00	-7.905041e-03	0.000000e+00	-1.041694e-05	0.000000e+00	-1.044667e-05	0.000000e+00	1.000000e+00	1.000000e-01	1.000000e+00	7.000000e+00
235	-7.901287e-03	0.000000e+00	-7.901302e-03	3.458837e-01	3.794713e-06	0.000000e+00	3.739083e-06	3.458837e-01	1.000000e+00	1.000000e-01	1.000001e+00	7.000000e+00
236	-7.874281e-03	0.000000e+00	-7.874387e-03	1.917812e-01	2.700601e-05	0.000000e+00	2.691513e-05	-1.541024e-01	1.000000e+00	1.000000e-01	1.000000e+00	7.000000e+00
237	-7.865159e-03	0.000000e+00	-7.865195e-03	0.000000e+00	9.122455e-06	0.000000e+00	9.191957e-06	-1.917812e-01	1.000000e+00	1.000000e-01	9.999992e-01	7.000000e+00
238	-7.889267e-03	0.000000e+00	-7.889173e-03	0.000000e+00	-2.410842e-05	0.000000e+00	-2.397834e-05	0.000000e+00	1.000000e+00	1.000000e-01	1.000000e+00	7.000000e+00
239	-7.888430e-03	0.000000e+00	-7.888433e-03	0.000000e+00	8.372488e-07	0.000000e+00	7.403129e-07	0.000000e+00	1.000000e+00	1.000000e-01	1.000000e+00	7.000000e+00
240	-7.870037e-03	0.000000e+00	-7.870109e-03	0.000000e+00	1.839342e-05	0.000000e+00	1.832446e-05	0.000000e+00	1.000000e+00	1.000000e-01	1.000000e+00	7.000000e+00
241	-7.872570e-03	0.000000e+00	-7.872560e-03	0.000000e+00	-2.533035e-06	0.000000e+00	-2.451561e-06	0.000000e+00	1.000000e+00	1.000000e-01	1.000000e+00	7.000000e+00
242	-7.877173e-03	0.000000e+00	-7.877155e-03	0.000000e+00	-4.602849e-06	0.000000e+00	-4.594445e-06	0.000000e+00	1.000000e+00	1.000000e-01	1.000000e+00	7.000000e+00
243	-7.875738e-03	0.000000e+00	-7.875744e-03	0.000000e+00	1.434633e-06	0.000000e+00	1.411082e-06	0.000000e+00	1.000000e+00	1.000000e-01	1.000000e+00	7.000000e+00
244	-7.874746e-03	0.000000e+00	-7.874750e-03	0.000000e+00	9.922901e-07	0.000000e+00	9.939260e-07	0.000000e+00	1.000000e+00	1.000000e-01	1.000000e+00	7.000000e+00
245	-7.874952e-03	0.000000e+00	-7.874952e-03	0.000000e+00	-2.066183e-07	0.000000e+00	-2.019287e-07	0.000000e+00	1.000000e+00	1.000000e-01	1.000000e+00	7.000000e+00
246	-7.856026e-03	0.000000e+00	-7.856100e-03	0.000000e+00	1.892664e-05	0.000000e+00	1.885191e-05	0.000000e+00	1.000000e+00	1.000000e-01	1.000000e+00	7.000000e+00
247	-7.855298e-03	0.000000e+00	-7.855301e-03	0.000000e+00	7.274868e-07	0.000000e+00	7.982853e-07	0.000000e+00	1.000000e+00	1.000000e-01	1.000000e+00	7.000000e+00
248	-7.851018e-03	0.000000e+00	-7.851035e-03	0.000000e+00	4.280223e-06	0.000000e+00	4.266622e-06	0.000000e+00	1.000000e+00	1.000000e-01	1.000000e+00	7.000000e+00
249	-7.851243e-03	0.000000e+00	-7.851242e-03	0.000000e+00	-2.251680e-07	0.000000e+00	-2.076219e-07	0.000000e+00	1.000000e+00	1.000000e-01	1.000000e+00	7.000000e+00
250	-7.869505e-03	0.000000e+00	-7.869434e-03	0.000000e+00	-1.826177e-05	0.000000e+00	-1.819125e-05	0.000000e+00	1.000000e+00	1.000000e-01	1.000000e+00	7.000000e+00
251	-7.854372e-03	0.000000e+00	-7.854431e-03	0.000000e+00	1.513265e-05	0.000000e+00	1.500248e-05	0.000000e+00	1.000000e+00	1.000000e-01	1.000000e+00	7.000000e+00
252	-7.863650e-03	0.000000e+00	-7.863614e-03	0.000000e+00	-9.277665e-06	0.000000e+00	-9.182821e-06	0.000000e+00	1.000000e+00	1.000000e-01	1.000000e+00	7.000000e+00
253	-7.866787e-03	0.000000e+00	-7.866775e-03	0.000000e+00	-3.137273e-06	0.000000e+00	-3.160888e-06	0.000000e+00	1.000000e+00	1.000000e-01	1.000000e+00	7.000000e+00
254	-7.864182e-03	0.000000e+00	-7.864192e-03	0.000000e+00	2.605163e-06	0.000000e+00	2.582640e-06	0.000000e+00	1.000000e+00	1.000000e-01	1.000000e+00	7.000000e+00
255	-7.848128e-03	0.000000e+00	-7.848191e-03	0.000000e+00	1.605416e-05	0.000000e+00	1.600153e-05	0.000000e+00	1.000000e+00	1.000000e-01	1.000000e+00	7.000000e+00
256	-7.850727e-03	0.000000e+00	-7.850717e-03	0.000000e+00	-2.599212e-06	0.000000e+00	-2.526553e-06	0.000000e+00	1.000000e+00	1.000000e-01	1.000000e+00	7.000000e+00
257	-7.847839e-03	0.000000e+00	-7.847850e-03	0.000000e+00	2.888200e-06	0.000000e+00	2.867049e-06	0.000000e+00	1.000000e+00	1.000000e-01	1.000000e+00	7.000000e+00
258	-7.847227e-03	0.000000e+00	-7.847230e-03	0.000000e+00	6.118054e-07	0.000000e+00	6.206150e-07	0.000000e+00	1.000000e+00	1.000000e-01	1.000000e+00	7.000000e+00
259	-7.847866e-03	0.000000e+00	-7.847864e-03	0.000000e+00	-6.391702e-07	0.000000e+00	-6.342492e-07	0.000000e+00	1.000000e+00	1.000000e-01	1.000000e+00	7.000000e+00
260	-7.833176e-03	0.000000e+00	-7.833233e-03	0.000000e+00	1.469033e-05	0.000000e+00	1.463047e-05	0.000000e+00	1.000000e+00	1.000000e-01	1.000000e+00	7.000000e+00
261	-7.832186e-03	0.000000e+00	-7.832190e-03	0.000000e+00	9.898304e-07	0.000000e+00	1.043114e-06	0.000000e+00	1.000000e+00	1.000000e-01	1.000000e+00	7.000000e+00
262	-7.835722e-03	0.000000e+00	-7.835708e-03	3.869662e-01	-3.535539e-06	0.000000e+00	-3.517653e-06	3.869662e-01	1.000000e+00	1.000000e-01	9.999994e-01	7.000000e+00
263	-7.813789e-03	0.000000e+00	-7.813875e-03	0.000000e+00	2.193232e-05	0.000000e+00	2.183291e-05	-3.869662e-01	1.000000e+00	1.000000e-01	1.000000e+00	7.000000e+00
264	-7.776707e-03	0.000000e+00	-7.776852e-03	0.000000e+00	3.708211e-05	0.000000e+00	3.702255e-05	0.000000e+00	1.000000e+00	1.000000e-01	1.000000e+00	7.000000e+00
