#sequence delta(k-1),f(k-1),theta(k),v(k),delta_diff(k-1),f_diff(k-1),theta_diff(k),v_diff(k),phi(1,1;k),phi(1,2;k),phi(2,1;k),phi(2,2;k)
1	6.636714e-01	0.000000e+00	6.640296e-01	0.000000e+00	6.636714e-01	0.000000e+00	-9.133207e-02	-7.758544e-03	8.049464e-01	1.000000e-01	1.000000e+00	1.000000e+01
2	-1.235761e+00	2.000000e-01	-1.228340e+00	3.306934e+00	-1.899432e+00	2.000000e-01	-1.892370e+00	3.306934e+00	9.274500e-01	8.710103e-02	-2.441992e-02	1.010787e+01
3	7.352736e-01	2.973038e-01	7.276033e-01	3.140914e+00	1.971035e+00	9.730379e-02	1.955943e+00	-1.660203e-01	9.653898e-01	8.897400e-02	-3.743074e-01	1.009059e+01
4	5.785924e-01	4.973038e-01	5.791744e-01	5.802375e+00	-1.566813e-01	2.000000e-01	-1.484288e-01	2.661461e+00	9.664688e-01	8.759676e-02	-4.164620e-01	1.014440e+01
5	2.707077e-01	6.359861e-01	2.719127e-01	7.311139e+00	-3.078847e-01	1.386823e-01	-3.072618e-01	1.508764e+00	9.694917e-01	8.623511e-02	-4.128222e-01	1.014276e+01
6	4.654559e-01	8.045388e-01	4.646999e-01	9.374972e+00	1.947482e-01	1.685527e-01	1.927872e-01	2.063833e+00	9.685467e-01	8.541720e-02	-3.739064e-01	1.017644e+01
7	7.275275e-01	9.025736e-01	7.265008e-01	9.864847e+00	2.620715e-01	9.803484e-02	2.618009e-01	4.898751e-01	9.684986e-01	8.539921e-02	-4.229959e-01	1.015808e+01
8	7.165840e-01	1.102574e+00	7.166227e-01	1.149369e+01	-1.094349e-02	2.000000e-01	-9.878081e-03	1.628841e+00	9.685820e-01	8.387565e-02	-4.209198e-01	1.012014e+01
9	5.728441e-01	1.297833e+00	5.734058e-01	1.409657e+01	-1.437399e-01	1.952594e-01	-1.432170e-01	2.602878e+00	9.699331e-01	8.204026e-02	-4.584822e-01	1.017116e+01
10	5.596301e-01	1.288707e+00	5.596839e-01	1.286283e+01	-1.321400e-02	-9.125742e-03	-1.372183e-02	-1.233735e+00	9.699341e-01	8.204094e-02	-4.512840e-01	1.017614e+01
11	5.941171e-01	1.488707e+00	5.939826e-01	1.354097e+01	3.448697e-02	2.000000e-01	3.429865e-02	6.781392e-01	9.696843e-01	8.059260e-02	-4.728165e-01	1.005126e+01
12	5.411084e-01	1.688707e+00	5.413150e-01	1.470760e+01	-5.300867e-02	2.000000e-01	-5.266763e-02	1.166630e+00	9.701129e-01	7.897569e-02	-4.514021e-01	9.970467e+00
13	4.576217e-01	1.888707e+00	4.579486e-01	1.664999e+01	-8.348670e-02	2.000000e-01	-8.336632e-02	1.942389e+00	9.708169e-01	7.728915e-02	-4.479386e-01	9.962169e+00
14	3.480087e-01	2.072658e+00	3.484382e-01	1.801180e+01	-1.096130e-01	1.839502e-01	-1.095104e-01	1.361806e+00	9.716981e-01	7.581025e-02	-4.214793e-01	9.917766e+00
15	2.575924e-01	2.267537e+00	2.579473e-01	1.865035e+01	-9.041630e-02	1.948797e-01	-9.049089e-02	6.385584e-01	9.724289e-01	7.423523e-02	-3.655498e-01	9.797218e+00
16	1.815217e-01	2.467537e+00	1.818202e-01	2.091050e+01	-7.607077e-02	2.000000e-01	-7.612710e-02	2.260147e+00	9.730294e-01	7.265631e-02	-3.751898e-01	9.822563e+00
17	1.014895e-01	2.455191e+00	1.018033e-01	2.050625e+01	-8.003214e-02	-1.234615e-02	-8.001689e-02	-4.042559e-01	9.730767e-01	7.266359e-02	-3.633294e-01	9.824392e+00
18	2.297088e-02	2.655191e+00	2.327882e-02	2.204332e+01	-7.851864e-02	2.000000e-01	-7.852449e-02	1.537073e+00	9.736837e-01	7.111729e-02	-3.466939e-01	9.782019e+00
19	-1.594504e-02	2.772291e+00	-1.579182e-02	2.373553e+01	-3.891592e-02	1.170997e-01	-3.907064e-02	1.692211e+00	9.738581e-01	7.059251e-02	-3.564765e-01	9.811455e+00
20	-1.199061e-02	2.688015e+00	-1.200546e-02	2.374971e+01	3.954427e-03	-8.427594e-02	3.786361e-03	1.418290e-02	9.738691e-01	7.035778e-02	-3.548997e-01	9.777850e+00
21	1.717784e-02	2.678511e+00	1.706384e-02	2.481875e+01	2.916845e-02	-9.504319e-03	2.906930e-02	1.069036e+00	9.738876e-01	7.035177e-02	-3.386648e-01	9.772560e+00
22	5.175288e-03	2.570585e+00	5.221728e-03	2.453727e+01	-1.200255e-02	-1.079260e-01	-1.184212e-02	-2.814832e-01	9.738454e-01	6.997260e-02	-3.430243e-01	9.733360e+00
23	-1.614408e-02	2.614330e+00	-1.606062e-02	2.546037e+01	-2.131936e-02	4.374566e-02	-2.128234e-02	9.231057e-01	9.738816e-01	6.989827e-02	-3.479805e-01	9.743530e+00
24	2.935569e-03	2.628641e+00	2.861365e-03	2.652518e+01	1.907965e-02	1.431096e-02	1.892198e-02	1.064812e+00	9.738757e-01	6.989378e-02	-3.395362e-01	9.749863e+00
25	9.844972e-03	2.544806e+00	9.817692e-03	2.477895e+01	6.909403e-03	-8.383516e-02	6.956327e-03	-1.746239e+00	9.738956e-01	6.965225e-02	-3.425663e-01	9.786629e+00
26	-5.877878e-03	2.744806e+00	-5.816567e-03	2.604266e+01	-1.572285e-02	2.000000e-01	-1.563426e-02	1.263712e+00	9.739999e-01	6.832499e-02	-3.374489e-01	9.721534e+00
27	-5.578641e-03	2.944806e+00	-5.579570e-03	2.742026e+01	2.992371e-04	2.000000e-01	2.369969e-04	1.377598e+00	9.739980e-01	6.704719e-02	-3.375278e-01	9.668761e+00
28	6.242815e-03	3.050975e+00	6.196633e-03	2.867027e+01	1.182146e-02	1.061687e-01	1.177620e-02	1.250016e+00	9.739597e-01	6.670340e-02	-3.362577e-01	9.680168e+00
29	3.167341e-03	2.995480e+00	3.179174e-03	2.731647e+01	-3.075474e-03	-5.549454e-02	-3.017459e-03	-1.353800e+00	9.739544e-01	6.660655e-02	-3.350651e-01	9.701688e+00
30	-6.036060e-03	3.195480e+00	-6.000063e-03	2.815618e+01	-9.203401e-03	2.000000e-01	-9.179237e-03	8.397047e-01	9.740124e-01	6.534582e-02	-3.303349e-01	9.598895e+00
31	-5.126296e-03	3.384641e+00	-5.129709e-03	2.991953e+01	9.097643e-04	1.891607e-01	8.703541e-04	1.763350e+00	9.740071e-01	6.425331e-02	-3.303570e-01	9.594298e+00
32	-3.355002e-02	3.315763e+00	-3.343900e-02	2.886388e+01	-2.842372e-02	-6.887764e-02	-2.830929e-02	-1.055644e+00	9.739559e-01	6.412929e-02	-3.249149e-01	9.607485e+00
33	-8.494504e-02	3.430864e+00	-8.474385e-02	2.938927e+01	-5.139502e-02	1.151003e-01	-5.130484e-02	5.253894e-01	9.741650e-01	6.366120e-02	-3.104522e-01	9.575096e+00
34	-1.201023e-01	3.515830e+00	-1.199642e-01	3.213105e+01	-3.515729e-02	8.496606e-02	-3.522036e-02	2.741781e+00	9.742711e-01	6.340478e-02	-3.423359e-01	9.652150e+00
35	-1.496642e-01	3.315830e+00	-1.495482e-01	3.117614e+01	-2.956190e-02	-2.000000e-01	-2.958400e-02	-9.549143e-01	9.741073e-01	6.229708e-02	-3.556204e-01	9.562275e+00
36	-2.119134e-01	3.115830e+00	-2.116698e-01	2.824461e+01	-6.224920e-02	-2.000000e-01	-6.212160e-02	-2.931532e+00	9.737898e-01	6.127682e-02	-3.254942e-01	9.659067e+00
37	-2.166099e-01	3.315830e+00	-2.165906e-01	3.066678e+01	-4.696490e-03	2.000000e-01	-4.920806e-03	2.422171e+00	9.738173e-01	6.010304e-02	-3.265633e-01	9.704594e+00
38	-1.936062e-01	3.186926e+00	-1.936959e-01	3.024339e+01	2.300376e-02	-1.289038e-01	2.289468e-02	-4.233864e-01	9.739066e-01	5.960276e-02	-3.175161e-01	9.653897e+00
39	-1.883083e-01	3.095522e+00	-1.883293e-01	2.779938e+01	5.297882e-03	-9.140363e-02	5.366619e-03	-2.444012e+00	9.739208e-01	5.935827e-02	-3.214253e-01	9.721341e+00
40	-1.767354e-01	3.295522e+00	-1.767807e-01	2.884985e+01	1.157283e-02	2.000000e-01	1.154859e-02	1.050470e+00	9.738583e-01	5.827850e-02	-3.262219e-01	9.638447e+00
41	-1.740554e-01	3.490404e+00	-1.740661e-01	3.162941e+01	2.680008e-03	1.948815e-01	2.714651e-03	2.779561e+00	9.738442e-01	5.725626e-02	-3.250949e-01	9.720395e+00
42	-1.736707e-01	3.290404e+00	-1.736723e-01	2.955801e+01	3.847125e-04	-2.000000e-01	3.938138e-04	-2.071405e+00	9.738463e-01	5.618794e-02	-3.251177e-01	9.732243e+00
43	-1.701042e-01	3.359950e+00	-1.701181e-01	2.883206e+01	3.566559e-03	6.954677e-02	3.554166e-03	-7.259451e-01	9.738398e-01	5.606183e-02	-3.274865e-01	9.686052e+00
44	-1.717542e-01	3.559950e+00	-1.717478e-01	2.949860e+01	-1.650000e-03	2.000000e-01	-1.629671e-03	6.665442e-01	9.738485e-01	5.501542e-02	-3.265097e-01	9.567656e+00
45	-6.729807e-01	3.696258e+00	-6.710228e-01	3.126930e+01	-5.012266e-01	1.363074e-01	-4.992750e-01	1.770698e+00	9.777620e-01	5.395113e-02	-3.900528e-01	9.584936e+00
46	-1.422580e+00	3.496258e+00	-1.419644e+00	3.041908e+01	-7.495990e-01	-2.000000e-01	-7.486212e-01	-8.502185e-01	9.791035e-01	5.430906e-02	-6.019960e-01	9.528388e+00
47	-1.290419e+00	3.296258e+00	-1.290924e+00	2.884526e+01	1.321610e-01	-2.000000e-01	1.287204e-01	-1.573827e+00	9.797249e-01	5.336870e-02	-5.768904e-01	9.490395e+00
48	-1.021114e+00	3.296616e+00	-1.022168e+00	2.774012e+01	2.693044e-01	3.577730e-04	2.687552e-01	-1.105139e+00	9.803288e-01	5.336950e-02	-6.945534e-01	9.490239e+00
49	-1.211657e+00	3.496616e+00	-1.210917e+00	2.949004e+01	-1.905431e-01	2.000000e-01	-1.887489e-01	1.749918e+00	9.814297e-01	5.221393e-02	-6.701014e-01	9.464573e+00
50	-1.293518e+00	3.397299e+00	-1.293195e+00	2.732391e+01	-8.186040e-02	-9.931681e-02	-8.227793e-02	-2.166124e+00	9.813045e-01	5.206196e-02	-6.207010e-01	9.524508e+00
51	-9.176232e-01	3.597299e+00	-9.190903e-01	2.891187e+01	3.758947e-01	2.000000e-01	3.741049e-01	1.587953e+00	9.804573e-01	5.161124e-02	-6.343922e-01	9.517223e+00
52	-7.651372e-01	3.509562e+00	-7.657385e-01	2.700679e+01	1.524861e-01	-8.773696e-02	1.533518e-01	-1.905071e+00	9.810546e-01	5.126757e-02	-7.038165e-01	9.557169e+00
53	-8.496336e-01	3.700762e+00	-8.493059e-01	2.840419e+01	-8.449643e-02	1.912003e-01	-8.356733e-02	1.397398e+00	9.814660e-01	5.033665e-02	-6.845938e-01	9.513671e+00
54	-6.256215e-01	3.602702e+00	-6.264952e-01	2.774875e+01	2.240121e-01	-9.805985e-02	2.228106e-01	-6.554394e-01	9.822808e-01	4.997998e-02	-6.400821e-01	9.494186e+00
55	-2.285665e-01	3.488944e+00	-2.301210e-01	2.704974e+01	3.970549e-01	-1.137583e-01	3.963743e-01	-6.990140e-01	9.843732e-01	4.938051e-02	-5.297023e-01	9.462562e+00
56	2.922939e-02	3.394140e+00	2.821630e-02	2.633304e+01	2.577959e-01	-9.480408e-02	2.583373e-01	-7.167010e-01	9.854649e-01	4.897905e-02	-4.923024e-01	9.448808e+00
57	1.441550e-01	3.349990e+00	1.437022e-01	2.551747e+01	1.149256e-01	-4.414965e-02	1.154858e-01	-8.155691e-01	9.857029e-01	4.888761e-02	-5.108224e-01	9.455923e+00
58	3.251557e-01	3.406622e+00	3.244469e-01	2.675617e+01	1.810006e-01	5.663177e-02	1.807447e-01	1.238701e+00	9.856660e-01	4.887607e-02	-4.436243e-01	9.476948e+00
59	4.883953e-01	3.206622e+00	4.877549e-01	2.465134e+01	1.632397e-01	-2.000000e-01	1.633080e-01	-2.104831e+00	9.865802e-01	4.775597e-02	-4.539064e-01	9.489545e+00
60	5.481418e-01	3.261055e+00	5.479059e-01	2.632233e+01	5.974642e-02	5.443239e-02	6.015096e-02	1.670989e+00	9.865408e-01	4.772006e-02	-4.204831e-01	9.519996e+00
61	6.009496e-01	3.061055e+00	6.007424e-01	2.408951e+01	5.280785e-02	-2.000000e-01	5.283653e-02	-2.232822e+00	9.867933e-01	4.676360e-02	-4.280131e-01	9.548514e+00
62	6.880733e-01	3.087750e+00	6.877322e-01	2.410704e+01	8.712374e-02	2.669563e-02	8.698980e-02	1.753181e-02	9.867838e-01	4.676067e-02	-4.362590e-01	9.545988e+00
63	7.299859e-01	3.005620e+00	7.298209e-01	2.470420e+01	4.191260e-02	-8.213018e-02	4.208868e-02	5.971590e-01	9.868744e-01	4.658313e-02	-4.085159e-01	9.491623e+00
64	7.412132e-01	2.805620e+00	7.411687e-01	2.122063e+01	1.122728e-02	-2.000000e-01	1.134783e-02	-3.483567e+00	9.869245e-01	4.569050e-02	-4.167796e-01	9.638832e+00
65	7.764958e-01	3.005620e+00	7.763578e-01	2.301770e+01	3.528262e-02	2.000000e-01	3.518912e-02	1.797071e+00	9.867805e-01	4.487416e-02	-4.186843e-01	9.628036e+00
66	7.955704e-01	2.815750e+00	7.954953e-01	2.085654e+01	1.907452e-02	-1.898697e-01	1.913747e-02	-2.161157e+00	9.868591e-01	4.409157e-02	-4.215771e-01	9.656832e+00
67	8.080257e-01	2.894376e+00	8.079768e-01	2.111740e+01	1.245536e-02	7.862584e-02	1.248146e-02	2.608511e-01	9.868398e-01	4.396957e-02	-4.244857e-01	9.638471e+00
68	8.208571e-01	2.850503e+00	8.208067e-01	2.019001e+01	1.283134e-02	-4.387309e-02	1.282998e-02	-9.273816e-01	9.868526e-01	4.392592e-02	-4.275242e-01	9.648861e+00
69	8.295777e-01	2.867134e+00	8.295434e-01	1.996690e+01	8.720648e-03	1.663049e-02	8.736700e-03	-2.231189e-01	9.868501e-01	4.392119e-02	-4.290975e-01	9.645861e+00
70	8.392605e-01	2.815740e+00	8.392225e-01	1.879202e+01	9.682796e-03	-5.139348e-02	9.679100e-03	-1.174873e+00	9.868610e-01	4.386314e-02	-4.321977e-01	9.662316e+00
71	8.373405e-01	2.873651e+00	8.373479e-01	1.908195e+01	-1.919961e-03	5.791064e-02	-1.874652e-03	2.899284e-01	9.868633e-01	4.379394e-02	-4.319515e-01	9.654889e+00
72	8.293615e-01	2.760756e+00	8.293927e-01	1.642578e+01	-7.979070e-03	-1.128951e-01	-7.955225e-03	-2.656175e+00	9.868450e-01	4.353481e-02	-4.260403e-01	9.738525e+00
73	8.169043e-01	2.960756e+00	8.169531e-01	1.771005e+01	-1.245714e-02	2.000000e-01	-1.243956e-02	1.284277e+00	9.868963e-01	4.271031e-02	-4.221612e-01	9.676245e+00
74	8.071514e-01	2.871918e+00	8.071897e-01	1.732574e+01	-9.752930e-03	-8.883791e-02	-9.763424e-03	-3.843103e-01	9.868795e-01	4.255664e-02	-4.243354e-01	9.656441e+00
75	7.817412e-01	2.678245e+00	7.818406e-01	1.481052e+01	-2.541020e-02	-1.936724e-01	-2.534908e-02	-2.515224e+00	9.867851e-01	4.183719e-02	-4.165679e-01	9.715644e+00
76	7.546086e-01	2.845059e+00	7.547149e-01	1.690393e+01	-2.713263e-02	1.668141e-01	-2.712566e-02	2.093415e+00	9.868782e-01	4.126452e-02	-4.224308e-01	9.751689e+00
77	7.125370e-01	2.645059e+00	7.127017e-01	1.432390e+01	-4.207161e-02	-2.000000e-01	-4.201323e-02	-2.580035e+00	9.867263e-01	4.054247e-02	-4.097564e-01	9.811940e+00
78	6.545762e-01	2.725919e+00	6.548032e-01	1.493399e+01	-5.796078e-02	8.085991e-02	-5.789848e-02	6.100876e-01	9.868355e-01	4.039016e-02	-4.040840e-01	9.804027e+00
79	6.153190e-01	2.545711e+00	6.154732e-01	1.414717e+01	-3.925723e-02	-1.802080e-01	-3.933005e-02	-7.868106e-01	9.867129e-01	3.982716e-02	-4.217609e-01	9.722882e+00
80	5.374722e-01	2.345711e+00	5.377769e-01	1.205301e+01	-7.784677e-02	-2.000000e-01	-7.769631e-02	-2.094169e+00	9.864569e-01	3.916956e-02	-4.151672e-01	9.739822e+00
81	4.233710e-01	2.388083e+00	4.238179e-01	1.256123e+01	-1.141012e-01	4.237145e-02	-1.139590e-01	5.082248e-01	9.866217e-01	3.910837e-02	-4.177584e-01	9.740784e+00
82	3.587843e-01	2.218943e+00	3.590383e-01	1.026889e+01	-6.458669e-02	-1.691397e-01	-6.477955e-02	-2.292339e+00	9.864539e-01	3.866904e-02	-3.974818e-01	9.793885e+00
83	2.973853e-01	2.357418e+00	2.976262e-01	1.104901e+01	-6.139894e-02	1.384745e-01	-6.141215e-02	7.801145e-01	9.866327e-01	3.826589e-02	-3.801673e-01	9.754835e+00
84	2.303507e-01	2.266941e+00	2.306135e-01	1.118659e+01	-6.703469e-02	-9.047638e-02	-6.701273e-02	1.375803e-01	9.865508e-01	3.815537e-02	-4.116398e-01	9.712357e+00
85	1.395785e-01	2.066941e+00	1.399341e-01	9.840645e+00	-9.077215e-02	-2.000000e-01	-9.067934e-02	-1.345941e+00	9.862770e-01	3.755212e-02	-4.351814e-01	9.660487e+00
86	6.927400e-02	1.887072e+00	6.955002e-02	8.488982e+00	-7.030450e-02	-1.798692e-01	-7.038409e-02	-1.351663e+00	9.860898e-01	3.707320e-02	-4.468314e-01	9.630681e+00
87	5.075526e-02	1.794656e+00	5.082868e-02	8.383690e+00	-1.851874e-02	-9.241619e-02	-1.872134e-02	-1.052918e-01	9.860638e-01	3.694357e-02	-4.536313e-01	9.596747e+00
88	2.850840e-02	1.594656e+00	2.859559e-02	6.197757e+00	-2.224686e-02	-2.000000e-01	-2.223309e-02	-2.185933e+00	9.859904e-01	3.628316e-02	-4.507656e-01	9.622510e+00
89	1.088519e-03	1.671781e+00	1.195969e-03	7.075925e+00	-2.741988e-02	7.712516e-02	-2.739962e-02	8.781676e-01	9.860314e-01	3.616770e-02	-4.523710e-01	9.627025e+00
90	-6.806660e-03	1.506127e+00	-6.775399e-03	6.491667e+00	-7.895179e-03	-1.656537e-01	-7.971368e-03	-5.842573e-01	9.860100e-01	3.571714e-02	-4.560959e-01	9.548870e+00
91	-2.548885e-02	1.306127e+00	-2.541576e-02	3.191178e+00	-1.868220e-02	-2.000000e-01	-1.864036e-02	-3.300490e+00	9.859497e-01	3.507238e-02	-4.439246e-01	9.679168e+00
92	-3.422376e-02	1.506127e+00	-3.418935e-02	6.838357e+00	-8.734903e-03	2.000000e-01	-8.773597e-03	3.647179e+00	9.859789e-01	3.440406e-02	-4.508699e-01	9.838191e+00
93	-3.551705e-02	1.306127e+00	-3.551186e-02	5.357477e+00	-1.293292e-03	-2.000000e-01	-1.322511e-03	-1.480879e+00	9.859748e-01	3.376761e-02	-4.511627e-01	9.792910e+00
94	-4.800406e-02	1.106127e+00	-4.795526e-02	4.553212e+00	-1.248701e-02	-2.000000e-01	-1.244340e-02	-8.042655e-01	9.859363e-01	3.315090e-02	-4.578418e-01	9.685933e+00
95	-5.704995e-02	9.061271e-01	-5.701443e-02	3.425446e+00	-9.045895e-03	-2.000000e-01	-9.059166e-03	-1.127766e+00	9.859090e-01	3.254650e-02	-4.612339e-01	9.610935e+00
96	-5.944490e-02	7.061271e-01	-5.943540e-02	2.438862e+00	-2.394947e-03	-2.000000e-01	-2.420979e-03	-9.865838e-01	9.859018e-01	3.194581e-02	-4.622762e-01	9.523898e+00
97	-5.934782e-02	5.061271e-01	-5.934816e-02	1.340601e-01	9.707638e-05	-2.000000e-01	8.724023e-05	-2.304802e+00	9.859021e-01	3.135153e-02	-4.622942e-01	9.561151e+00
98	-5.696007e-02	5.908919e-01	-5.696940e-02	6.541516e-01	2.387751e-03	8.476481e-02	2.378765e-03	5.200915e-01	9.858991e-01	3.124590e-02	-4.626211e-01	9.549547e+00
99	-5.694313e-02	5.366399e-01	-5.694323e-02	0.000000e+00	1.694626e-05	-5.425204e-02	2.617211e-05	-6.541516e-01	9.858991e-01	3.120204e-02	-4.626222e-01	9.553048e+00
100	-6.054721e-02	5.104521e-01	-6.053314e-02	0.000000e+00	-3.604088e-03	-2.618775e-02	-3.589908e-03	0.000000e+00	9.858978e-01	3.119233e-02	-4.630475e-01	9.549958e+00
101	-6.120345e-02	4.917575e-01	-6.120083e-02	0.000000e+00	-6.562356e-04	-1.869461e-02	-6.676952e-04	0.000000e+00	9.858976e-01	3.118734e-02	-4.631031e-01	9.548375e+00
102	-5.941310e-02	4.805326e-01	-5.942008e-02	0.000000e+00	1.790354e-03	-1.122498e-02	1.780752e-03	0.000000e+00	9.858979e-01	3.118539e-02	-4.630112e-01	9.547799e+00
103	-5.990572e-02	4.767572e-01	-5.990383e-02	8.945374e-02	-4.926292e-04	-3.775391e-03	-4.837488e-04	8.945374e-02	9.858979e-01	3.118517e-02	-4.630405e-01	9.547575e+00
104	-5.609470e-02	4.624479e-01	-5.610958e-02	3.846011e-01	3.811026e-03	-1.430925e-02	3.794249e-03	2.951473e-01	9.858987e-01	3.118189e-02	-4.622558e-01	9.544628e+00
105	-5.633928e-02	3.882840e-01	-5.633839e-02	0.000000e+00	-2.445857e-04	-7.416388e-02	-2.288090e-04	-3.846011e-01	9.858985e-01	3.110021e-02	-4.622933e-01	9.533276e+00
106	-6.192203e-02	3.639374e-01	-6.190022e-02	0.000000e+00	-5.582743e-03	-2.434664e-02	-5.561829e-03	0.000000e+00	9.858966e-01	3.109213e-02	-4.629017e-01	9.530622e+00
107	-6.148850e-02	3.470063e-01	-6.149010e-02	0.000000e+00	4.335319e-04	-1.693109e-02	4.101125e-04	0.000000e+00	9.858967e-01	3.108803e-02	-4.628684e-01	9.529323e+00
108	-6.017555e-02	3.374906e-01	-6.018068e-02	0.000000e+00	1.312950e-03	-9.515741e-03	1.309423e-03	0.000000e+00	9.858969e-01	3.108663e-02	-4.628115e-01	9.528910e+00
109	-6.111448e-02	3.353910e-01	-6.111084e-02	0.000000e+00	-9.389390e-04	-2.099538e-03	-9.301564e-04	0.000000e+00	9.858969e-01	3.108657e-02	-4.628202e-01	9.528891e+00
110	-6.141884e-02	3.407087e-01	-6.141763e-02	0.000000e+00	-3.043508e-04	5.317679e-03	-3.067953e-04	0.000000e+00	9.858969e-01	3.108613e-02	-4.628129e-01	9.528762e+00
111	-6.281397e-02	3.534440e-01	-6.280851e-02	3.376024e-01	-1.395131e-03	1.273530e-02	-1.390880e-03	3.376024e-01	9.858972e-01	3.108365e-02	-4.629558e-01	9.530067e+00
112	-5.581284e-02	3.059067e-01	-5.584017e-02	1.780864e-02	7.001127e-03	-4.753733e-02	6.968345e-03	-3.197938e-01	9.859023e-01	3.104883e-02	-4.625024e-01	9.526988e+00
113	-5.326197e-02	2.994713e-01	-5.327204e-02	0.000000e+00	2.550871e-03	-6.435381e-03	2.568127e-03	-1.780864e-02	9.859026e-01	3.104806e-02	-4.624483e-01	9.526852e+00
114	-6.313497e-02	3.024302e-01	-6.309644e-02	0.000000e+00	-9.873003e-03	2.958904e-03	-9.824405e-03	0.000000e+00	9.859035e-01	3.104780e-02	-4.622947e-01	9.526806e+00
115	-6.503646e-02	3.128208e-01	-6.502888e-02	0.000000e+00	-1.901489e-03	1.039065e-02	-1.932438e-03	0.000000e+00	9.859038e-01	3.104592e-02	-4.622045e-01	9.526313e+00
116	-6.715840e-02	3.306456e-01	-6.715008e-02	0.000000e+00	-2.121937e-03	1.782474e-02	-2.121197e-03	0.000000e+00	9.859044e-01	3.104099e-02	-4.620324e-01	9.524867e+00
117	-7.364753e-02	3.559051e-01	-7.362215e-02	0.000000e+00	-6.489132e-03	2.525953e-02	-6.472070e-03	0.000000e+00	9.859071e-01	3.103070e-02	-4.612818e-01	9.521945e+00
118	-7.288719e-02	3.885980e-01	-7.289006e-02	3.961512e-01	7.603417e-04	3.269292e-02	7.320901e-04	3.961512e-01	9.859067e-01	3.101468e-02	-4.612510e-01	9.523268e+00
119	-5.128088e-02	3.491566e-01	-5.136529e-02	0.000000e+00	2.160631e-02	-3.944142e-02	2.152477e-02	-3.961512e-01	9.859215e-01	3.098761e-02	-4.613595e-01	9.523466e+00
120	-7.685255e-02	3.609050e-01	-7.675299e-02	0.000000e+00	-2.557168e-02	1.174836e-02	-2.538771e-02	0.000000e+00	9.859281e-01	3.098460e-02	-4.598577e-01	9.522776e+00
121	-8.194087e-02	3.800840e-01	-8.192060e-02	1.427365e+00	-5.088313e-03	1.917900e-02	-5.167608e-03	1.427365e+00	9.859299e-01	3.097781e-02	-4.628599e-01	9.534092e+00
122	-5.376630e-02	1.800840e-01	-5.387628e-02	0.000000e+00	2.817456e-02	-2.000000e-01	2.804432e-02	-1.427365e+00	9.860146e-01	3.037622e-02	-4.564007e-01	9.488240e+00
123	-5.324001e-02	1.456057e-01	-5.324250e-02	1.841680e-02	5.262911e-04	-3.447826e-02	6.337834e-04	1.841680e-02	9.860149e-01	3.035719e-02	-4.563143e-01	9.482580e+00
124	-5.100939e-02	1.148781e-01	-5.101812e-02	1.801376e-01	2.230617e-03	-3.072764e-02	2.224380e-03	1.617208e-01	9.860159e-01	3.034322e-02	-4.558333e-01	9.475955e+00
125	-5.249671e-02	5.725338e-02	-5.249093e-02	0.000000e+00	-1.487315e-03	-5.762468e-02	-1.472817e-03	-1.801376e-01	9.860147e-01	3.029561e-02	-4.560909e-01	9.465975e+00
126	-6.115152e-02	2.722423e-02	-6.111769e-02	0.000000e+00	-8.654808e-03	-3.002915e-02	-8.626754e-03	0.000000e+00	9.860113e-01	3.028397e-02	-4.572427e-01	9.461979e+00
127	-6.324956e-02	4.721635e-03	-6.324123e-02	0.000000e+00	-2.098039e-03	-2.250260e-02	-2.123542e-03	0.000000e+00	9.860107e-01	3.027727e-02	-4.574539e-01	9.459714e+00
128	-6.143662e-02	0.000000e+00	-6.144367e-02	0.000000e+00	1.812940e-03	-4.721635e-03	1.797563e-03	0.000000e+00	9.860108e-01	3.027693e-02	-4.574147e-01	9.459611e+00
129	-6.094446e-02	0.000000e+00	-6.094641e-02	0.000000e+00	4.921585e-04	0.000000e+00	4.972578e-04	0.000000e+00	9.860108e-01	3.027693e-02	1.000000e+00	1.000000e+01
130	-6.614840e-02	2.112102e-04	-6.612808e-02	0.000000e+00	-5.203941e-03	2.112102e-04	-5.181671e-03	0.000000e+00	9.860110e-01	3.027692e-02	9.999924e-01	1.000000e+01
131	-7.411224e-02	8.035337e-03	-7.408105e-02	0.000000e+00	-7.963836e-03	7.824127e-03	-7.952969e-03	0.000000e+00	9.860123e-01	3.027567e-02	1.000258e+00	9.999739e+00
132	-7.120380e-02	2.349102e-02	-7.121504e-02	0.000000e+00	2.908433e-03	1.545569e-02	2.866006e-03	0.000000e+00	9.860116e-01	3.027222e-02	1.000041e+00	9.998583e+00
133	-8.282696e-02	4.659493e-02	-8.278160e-02	9.570675e-02	-1.162316e-02	2.310391e-02	-1.156656e-02	9.570675e-02	9.860161e-01	3.026339e-02	1.000723e+00	9.997226e+00
134	-4.766182e-02	5.754388e-02	-4.779901e-02	0.000000e+00	3.516514e-02	1.094895e-02	3.498260e-02	-9.570675e-02	9.860157e-01	3.026327e-02	9.967112e-01	9.995977e+00
135	-8.536326e-02	8.708728e-02	-8.521653e-02	8.113341e-01	-3.770144e-02	2.954340e-02	-3.741752e-02	8.113341e-01	9.860360e-01	3.024733e-02	9.868087e-01	1.000374e+01
136	-5.689910e-02	0.000000e+00	-5.700971e-02	0.000000e+00	2.846416e-02	-8.708728e-02	2.820681e-02	-8.113341e-01	9.860734e-01	3.013305e-02	9.872365e-01	1.000243e+01
137	-8.114438e-02	0.000000e+00	-8.105010e-02	0.000000e+00	-2.424528e-02	0.000000e+00	-2.404039e-02	0.000000e+00	9.860749e-01	3.013305e-02	1.000000e+00	1.000000e+01
138	-8.044085e-02	0.000000e+00	-8.044323e-02	0.000000e+00	7.035283e-04	0.000000e+00	6.068723e-04	0.000000e+00	9.860749e-01	3.013305e-02	1.000000e+00	1.000000e+01
139	-9.571174e-02	0.000000e+00	-9.565210e-02	0.000000e+00	-1.527089e-02	0.000000e+00	-1.520887e-02	0.000000e+00	9.860760e-01	3.013305e-02	1.000000e+00	1.000000e+01
140	-9.652229e-02	0.000000e+00	-9.651889e-02	0.000000e+00	-8.105448e-04	0.000000e+00	-8.667883e-04	0.000000e+00	9.860760e-01	3.013305e-02	1.000000e+00	1.000000e+01
141	-9.266538e-02	2.236991e-04	-9.268043e-02	7.495712e-01	3.856912e-03	2.236991e-04	3.838460e-03	7.495712e-01	9.860761e-01	3.013305e-02	1.001362e+00	1.000008e+01
142	-4.714098e-02	0.000000e+00	-4.731887e-02	0.000000e+00	4.552440e-02	-2.236991e-04	4.536156e-02	-7.495712e-01	9.860864e-01	3.013300e-02	9.842336e-01	1.000016e+01
143	-8.213848e-02	0.000000e+00	-8.200247e-02	6.849810e-01	-3.499750e-02	0.000000e+00	-3.468360e-02	6.849810e-01	9.860893e-01	3.013300e-02	1.000000e+00	1.000000e+01
144	-5.506983e-02	0.000000e+00	-5.517504e-02	0.000000e+00	2.706865e-02	0.000000e+00	2.682743e-02	-6.849810e-01	9.860910e-01	3.013300e-02	1.000000e+00	1.000000e+01
145	-6.668448e-02	0.000000e+00	-6.663952e-02	0.000000e+00	-1.161465e-02	0.000000e+00	-1.146448e-02	0.000000e+00	9.860911e-01	3.013300e-02	1.000000e+00	1.000000e+01
146	-8.055523e-02	0.000000e+00	-8.050087e-02	0.000000e+00	-1.387075e-02	0.000000e+00	-1.386135e-02	0.000000e+00	9.860923e-01	3.013300e-02	1.000000e+00	1.000000e+01
147	-7.882021e-02	0.000000e+00	-7.882677e-02	0.000000e+00	1.735022e-03	0.000000e+00	1.674099e-03	0.000000e+00	9.860922e-01	3.013300e-02	1.000000e+00	1.000000e+01
148	-7.549572e-02	0.000000e+00	-7.550873e-02	0.000000e+00	3.324489e-03	0.000000e+00	3.318042e-03	0.000000e+00	9.860923e-01	3.013300e-02	1.000000e+00	1.000000e+01
149	-9.520129e-02	0.000000e+00	-9.512437e-02	0.000000e+00	-1.970557e-02	0.000000e+00	-1.961564e-02	0.000000e+00	9.860940e-01	3.013300e-02	1.000000e+00	1.000000e+01
150	-7.018175e-02	0.000000e+00	-7.027918e-02	0.000000e+00	2.501954e-02	0.000000e+00	2.484518e-02	0.000000e+00	9.860961e-01	3.013300e-02	1.000000e+00	1.000000e+01
151	-6.985744e-02	0.000000e+00	-6.985909e-02	8.088851e-01	3.243103e-04	0.000000e+00	4.200950e-04	8.088851e-01	9.860961e-01	3.013300e-02	1.000000e+00	1.000000e+01
152	-4.730487e-02	0.000000e+00	-4.739298e-02	0.000000e+00	2.255257e-02	0.000000e+00	2.246611e-02	-8.088851e-01	9.860985e-01	3.013300e-02	1.000000e+00	1.000000e+01
153	-6.109403e-02	0.000000e+00	-6.104051e-02	0.000000e+00	-1.378916e-02	0.000000e+00	-1.364753e-02	0.000000e+00	9.860989e-01	3.013300e-02	1.000000e+00	1.000000e+01
154	-7.195509e-02	0.000000e+00	-7.191245e-02	0.000000e+00	-1.086106e-02	0.000000e+00	-1.087194e-02	0.000000e+00	9.860997e-01	3.013300e-02	1.000000e+00	1.000000e+01
155	-6.967024e-02	0.000000e+00	-6.967900e-02	0.000000e+00	2.284847e-03	0.000000e+00	2.233453e-03	0.000000e+00	9.860997e-01	3.013300e-02	1.000000e+00	1.000000e+01
156	-8.036593e-02	0.000000e+00	-8.032418e-02	0.000000e+00	-1.069569e-02	0.000000e+00	-1.064518e-02	0.000000e+00	9.861002e-01	3.013300e-02	1.000000e+00	1.000000e+01
157	-6.303265e-02	0.000000e+00	-6.310020e-02	0.000000e+00	1.733327e-02	0.000000e+00	1.722398e-02	0.000000e+00	9.861013e-01	3.013300e-02	1.000000e+00	1.000000e+01
158	-6.473285e-02	0.000000e+00	-6.472648e-02	0.000000e+00	-1.700199e-03	0.000000e+00	-1.626277e-03	0.000000e+00	9.861012e-01	3.013300e-02	1.000000e+00	1.000000e+01
159	-7.845289e-02	0.000000e+00	-7.839927e-02	0.000000e+00	-1.372004e-02	0.000000e+00	-1.367280e-02	0.000000e+00	9.861021e-01	3.013300e-02	1.000000e+00	1.000000e+01
160	-7.567278e-02	0.000000e+00	-7.568343e-02	8.487573e-01	2.780110e-03	0.000000e+00	2.715841e-03	8.487573e-01	9.861021e-01	3.013300e-02	1.000000e+00	1.000000e+01
161	-4.567302e-02	0.000000e+00	-4.579024e-02	0.000000e+00	2.999977e-02	0.000000e+00	2.989319e-02	-8.487573e-01	9.861065e-01	3.013300e-02	1.000000e+00	1.000000e+01
162	-5.767966e-02	0.000000e+00	-5.763322e-02	0.000000e+00	-1.200664e-02	0.000000e+00	-1.184297e-02	0.000000e+00	9.861066e-01	3.013300e-02	1.000000e+00	1.000000e+01
163	-6.385612e-02	0.000000e+00	-6.383181e-02	0.000000e+00	-6.176464e-03	0.000000e+00	-6.198599e-03	0.000000e+00	9.861069e-01	3.013300e-02	1.000000e+00	1.000000e+01
164	-6.070472e-02	0.000000e+00	-6.071693e-02	0.000000e+00	3.151406e-03	0.000000e+00	3.114883e-03	0.000000e+00	9.861069e-01	3.013300e-02	1.000000e+00	1.000000e+01
165	-5.885017e-02	0.000000e+00	-5.885747e-02	0.000000e+00	1.854543e-03	0.000000e+00	1.859466e-03	0.000000e+00	9.861069e-01	3.013300e-02	1.000000e+00	1.000000e+01
166	-5.939752e-02	0.000000e+00	-5.939541e-02	0.000000e+00	-5.473488e-04	0.000000e+00	-5.379471e-04	0.000000e+00	9.861069e-01	3.013300e-02	1.000000e+00	1.000000e+01
167	-6.539614e-02	0.000000e+00	-6.537270e-02	0.000000e+00	-5.998616e-03	0.000000e+00	-5.977285e-03	0.000000e+00	9.861071e-01	3.013300e-02	1.000000e+00	1.000000e+01
168	-6.448960e-02	0.000000e+00	-6.449305e-02	0.000000e+00	9.065338e-04	0.000000e+00	8.796439e-04	0.000000e+00	9.861071e-01	3.013300e-02	1.000000e+00	1.000000e+01
169	-6.329023e-02	0.000000e+00	-6.329493e-02	0.000000e+00	1.199373e-03	0.000000e+00	1.198125e-03	0.000000e+00	9.861071e-01	3.013300e-02	1.000000e+00	1.000000e+01
170	-6.382400e-02	0.000000e+00	-6.382194e-02	0.000000e+00	-5.337722e-04	0.000000e+00	-5.270070e-04	0.000000e+00	9.861071e-01	3.013300e-02	1.000000e+00	1.000000e+01
171	-6.394522e-02	0.000000e+00	-6.394474e-02	9.641744e-01	-1.212178e-04	0.000000e+00	-1.228029e-04	9.641744e-01	9.861071e-01	3.013300e-02	1.000000e+00	1.000000e+01
172	-4.815505e-02	0.000000e+00	-4.821673e-02	0.000000e+00	1.579017e-02	0.000000e+00	1.572801e-02	-9.641744e-01	9.861083e-01	3.013300e-02	1.000000e+00	1.000000e+01
173	-5.855984e-02	0.000000e+00	-5.851944e-02	0.000000e+00	-1.040479e-02	0.000000e+00	-1.030271e-02	0.000000e+00	9.861085e-01	3.013300e-02	1.000000e+00	1.000000e+01
174	-6.163983e-02	0.000000e+00	-6.162764e-02	0.000000e+00	-3.079992e-03	0.000000e+00	-3.108205e-03	0.000000e+00	9.861086e-01	3.013300e-02	1.000000e+00	1.000000e+01
175	-5.942396e-02	0.000000e+00	-5.943256e-02	7.919219e-02	2.215877e-03	0.000000e+00	2.195079e-03	7.919219e-02	9.861086e-01	3.013300e-02	1.000000e+00	1.000000e+01
176	-4.752860e-02	0.000000e+00	-4.757510e-02	0.000000e+00	1.189535e-02	0.000000e+00	1.185746e-02	-7.919219e-02	9.861093e-01	3.013300e-02	1.000000e+00	1.000000e+01
177	-5.568591e-02	0.000000e+00	-5.565422e-02	0.000000e+00	-8.157304e-03	0.000000e+00	-8.079122e-03	0.000000e+00	9.861094e-01	3.013300e-02	1.000000e+00	1.000000e+01
178	-5.661516e-02	0.000000e+00	-5.661141e-02	0.000000e+00	-9.292554e-04	0.000000e+00	-9.571845e-04	0.000000e+00	9.861095e-01	3.013300e-02	1.000000e+00	1.000000e+01
179	-5.431547e-02	0.000000e+00	-5.432444e-02	0.000000e+00	2.299695e-03	0.000000e+00	2.286973e-03	0.000000e+00	9.861095e-01	3.013300e-02	1.000000e+00	1.000000e+01
180	-5.462711e-02	0.000000e+00	-5.462593e-02	0.000000e+00	-3.116448e-04	0.000000e+00	-3.014939e-04	0.000000e+00	9.861095e-01	3.013300e-02	1.000000e+00	1.000000e+01
181	-5.693108e-02	0.000000e+00	-5.692208e-02	0.000000e+00	-2.303968e-03	0.000000e+00	-2.296146e-03	0.000000e+00	9.861095e-01	3.013300e-02	1.000000e+00	1.000000e+01
182	-5.698702e-02	0.000000e+00	-5.698676e-02	0.000000e+00	-5.593486e-05	0.000000e+00	-6.468569e-05	0.000000e+00	9.861095e-01	3.013300e-02	1.000000e+00	1.000000e+01
183	-5.640195e-02	0.000000e+00	-5.640423e-02	0.000000e+00	5.850687e-04	0.000000e+00	5.825306e-04	0.000000e+00	9.861095e-01	3.013300e-02	1.000000e+00	1.000000e+01
184	-5.648277e-02	4.446899e-03	-5.648247e-02	2.956351e-01	-8.082681e-05	4.446899e-03	-7.823557e-05	2.956351e-01	9.861095e-01	3.013272e-02	9.999904e-01	1.000053e+01
185	-4.678232e-02	0.000000e+00	-4.682021e-02	1.167994e+00	9.700453e-03	-4.446899e-03	9.662255e-03	8.723589e-01	9.861106e-01	3.013223e-02	1.004170e+00	9.998615e+00
186	-4.897380e-02	0.000000e+00	-4.896538e-02	0.000000e+00	-2.191476e-03	0.000000e+00	-2.145172e-03	-1.167994e+00	9.861106e-01	3.013223e-02	1.000000e+00	1.000000e+01
187	-6.126841e-02	0.000000e+00	-6.122036e-02	8.327143e-01	-1.229462e-02	0.000000e+00	-1.225497e-02	8.327143e-01	9.861113e-01	3.013223e-02	1.000000e+00	1.000000e+01
188	-5.439033e-02	0.000000e+00	-5.441701e-02	0.000000e+00	6.878083e-03	0.000000e+00	6.803345e-03	-8.327143e-01	9.861114e-01	3.013223e-02	1.000000e+00	1.000000e+01
189	-5.364572e-02	0.000000e+00	-5.364873e-02	0.000000e+00	7.446141e-04	0.000000e+00	7.682810e-04	0.000000e+00	9.861114e-01	3.013223e-02	1.000000e+00	1.000000e+01
190	-5.635080e-02	0.000000e+00	-5.634025e-02	0.000000e+00	-2.705084e-03	0.000000e+00	-2.691516e-03	0.000000e+00	9.861114e-01	3.013223e-02	1.000000e+00	1.000000e+01
191	-5.603809e-02	0.000000e+00	-5.603927e-02	0.000000e+00	3.127152e-04	0.000000e+00	3.009800e-04	0.000000e+00	9.861114e-01	3.013223e-02	1.000000e+00	1.000000e+01
192	-5.538903e-02	0.000000e+00	-5.539157e-02	0.000000e+00	6.490578e-04	0.000000e+00	6.476981e-04	0.000000e+00	9.861114e-01	3.013223e-02	1.000000e+00	1.000000e+01
193	-5.545693e-02	0.000000e+00	-5.545668e-02	0.000000e+00	-6.790698e-05	0.000000e+00	-6.511165e-05	0.000000e+00	9.861114e-01	3.013223e-02	1.000000e+00	1.000000e+01
194	-5.561557e-02	0.000000e+00	-5.561495e-02	0.000000e+00	-1.586328e-04	0.000000e+00	-1.582675e-04	0.000000e+00	9.861114e-01	3.013223e-02	1.000000e+00	1.000000e+01
195	-5.557819e-02	0.000000e+00	-5.557833e-02	0.000000e+00	3.737795e-05	0.000000e+00	3.661371e-05	0.000000e+00	9.861114e-01	3.013223e-02	1.000000e+00	1.000000e+01
196	-5.549572e-02	0.000000e+00	-5.549604e-02	0.000000e+00	8.247126e-05	0.000000e+00	8.229212e-05	0.000000e+00	9.861114e-01	3.013223e-02	1.000000e+00	1.000000e+01
197	-5.550148e-02	0.000000e+00	-5.550146e-02	2.012643e+00	-5.766279e-06	0.000000e+00	-5.422301e-06	2.012643e+00	1.000000e+00	1.000000e-01	9.999945e-01	1.000000e+01
198	-5.505957e-02	0.000000e+00	-5.506130e-02	0.000000e+00	4.419137e-04	0.000000e+00	4.401663e-04	-2.012643e+00	1.000000e+00	1.000000e-01	1.000000e+00	1.000000e+01
199	-5.708220e-02	5.231020e-02	-5.707430e-02	3.836375e-01	-2.022627e-03	5.231020e-02	-2.013007e-03	3.836375e-01	1.000005e+00	9.987044e-02	1.000132e+00	9.996590e+00
200	-5.556830e-02	2.814457e-02	-5.557419e-02	8.036504e-01	1.513894e-03	-2.416563e-02	1.500117e-03	4.200130e-01	1.000007e+00	9.984290e-02	1.000606e+00	9.989015e+00
201	-5.490999e-02	0.000000e+00	-5.491258e-02	0.000000e+00	6.583150e-04	-2.814457e-02	6.616033e-04	-8.036504e-01	1.000008e+00	9.980531e-02	1.000443e+00	9.996006e+00
202	-5.806585e-02	0.000000e+00	-5.805353e-02	0.000000e+00	-3.155857e-03	0.000000e+00	-3.140945e-03	0.000000e+00	1.000008e+00	9.980531e-02	1.000000e+00	1.000000e+01
203	-5.747303e-02	0.000000e+00	-5.747529e-02	1.340640e-01	5.928201e-04	0.000000e+00	5.782351e-04	1.340640e-01	1.000008e+00	9.980531e-02	1.000000e+00	1.000000e+01
204	-5.577887e-02	0.000000e+00	-5.578550e-02	0.000000e+00	1.694158e-03	0.000000e+00	1.689799e-03	-1.340640e-01	1.000008e+00	9.980531e-02	1.000000e+00	1.000000e+01
205	-5.696267e-02	0.000000e+00	-5.695808e-02	0.000000e+00	-1.183804e-03	0.000000e+00	-1.172579e-03	0.000000e+00	1.000008e+00	9.980531e-02	1.000000e+00	1.000000e+01
206	-5.746441e-02	0.000000e+00	-5.746244e-02	0.000000e+00	-5.017404e-04	0.000000e+00	-5.043608e-04	0.000000e+00	1.000008e+00	9.980531e-02	1.000000e+00	1.000000e+01
207	-5.714140e-02	0.000000e+00	-5.714266e-02	0.000000e+00	3.230127e-04	0.000000e+00	3.197808e-04	0.000000e+00	1.000008e+00	9.980531e-02	1.000000e+00	1.000000e+01
208	-5.709033e-02	0.000000e+00	-5.709054e-02	6.829577e-01	5.106720e-05	0.000000e+00	5.211686e-05	6.829577e-01	1.000008e+00	9.980531e-02	1.000000e+00	1.000000e+01
209	-5.607270e-02	0.000000e+00	-5.607667e-02	0.000000e+00	1.017639e-03	0.000000e+00	1.013867e-03	-6.829577e-01	1.000008e+00	9.980531e-02	1.000000e+00	1.000000e+01
210	-5.838340e-02	0.000000e+00	-5.837439e-02	0.000000e+00	-2.310702e-03	0.000000e+00	-2.297716e-03	0.000000e+00	1.000008e+00	9.980531e-02	1.000000e+00	1.000000e+01
211	-5.837599e-02	0.000000e+00	-5.837598e-02	0.000000e+00	7.408880e-06	0.000000e+00	-1.595513e-06	0.000000e+00	1.000000e+00	1.000000e-01	1.000000e+00	1.000000e+01
212	-5.780145e-02	0.000000e+00	-5.780370e-02	0.000000e+00	5.745346e-04	0.000000e+00	5.722841e-04	0.000000e+00	1.000000e+00	1.000000e-01	1.000000e+00	1.000000e+01
213	-5.790659e-02	0.000000e+00	-5.790619e-02	1.260128e+00	-1.051392e-04	0.000000e+00	-1.024930e-04	1.260128e+00	1.000000e+00	1.000000e-01	1.000000e+00	1.000000e+01
214	-5.799622e-02	0.000000e+00	-5.799587e-02	0.000000e+00	-8.962599e-05	0.000000e+00	-8.967625e-05	-1.260128e+00	1.000000e+00	1.000000e-01	1.000000e+00	1.000000e+01
215	-5.948467e-02	0.000000e+00	-5.947886e-02	0.000000e+00	-1.488455e-03	0.000000e+00	-1.482991e-03	0.000000e+00	1.000000e+00	1.000000e-01	1.000000e+00	1.000000e+01
216	-5.933950e-02	0.000000e+00	-5.934005e-02	0.000000e+00	1.451723e-04	0.000000e+00	1.388122e-04	0.000000e+00	1.000000e+00	1.000000e-01	1.000000e+00	1.000000e+01
217	-5.896409e-02	0.000000e+00	-5.896556e-02	0.000000e+00	3.754112e-04	0.000000e+00	3.744870e-04	0.000000e+00	1.000000e+00	1.000000e-01	1.000000e+00	1.000000e+01
218	-5.870916e-02	0.000000e+00	-5.871016e-02	0.000000e+00	2.549346e-04	0.000000e+00	2.554016e-04	0.000000e+00	1.000000e+00	1.000000e-01	1.000000e+00	1.000000e+01
219	-5.880135e-02	0.000000e+00	-5.880099e-02	1.206230e+00	-9.219375e-05	0.000000e+00	-9.083595e-05	1.206230e+00	1.000000e+00	1.000000e-01	1.000000e+00	1.000000e+01
220	-5.854095e-02	0.000000e+00	-5.854197e-02	0.000000e+00	2.603970e-04	0.000000e+00	2.590250e-04	-1.206230e+00	1.000000e+00	1.000000e-01	1.000000e+00	1.000000e+01
221	-6.002077e-02	0.000000e+00	-6.001500e-02	0.000000e+00	-1.479819e-03	0.000000e+00	-1.473027e-03	0.000000e+00	1.000000e+00	1.000000e-01	1.000000e+00	1.000000e+01
222	-5.955253e-02	0.000000e+00	-5.955433e-02	0.000000e+00	4.682453e-04	0.000000e+00	4.606622e-04	0.000000e+00	1.000000e+00	1.000000e-01	1.000000e+00	1.000000e+01
223	-5.922252e-02	0.000000e+00	-5.922382e-02	3.327775e-01	3.300045e-04	0.000000e+00	3.305149e-04	3.327775e-01	1.000000e+00	1.000000e-01	1.000000e+00	1.000000e+01
224	-5.825482e-02	0.000000e+00	-5.825861e-02	7.119039e-01	9.676993e-04	0.000000e+00	9.652103e-04	3.791263e-01	1.000000e+00	1.000000e-01	1.000000e+00	1.000000e+01
225	-5.946685e-02	0.000000e+00	-5.946213e-02	0.000000e+00	-1.212025e-03	0.000000e+00	-1.203520e-03	-7.119039e-01	1.000000e+00	1.000000e-01	1.000000e+00	1.000000e+01
226	-6.131713e-02	0.000000e+00	-6.130988e-02	0.000000e+00	-1.850283e-03	0.000000e+00	-1.847757e-03	0.000000e+00	1.000000e+00	1.000000e-01	1.000000e+00	1.000000e+01
227	-6.091446e-02	0.000000e+00	-6.091601e-02	6.859514e-01	4.026677e-04	0.000000e+00	3.938769e-04	6.859514e-01	1.000000e+00	1.000000e-01	1.000000e+00	1.000000e+01
228	-5.983564e-02	0.000000e+00	-5.983986e-02	0.000000e+00	1.078822e-03	0.000000e+00	1.076146e-03	-6.859514e-01	1.000000e+00	1.000000e-01	1.000000e+00	1.000000e+01
229	-6.036249e-02	0.000000e+00	-6.036045e-02	0.000000e+00	-5.268477e-04	0.000000e+00	-5.205860e-04	0.000000e+00	1.000000e+00	1.000000e-01	1.000000e+00	1.000000e+01
230	-6.065361e-02	0.000000e+00	-6.065247e-02	0.000000e+00	-2.911250e-04	0.000000e+00	-2.920213e-04	0.000000e+00	1.000000e+00	1.000000e-01	1.000000e+00	1.000000e+01
231	-6.087590e-02	0.000000e+00	-6.087503e-02	0.000000e+00	-2.222841e-04	0.000000e+00	-2.225565e-04	0.000000e+00	1.000000e+00	1.000000e-01	1.000000e+00	1.000000e+01
232	-6.083787e-02	0.000000e+00	-6.083801e-02	0.000000e+00	3.803150e-05	0.000000e+00	3.701358e-05	0.000000e+00	1.000000e+00	1.000000e-01	1.000000e+00	1.000000e+01
233	-6.077743e-02	0.000000e+00	-6.077767e-02	0.000000e+00	6.043266e-05	0.000000e+00	6.034118e-05	0.000000e+00	1.000000e+00	1.000000e-01	1.000000e+00	1.000000e+01
234	-6.078569e-02	0.000000e+00	-6.078566e-02	0.000000e+00	-8.253582e-06	0.000000e+00	-7.985634e-06	0.000000e+00	1.000000e+00	1.000000e-01	1.000000e+00	1.000000e+01
235	-6.102291e-02	0.000000e+00	-6.102198e-02	0.000000e+00	-2.372232e-04	0.000000e+00	-2.363278e-04	0.000000e+00	1.000000e+00	1.000000e-01	1.000000e+00	1.000000e+01
236	-6.099530e-02	0.000000e+00	-6.099541e-02	0.000000e+00	2.760633e-05	0.000000e+00	2.657534e-05	0.000000e+00	1.000000e+00	1.000000e-01	1.000000e+00	1.000000e+01
237	-6.093742e-02	0.000000e+00	-6.093764e-02	0.000000e+00	5.788587e-05	0.000000e+00	5.776356e-05	0.000000e+00	1.000000e+00	1.000000e-01	1.000000e+00	1.000000e+01
238	-6.078643e-02	0.000000e+00	-6.078702e-02	1.505572e-01	1.509889e-04	0.000000e+00	1.506248e-04	1.505572e-01	1.000000e+00	1.000000e-01	1.000000e+00	1.000000e+01
239	-6.054427e-02	0.000000e+00	-6.054522e-02	0.000000e+00	2.421551e-04	0.000000e+00	2.417975e-04	-1.505572e-01	1.000000e+00	1.000000e-01	1.000000e+00	1.000000e+01
240	-6.102074e-02	0.000000e+00	-6.101889e-02	0.000000e+00	-4.764701e-04	0.000000e+00	-4.736644e-04	0.000000e+00	1.000000e+00	1.000000e-01	1.000000e+00	1.000000e+01
241	-6.110937e-02	0.000000e+00	-6.110902e-02	0.000000e+00	-8.862786e-05	0.000000e+00	-9.013191e-05	0.000000e+00	1.000000e+00	1.000000e-01	1.000000e+00	1.000000e+01
242	-6.088126e-02	0.000000e+00	-6.088215e-02	0.000000e+00	2.281138e-04	0.000000e+00	2.268706e-04	0.000000e+00	1.000000e+00	1.000000e-01	1.000000e+00	1.000000e+01
243	-6.085402e-02	0.000000e+00	-6.085413e-02	0.000000e+00	2.724297e-05	0.000000e+00	2.802277e-05	0.000000e+00	1.000000e+00	1.000000e-01	1.000000e+00	1.000000e+01
244	-6.071295e-02	1.002581e-03	-6.071350e-02	6.847812e-02	1.410626e-04	1.002581e-03	1.406210e-04	6.847812e-02	1.000000e+00	9.999995e-02	1.000004e+00	1.000003e+01
245	-5.983588e-02	0.000000e+00	-5.983931e-02	0.000000e+00	8.770698e-04	-1.002581e-03	8.741931e-04	-6.847812e-02	1.000000e+00	9.999991e-02	9.999792e-01	1.000006e+01
246	-6.067603e-02	1.065617e-02	-6.067276e-02	0.000000e+00	-8.401421e-04	1.065617e-02	-8.334455e-04	0.000000e+00	1.000000e+00	9.999455e-02	1.000021e+00	9.999521e+00
247	-6.059568e-02	2.958229e-02	-6.059599e-02	1.212690e+00	8.034062e-05	1.892612e-02	7.677114e-05	1.212690e+00	1.000000e+00	9.997750e-02	1.000060e+00	1.000872e+01
248	-6.042051e-02	0.000000e+00	-6.042120e-02	8.870514e-02	1.751746e-04	-2.958229e-02	1.747902e-04	-1.123985e+00	1.000001e+00	9.993597e-02	9.999916e-01	1.002035e+01
249	-6.053662e-02	0.000000e+00	-6.053617e-02	0.000000e+00	-1.161096e-04	0.000000e+00	-1.149733e-04	-8.870514e-02	1.000001e+00	9.993597e-02	1.000000e+00	1.000000e+01
250	-6.127487e-02	0.000000e+00	-6.127199e-02	0.000000e+00	-7.382538e-04	0.000000e+00	-7.358192e-04	0.000000e+00	1.000001e+00	9.993597e-02	1.000000e+00	1.000000e+01
251	-6.133126e-02	0.000000e+00	-6.133103e-02	6.697453e-01	-5.638618e-05	0.000000e+00	-5.904022e-05	6.697453e-01	1.000001e+00	9.993597e-02	1.000000e+00	1.000000e+01
252	-6.092626e-02	0.000000e+00	-6.092784e-02	0.000000e+00	4.049982e-04	0.000000e+00	4.031855e-04	-6.697453e-01	1.000001e+00	9.993597e-02	1.000000e+00	1.000000e+01
253	-6.147877e-02	0.000000e+00	-6.147662e-02	0.000000e+00	-5.525065e-04	0.000000e+00	-5.487733e-04	0.000000e+00	1.000001e+00	9.993597e-02	1.000000e+00	1.000000e+01
254	-6.145207e-02	0.000000e+00	-6.145217e-02	0.000000e+00	2.669492e-05	0.000000e+00	2.444700e-05	0.000000e+00	1.000001e+00	9.993597e-02	1.000000e+00	1.000000e+01
255	-6.140286e-02	0.000000e+00	-6.140305e-02	0.000000e+00	4.921374e-05	0.000000e+00	4.911699e-05	0.000000e+00	1.000001e+00	9.993597e-02	1.000000e+00	1.000000e+01
256	-6.130010e-02	0.000000e+00	-6.130050e-02	1.769420e-01	1.027576e-04	0.000000e+00	1.025481e-04	1.769420e-01	1.000001e+00	9.993597e-02	1.000000e+00	1.000000e+01
257	-6.106219e-02	0.000000e+00	-6.106312e-02	9.701530e-02	2.379109e-04	0.000000e+00	2.373821e-04	-7.992670e-02	1.000001e+00	9.993597e-02	1.000000e+00	1.000000e+01
258	-6.120401e-02	0.000000e+00	-6.120346e-02	0.000000e+00	-1.418151e-04	0.000000e+00	-1.403339e-04	-9.701530e-02	1.000001e+00	9.993597e-02	1.000000e+00	1.000000e+01
259	-6.197938e-02	0.000000e+00	-6.197635e-02	0.000000e+00	-7.753741e-04	0.000000e+00	-7.728935e-04	0.000000e+00	1.000001e+00	9.993597e-02	1.000000e+00	1.000000e+01
260	-6.194703e-02	0.000000e+00	-6.194714e-02	0.000000e+00	3.235478e-05	0.000000e+00	2.920928e-05	0.000000e+00	1.000001e+00	9.993597e-02	1.000000e+00	1.000000e+01
261	-6.175448e-02	0.000000e+00	-6.175523e-02	0.000000e+00	1.925478e-04	0.000000e+00	1.919097e-04	0.000000e+00	1.000001e+00	9.993597e-02	1.000000e+00	1.000000e+01
262	-6.177314e-02	0.000000e+00	-6.177307e-02	2.581463e-01	-1.866673e-05	0.000000e+00	-1.784416e-05	2.581463e-01	1.000001e+00	9.993597e-02	1.000000e+00	1.000000e+01
