#sequence delta(k-1),f(k-1),theta(k),v(k),delta_diff(k-1),f_diff(k-1),theta_diff(k),v_diff(k),phi(1,1;k),phi(1,2;k),phi(2,1;k),phi(2,2;k)
1	-2.748384e-01	0.000000e+00	-2.751604e-01	6.718342e-01	-2.748384e-01	0.000000e+00	8.210631e-02	6.666860e-01	9.550974e-01	1.000000e-01	1.000000e+00	1.000000e+01
2	-1.075097e-01	2.000000e-01	-1.081646e-01	8.324574e-01	1.673287e-01	2.000000e-01	1.669958e-01	1.606232e-01	9.541120e-01	9.882220e-02	8.457492e-01	9.815631e+00
3	-5.394486e-02	4.000000e-01	-5.415665e-02	2.684824e+00	5.356486e-02	2.000000e-01	5.400795e-02	1.852366e+00	9.536919e-01	9.725380e-02	8.418618e-01	9.801117e+00
4	2.166453e-01	6.000000e-01	2.155875e-01	4.617515e+00	2.705902e-01	2.000000e-01	2.697442e-01	1.932691e+00	9.527472e-01	9.655553e-02	8.108021e-01	9.778160e+00
5	-5.345579e-02	8.000000e-01	-5.240484e-02	7.466225e+00	-2.701011e-01	2.000000e-01	-2.679924e-01	2.848710e+00	9.563862e-01	9.386100e-02	6.757521e-01	9.878159e+00
6	-3.713567e-01	7.689128e-01	-3.701107e-01	7.559758e+00	-3.179009e-01	-3.108723e-02	-3.177059e-01	9.353336e-02	9.579310e-01	9.401207e-02	5.873296e-01	9.869512e+00
7	-3.369437e-01	9.194102e-01	-3.370733e-01	8.240263e+00	3.441291e-02	1.504974e-01	3.303745e-02	6.805053e-01	9.577036e-01	9.301765e-02	5.740022e-01	9.811228e+00
8	-2.060780e-01	1.119410e+00	-2.065897e-01	1.032264e+01	1.308657e-01	2.000000e-01	1.304835e-01	2.082378e+00	9.568907e-01	9.177534e-02	5.767227e-01	9.815386e+00
9	-2.211391e-01	1.247285e+00	-2.210822e-01	1.244754e+01	-1.506104e-02	1.278747e-01	-1.449250e-02	2.124902e+00	9.569745e-01	9.106350e-02	5.704899e-01	9.868304e+00
10	-2.819686e-01	1.216086e+00	-2.817307e-01	1.283591e+01	-6.082948e-02	-3.119900e-02	-6.064847e-02	3.883680e-01	9.569629e-01	9.105751e-02	5.494190e-01	9.857497e+00
11	-2.601719e-01	1.256812e+00	-2.602561e-01	1.386357e+01	2.179666e-02	4.072592e-02	2.147461e-02	1.027655e+00	9.569309e-01	9.099775e-02	5.557716e-01	9.869367e+00
12	-1.831499e-01	1.306177e+00	-1.834511e-01	1.512765e+01	7.702196e-02	4.936543e-02	7.680498e-02	1.264083e+00	9.568802e-01	9.096525e-02	5.825159e-01	9.886508e+00
13	-1.570400e-01	1.321883e+00	-1.571431e-01	1.540201e+01	2.610998e-02	1.570568e-02	2.630801e-02	2.743558e-01	9.568789e-01	9.096447e-02	5.838036e-01	9.887282e+00
14	-1.797468e-01	1.441726e+00	-1.796586e-01	1.623557e+01	-2.270689e-02	1.198431e-01	-2.251542e-02	8.335644e-01	9.570040e-01	9.030398e-02	5.874234e-01	9.868178e+00
15	-1.986813e-01	1.621360e+00	-1.986070e-01	1.697120e+01	-1.893448e-02	1.796342e-01	-1.894847e-02	7.356288e-01	9.571549e-01	8.887253e-02	5.965022e-01	9.782046e+00
16	-2.118009e-01	1.821360e+00	-2.117494e-01	1.998413e+01	-1.311956e-02	2.000000e-01	-1.314233e-02	3.012928e+00	9.572671e-01	8.716274e-02	5.900000e-01	9.881168e+00
17	-2.626456e-01	1.746957e+00	-2.624468e-01	1.807212e+01	-5.084471e-02	-7.440309e-02	-5.069743e-02	-1.912009e+00	9.571598e-01	8.700576e-02	6.175851e-01	9.921534e+00
18	-3.612325e-01	1.946957e+00	-3.608466e-01	1.859984e+01	-9.858693e-02	2.000000e-01	-9.839986e-02	5.277198e-01	9.581393e-01	8.501859e-02	6.813587e-01	9.792159e+00
19	-4.339490e-01	2.146957e+00	-4.336634e-01	1.937778e+01	-7.271648e-02	2.000000e-01	-7.281680e-02	7.779397e-01	9.588198e-01	8.314691e-02	7.195570e-01	9.687098e+00
20	-5.438456e-01	2.346957e+00	-5.434152e-01	2.042692e+01	-1.098966e-01	2.000000e-01	-1.097518e-01	1.049147e+00	9.598888e-01	8.120161e-02	7.607258e-01	9.612175e+00
21	-6.079176e-01	2.546957e+00	-6.076656e-01	2.146391e+01	-6.407196e-02	2.000000e-01	-6.425040e-02	1.036989e+00	9.604542e-01	7.943660e-02	7.856408e-01	9.534403e+00
22	-7.010983e-01	2.746957e+00	-7.007333e-01	2.298141e+01	-9.318074e-02	2.000000e-01	-9.306773e-02	1.517495e+00	9.612950e-01	7.763190e-02	7.993026e-01	9.505080e+00
23	-7.959698e-01	2.890142e+00	-7.955978e-01	2.188464e+01	-9.487146e-02	1.431847e-01	-9.486442e-02	-1.096772e+00	9.619514e-01	7.664124e-02	9.050811e-01	9.345434e+00
24	-8.328903e-01	3.090142e+00	-8.327446e-01	2.276771e+01	-3.692052e-02	2.000000e-01	-3.714687e-02	8.830711e-01	9.622428e-01	7.506275e-02	9.214485e-01	9.256771e+00
25	-8.966203e-01	3.290142e+00	-8.963708e-01	2.464197e+01	-6.373005e-02	2.000000e-01	-6.362621e-02	1.874262e+00	9.627556e-01	7.345328e-02	9.190307e-01	9.264358e+00
26	-1.019026e+00	3.388126e+00	-1.018547e+00	2.460365e+01	-1.224059e-01	9.798441e-02	-1.221763e-01	-3.831815e-02	9.634177e-01	7.292332e-02	9.669092e-01	9.226032e+00
27	-1.110459e+00	3.588126e+00	-1.110100e+00	2.740565e+01	-9.143267e-02	2.000000e-01	-9.155276e-02	2.802000e+00	9.641831e-01	7.124909e-02	9.225873e-01	9.322982e+00
28	-1.412796e+00	3.388126e+00	-1.411613e+00	2.571369e+01	-3.023369e-01	-2.000000e-01	-3.015135e-01	-1.691965e+00	9.636111e-01	7.087073e-02	8.617363e-01	9.282728e+00
29	-1.690450e+00	3.588126e+00	-1.689361e+00	2.836934e+01	-2.776539e-01	2.000000e-01	-2.777471e-01	2.655652e+00	9.666475e-01	6.868355e-02	7.323642e-01	9.375918e+00
30	-1.732152e+00	3.388126e+00	-1.731985e+00	2.688171e+01	-4.170253e-02	-2.000000e-01	-4.262458e-02	-1.487625e+00	9.664259e-01	6.762048e-02	7.242515e-01	9.337010e+00
31	-1.742998e+00	3.543952e+00	-1.742955e+00	2.861803e+01	-1.084612e-02	1.558254e-01	-1.097025e-02	1.736313e+00	9.664820e-01	6.681425e-02	7.227794e-01	9.358160e+00
32	-1.774331e+00	3.464867e+00	-1.774209e+00	2.912833e+01	-3.133302e-02	-7.908436e-02	-3.125348e-02	5.103056e-01	9.664180e-01	6.665281e-02	7.039009e-01	9.310510e+00
33	-1.681080e+00	3.299820e+00	-1.681444e+00	2.717332e+01	9.325114e-02	-1.650473e-01	9.276479e-02	-1.955009e+00	9.670118e-01	6.560188e-02	6.828420e-01	9.347783e+00
34	-1.456612e+00	3.499820e+00	-1.457490e+00	2.966330e+01	2.244682e-01	2.000000e-01	2.239537e-01	2.489972e+00	9.663763e-01	6.503561e-02	7.304958e-01	9.390242e+00
35	-1.226045e+00	3.357080e+00	-1.226949e+00	2.927485e+01	2.305670e-01	-1.427402e-01	2.305411e-01	-3.884415e-01	9.681731e-01	6.392322e-02	8.132606e-01	9.339004e+00
36	-9.754729e-01	3.328096e+00	-9.764553e-01	2.870735e+01	2.505722e-01	-2.898328e-02	2.504939e-01	-5.675005e-01	9.692977e-01	6.379313e-02	7.555146e-01	9.345684e+00
37	-7.644063e-01	3.523099e+00	-7.652346e-01	3.078553e+01	2.110667e-01	1.950021e-01	2.112207e-01	2.078174e+00	9.687387e-01	6.327671e-02	7.647848e-01	9.354248e+00
38	-6.880549e-01	3.391718e+00	-6.883564e-01	3.073330e+01	7.635139e-02	-1.313809e-01	7.687822e-02	-5.222716e-02	9.691413e-01	6.258408e-02	8.048810e-01	9.285253e+00
39	-5.369446e-01	3.239651e+00	-5.375361e-01	2.884175e+01	1.511102e-01	-1.520668e-01	1.508203e-01	-1.891550e+00	9.701159e-01	6.160331e-02	7.626980e-01	9.327703e+00
40	-4.502541e-01	3.439651e+00	-4.505951e-01	3.109292e+01	8.669051e-02	2.000000e-01	8.694102e-02	2.251175e+00	9.697346e-01	6.072366e-02	7.755496e-01	9.357353e+00
41	-2.834882e-01	3.315679e+00	-2.841409e-01	2.938552e+01	1.667660e-01	-1.239719e-01	1.664542e-01	-1.707409e+00	9.706855e-01	6.001676e-02	7.230789e-01	9.396359e+00
42	-1.278489e-01	3.515679e+00	-1.284594e-01	3.205904e+01	1.556392e-01	2.000000e-01	1.556815e-01	2.673521e+00	9.701555e-01	5.933576e-02	7.719087e-01	9.459106e+00
43	-9.921878e-02	3.315679e+00	-9.933300e-02	3.085592e+01	2.863012e-02	-2.000000e-01	2.912642e-02	-1.203116e+00	9.703317e-01	5.810518e-02	7.807928e-01	9.397046e+00
44	-4.020812e-02	3.285405e+00	-4.043907e-02	3.057871e+01	5.901066e-02	-3.027449e-02	5.889393e-02	-2.772080e-01	9.704266e-01	5.805649e-02	7.797078e-01	9.397602e+00
45	2.030142e-02	3.340002e+00	2.006415e-02	3.143652e+01	6.050953e-02	5.459769e-02	6.050322e-02	8.578080e-01	9.703869e-01	5.802065e-02	7.882315e-01	9.405293e+00
46	1.292737e-02	3.251110e+00	1.295525e-02	3.126796e+01	-7.374043e-03	-8.889206e-02	-7.108897e-03	-1.685573e-01	9.703687e-01	5.780178e-02	7.858824e-01	9.376976e+00
47	1.804494e-02	3.163538e+00	1.802505e-02	2.976366e+01	5.117561e-03	-8.757222e-02	5.069801e-03	-1.504309e+00	9.703812e-01	5.758772e-02	7.842184e-01	9.405450e+00
48	5.152946e-02	3.363538e+00	5.139859e-02	3.088302e+01	3.348453e-02	2.000000e-01	3.337353e-02	1.119366e+00	9.702154e-01	5.659759e-02	7.719379e-01	9.332100e+00
49	4.684067e-02	3.437199e+00	4.685847e-02	3.282859e+01	-4.688797e-03	7.366132e-02	-4.540116e-03	1.945571e+00	9.702247e-01	5.645243e-02	7.691353e-01	9.376129e+00
50	2.569410e-02	3.237199e+00	2.577678e-02	3.174898e+01	-2.114656e-02	-2.000000e-01	-2.108169e-02	-1.079612e+00	9.701191e-01	5.545368e-02	7.611420e-01	9.300529e+00
51	3.620045e-02	3.077655e+00	3.615973e-02	3.026990e+01	1.050634e-02	-1.595445e-01	1.038295e-02	-1.479085e+00	9.701636e-01	5.477740e-02	7.611261e-01	9.300771e+00
52	3.262582e-02	3.142460e+00	3.263962e-02	3.060938e+01	-3.574629e-03	6.480569e-02	-3.520107e-03	3.394886e-01	9.701697e-01	5.466676e-02	7.615675e-01	9.292768e+00
53	3.247241e-03	3.164724e+00	3.362055e-03	3.120571e+01	-2.937857e-02	2.226318e-02	-2.927757e-02	5.963246e-01	9.701975e-01	5.464570e-02	7.558246e-01	9.297120e+00
54	-6.995184e-03	3.040346e+00	-6.954726e-03	3.025364e+01	-1.024243e-02	-1.243773e-01	-1.031678e-02	-9.520675e-01	9.701665e-01	5.426952e-02	7.548011e-01	9.284690e+00
55	-7.795842e-03	3.032030e+00	-7.792556e-03	2.873224e+01	-8.006576e-04	-8.316108e-03	-8.378299e-04	-1.521402e+00	9.701664e-01	5.426797e-02	7.553501e-01	9.290393e+00
56	-2.562366e-02	3.232030e+00	-2.555401e-02	3.128465e+01	-1.782782e-02	2.000000e-01	-1.776145e-02	2.552409e+00	9.702603e-01	5.321391e-02	7.494747e-01	9.356305e+00
57	-3.618924e-02	3.032030e+00	-3.614770e-02	3.074523e+01	-1.056558e-02	-2.000000e-01	-1.059369e-02	-5.394174e-01	9.702097e-01	5.225460e-02	7.428831e-01	9.231530e+00
58	-3.496362e-02	2.832030e+00	-3.496825e-02	2.751982e+01	1.225621e-03	-2.000000e-01	1.179452e-03	-3.225415e+00	9.702156e-01	5.128213e-02	7.420955e-01	9.360061e+00
59	-4.037529e-02	3.032030e+00	-4.035416e-02	2.991672e+01	-5.411663e-03	2.000000e-01	-5.385916e-03	2.396901e+00	9.702418e-01	5.031428e-02	7.407626e-01	9.409321e+00
60	-4.627916e-02	2.875561e+00	-4.625601e-02	2.818501e+01	-5.903873e-03	-1.564689e-01	-5.901850e-03	-1.731709e+00	9.702205e-01	4.974900e-02	7.414692e-01	9.428049e+00
61	-4.038122e-02	2.991621e+00	-4.040417e-02	2.818264e+01	5.897935e-03	1.160592e-01	5.851843e-03	-2.366180e-03	9.702048e-01	4.943993e-02	7.384056e-01	9.367762e+00
62	-3.439229e-02	3.148305e+00	-3.441577e-02	2.973716e+01	5.988937e-03	1.566842e-01	5.988401e-03	1.554520e+00	9.701835e-01	4.888348e-02	7.386369e-01	9.373814e+00
63	-2.264659e-02	2.983158e+00	-2.269256e-02	2.773767e+01	1.174570e-02	-1.651469e-01	1.172321e-02	-1.999496e+00	9.702297e-01	4.823340e-02	7.361045e-01	9.409420e+00
64	5.200137e-03	3.076456e+00	5.091181e-03	2.961251e+01	2.784672e-02	9.329820e-02	2.778374e-02	1.874841e+00	9.701806e-01	4.806870e-02	7.489595e-01	9.452489e+00
65	8.654968e-02	2.876456e+00	8.623148e-02	2.821247e+01	8.134954e-02	-2.000000e-01	8.114030e-02	-1.400040e+00	9.706273e-01	4.697042e-02	7.651789e-01	9.412613e+00
66	5.141938e-01	2.752933e+00	5.125220e-01	2.792330e+01	4.276441e-01	-1.235236e-01	4.262905e-01	-2.891672e-01	9.737710e-01	4.606237e-02	8.661444e-01	9.383450e+00
67	8.122853e-01	2.568753e+00	8.111144e-01	2.679285e+01	2.980915e-01	-1.841795e-01	2.985923e-01	-1.130451e+00	9.760126e-01	4.467737e-02	9.114480e-01	9.355459e+00
68	8.768196e-01	2.495105e+00	8.765630e-01	2.593117e+01	6.453433e-02	-7.364810e-02	6.544862e-02	-8.616775e-01	9.761881e-01	4.447708e-02	9.043860e-01	9.363518e+00
69	8.618221e-01	2.546119e+00	8.618796e-01	2.697533e+01	-1.499758e-02	5.101418e-02	-1.468334e-02	1.044153e+00	9.762046e-01	4.442114e-02	9.002597e-01	9.377554e+00
70	9.325177e-01	2.359918e+00	9.322418e-01	2.393088e+01	7.069566e-02	-1.862015e-01	7.036215e-02	-3.044448e+00	9.765213e-01	4.358684e-02	8.554133e-01	9.495672e+00
71	9.532151e-01	2.559918e+00	9.531332e-01	2.770414e+01	2.069737e-02	2.000000e-01	2.089137e-02	3.773265e+00	9.764439e-01	4.283842e-02	8.733027e-01	9.668538e+00
72	8.569098e-01	2.359918e+00	8.572856e-01	2.585534e+01	-9.630532e-02	-2.000000e-01	-9.584752e-02	-1.848807e+00	9.761422e-01	4.221195e-02	8.657575e-01	9.652869e+00
73	7.599071e-01	2.248313e+00	7.602875e-01	2.421441e+01	-9.700265e-02	-1.116043e-01	-9.699814e-02	-1.640924e+00	9.760328e-01	4.208603e-02	8.876186e-01	9.678020e+00
74	7.567698e-01	2.316166e+00	7.567835e-01	2.509890e+01	-3.137310e-03	6.785262e-02	-3.503954e-03	8.844845e-01	9.760377e-01	4.197999e-02	8.872758e-01	9.685435e+00
75	6.437121e-01	2.137203e+00	6.441537e-01	2.338530e+01	-1.130577e-01	-1.789627e-01	-1.126298e-01	-1.713593e+00	9.757629e-01	4.154501e-02	8.809699e-01	9.675454e+00
76	4.007224e-01	2.138657e+00	4.016733e-01	2.498080e+01	-2.429897e-01	1.453819e-03	-2.424805e-01	1.595500e+00	9.763728e-01	4.154136e-02	6.796759e-01	9.676658e+00
77	1.594805e-01	1.938657e+00	1.604266e-01	2.285534e+01	-2.412418e-01	-2.000000e-01	-2.412467e-01	-2.125466e+00	9.760884e-01	4.130560e-02	6.825342e-01	9.679028e+00
78	5.341882e-02	1.928450e+00	5.383682e-02	2.219764e+01	-1.060617e-01	-1.020696e-02	-1.065898e-01	-6.577026e-01	9.762208e-01	4.131833e-02	7.069063e-01	9.681373e+00
79	-5.771754e-02	1.950102e+00	-5.728178e-02	2.231141e+01	-1.111364e-01	2.165183e-02	-1.111186e-01	1.137779e-01	9.764054e-01	4.128237e-02	7.078126e-01	9.681196e+00
80	-3.517318e-01	1.851650e+00	-3.505816e-01	2.054737e+01	-2.940143e-01	-9.845167e-02	-2.932998e-01	-1.764041e+00	9.766930e-01	4.137867e-02	7.881372e-01	9.708093e+00
81	-5.783228e-01	1.982199e+00	-5.774332e-01	2.257663e+01	-2.265910e-01	1.305482e-01	-2.268516e-01	2.029253e+00	9.778320e-01	4.072249e-02	6.902611e-01	9.764484e+00
82	-5.960810e-01	1.782199e+00	-5.960082e-01	2.117414e+01	-1.775821e-02	-2.000000e-01	-1.857498e-02	-1.402489e+00	9.777746e-01	4.007677e-02	6.856087e-01	9.712087e+00
83	-6.487995e-01	1.605723e+00	-6.485933e-01	1.874984e+01	-5.271849e-02	-1.764752e-01	-5.258512e-02	-2.424293e+00	9.776260e-01	3.957938e-02	7.022101e-01	9.767660e+00
84	-7.645123e-01	1.765782e+00	-7.640595e-01	1.956333e+01	-1.157128e-01	1.600590e-01	-1.154662e-01	8.134827e-01	9.780939e-01	3.893228e-02	7.382591e-01	9.717795e+00
85	-7.883676e-01	1.736043e+00	-7.882726e-01	1.939421e+01	-2.385528e-02	-2.973958e-02	-2.421314e-02	-1.691178e-01	9.780907e-01	3.892836e-02	7.367023e-01	9.715854e+00
86	-7.596211e-01	1.599706e+00	-7.597331e-01	1.796146e+01	2.874643e-02	-1.363362e-01	2.853956e-02	-1.432749e+00	9.781682e-01	3.856084e-02	7.349536e-01	9.724148e+00
87	-7.737929e-01	1.600569e+00	-7.737379e-01	1.924787e+01	-1.417172e-02	8.627801e-04	-1.400488e-02	1.286415e+00	9.781694e-01	3.856077e-02	7.262813e-01	9.724676e+00
88	-8.131924e-01	1.400569e+00	-8.130382e-01	1.811933e+01	-3.939950e-02	-2.000000e-01	-3.930030e-02	-1.128541e+00	9.780420e-01	3.791384e-02	7.107890e-01	9.646034e+00
89	-7.924963e-01	1.200569e+00	-7.925765e-01	1.460142e+01	2.069606e-02	-2.000000e-01	2.046170e-02	-3.517914e+00	9.781171e-01	3.718726e-02	6.953387e-01	9.795340e+00
90	-7.579516e-01	1.400569e+00	-7.580869e-01	1.646822e+01	3.454468e-02	2.000000e-01	3.448967e-02	1.866798e+00	9.780088e-01	3.656020e-02	6.934691e-01	9.784516e+00
91	-7.414872e-01	1.261492e+00	-7.415521e-01	1.550929e+01	1.646440e-02	-1.390774e-01	1.653481e-02	-9.589316e-01	9.780516e-01	3.619927e-02	6.964930e-01	9.758972e+00
92	-7.205256e-01	1.174953e+00	-7.206077e-01	1.381040e+01	2.096160e-02	-8.653898e-02	2.094431e-02	-1.698882e+00	9.780870e-01	3.605288e-02	6.878752e-01	9.794550e+00
93	-6.878567e-01	1.349719e+00	-6.879846e-01	1.552297e+01	3.266891e-02	1.747657e-01	3.262311e-02	1.712562e+00	9.780010e-01	3.559272e-02	6.875443e-01	9.792780e+00
94	-6.269144e-01	1.149719e+00	-6.271529e-01	1.371391e+01	6.094234e-02	-2.000000e-01	6.083172e-02	-1.809058e+00	9.782375e-01	3.481657e-02	6.905924e-01	9.782777e+00
95	-5.503411e-01	1.122233e+00	-5.506412e-01	1.235671e+01	7.657323e-02	-2.748547e-02	7.651174e-02	-1.357196e+00	9.783304e-01	3.478323e-02	6.492215e-01	9.797626e+00
96	-4.886393e-01	1.292647e+00	-4.888815e-01	1.513565e+01	6.170179e-02	1.704135e-01	6.175964e-02	2.778933e+00	9.781997e-01	3.442226e-02	6.800524e-01	9.882778e+00
97	-3.641847e-01	1.092647e+00	-3.646718e-01	1.510649e+01	1.244546e-01	-2.000000e-01	1.242097e-01	-2.915974e-02	9.787377e-01	3.355774e-02	7.871986e-01	9.710593e+00
98	-2.523575e-01	8.926467e-01	-2.527962e-01	1.193553e+01	1.118272e-01	-2.000000e-01	1.118756e-01	-3.170959e+00	9.792106e-01	3.271187e-02	7.190385e-01	9.832495e+00
99	-1.987877e-01	9.924002e-01	-1.989987e-01	1.220651e+01	5.356981e-02	9.975347e-02	5.379756e-02	2.709850e-01	9.791620e-01	3.262140e-02	7.001173e-01	9.797262e+00
100	-1.790130e-01	8.754553e-01	-1.790910e-01	9.632760e+00	1.977473e-02	-1.169449e-01	1.990763e-02	-2.573752e+00	9.792027e-01	3.238090e-02	6.866685e-01	9.876796e+00
101	-1.343684e-01	1.075455e+00	-1.345431e-01	1.223962e+01	4.464455e-02	2.000000e-01	4.454792e-02	2.606862e+00	9.790855e-01	3.185572e-02	6.991481e-01	9.932702e+00
102	-6.403403e-02	8.754553e-01	-6.430946e-02	1.044101e+01	7.033439e-02	-2.000000e-01	7.023366e-02	-1.798610e+00	9.793384e-01	3.113645e-02	7.036819e-01	9.919810e+00
103	5.239379e-03	7.316095e-01	4.967704e-03	8.239989e+00	6.927341e-02	-1.438458e-01	6.927716e-02	-2.201022e+00	9.795306e-01	3.073746e-02	6.769470e-01	9.975325e+00
104	1.369030e-02	8.635404e-01	1.365622e-02	9.809376e+00	8.450917e-03	1.319308e-01	8.688520e-03	1.569387e+00	9.795160e-01	3.051104e-02	6.779324e-01	9.990708e+00
105	1.309189e-02	6.635404e-01	1.309409e-02	6.685708e+00	-5.984067e-04	-2.000000e-01	-5.621296e-04	-3.123668e+00	9.795143e-01	2.994046e-02	6.782459e-01	1.009550e+01
106	3.474414e-02	8.635404e-01	3.465957e-02	8.011945e+00	2.165225e-02	2.000000e-01	2.156548e-02	1.326237e+00	9.794576e-01	2.941609e-02	6.711132e-01	1.002961e+01
107	5.774443e-02	7.633464e-01	5.765425e-02	6.678664e+00	2.300028e-02	-1.001939e-01	2.299468e-02	-1.333282e+00	9.794947e-01	2.925446e-02	6.673768e-01	1.004589e+01
108	7.205660e-02	7.728870e-01	7.200034e-02	7.150800e+00	1.431218e-02	9.540543e-03	1.434609e-02	4.721364e-01	9.794950e-01	2.925468e-02	6.698696e-01	1.004755e+01
109	8.616123e-02	5.728870e-01	8.610592e-02	5.606855e+00	1.410463e-02	-2.000000e-01	1.410558e-02	-1.543945e+00	9.795353e-01	2.868277e-02	6.728653e-01	1.000508e+01
110	1.015023e-01	5.123631e-01	1.014421e-01	3.708735e+00	1.534105e-02	-6.052385e-02	1.533622e-02	-1.898120e+00	9.795502e-01	2.862409e-02	6.633896e-01	1.004246e+01
111	1.036807e-01	7.123631e-01	1.036719e-01	5.951721e+00	2.178394e-03	2.000000e-01	2.229792e-03	2.242986e+00	9.795445e-01	2.809983e-02	6.636260e-01	1.006417e+01
112	1.055673e-01	5.123631e-01	1.055599e-01	2.468696e+00	1.886613e-03	-2.000000e-01	1.887954e-03	-3.483026e+00	9.795495e-01	2.757268e-02	6.623332e-01	1.020121e+01
113	1.143883e-01	7.123631e-01	1.143539e-01	3.339856e+00	8.821050e-03	2.000000e-01	8.793968e-03	8.711606e-01	9.795275e-01	2.707337e-02	6.575070e-01	1.009179e+01
114	1.144075e-01	7.917756e-01	1.144073e-01	3.906902e+00	1.914789e-05	7.941253e-02	5.342453e-05	5.670459e-01	9.795274e-01	2.699383e-02	6.575049e-01	1.008297e+01
115	1.157753e-01	6.874136e-01	1.157699e-01	2.604450e+00	1.367794e-03	-1.043620e-01	1.362660e-03	-1.302452e+00	9.795293e-01	2.685381e-02	6.573426e-01	1.009535e+01
116	1.211492e-01	7.001631e-01	1.211282e-01	2.992425e+00	5.373947e-03	1.274950e-02	5.358278e-03	3.879747e-01	9.795286e-01	2.685231e-02	6.579953e-01	1.009690e+01
117	1.248517e-01	5.531607e-01	1.248371e-01	2.839582e-01	3.702459e-03	-1.470024e-01	3.708927e-03	-2.708466e+00	9.795356e-01	2.657395e-02	6.558612e-01	1.018164e+01
118	1.224473e-01	7.531607e-01	1.224566e-01	1.849197e+00	-2.404415e-03	2.000000e-01	-2.380535e-03	1.565239e+00	9.795416e-01	2.607658e-02	6.563869e-01	1.013791e+01
119	1.243472e-01	6.872620e-01	1.243398e-01	8.136588e-01	1.899917e-03	-6.589872e-02	1.883197e-03	-1.035538e+00	9.795432e-01	2.602222e-02	6.560549e-01	1.014942e+01
120	1.240232e-01	7.100945e-01	1.240245e-01	0.000000e+00	-3.239501e-04	2.283247e-02	-3.153284e-04	-8.136588e-01	9.795433e-01	2.601580e-02	6.562156e-01	1.013809e+01
121	1.271006e-01	8.335815e-01	1.270886e-01	1.316737e+00	3.077388e-03	1.234870e-01	3.064136e-03	1.316737e+00	9.795387e-01	2.583168e-02	6.563067e-01	1.014175e+01
122	1.244812e-01	6.628981e-01	1.244914e-01	0.000000e+00	-2.619456e-03	-1.706833e-01	-2.597254e-03	-1.316737e+00	9.795333e-01	2.548186e-02	6.557966e-01	1.010850e+01
123	1.256976e-01	6.165762e-01	1.256929e-01	0.000000e+00	1.216396e-03	-4.632190e-02	1.201499e-03	0.000000e+00	9.795340e-01	2.545570e-02	6.560664e-01	1.009823e+01
124	1.259537e-01	5.707081e-01	1.259527e-01	1.210612e+00	2.561374e-04	-4.586810e-02	2.598302e-04	1.210612e+00	9.795342e-01	2.543009e-02	6.562698e-01	1.006180e+01
125	1.249182e-01	3.707081e-01	1.249222e-01	0.000000e+00	-1.035527e-03	-2.000000e-01	-1.030467e-03	-1.210612e+00	9.795317e-01	2.495790e-02	6.558828e-01	9.987066e+00
126	1.279624e-01	3.030557e-01	1.279506e-01	0.000000e+00	3.044270e-03	-6.765247e-02	3.028353e-03	0.000000e+00	9.795342e-01	2.490227e-02	6.568547e-01	9.965468e+00
127	1.277219e-01	2.358506e-01	1.277228e-01	0.000000e+00	-2.405601e-04	-6.720506e-02	-2.277909e-04	0.000000e+00	9.795340e-01	2.484872e-02	6.567783e-01	9.944132e+00
128	1.269450e-01	1.690915e-01	1.269481e-01	0.000000e+00	-7.768554e-04	-6.675912e-02	-7.747106e-04	0.000000e+00	9.795334e-01	2.479667e-02	6.565337e-01	9.923111e+00
129	1.275811e-01	1.027772e-01	1.275786e-01	8.878011e-01	6.360789e-04	-6.631428e-02	6.305680e-04	8.878011e-01	9.795339e-01	2.474475e-02	6.569996e-01	9.874538e+00
130	1.284604e-01	0.000000e+00	1.284570e-01	0.000000e+00	8.792892e-04	-1.027772e-01	8.783176e-04	-8.878011e-01	9.795350e-01	2.462042e-02	6.570522e-01	9.868395e+00
131	1.299936e-01	0.000000e+00	1.299876e-01	1.115465e-01	1.533155e-03	0.000000e+00	1.530597e-03	1.115465e-01	9.795350e-01	2.462042e-02	1.000000e+00	1.000000e+01
132	1.294946e-01	0.000000e+00	1.294965e-01	0.000000e+00	-4.989634e-04	0.000000e+00	-4.910354e-04	-1.115465e-01	9.795350e-01	2.462042e-02	1.000000e+00	1.000000e+01
133	1.316469e-01	0.000000e+00	1.316385e-01	0.000000e+00	2.152328e-03	0.000000e+00	2.142002e-03	0.000000e+00	9.795350e-01	2.462042e-02	1.000000e+00	1.000000e+01
134	1.326569e-01	0.000000e+00	1.326529e-01	0.000000e+00	1.009942e-03	0.000000e+00	1.014364e-03	0.000000e+00	9.795350e-01	2.462042e-02	1.000000e+00	1.000000e+01
135	1.317721e-01	0.000000e+00	1.317756e-01	0.000000e+00	-8.847278e-04	0.000000e+00	-8.773095e-04	0.000000e+00	9.795351e-01	2.462042e-02	1.000000e+00	1.000000e+01
136	1.314391e-01	0.000000e+00	1.314404e-01	0.000000e+00	-3.330348e-04	0.000000e+00	-3.351609e-04	0.000000e+00	9.795351e-01	2.462042e-02	1.000000e+00	1.000000e+01
137	1.316112e-01	0.000000e+00	1.316105e-01	0.000000e+00	1.720991e-04	0.000000e+00	1.701176e-04	0.000000e+00	9.795351e-01	2.462042e-02	1.000000e+00	1.000000e+01
138	1.309812e-01	0.000000e+00	1.309837e-01	0.000000e+00	-6.299756e-04	0.000000e+00	-6.268502e-04	0.000000e+00	9.795351e-01	2.462042e-02	1.000000e+00	1.000000e+01
139	1.308562e-01	0.000000e+00	1.308567e-01	0.000000e+00	-1.250414e-04	0.000000e+00	-1.270016e-04	0.000000e+00	9.795351e-01	2.462042e-02	1.000000e+00	1.000000e+01
140	1.309110e-01	0.000000e+00	1.309108e-01	0.000000e+00	5.478016e-05	0.000000e+00	5.407008e-05	0.000000e+00	9.795351e-01	2.462042e-02	1.000000e+00	1.000000e+01
141	1.313716e-01	0.000000e+00	1.313698e-01	0.000000e+00	4.606802e-04	0.000000e+00	4.590918e-04	0.000000e+00	9.795351e-01	2.462042e-02	1.000000e+00	1.000000e+01
142	1.324245e-01	0.000000e+00	1.324204e-01	0.000000e+00	1.052834e-03	0.000000e+00	1.050514e-03	0.000000e+00	9.795351e-01	2.462042e-02	1.000000e+00	1.000000e+01
143	1.309877e-01	0.000000e+00	1.309933e-01	0.000000e+00	-1.436817e-03	0.000000e+00	-1.427101e-03	0.000000e+00	9.795351e-01	2.462042e-02	1.000000e+00	1.000000e+01
144	1.319296e-01	0.000000e+00	1.319259e-01	0.000000e+00	9.419060e-04	0.000000e+00	9.326521e-04	0.000000e+00	9.795351e-01	2.462042e-02	1.000000e+00	1.000000e+01
145	1.340179e-01	0.000000e+00	1.340097e-01	0.000000e+00	2.088328e-03	0.000000e+00	2.083814e-03	0.000000e+00	9.795351e-01	2.462042e-02	1.000000e+00	1.000000e+01
146	1.337422e-01	0.000000e+00	1.337432e-01	0.000000e+00	-2.757007e-04	0.000000e+00	-2.664838e-04	0.000000e+00	9.795351e-01	2.462042e-02	1.000000e+00	1.000000e+01
147	1.306602e-01	0.000000e+00	1.306722e-01	3.494926e-01	-3.082025e-03	0.000000e+00	-3.071027e-03	3.494926e-01	9.795352e-01	2.462042e-02	1.000000e+00	1.000000e+01
148	1.250964e-01	0.000000e+00	1.251182e-01	0.000000e+00	-5.563787e-03	0.000000e+00	-5.554049e-03	-3.494926e-01	9.795355e-01	2.462042e-02	1.000000e+00	1.000000e+01
149	1.291734e-01	0.000000e+00	1.291575e-01	0.000000e+00	4.076997e-03	0.000000e+00	4.039376e-03	0.000000e+00	9.795356e-01	2.462042e-02	1.000000e+00	1.000000e+01
150	1.306245e-01	0.000000e+00	1.306188e-01	2.876128e-01	1.451112e-03	0.000000e+00	1.461222e-03	2.876128e-01	9.795356e-01	2.462042e-02	1.000000e+00	1.000000e+01
151	1.271501e-01	0.000000e+00	1.271637e-01	0.000000e+00	-3.474348e-03	0.000000e+00	-3.455068e-03	-2.876128e-01	9.795357e-01	2.462042e-02	1.000000e+00	1.000000e+01
152	1.298932e-01	0.000000e+00	1.298826e-01	0.000000e+00	2.743092e-03	0.000000e+00	2.718880e-03	0.000000e+00	9.795357e-01	2.462042e-02	1.000000e+00	1.000000e+01
153	1.308849e-01	0.000000e+00	1.308810e-01	0.000000e+00	9.916765e-04	0.000000e+00	9.984234e-04	0.000000e+00	9.795357e-01	2.462042e-02	1.000000e+00	1.000000e+01
154	1.308565e-01	0.000000e+00	1.308566e-01	0.000000e+00	-2.837233e-05	0.000000e+00	-2.436141e-05	0.000000e+00	9.795357e-01	2.462042e-02	1.000000e+00	1.000000e+01
155	1.313197e-01	0.000000e+00	1.313179e-01	0.000000e+00	4.632098e-04	0.000000e+00	4.613052e-04	0.000000e+00	9.795357e-01	2.462042e-02	1.000000e+00	1.000000e+01
156	1.312714e-01	0.000000e+00	1.312716e-01	0.000000e+00	-4.830221e-05	0.000000e+00	-4.631156e-05	0.000000e+00	9.795357e-01	2.462042e-02	1.000000e+00	1.000000e+01
157	1.311569e-01	0.000000e+00	1.311574e-01	0.000000e+00	-1.145257e-04	0.000000e+00	-1.142592e-04	0.000000e+00	9.795357e-01	2.462042e-02	1.000000e+00	1.000000e+01
158	1.311657e-01	0.000000e+00	1.311657e-01	0.000000e+00	8.779357e-06	0.000000e+00	8.298738e-06	0.000000e+00	1.000000e+00	1.000000e-01	1.000000e+00	1.000000e+01
159	1.301565e-01	0.000000e+00	1.301604e-01	0.000000e+00	-1.009221e-03	0.000000e+00	-1.005247e-03	0.000000e+00	1.000000e+00	1.000000e-01	1.000000e+00	1.000000e+01
160	1.300186e-01	0.000000e+00	1.300191e-01	0.000000e+00	-1.379164e-04	0.000000e+00	-1.413044e-04	0.000000e+00	1.000000e+00	1.000000e-01	1.000000e+00	1.000000e+01
161	1.298282e-01	0.000000e+00	1.298289e-01	0.000000e+00	-1.903625e-04	0.000000e+00	-1.901709e-04	0.000000e+00	1.000000e+00	1.000000e-01	1.000000e+00	1.000000e+01
162	1.298966e-01	0.000000e+00	1.298963e-01	0.000000e+00	6.836582e-05	0.000000e+00	6.735591e-05	0.000000e+00	1.000000e+00	1.000000e-01	1.000000e+00	1.000000e+01
163	1.299055e-01	0.000000e+00	1.299055e-01	0.000000e+00	8.921578e-06	0.000000e+00	9.149837e-06	0.000000e+00	1.000000e+00	1.000000e-01	1.000000e+00	1.000000e+01
164	1.298876e-01	0.000000e+00	1.298877e-01	0.000000e+00	-1.787232e-05	0.000000e+00	-1.776677e-05	0.000000e+00	1.000000e+00	1.000000e-01	1.000000e+00	1.000000e+01
165	1.298848e-01	0.000000e+00	1.298848e-01	0.000000e+00	-2.816002e-06	0.000000e+00	-2.874404e-06	0.000000e+00	1.000000e+00	1.000000e-01	1.000000e+00	1.000000e+01
166	1.299209e-01	0.000000e+00	1.299208e-01	0.000000e+00	3.609444e-05	0.000000e+00	3.594221e-05	0.000000e+00	1.000000e+00	1.000000e-01	1.000000e+00	1.000000e+01
167	1.298806e-01	0.000000e+00	1.298807e-01	0.000000e+00	-4.034033e-05	0.000000e+00	-4.004235e-05	0.000000e+00	1.000000e+00	1.000000e-01	1.000000e+00	1.000000e+01
168	1.303562e-01	0.000000e+00	1.303543e-01	0.000000e+00	4.756193e-04	0.000000e+00	4.736050e-04	0.000000e+00	1.000000e+00	1.000000e-01	1.000000e+00	1.000000e+01
169	1.299917e-01	0.000000e+00	1.299931e-01	0.000000e+00	-3.644418e-04	0.000000e+00	-3.611682e-04	0.000000e+00	1.000000e+00	1.000000e-01	1.000000e+00	1.000000e+01
170	1.302445e-01	0.000000e+00	1.302435e-01	0.000000e+00	2.527750e-04	0.000000e+00	2.503768e-04	0.000000e+00	1.000000e+00	1.000000e-01	1.000000e+00	1.000000e+01
171	1.303342e-01	0.000000e+00	1.303339e-01	0.000000e+00	8.972185e-05	0.000000e+00	9.034941e-05	0.000000e+00	1.000000e+00	1.000000e-01	1.000000e+00	1.000000e+01
172	1.302722e-01	0.000000e+00	1.302725e-01	0.000000e+00	-6.199487e-05	0.000000e+00	-6.139977e-05	0.000000e+00	1.000000e+00	1.000000e-01	1.000000e+00	1.000000e+01
173	1.310097e-01	0.000000e+00	1.310068e-01	0.000000e+00	7.374276e-04	0.000000e+00	7.343071e-04	0.000000e+00	1.000000e+00	1.000000e-01	1.000000e+00	1.000000e+01
174	1.304377e-01	0.000000e+00	1.304399e-01	0.000000e+00	-5.719879e-04	0.000000e+00	-5.668852e-04	0.000000e+00	1.000000e+00	1.000000e-01	1.000000e+00	1.000000e+01
175	1.301473e-01	0.000000e+00	1.301484e-01	0.000000e+00	-2.904108e-04	0.000000e+00	-2.914908e-04	0.000000e+00	1.000000e+00	1.000000e-01	1.000000e+00	1.000000e+01
176	1.302384e-01	0.000000e+00	1.302380e-01	0.000000e+00	9.110758e-05	0.000000e+00	8.961305e-05	0.000000e+00	1.000000e+00	1.000000e-01	1.000000e+00	1.000000e+01
177	1.303178e-01	0.000000e+00	1.303175e-01	0.000000e+00	7.940827e-05	0.000000e+00	7.944813e-05	0.000000e+00	1.000000e+00	1.000000e-01	1.000000e+00	1.000000e+01
178	1.303056e-01	0.000000e+00	1.303057e-01	0.000000e+00	-1.214458e-05	0.000000e+00	-1.178680e-05	0.000000e+00	1.000000e+00	1.000000e-01	1.000000e+00	1.000000e+01
179	1.310439e-01	0.000000e+00	1.310410e-01	0.000000e+00	7.382905e-04	0.000000e+00	7.353605e-04	0.000000e+00	1.000000e+00	1.000000e-01	1.000000e+00	1.000000e+01
180	1.304392e-01	0.000000e+00	1.304416e-01	0.000000e+00	-6.046909e-04	0.000000e+00	-5.994563e-04	0.000000e+00	1.000000e+00	1.000000e-01	1.000000e+00	1.000000e+01
181	1.301931e-01	0.000000e+00	1.301941e-01	0.000000e+00	-2.461153e-04	0.000000e+00	-2.474955e-04	0.000000e+00	1.000000e+00	1.000000e-01	1.000000e+00	1.000000e+01
182	1.303153e-01	0.000000e+00	1.303148e-01	0.000000e+00	1.221538e-04	0.000000e+00	1.207099e-04	0.000000e+00	1.000000e+00	1.000000e-01	1.000000e+00	1.000000e+01
183	1.300436e-01	0.000000e+00	1.300447e-01	0.000000e+00	-2.716514e-04	0.000000e+00	-2.701187e-04	0.000000e+00	1.000000e+00	1.000000e-01	1.000000e+00	1.000000e+01
184	1.303809e-01	0.000000e+00	1.303796e-01	0.000000e+00	3.372861e-04	0.000000e+00	3.349135e-04	0.000000e+00	1.000000e+00	1.000000e-01	1.000000e+00	1.000000e+01
185	1.304069e-01	0.000000e+00	1.304068e-01	0.000000e+00	2.601772e-05	0.000000e+00	2.722435e-05	0.000000e+00	1.000000e+00	1.000000e-01	1.000000e+00	1.000000e+01
186	1.303220e-01	0.000000e+00	1.303223e-01	0.000000e+00	-8.493924e-05	0.000000e+00	-8.450110e-05	0.000000e+00	1.000000e+00	1.000000e-01	1.000000e+00	1.000000e+01
187	1.299958e-01	0.000000e+00	1.299971e-01	0.000000e+00	-3.262004e-04	0.000000e+00	-3.252562e-04	0.000000e+00	1.000000e+00	1.000000e-01	1.000000e+00	1.000000e+01
188	1.303748e-01	0.000000e+00	1.303733e-01	0.000000e+00	3.789984e-04	0.000000e+00	3.762474e-04	0.000000e+00	1.000000e+00	1.000000e-01	1.000000e+00	1.000000e+01
189	1.305032e-01	0.000000e+00	1.305027e-01	0.000000e+00	1.284086e-04	0.000000e+00	1.293768e-04	0.000000e+00	1.000000e+00	1.000000e-01	1.000000e+00	1.000000e+01
190	1.311284e-01	0.000000e+00	1.311260e-01	0.000000e+00	6.252189e-04	0.000000e+00	6.232820e-04	0.000000e+00	1.000000e+00	1.000000e-01	1.000000e+00	1.000000e+01
191	1.311896e-01	0.000000e+00	1.311894e-01	0.000000e+00	6.121561e-05	0.000000e+00	6.341118e-05	0.000000e+00	1.000000e+00	1.000000e-01	1.000000e+00	1.000000e+01
192	1.316324e-01	0.000000e+00	1.316307e-01	0.000000e+00	4.427846e-04	0.000000e+00	4.413027e-04	0.000000e+00	1.000000e+00	1.000000e-01	1.000000e+00	1.000000e+01
193	1.315716e-01	0.000000e+00	1.315718e-01	0.000000e+00	-6.085807e-05	0.000000e+00	-5.889650e-05	0.000000e+00	1.000000e+00	1.000000e-01	1.000000e+00	1.000000e+01
194	1.310187e-01	0.000000e+00	1.310209e-01	0.000000e+00	-5.528175e-04	0.000000e+00	-5.508881e-04	0.000000e+00	1.000000e+00	1.000000e-01	1.000000e+00	1.000000e+01
195	1.316646e-01	0.000000e+00	1.316621e-01	0.000000e+00	6.458703e-04	0.000000e+00	6.411955e-04	0.000000e+00	1.000000e+00	1.000000e-01	1.000000e+00	1.000000e+01
196	1.318138e-01	0.000000e+00	1.318132e-01	0.000000e+00	1.491746e-04	0.000000e+00	1.510966e-04	0.000000e+00	1.000000e+00	1.000000e-01	1.000000e+00	1.000000e+01
197	1.322059e-01	0.000000e+00	1.322043e-01	0.000000e+00	3.920901e-04	0.000000e+00	3.911487e-04	0.000000e+00	1.000000e+00	1.000000e-01	1.000000e+00	1.000000e+01
198	1.329697e-01	0.000000e+00	1.329667e-01	0.000000e+00	7.637938e-04	0.000000e+00	7.623382e-04	0.000000e+00	1.000000e+00	1.000000e-01	1.000000e+00	1.000000e+01
199	1.328917e-01	0.000000e+00	1.328920e-01	0.000000e+00	-7.799539e-05	0.000000e+00	-7.471284e-05	0.000000e+00	1.000000e+00	1.000000e-01	1.000000e+00	1.000000e+01
200	1.326991e-01	0.000000e+00	1.326998e-01	0.000000e+00	-1.925876e-04	0.000000e+00	-1.921271e-04	0.000000e+00	1.000000e+00	1.000000e-01	1.000000e+00	1.000000e+01
201	1.335645e-01	0.000000e+00	1.335611e-01	0.000000e+00	8.654471e-04	0.000000e+00	8.613160e-04	0.000000e+00	1.000000e+00	1.000000e-01	1.000000e+00	1.000000e+01
202	1.335215e-01	0.000000e+00	1.335216e-01	0.000000e+00	-4.303537e-05	0.000000e+00	-3.950275e-05	0.000000e+00	1.000000e+00	1.000000e-01	1.000000e+00	1.000000e+01
203	1.327084e-01	0.000000e+00	1.327115e-01	0.000000e+00	-8.131339e-04	0.000000e+00	-8.101119e-04	0.000000e+00	1.000000e+00	1.000000e-01	1.000000e+00	1.000000e+01
204	1.326988e-01	0.000000e+00	1.326988e-01	0.000000e+00	-9.589126e-06	0.000000e+00	-1.271617e-05	0.000000e+00	1.000000e+00	1.000000e-01	1.000000e+00	1.000000e+01
205	1.329002e-01	0.000000e+00	1.328994e-01	0.000000e+00	2.014585e-04	0.000000e+00	2.006219e-04	0.000000e+00	1.000000e+00	1.000000e-01	1.000000e+00	1.000000e+01
206	1.337570e-01	0.000000e+00	1.337537e-01	0.000000e+00	8.567984e-04	0.000000e+00	8.542352e-04	0.000000e+00	1.000000e+00	1.000000e-01	1.000000e+00	1.000000e+01
207	1.336939e-01	0.000000e+00	1.336941e-01	0.000000e+00	-6.314321e-05	0.000000e+00	-5.955970e-05	0.000000e+00	1.000000e+00	1.000000e-01	1.000000e+00	1.000000e+01
208	1.340245e-01	0.000000e+00	1.340232e-01	0.000000e+00	3.305928e-04	0.000000e+00	3.290688e-04	0.000000e+00	1.000000e+00	1.000000e-01	1.000000e+00	1.000000e+01
209	1.335776e-01	0.000000e+00	1.335793e-01	0.000000e+00	-4.469172e-04	0.000000e+00	-4.438860e-04	0.000000e+00	1.000000e+00	1.000000e-01	1.000000e+00	1.000000e+01
210	1.334491e-01	0.000000e+00	1.334496e-01	2.076303e-03	-1.284230e-04	0.000000e+00	-1.296553e-04	2.076303e-03	1.000000e+00	1.000000e-01	1.000000e+00	1.000000e+01
211	1.338838e-01	0.000000e+00	1.338821e-01	0.000000e+00	4.346586e-04	0.000000e+00	4.324542e-04	-2.076303e-03	1.000000e+00	1.000000e-01	1.000000e+00	1.000000e+01
212	1.359478e-01	0.000000e+00	1.359398e-01	0.000000e+00	2.064055e-03	0.000000e+00	2.057681e-03	0.000000e+00	1.000000e+00	1.000000e-01	1.000000e+00	1.000000e+01
213	1.358937e-01	0.000000e+00	1.358938e-01	0.000000e+00	-5.418961e-05	0.000000e+00	-4.594011e-05	0.000000e+00	1.000000e+00	1.000000e-01	1.000000e+00	1.000000e+01
214	1.350826e-01	0.000000e+00	1.350858e-01	0.000000e+00	-8.110184e-04	0.000000e+00	-8.080298e-04	0.000000e+00	1.000000e+00	1.000000e-01	1.000000e+00	1.000000e+01
215	1.348885e-01	0.000000e+00	1.348893e-01	0.000000e+00	-1.941154e-04	0.000000e+00	-1.965135e-04	0.000000e+00	1.000000e+00	1.000000e-01	1.000000e+00	1.000000e+01
216	1.351039e-01	0.000000e+00	1.351030e-01	0.000000e+00	2.153422e-04	0.000000e+00	2.137334e-04	0.000000e+00	1.000000e+00	1.000000e-01	1.000000e+00	1.000000e+01
217	1.350590e-01	0.000000e+00	1.350592e-01	0.000000e+00	-4.485075e-05	0.000000e+00	-4.384065e-05	0.000000e+00	1.000000e+00	1.000000e-01	1.000000e+00	1.000000e+01
218	1.352524e-01	0.000000e+00	1.352516e-01	0.000000e+00	1.933662e-04	0.000000e+00	1.924396e-04	0.000000e+00	1.000000e+00	1.000000e-01	1.000000e+00	1.000000e+01
219	1.352986e-01	0.000000e+00	1.352984e-01	0.000000e+00	4.623366e-05	0.000000e+00	4.680477e-05	0.000000e+00	1.000000e+00	1.000000e-01	1.000000e+00	1.000000e+01
220	1.349325e-01	0.000000e+00	1.349340e-01	0.000000e+00	-3.660733e-04	0.000000e+00	-3.644605e-04	0.000000e+00	1.000000e+00	1.000000e-01	1.000000e+00	1.000000e+01
221	1.357974e-01	0.000000e+00	1.357940e-01	0.000000e+00	8.648594e-04	0.000000e+00	8.600573e-04	0.000000e+00	1.000000e+00	1.000000e-01	1.000000e+00	1.000000e+01
222	1.351574e-01	0.000000e+00	1.351599e-01	0.000000e+00	-6.399929e-04	0.000000e+00	-6.341333e-04	0.000000e+00	1.000000e+00	1.000000e-01	1.000000e+00	1.000000e+01
223	1.346110e-01	0.000000e+00	1.346131e-01	0.000000e+00	-5.464197e-04	0.000000e+00	-5.467624e-04	0.000000e+00	1.000000e+00	1.000000e-01	1.000000e+00	1.000000e+01
224	1.349155e-01	0.000000e+00	1.349143e-01	0.000000e+00	3.044943e-04	0.000000e+00	3.011690e-04	0.000000e+00	1.000000e+00	1.000000e-01	1.000000e+00	1.000000e+01
225	1.350742e-01	0.000000e+00	1.350736e-01	0.000000e+00	1.587404e-04	0.000000e+00	1.592967e-04	0.000000e+00	1.000000e+00	1.000000e-01	1.000000e+00	1.000000e+01
226	1.350294e-01	0.000000e+00	1.350296e-01	5.811608e-01	-4.477494e-05	0.000000e+00	-4.397778e-05	5.811608e-01	1.000000e+00	1.000000e-01	1.000000e+00	1.000000e+01
227	1.334865e-01	0.000000e+00	1.334925e-01	0.000000e+00	-1.542938e-03	0.000000e+00	-1.537083e-03	-5.811608e-01	1.000000e+00	1.000000e-01	1.000000e+00	1.000000e+01
228	1.349276e-01	0.000000e+00	1.349220e-01	0.000000e+00	1.441081e-03	0.000000e+00	1.429447e-03	0.000000e+00	1.000000e+00	1.000000e-01	1.000000e+00	1.000000e+01
229	1.347205e-01	0.000000e+00	1.347213e-01	0.000000e+00	-2.070962e-04	0.000000e+00	-2.007034e-04	0.000000e+00	1.000000e+00	1.000000e-01	1.000000e+00	1.000000e+01
230	1.343755e-01	0.000000e+00	1.343768e-01	0.000000e+00	-3.450323e-04	0.000000e+00	-3.444685e-04	0.000000e+00	1.000000e+00	1.000000e-01	1.000000e+00	1.000000e+01
231	1.343907e-01	0.000000e+00	1.343907e-01	0.000000e+00	1.527951e-05	0.000000e+00	1.387424e-05	0.000000e+00	1.000000e+00	1.000000e-01	1.000000e+00	1.000000e+01
232	1.344788e-01	0.000000e+00	1.344785e-01	0.000000e+00	8.810571e-05	0.000000e+00	8.781575e-05	0.000000e+00	1.000000e+00	1.000000e-01	1.000000e+00	1.000000e+01
233	1.344734e-01	0.000000e+00	1.344734e-01	0.000000e+00	-5.440334e-06	0.000000e+00	-5.076053e-06	0.000000e+00	1.000000e+00	1.000000e-01	1.000000e+00	1.000000e+01
234	1.344918e-01	0.000000e+00	1.344918e-01	0.000000e+00	1.843357e-05	0.000000e+00	1.834174e-05	0.000000e+00	1.000000e+00	1.000000e-01	1.000000e+00	1.000000e+01
235	1.344505e-01	0.000000e+00	1.344507e-01	0.000000e+00	-4.131041e-05	0.000000e+00	-4.107740e-05	0.000000e+00	1.000000e+00	1.000000e-01	1.000000e+00	1.000000e+01
236	1.350233e-01	0.000000e+00	1.350211e-01	0.000000e+00	5.727870e-04	0.000000e+00	5.703891e-04	0.000000e+00	1.000000e+00	1.000000e-01	1.000000e+00	1.000000e+01
237	1.353384e-01	0.000000e+00	1.353372e-01	0.000000e+00	3.151043e-04	0.000000e+00	3.161015e-04	0.000000e+00	1.000000e+00	1.000000e-01	1.000000e+00	1.000000e+01
238	1.351954e-01	0.000000e+00	1.351960e-01	0.000000e+00	-1.430162e-04	0.000000e+00	-1.412228e-04	0.000000e+00	1.000000e+00	1.000000e-01	1.000000e+00	1.000000e+01
239	1.360515e-01	0.000000e+00	1.360482e-01	0.000000e+00	8.561153e-04	0.000000e+00	8.522195e-04	0.000000e+00	1.000000e+00	1.000000e-01	1.000000e+00	1.000000e+01
240	1.357602e-01	0.000000e+00	1.357613e-01	0.000000e+00	-2.913278e-04	0.000000e+00	-2.868608e-04	0.000000e+00	1.000000e+00	1.000000e-01	1.000000e+00	1.000000e+01
241	1.352060e-01	0.000000e+00	1.352081e-01	0.000000e+00	-5.542340e-04	0.000000e+00	-5.531895e-04	0.000000e+00	1.000000e+00	1.000000e-01	1.000000e+00	1.000000e+01
242	1.352662e-01	0.000000e+00	1.352660e-01	0.000000e+00	6.023435e-05	0.000000e+00	5.783817e-05	0.000000e+00	1.000000e+00	1.000000e-01	1.000000e+00	1.000000e+01
243	1.354445e-01	0.000000e+00	1.354438e-01	1.269234e-01	1.782893e-04	0.000000e+00	1.778188e-04	1.269234e-01	1.000000e+00	1.000000e-01	1.000000e+00	1.000000e+01
244	1.346757e-01	0.000000e+00	1.346787e-01	0.000000e+00	-7.687669e-04	0.000000e+00	-7.650693e-04	-1.269234e-01	1.000000e+00	1.000000e-01	1.000000e+00	1.000000e+01
245	1.359489e-01	0.000000e+00	1.359439e-01	0.000000e+00	1.273194e-03	0.000000e+00	1.265232e-03	0.000000e+00	1.000000e+00	1.000000e-01	1.000000e+00	1.000000e+01
246	1.363494e-01	0.000000e+00	1.363478e-01	0.000000e+00	4.005032e-04	0.000000e+00	4.038811e-04	0.000000e+00	1.000000e+00	1.000000e-01	1.000000e+00	1.000000e+01
247	1.361895e-01	0.000000e+00	1.361901e-01	0.000000e+00	-1.599367e-04	0.000000e+00	-1.577343e-04	0.000000e+00	1.000000e+00	1.000000e-01	1.000000e+00	1.000000e+01
248	1.360903e-01	0.000000e+00	1.360907e-01	0.000000e+00	-9.917735e-05	0.000000e+00	-9.940609e-05	0.000000e+00	1.000000e+00	1.000000e-01	1.000000e+00	1.000000e+01
249	1.365080e-01	0.000000e+00	1.365064e-01	0.000000e+00	4.176853e-04	0.000000e+00	4.156654e-04	0.000000e+00	1.000000e+00	1.000000e-01	1.000000e+00	1.000000e+01
