#sequence delta(k-1),f(k-1),theta(k),v(k),delta_diff(k-1),f_diff(k-1),theta_diff(k),v_diff(k),phi(1,1;k),phi(1,2;k),phi(2,1;k),phi(2,2;k)
1	8.212456e-01	0.000000e+00	8.211294e-01	7.593394e-01	8.212456e-01	0.000000e+00	2.963418e-02	7.514225e-01	7.690727e-01	1.000000e-01	1.000000e+00	6.000000e+00
2	7.917317e-01	2.000000e-01	7.918465e-01	2.314728e+00	-2.951397e-02	2.000000e-01	-2.928292e-02	1.555388e+00	7.694380e-01	9.752505e-02	9.947121e-01	6.035833e+00
3	6.977410e-01	4.000000e-01	6.981086e-01	1.430161e+00	-9.399070e-02	2.000000e-01	-9.373793e-02	-8.845663e-01	7.712215e-01	9.373003e-02	1.081798e+00	5.850525e+00
4	7.259595e-01	6.000000e-01	7.258508e-01	2.205324e+00	2.821857e-02	2.000000e-01	2.774218e-02	7.751621e-01	7.710538e-01	9.254145e-02	1.076209e+00	5.810914e+00
5	7.311165e-01	8.000000e-01	7.310959e-01	3.816897e+00	5.156937e-03	2.000000e-01	5.245160e-03	1.611574e+00	7.710124e-01	9.093584e-02	1.077275e+00	5.852251e+00
6	7.911993e-01	1.000000e+00	7.909645e-01	4.115798e+00	6.008279e-02	2.000000e-01	5.986858e-02	2.989006e-01	7.708827e-01	9.050415e-02	1.051125e+00	5.765203e+00
7	8.204373e-01	1.200000e+00	8.203222e-01	4.900474e+00	2.923806e-02	2.000000e-01	2.935771e-02	7.846760e-01	7.707291e-01	8.945380e-02	1.045693e+00	5.728048e+00
8	8.135280e-01	1.400000e+00	8.135545e-01	6.313001e+00	-6.909340e-03	2.000000e-01	-6.767672e-03	1.412527e+00	7.707913e-01	8.765320e-02	1.044811e+00	5.753580e+00
9	8.096457e-01	1.600000e+00	8.096610e-01	6.206122e+00	-3.882299e-03	2.000000e-01	-3.893570e-03	-1.068781e-01	7.708246e-01	8.593653e-02	1.047077e+00	5.636830e+00
10	8.134852e-01	1.800000e+00	8.134702e-01	7.642925e+00	3.839472e-03	2.000000e-01	3.809265e-03	1.436803e+00	7.707954e-01	8.441490e-02	1.047623e+00	5.665275e+00
11	8.192260e-01	2.000000e+00	8.192035e-01	8.692250e+00	5.740852e-03	2.000000e-01	5.733307e-03	1.049325e+00	7.707538e-01	8.296434e-02	1.047383e+00	5.656917e+00
12	8.174737e-01	2.200000e+00	8.174804e-01	8.887234e+00	-1.752361e-03	2.000000e-01	-1.723120e-03	1.949839e-01	7.707676e-01	8.138423e-02	1.048146e+00	5.569874e+00
13	8.126565e-01	2.400000e+00	8.126753e-01	1.037734e+01	-4.817193e-03	2.000000e-01	-4.805107e-03	1.490107e+00	7.708066e-01	7.976655e-02	1.047291e+00	5.605376e+00
14	8.097784e-01	2.600000e+00	8.097897e-01	1.177507e+01	-2.878100e-03	2.000000e-01	-2.885627e-03	1.397732e+00	7.708289e-01	7.821857e-02	1.046916e+00	5.631424e+00
15	8.053996e-01	2.800000e+00	8.054167e-01	1.359583e+01	-4.378798e-03	2.000000e-01	-4.372965e-03	1.820755e+00	7.708628e-01	7.666865e-02	1.045491e+00	5.696531e+00
16	7.976211e-01	3.000000e+00	7.976516e-01	1.556155e+01	-7.778414e-03	2.000000e-01	-7.765112e-03	1.965720e+00	7.709248e-01	7.507580e-02	1.042468e+00	5.774256e+00
17	7.874285e-01	3.200000e+00	7.874684e-01	1.667851e+01	-1.019268e-02	2.000000e-01	-1.018320e-02	1.116959e+00	7.710071e-01	7.346082e-02	1.042597e+00	5.771717e+00
18	7.750196e-01	3.400000e+00	7.750682e-01	1.809909e+01	-1.240887e-02	2.000000e-01	-1.240018e-02	1.420579e+00	7.711083e-01	7.182872e-02	1.040984e+00	5.797716e+00
19	7.591979e-01	3.600000e+00	7.592599e-01	1.910062e+01	-1.582172e-02	2.000000e-01	-1.580836e-02	1.001537e+00	7.712407e-01	7.015489e-02	1.042027e+00	5.784536e+00
20	7.382041e-01	3.800000e+00	7.382863e-01	2.002185e+01	-2.099382e-02	2.000000e-01	-2.097356e-02	9.212236e-01	7.714246e-01	6.840305e-02	1.044117e+00	5.764627e+00
21	7.119101e-01	4.000000e+00	7.120131e-01	2.163544e+01	-2.629395e-02	2.000000e-01	-2.627317e-02	1.613588e+00	7.716654e-01	6.657166e-02	1.038142e+00	5.810073e+00
22	6.793895e-01	4.200000e+00	6.795169e-01	2.143006e+01	-3.252059e-02	2.000000e-01	-3.249619e-02	-2.053720e-01	7.719790e-01	6.464328e-02	1.058328e+00	5.685927e+00
23	6.363569e-01	4.400000e+00	6.365255e-01	2.218088e+01	-4.303265e-02	2.000000e-01	-4.299149e-02	7.508145e-01	7.724335e-01	6.253100e-02	1.065152e+00	5.654212e+00
24	5.857823e-01	4.600000e+00	5.859806e-01	2.375993e+01	-5.057451e-02	2.000000e-01	-5.054489e-02	1.579049e+00	7.729977e-01	6.029984e-02	1.053342e+00	5.700916e+00
25	5.221302e-01	4.800000e+00	5.223797e-01	2.490392e+01	-6.365211e-02	2.000000e-01	-6.360091e-02	1.143998e+00	7.737804e-01	5.784050e-02	1.051246e+00	5.707502e+00
26	4.360241e-01	5.000000e+00	4.363614e-01	2.606343e+01	-8.610616e-02	2.000000e-01	-8.601825e-02	1.159501e+00	7.750173e-01	5.496750e-02	1.046910e+00	5.717573e+00
27	3.285731e-01	5.000000e+00	3.289942e-01	2.801799e+01	-1.074509e-01	0.000000e+00	-1.073672e-01	1.954568e+00	7.762398e-01	5.496750e-02	1.000000e+00	6.000000e+00
28	1.807763e-01	4.916619e+00	1.813553e-01	2.711179e+01	-1.477968e-01	-8.338107e-02	-1.476389e-01	-9.062032e-01	7.782004e-01	5.607360e-02	1.017864e+00	6.010078e+00
29	1.271608e-01	5.000000e+00	1.273725e-01	2.831328e+01	-5.361554e-02	8.338107e-02	-5.398282e-02	1.201490e+00	7.786296e-01	5.540617e-02	9.987315e-01	6.039832e+00
30	7.414928e-02	5.000000e+00	7.435719e-02	2.891690e+01	-5.301148e-02	0.000000e+00	-5.301527e-02	6.036162e-01	7.789248e-01	5.540617e-02	1.000000e+00	6.000000e+00
31	-1.193297e-02	5.000000e+00	-1.159590e-02	3.175367e+01	-8.608226e-02	0.000000e+00	-8.595309e-02	2.836776e+00	7.796948e-01	5.540617e-02	1.000000e+00	6.000000e+00
32	-3.740755e-02	4.800000e+00	-3.730672e-02	3.115907e+01	-2.547458e-02	-2.000000e-01	-2.571082e-02	-5.945989e-01	7.796327e-01	5.491895e-02	9.925182e-01	5.941261e+00
33	2.490088e-02	4.600000e+00	2.465788e-02	2.909556e+01	6.230843e-02	-2.000000e-01	6.196461e-02	-2.063514e+00	7.803385e-01	5.265345e-02	9.653787e-01	6.028374e+00
34	3.047806e-02	4.800000e+00	3.045533e-02	3.073411e+01	5.577181e-03	2.000000e-01	5.797445e-03	1.638545e+00	7.803149e-01	5.180728e-02	9.664889e-01	6.068188e+00
35	-3.775730e-02	4.717274e+00	-3.749085e-02	2.987567e+01	-6.823536e-02	-8.272602e-02	-6.794617e-02	-8.584312e-01	7.806506e-01	5.221420e-02	9.758502e-01	6.079538e+00
36	-1.807156e-03	4.902908e+00	-1.946545e-03	3.109624e+01	3.595015e-02	1.856342e-01	3.554430e-02	1.220570e+00	7.806135e-01	5.202250e-02	9.768051e-01	6.084468e+00
37	2.816429e-02	4.863885e+00	2.804667e-02	3.112356e+01	2.997145e-02	-3.902332e-02	2.999322e-02	2.731473e-02	7.807361e-01	5.186278e-02	9.801534e-01	6.080109e+00
38	-1.325899e-02	4.800415e+00	-1.309764e-02	3.213592e+01	-4.142328e-02	-6.347009e-02	-4.114431e-02	1.012360e+00	7.808443e-01	5.202848e-02	9.519233e-01	6.036854e+00
39	-1.778609e-02	4.600415e+00	-1.776777e-02	3.024530e+01	-4.527103e-03	-2.000000e-01	-4.670139e-03	-1.890617e+00	7.808247e-01	5.116506e-02	9.533546e-01	6.100088e+00
40	1.737645e-02	4.796768e+00	1.723916e-02	3.153307e+01	3.516253e-02	1.963531e-01	3.500694e-02	1.287769e+00	7.807839e-01	5.093687e-02	9.542795e-01	6.105252e+00
41	1.008586e-02	4.710212e+00	1.011380e-02	3.111647e+01	-7.290584e-03	-8.655587e-02	-7.125360e-03	-4.166035e-01	7.807736e-01	5.081498e-02	9.538696e-01	6.100386e+00
42	-1.823173e-02	4.651250e+00	-1.812101e-02	3.107329e+01	-2.831759e-02	-5.896240e-02	-2.823481e-02	-4.317636e-02	7.808156e-01	5.090243e-02	9.492587e-01	6.090785e+00
43	2.491017e-03	4.549798e+00	2.410502e-03	2.878004e+01	2.072275e-02	-1.014511e-01	2.053151e-02	-2.293249e+00	7.809088e-01	5.044635e-02	9.326632e-01	6.172031e+00
44	1.054606e-02	4.749798e+00	1.051428e-02	2.972978e+01	8.055042e-03	2.000000e-01	8.103779e-03	9.497405e-01	7.808777e-01	4.967560e-02	9.315673e-01	6.144819e+00
45	-7.718441e-03	4.875402e+00	-7.647219e-03	3.068179e+01	-1.826450e-02	1.256034e-01	-1.816150e-02	9.520122e-01	7.809650e-01	4.907555e-02	9.298700e-01	6.156491e+00
46	-3.867815e-03	4.774949e+00	-3.882578e-03	3.010435e+01	3.850626e-03	-1.004525e-01	3.764641e-03	-5.774426e-01	7.809753e-01	4.880554e-02	9.299381e-01	6.154715e+00
47	7.925713e-03	4.721370e+00	7.879587e-03	3.055027e+01	1.179353e-02	-5.357969e-02	1.176216e-02	4.459136e-01	7.810042e-01	4.867425e-02	9.342155e-01	6.135282e+00
48	-1.571868e-03	4.521370e+00	-1.534948e-03	2.959473e+01	-9.497580e-03	-2.000000e-01	-9.414534e-03	-9.555338e-01	7.809700e-01	4.795359e-02	9.329754e-01	6.109168e+00
49	-4.779568e-03	4.404735e+00	-4.766894e-03	2.846967e+01	-3.207700e-03	-1.166350e-01	-3.231946e-03	-1.125061e+00	7.809626e-01	4.768581e-02	9.335951e-01	6.131703e+00
50	9.086030e-04	4.488611e+00	8.864331e-04	3.089100e+01	5.688171e-03	8.387596e-02	5.653327e-03	2.421332e+00	7.809551e-01	4.757510e-02	9.387153e-01	6.207203e+00
51	3.452853e-03	4.288611e+00	3.442828e-03	2.943658e+01	2.544250e-03	-2.000000e-01	2.556394e-03	-1.454420e+00	7.809671e-01	4.663587e-02	9.384601e-01	6.227262e+00
52	1.634851e-02	4.108171e+00	1.629810e-02	2.732896e+01	1.289566e-02	-1.804394e-01	1.285527e-02	-2.107626e+00	7.810346e-01	4.569145e-02	9.324569e-01	6.311260e+00
53	8.946886e-03	4.245350e+00	8.975602e-03	2.794175e+01	-7.401624e-03	1.371791e-01	-7.322495e-03	6.127959e-01	7.810618e-01	4.518734e-02	9.333139e-01	6.295376e+00
54	-4.115351e-03	4.149425e+00	-4.064214e-03	2.718897e+01	-1.306224e-02	-9.592514e-02	-1.303982e-02	-7.527834e-01	7.810525e-01	4.511944e-02	9.341582e-01	6.301576e+00
55	-1.291818e-02	4.050351e+00	-1.288359e-02	2.540052e+01	-8.802829e-03	-9.907412e-02	-8.819379e-03	-1.788451e+00	7.810420e-01	4.500114e-02	9.389676e-01	6.355705e+00
56	-1.392471e-02	4.250351e+00	-1.392064e-02	2.631006e+01	-1.006527e-03	2.000000e-01	-1.037046e-03	9.095379e-01	7.810464e-01	4.413952e-02	9.391367e-01	6.322115e+00
57	-1.145308e-02	4.157404e+00	-1.146272e-02	2.497679e+01	2.471625e-03	-9.294688e-02	2.457919e-03	-1.333263e+00	7.810518e-01	4.393598e-02	9.382623e-01	6.354995e+00
58	-9.888737e-03	4.192945e+00	-9.894886e-03	2.510056e+01	1.564344e-03	3.554058e-02	1.567835e-03	1.237725e-01	7.810509e-01	4.391547e-02	9.381854e-01	6.353248e+00
59	-2.502988e-02	4.039856e+00	-2.497076e-02	2.459713e+01	-1.514114e-02	-1.530890e-01	-1.507587e-02	-5.034301e-01	7.810262e-01	4.366587e-02	9.347496e-01	6.318508e+00
60	-5.561113e-02	3.839856e+00	-5.549144e-02	2.326945e+01	-3.058125e-02	-2.000000e-01	-3.052068e-02	-1.327687e+00	7.809963e-01	4.347063e-02	9.352534e-01	6.321804e+00
61	-7.625935e-02	3.718495e+00	-7.617823e-02	2.198163e+01	-2.064823e-02	-1.213612e-01	-2.068679e-02	-1.287822e+00	7.809894e-01	4.342972e-02	9.401331e-01	6.350484e+00
62	-8.229703e-02	3.735346e+00	-8.227313e-02	2.197418e+01	-6.037677e-03	1.685099e-02	-6.094900e-03	-7.442695e-03	7.809954e-01	4.341282e-02	9.404450e-01	6.349613e+00
63	-1.055207e-01	3.603215e+00	-1.054299e-01	2.122301e+01	-2.322370e-02	-1.321304e-01	-2.315679e-02	-7.511778e-01	7.809876e-01	4.336823e-02	9.392463e-01	6.342794e+00
64	-1.201039e-01	3.427500e+00	-1.200466e-01	2.108052e+01	-1.458317e-02	-1.757152e-01	-1.461666e-02	-1.424858e-01	7.809576e-01	4.300717e-02	9.325226e-01	6.261779e+00
65	-1.220344e-01	3.227500e+00	-1.220266e-01	1.891749e+01	-1.930511e-03	-2.000000e-01	-1.980066e-03	-2.163033e+00	7.809503e-01	4.225006e-02	9.333397e-01	6.346429e+00
66	-1.142432e-01	3.273910e+00	-1.142736e-01	1.786185e+01	7.791251e-03	4.641003e-02	7.753082e-03	-1.055637e+00	7.809492e-01	4.224362e-02	9.283216e-01	6.316537e+00
67	-1.024989e-01	3.423425e+00	-1.025449e-01	1.934459e+01	1.174423e-02	1.495147e-01	1.172864e-02	1.482743e+00	7.809285e-01	4.197962e-02	9.312311e-01	6.353578e+00
68	-7.283577e-02	3.223425e+00	-7.295183e-02	2.011402e+01	2.966315e-02	-2.000000e-01	2.959309e-02	7.694297e-01	7.811332e-01	4.059953e-02	9.590195e-01	6.166218e+00
69	-6.271803e-02	3.023425e+00	-6.275801e-02	1.758424e+01	1.011774e-02	-2.000000e-01	1.019382e-02	-2.529781e+00	7.811822e-01	3.962998e-02	9.528652e-01	6.287872e+00
70	-6.705944e-02	2.848573e+00	-6.704264e-02	1.637315e+01	-4.341410e-03	-1.748515e-01	-4.284631e-03	-1.211094e+00	7.811700e-01	3.913621e-02	9.530836e-01	6.296667e+00
71	-6.014006e-02	2.648573e+00	-6.016702e-02	1.593893e+01	6.919387e-03	-2.000000e-01	6.875622e-03	-4.342135e-01	7.811999e-01	3.827027e-02	9.557210e-01	6.220433e+00
72	-5.075562e-02	2.448573e+00	-5.079239e-02	1.410429e+01	9.384433e-03	-2.000000e-01	9.374633e-03	-1.834641e+00	7.812423e-01	3.736710e-02	9.531011e-01	6.276269e+00
73	-4.578848e-02	2.248573e+00	-4.580802e-02	1.231900e+01	4.967145e-03	-2.000000e-01	4.984362e-03	-1.785296e+00	7.812621e-01	3.656825e-02	9.518641e-01	6.326076e+00
74	-4.147332e-02	2.137862e+00	-4.149025e-02	1.142178e+01	4.315161e-03	-1.107112e-01	4.317775e-03	-8.972188e-01	7.812723e-01	3.630718e-02	9.514547e-01	6.336579e+00
75	-3.342250e-02	1.971591e+00	-3.345401e-02	1.010906e+01	8.050818e-03	-1.662715e-01	8.036236e-03	-1.312719e+00	7.813017e-01	3.570087e-02	9.504485e-01	6.357362e+00
76	-2.796046e-02	1.850895e+00	-2.798192e-02	7.911617e+00	5.462043e-03	-1.206960e-01	5.472099e-03	-2.197442e+00	7.813159e-01	3.538707e-02	9.467515e-01	6.439054e+00
77	-2.209860e-02	2.050895e+00	-2.212158e-02	8.926969e+00	5.861856e-03	2.000000e-01	5.860334e-03	1.015351e+00	7.813000e-01	3.484715e-02	9.459926e-01	6.413161e+00
78	-1.520944e-02	1.850895e+00	-1.523644e-02	7.197358e+00	6.889157e-03	-2.000000e-01	6.885138e-03	-1.729611e+00	7.813272e-01	3.405811e-02	9.445378e-01	6.455398e+00
79	-6.605497e-03	1.742736e+00	-6.639212e-03	7.103873e+00	8.603945e-03	-1.081583e-01	8.597231e-03	-9.348499e-02	7.813498e-01	3.377421e-02	9.469617e-01	6.424927e+00
80	1.971290e-03	1.542736e+00	1.937655e-03	4.356320e+00	8.576787e-03	-2.000000e-01	8.576867e-03	-2.747553e+00	7.813843e-01	3.297045e-02	9.410878e-01	6.561898e+00
81	5.537460e-03	1.680026e+00	5.523398e-03	3.108848e+00	3.566170e-03	1.372900e-01	3.585743e-03	-1.247471e+00	7.813780e-01	3.272965e-02	9.374770e-01	6.422890e+00
82	3.898603e-03	1.880026e+00	3.904950e-03	3.547928e+00	-1.638857e-03	2.000000e-01	-1.618448e-03	4.390793e-01	7.813833e-01	3.208851e-02	9.381212e-01	6.344286e+00
83	8.075045e-03	1.801552e+00	8.058755e-03	1.382315e+00	4.176441e-03	-7.847400e-02	4.153805e-03	-2.165613e+00	7.813900e-01	3.196185e-02	9.348151e-01	6.406406e+00
84	7.843042e-03	1.956683e+00	7.843885e-03	2.209851e+00	-2.320025e-04	1.551302e-01	-2.148705e-04	8.275366e-01	7.813906e-01	3.159839e-02	9.348332e-01	6.394314e+00
85	7.840212e-03	1.756683e+00	7.840226e-03	3.238948e-01	-2.830088e-06	-2.000000e-01	-3.658371e-06	-1.885956e+00	1.000000e+00	1.000000e-01	9.348340e-01	6.450856e+00
86	1.064766e-02	1.699333e+00	1.063669e-02	4.798385e-02	2.807449e-03	-5.734969e-02	2.796468e-03	-2.759110e-01	1.000008e+00	9.984433e-02	9.349557e-01	6.448370e+00
87	1.085516e-02	1.696387e+00	1.085431e-02	0.000000e+00	2.075044e-04	-2.945477e-03	2.176175e-04	-4.798385e-02	1.000008e+00	9.984390e-02	9.349528e-01	6.448411e+00
88	1.491272e-02	1.721203e+00	1.489687e-02	8.359306e-01	4.057556e-03	2.481586e-02	4.042557e-03	8.359306e-01	1.000003e+00	9.981453e-02	9.362478e-01	6.456331e+00
89	1.113016e-02	1.557883e+00	1.114488e-02	0.000000e+00	-3.782558e-03	-1.633202e-01	-3.751992e-03	-8.359306e-01	9.999739e-01	9.856420e-02	9.358541e-01	6.439331e+00
90	1.255983e-02	1.529452e+00	1.255430e-02	4.750820e-01	1.429664e-03	-2.843110e-02	1.409424e-03	4.750820e-01	9.999758e-01	9.852664e-02	9.362999e-01	6.430464e+00
91	1.064810e-02	1.404575e+00	1.065554e-02	0.000000e+00	-1.911732e-03	-1.248771e-01	-1.898758e-03	-4.750820e-01	9.999647e-01	9.780172e-02	9.360028e-01	6.411058e+00
92	8.545057e-03	1.364168e+00	8.553301e-03	0.000000e+00	-2.103039e-03	-4.040727e-02	-2.102241e-03	0.000000e+00	9.999607e-01	9.772591e-02	9.357423e-01	6.406052e+00
93	8.971203e-03	1.344134e+00	8.969571e-03	0.000000e+00	4.261463e-04	-2.003361e-02	4.162698e-04	0.000000e+00	9.999611e-01	9.770738e-02	9.357682e-01	6.404835e+00
94	9.514853e-03	1.344350e+00	9.512723e-03	7.792212e-01	5.436499e-04	2.155967e-04	5.431524e-04	7.792212e-01	9.999611e-01	9.770738e-02	9.359689e-01	6.404914e+00
95	1.112852e-02	1.177279e+00	1.112221e-02	0.000000e+00	1.613665e-03	-1.670709e-01	1.609483e-03	-7.792212e-01	9.999735e-01	9.643008e-02	9.361876e-01	6.382268e+00
96	1.408695e-02	1.132849e+00	1.407537e-02	0.000000e+00	2.958433e-03	-4.442925e-02	2.953164e-03	0.000000e+00	9.999795e-01	9.633986e-02	9.365818e-01	6.376349e+00
97	9.959172e-03	1.108382e+00	9.975251e-03	0.000000e+00	-4.127779e-03	-2.446769e-02	-4.100119e-03	0.000000e+00	9.999748e-01	9.631215e-02	9.362685e-01	6.374491e+00
98	1.078986e-02	1.103793e+00	1.078668e-02	8.545545e-01	8.306901e-04	-4.588565e-03	8.114291e-04	8.545545e-01	9.999750e-01	9.631123e-02	9.366169e-01	6.372566e+00
99	6.565771e-03	9.168087e-01	6.582259e-03	0.000000e+00	-4.224091e-03	-1.869845e-01	-4.204421e-03	-8.545545e-01	9.999394e-01	9.473753e-02	9.359445e-01	6.342803e+00
100	1.253545e-02	8.605359e-01	1.251220e-02	3.111102e-01	5.969681e-03	-5.627278e-02	5.929939e-03	3.111102e-01	9.999544e-01	9.459631e-02	9.378199e-01	6.325124e+00
101	7.036771e-03	7.506821e-01	7.058159e-03	0.000000e+00	-5.498681e-03	-1.098538e-01	-5.454038e-03	-3.111102e-01	9.999273e-01	9.405502e-02	9.368103e-01	6.304954e+00
102	1.131747e-02	7.008374e-01	1.130083e-02	0.000000e+00	4.280696e-03	-4.984469e-02	4.242670e-03	0.000000e+00	9.999367e-01	9.394505e-02	9.374404e-01	6.297617e+00
103	1.061272e-02	6.707045e-01	1.061541e-02	2.810189e-02	-7.047488e-04	-3.013287e-02	-6.854229e-04	2.810189e-02	9.999358e-01	9.390428e-02	9.373673e-01	6.294491e+00
104	5.212962e-04	6.536682e-01	5.607263e-04	1.503036e-01	-1.009142e-02	-1.703637e-02	-1.005468e-02	1.222017e-01	9.999279e-01	9.389104e-02	9.362224e-01	6.292558e+00
105	3.292310e-03	6.246071e-01	3.281640e-03	2.527283e-01	2.771014e-03	-2.906106e-02	2.720914e-03	1.024247e-01	9.999315e-01	9.385408e-02	9.365943e-01	6.288657e+00
106	6.679087e-03	5.752221e-01	6.665816e-03	5.325547e-02	3.386777e-03	-4.938499e-02	3.384176e-03	-1.994728e-01	9.999389e-01	9.374554e-02	9.367677e-01	6.286129e+00
107	6.243104e-03	5.657831e-01	6.244755e-03	1.515398e+00	-4.359833e-04	-9.438978e-03	-4.210608e-04	1.462142e+00	9.999387e-01	9.374151e-02	9.364525e-01	6.279305e+00
108	8.841101e-03	3.657831e-01	8.830959e-03	1.325084e+00	2.597997e-03	-2.000000e-01	2.586204e-03	-1.903140e-01	9.999614e-01	9.199643e-02	9.377387e-01	6.180290e+00
109	1.456801e-02	1.657831e-01	1.454560e-02	0.000000e+00	5.726911e-03	-2.000000e-01	5.714643e-03	-1.325084e+00	1.000010e+00	9.028392e-02	9.374870e-01	6.189082e+00
110	2.147337e-02	1.594127e-01	2.144631e-02	8.708520e-01	6.905357e-03	-6.370422e-03	6.900705e-03	8.708520e-01	1.000012e+00	9.028220e-02	9.404514e-01	6.186347e+00
111	1.275885e-02	0.000000e+00	1.279279e-02	7.081415e-01	-8.714514e-03	-1.594127e-01	-8.653517e-03	-1.627105e-01	9.999532e-01	8.920155e-02	9.370521e-01	6.124165e+00
112	1.432051e-02	0.000000e+00	1.431455e-02	0.000000e+00	1.561659e-03	0.000000e+00	1.521756e-03	-7.081415e-01	9.999532e-01	8.920155e-02	1.000000e+00	6.000000e+00
113	2.365614e-02	0.000000e+00	2.361965e-02	0.000000e+00	9.335629e-03	0.000000e+00	9.305106e-03	0.000000e+00	9.999531e-01	8.920155e-02	1.000000e+00	6.000000e+00
114	1.632893e-02	0.000000e+00	1.635741e-02	1.331370e+00	-7.327214e-03	0.000000e+00	-7.262244e-03	1.331370e+00	9.999528e-01	8.920155e-02	1.000000e+00	6.000000e+00
115	1.497471e-02	0.000000e+00	1.498011e-02	0.000000e+00	-1.354216e-03	0.000000e+00	-1.377294e-03	-1.331370e+00	9.999529e-01	8.920155e-02	1.000000e+00	6.000000e+00
116	3.204746e-02	9.796230e-04	3.198079e-02	0.000000e+00	1.707274e-02	9.796230e-04	1.700067e-02	0.000000e+00	9.999516e-01	8.920148e-02	9.998139e-01	5.999989e+00
117	2.363975e-02	2.267387e-02	2.367233e-02	0.000000e+00	-8.407708e-03	2.169425e-02	-8.308457e-03	0.000000e+00	9.999589e-01	8.918256e-02	1.000300e+00	5.998735e+00
118	1.970203e-02	6.515993e-02	1.971754e-02	5.216270e-01	-3.937722e-03	4.248606e-02	-3.954796e-03	5.216270e-01	9.999660e-01	8.910582e-02	9.997942e-01	6.004193e+00
119	1.502114e-02	0.000000e+00	1.503949e-02	0.000000e+00	-4.680887e-03	-6.515993e-02	-4.678050e-03	-5.216270e-01	9.999531e-01	8.892641e-02	1.000073e+00	6.008076e+00
120	2.455800e-02	2.606547e-02	2.452082e-02	1.953697e+00	9.536861e-03	2.606547e-02	9.481334e-03	1.953697e+00	9.999424e-01	8.889705e-02	1.008168e+00	6.030199e+00
121	2.406592e-02	0.000000e+00	2.406770e-02	4.711922e-01	-4.920799e-04	-2.606547e-02	-4.531213e-04	-1.482505e+00	9.999418e-01	8.886788e-02	1.008477e+00	6.046596e+00
122	2.038498e-02	0.000000e+00	2.039936e-02	1.917097e+00	-3.680945e-03	0.000000e+00	-3.668336e-03	1.445905e+00	9.999418e-01	8.886788e-02	1.000000e+00	6.000000e+00
123	2.906566e-02	0.000000e+00	2.903180e-02	1.659491e+00	8.680680e-03	0.000000e+00	8.632441e-03	-2.576059e-01	9.999416e-01	8.886788e-02	1.000000e+00	6.000000e+00
124	3.744058e-02	0.000000e+00	3.740773e-02	1.038375e+00	8.374924e-03	0.000000e+00	8.375930e-03	-6.211161e-01	9.999416e-01	8.886788e-02	1.000000e+00	6.000000e+00
125	4.062554e-02	0.000000e+00	4.061297e-02	0.000000e+00	3.184954e-03	0.000000e+00	3.205232e-03	-1.038375e+00	9.999416e-01	8.886788e-02	1.000000e+00	6.000000e+00
126	4.312262e-02	0.000000e+00	4.311282e-02	0.000000e+00	2.497088e-03	0.000000e+00	2.499854e-03	0.000000e+00	9.999417e-01	8.886788e-02	1.000000e+00	6.000000e+00
127	4.096242e-02	0.000000e+00	4.097082e-02	3.771055e-01	-2.160208e-03	0.000000e+00	-2.142005e-03	3.771055e-01	9.999416e-01	8.886788e-02	1.000000e+00	6.000000e+00
128	3.650541e-02	0.000000e+00	3.652285e-02	0.000000e+00	-4.457009e-03	0.000000e+00	-4.447966e-03	-3.771055e-01	9.999416e-01	8.886788e-02	1.000000e+00	6.000000e+00
129	4.385107e-02	0.000000e+00	4.382245e-02	0.000000e+00	7.345665e-03	0.000000e+00	7.299596e-03	0.000000e+00	9.999415e-01	8.886788e-02	1.000000e+00	6.000000e+00
130	4.105199e-02	1.050024e-02	4.106281e-02	8.164356e-01	-2.799081e-03	1.050024e-02	-2.759633e-03	8.164356e-01	9.999426e-01	8.886343e-02	9.989946e-01	6.003772e+00
131	3.678972e-02	0.000000e+00	3.680641e-02	0.000000e+00	-4.262274e-03	-1.050024e-02	-4.256404e-03	-8.164356e-01	9.999407e-01	8.885874e-02	1.000511e+00	6.007508e+00
132	4.256211e-02	0.000000e+00	4.253963e-02	4.627843e-01	5.772396e-03	0.000000e+00	5.733221e-03	4.627843e-01	9.999406e-01	8.885874e-02	1.000000e+00	6.000000e+00
133	3.839104e-02	0.000000e+00	3.840724e-02	0.000000e+00	-4.171074e-03	0.000000e+00	-4.132386e-03	-4.627843e-01	9.999406e-01	8.885874e-02	1.000000e+00	6.000000e+00
134	4.029094e-02	0.000000e+00	4.028359e-02	0.000000e+00	1.899906e-03	0.000000e+00	1.876343e-03	0.000000e+00	9.999405e-01	8.885874e-02	1.000000e+00	6.000000e+00
135	4.132709e-02	0.000000e+00	4.132302e-02	0.000000e+00	1.036150e-03	0.000000e+00	1.039432e-03	0.000000e+00	9.999405e-01	8.885874e-02	1.000000e+00	6.000000e+00
136	4.057801e-02	0.000000e+00	4.058092e-02	1.772255e+00	-7.490879e-04	0.000000e+00	-7.421015e-04	1.772255e+00	9.999405e-01	8.885874e-02	1.000000e+00	6.000000e+00
137	4.501793e-02	0.000000e+00	4.500060e-02	4.487016e-01	4.439928e-03	0.000000e+00	4.419686e-03	-1.323553e+00	9.999405e-01	8.885874e-02	1.000000e+00	6.000000e+00
138	4.388429e-02	0.000000e+00	4.388865e-02	5.308365e-01	-1.133643e-03	0.000000e+00	-1.111951e-03	8.213498e-02	9.999405e-01	8.885874e-02	1.000000e+00	6.000000e+00
139	4.261817e-02	0.000000e+00	4.262314e-02	0.000000e+00	-1.266116e-03	0.000000e+00	-1.265514e-03	-5.308365e-01	9.999405e-01	8.885874e-02	1.000000e+00	6.000000e+00
140	4.634671e-02	6.641551e-03	4.633217e-02	4.784860e-01	3.728538e-03	6.641551e-03	3.709030e-03	4.784860e-01	9.999394e-01	8.885682e-02	1.000770e+00	6.001372e+00
141	5.002669e-02	0.000000e+00	5.001226e-02	5.653841e-01	3.679979e-03	-6.641551e-03	3.680093e-03	8.689816e-02	9.999404e-01	8.885496e-02	1.000985e+00	6.000984e+00
142	4.980233e-02	0.000000e+00	4.980315e-02	0.000000e+00	-2.243632e-04	0.000000e+00	-2.091114e-04	-5.653841e-01	9.999404e-01	8.885496e-02	1.000000e+00	6.000000e+00
143	5.221931e-02	0.000000e+00	5.220987e-02	0.000000e+00	2.416979e-03	0.000000e+00	2.406721e-03	0.000000e+00	9.999404e-01	8.885496e-02	1.000000e+00	6.000000e+00
144	5.198886e-02	0.000000e+00	5.198973e-02	1.209463e+00	-2.304444e-04	0.000000e+00	-2.201429e-04	1.209463e+00	9.999404e-01	8.885496e-02	1.000000e+00	6.000000e+00
145	5.618139e-02	0.000000e+00	5.616502e-02	0.000000e+00	4.192528e-03	0.000000e+00	4.175291e-03	-1.209463e+00	9.999404e-01	8.885496e-02	1.000000e+00	6.000000e+00
146	5.890541e-02	0.000000e+00	5.889470e-02	0.000000e+00	2.724018e-03	0.000000e+00	2.729687e-03	0.000000e+00	9.999404e-01	8.885496e-02	1.000000e+00	6.000000e+00
147	5.332963e-02	2.159662e-02	5.335137e-02	2.876322e-01	-5.575778e-03	2.159662e-02	-5.543335e-03	2.876322e-01	9.999454e-01	8.883561e-02	9.995667e-01	6.001678e+00
148	4.736603e-02	0.000000e+00	4.738941e-02	6.387504e-01	-5.963599e-03	-2.159662e-02	-5.961957e-03	3.511182e-01	9.999400e-01	8.881592e-02	9.981884e-01	5.996687e+00
149	5.490159e-02	0.000000e+00	5.487225e-02	0.000000e+00	7.535562e-03	0.000000e+00	7.482837e-03	-6.387504e-01	9.999398e-01	8.881592e-02	1.000000e+00	6.000000e+00
150	6.436073e-02	0.000000e+00	6.432366e-02	0.000000e+00	9.459133e-03	0.000000e+00	9.451413e-03	0.000000e+00	9.999397e-01	8.881592e-02	1.000000e+00	6.000000e+00
151	5.982195e-02	0.000000e+00	5.983954e-02	7.435447e-01	-4.538771e-03	0.000000e+00	-4.484122e-03	7.435447e-01	9.999396e-01	8.881592e-02	1.000000e+00	6.000000e+00
152	5.420471e-02	0.000000e+00	5.422673e-02	1.216977e-01	-5.617241e-03	0.000000e+00	-5.612814e-03	-6.218470e-01	9.999396e-01	8.881592e-02	1.000000e+00	6.000000e+00
153	5.336020e-02	0.000000e+00	5.336359e-02	5.310673e-01	-8.445128e-04	0.000000e+00	-8.631390e-04	4.093696e-01	9.999396e-01	8.881592e-02	1.000000e+00	6.000000e+00
154	6.244215e-02	0.000000e+00	6.240669e-02	0.000000e+00	9.081950e-03	0.000000e+00	9.043102e-03	-5.310673e-01	9.999395e-01	8.881592e-02	1.000000e+00	6.000000e+00
155	7.117386e-02	0.000000e+00	7.113961e-02	0.000000e+00	8.731709e-03	0.000000e+00	8.732926e-03	0.000000e+00	9.999395e-01	8.881592e-02	1.000000e+00	6.000000e+00
156	6.256512e-02	0.000000e+00	6.259861e-02	1.085921e+00	-8.608745e-03	0.000000e+00	-8.541005e-03	1.085921e+00	9.999392e-01	8.881592e-02	1.000000e+00	6.000000e+00
157	6.032048e-02	0.000000e+00	6.032938e-02	0.000000e+00	-2.244636e-03	0.000000e+00	-2.269231e-03	-1.085921e+00	9.999392e-01	8.881592e-02	1.000000e+00	6.000000e+00
158	6.758461e-02	0.000000e+00	6.755626e-02	5.040725e-02	7.264126e-03	0.000000e+00	7.226886e-03	5.040725e-02	9.999391e-01	8.881592e-02	1.000000e+00	6.000000e+00
159	6.267214e-02	0.000000e+00	6.269122e-02	0.000000e+00	-4.912464e-03	0.000000e+00	-4.865044e-03	-5.040725e-02	9.999390e-01	8.881592e-02	1.000000e+00	6.000000e+00
160	6.585933e-02	2.266568e-02	6.584695e-02	3.472999e-01	3.187185e-03	2.266568e-02	3.155731e-03	3.472999e-01	9.999359e-01	8.879391e-02	1.000315e+00	6.002240e+00
161	6.198053e-02	0.000000e+00	6.199563e-02	0.000000e+00	-3.878797e-03	-2.266568e-02	-3.851318e-03	-3.472999e-01	9.999321e-01	8.877196e-02	1.000697e+00	6.004472e+00
162	6.666263e-02	2.575130e-02	6.664440e-02	0.000000e+00	4.682100e-03	2.575130e-02	4.648767e-03	0.000000e+00	9.999270e-01	8.874360e-02	1.000343e+00	6.002524e+00
163	6.203766e-02	7.416158e-02	6.205566e-02	6.448422e-01	-4.624966e-03	4.841028e-02	-4.588741e-03	6.448422e-01	9.999363e-01	8.864576e-02	9.995553e-01	6.010767e+00
164	5.464770e-02	0.000000e+00	5.467664e-02	3.683950e-01	-7.389963e-03	-7.416158e-02	-7.379021e-03	-2.764472e-01	9.999133e-01	8.841444e-02	9.989367e-01	6.004559e+00
165	6.032693e-02	0.000000e+00	6.030485e-02	7.555623e-01	5.679224e-03	0.000000e+00	5.628215e-03	3.871673e-01	9.999131e-01	8.841444e-02	1.000000e+00	6.000000e+00
166	6.427177e-02	0.000000e+00	6.425628e-02	0.000000e+00	3.944849e-03	0.000000e+00	3.951425e-03	-7.555623e-01	9.999131e-01	8.841444e-02	1.000000e+00	6.000000e+00
167	7.248519e-02	0.000000e+00	7.245305e-02	0.000000e+00	8.213419e-03	0.000000e+00	8.196770e-03	0.000000e+00	9.999131e-01	8.841444e-02	1.000000e+00	6.000000e+00
168	7.003596e-02	0.000000e+00	7.004540e-02	7.778513e-01	-2.449231e-03	0.000000e+00	-2.407646e-03	7.778513e-01	9.999130e-01	8.841444e-02	1.000000e+00	6.000000e+00
169	6.759241e-02	0.000000e+00	6.760200e-02	0.000000e+00	-2.443547e-03	0.000000e+00	-2.443407e-03	-7.778513e-01	9.999130e-01	8.841444e-02	1.000000e+00	6.000000e+00
170	6.825745e-02	0.000000e+00	6.825489e-02	3.994514e-01	6.650338e-04	0.000000e+00	6.528915e-04	3.994514e-01	9.999130e-01	8.841444e-02	1.000000e+00	6.000000e+00
171	6.797856e-02	0.000000e+00	6.797964e-02	7.465908e-01	-2.788842e-04	0.000000e+00	-2.752444e-04	3.471393e-01	9.999130e-01	8.841444e-02	1.000000e+00	6.000000e+00
172	6.836715e-02	0.000000e+00	6.836564e-02	0.000000e+00	3.885892e-04	0.000000e+00	3.859961e-04	-7.465908e-01	9.999130e-01	8.841444e-02	1.000000e+00	6.000000e+00
173	8.701946e-02	0.000000e+00	8.694659e-02	0.000000e+00	1.865231e-02	0.000000e+00	1.858096e-02	0.000000e+00	9.999124e-01	8.841444e-02	1.000000e+00	6.000000e+00
174	8.029113e-02	0.000000e+00	8.031713e-02	1.271310e-01	-6.728333e-03	0.000000e+00	-6.629469e-03	1.271310e-01	9.999121e-01	8.841444e-02	1.000000e+00	6.000000e+00
175	7.211690e-02	0.000000e+00	7.214894e-02	2.094428e-01	-8.174224e-03	0.000000e+00	-8.168189e-03	8.231177e-02	9.999121e-01	8.841444e-02	1.000000e+00	6.000000e+00
176	7.208398e-02	0.000000e+00	7.208423e-02	0.000000e+00	-3.292535e-05	0.000000e+00	-6.470372e-05	-2.094428e-01	9.999121e-01	8.841444e-02	1.000000e+00	6.000000e+00
177	7.545402e-02	0.000000e+00	7.544086e-02	0.000000e+00	3.370042e-03	0.000000e+00	3.356625e-03	0.000000e+00	9.999121e-01	8.841444e-02	1.000000e+00	6.000000e+00
178	7.555027e-02	7.756671e-03	7.554985e-02	5.723301e-01	9.625318e-05	7.756671e-03	1.089890e-04	5.723301e-01	9.999120e-01	8.841196e-02	1.000024e+00	6.001937e+00
179	7.449145e-02	0.000000e+00	7.449558e-02	0.000000e+00	-1.058826e-03	-7.756671e-03	-1.054264e-03	-5.723301e-01	9.999117e-01	8.840942e-02	1.000288e+00	6.003870e+00
180	7.443311e-02	0.000000e+00	7.443335e-02	0.000000e+00	-5.833837e-05	0.000000e+00	-6.222870e-05	0.000000e+00	9.999117e-01	8.840942e-02	1.000000e+00	6.000000e+00
181	7.470186e-02	6.109107e-03	7.470081e-02	6.487070e-01	2.687522e-04	6.109107e-03	2.674593e-04	6.487070e-01	9.999116e-01	8.840785e-02	1.000078e+00	6.001775e+00
182	7.474474e-02	0.000000e+00	7.474457e-02	0.000000e+00	4.288119e-05	-6.109107e-03	4.375845e-05	-6.487070e-01	9.999116e-01	8.840628e-02	1.000066e+00	6.003551e+00
183	8.079042e-02	0.000000e+00	8.076680e-02	0.000000e+00	6.045677e-03	0.000000e+00	6.022232e-03	0.000000e+00	9.999116e-01	8.840628e-02	1.000000e+00	6.000000e+00
184	7.701522e-02	0.000000e+00	7.702987e-02	7.304583e-01	-3.775205e-03	0.000000e+00	-3.736934e-03	7.304583e-01	9.999115e-01	8.840628e-02	1.000000e+00	6.000000e+00
185	7.351053e-02	0.000000e+00	7.352428e-02	3.842621e-02	-3.504681e-03	0.000000e+00	-3.505588e-03	-6.920321e-01	9.999115e-01	8.840628e-02	1.000000e+00	6.000000e+00
186	7.285378e-02	0.000000e+00	7.285640e-02	0.000000e+00	-6.567552e-04	0.000000e+00	-6.678834e-04	-3.842621e-02	9.999115e-01	8.840628e-02	1.000000e+00	6.000000e+00
187	7.985408e-02	0.000000e+00	7.982675e-02	7.157532e-01	7.000304e-03	0.000000e+00	6.970351e-03	7.157532e-01	9.999114e-01	8.840628e-02	1.000000e+00	6.000000e+00
188	8.287711e-02	0.000000e+00	8.286520e-02	1.224406e+00	3.023027e-03	0.000000e+00	3.038446e-03	5.086532e-01	9.999114e-01	8.840628e-02	1.000000e+00	6.000000e+00
189	8.982862e-02	0.000000e+00	8.980142e-02	0.000000e+00	6.951511e-03	0.000000e+00	6.936226e-03	-1.224406e+00	9.999114e-01	8.840628e-02	1.000000e+00	6.000000e+00
190	8.964652e-02	8.251672e-03	8.964712e-02	6.925957e-01	-1.821056e-04	8.251672e-03	-1.542997e-04	6.925957e-01	9.999114e-01	8.840353e-02	9.999444e-01	6.002521e+00
191	8.733886e-02	0.000000e+00	8.734788e-02	1.987230e-01	-2.307655e-03	-8.251672e-03	-2.299244e-03	-4.938727e-01	9.999106e-01	8.840064e-02	1.000429e+00	6.004254e+00
192	8.675784e-02	0.000000e+00	8.676014e-02	8.384149e-03	-5.810248e-04	0.000000e+00	-5.877366e-04	-1.903388e-01	9.999106e-01	8.840064e-02	1.000000e+00	6.000000e+00
193	9.376679e-02	0.000000e+00	9.373942e-02	4.472424e-01	7.008955e-03	0.000000e+00	6.979281e-03	4.388583e-01	9.999105e-01	8.840064e-02	1.000000e+00	6.000000e+00
194	9.591958e-02	0.000000e+00	9.591107e-02	0.000000e+00	2.152791e-03	0.000000e+00	2.171645e-03	-4.472424e-01	9.999105e-01	8.840064e-02	1.000000e+00	6.000000e+00
195	9.624380e-02	0.000000e+00	9.624250e-02	0.000000e+00	3.242185e-04	0.000000e+00	3.314350e-04	0.000000e+00	9.999105e-01	8.840064e-02	1.000000e+00	6.000000e+00
196	9.562836e-02	0.000000e+00	9.563076e-02	8.585164e-02	-6.154397e-04	0.000000e+00	-6.117410e-04	8.585164e-02	9.999105e-01	8.840064e-02	1.000000e+00	6.000000e+00
197	9.377968e-02	0.000000e+00	9.378691e-02	0.000000e+00	-1.848686e-03	0.000000e+00	-1.843854e-03	-8.585164e-02	9.999105e-01	8.840064e-02	1.000000e+00	6.000000e+00
198	9.608870e-02	1.543546e-02	9.607971e-02	3.464861e-01	2.309027e-03	1.543546e-02	2.292805e-03	3.464861e-01	9.999090e-01	8.839052e-02	1.000276e+00	6.001844e+00
199	9.458590e-02	0.000000e+00	9.459173e-02	0.000000e+00	-1.502805e-03	-1.543546e-02	-1.487978e-03	-3.464861e-01	9.999080e-01	8.838041e-02	1.000456e+00	6.003694e+00
200	8.920887e-02	1.865799e-02	8.922990e-02	0.000000e+00	-5.377025e-03	1.865799e-02	-5.361833e-03	0.000000e+00	9.999122e-01	8.836593e-02	1.000728e+00	6.002749e+00
201	8.884446e-02	6.044579e-02	8.884597e-02	0.000000e+00	-3.644112e-04	4.178780e-02	-3.839323e-04	0.000000e+00	9.999129e-01	8.829231e-02	1.000772e+00	5.997782e+00
202	9.018396e-02	1.253667e-01	9.017874e-02	8.320243e-01	1.339499e-03	6.492087e-02	1.332767e-03	8.320243e-01	9.999092e-01	8.811572e-02	1.001052e+00	6.011362e+00
203	8.804094e-02	0.000000e+00	8.804929e-02	6.303705e-01	-2.143027e-03	-1.253667e-01	-2.129450e-03	-2.016538e-01	9.998980e-01	8.746223e-02	1.000492e+00	5.978622e+00
204	9.447570e-02	0.000000e+00	9.445060e-02	5.788568e-01	6.434763e-03	0.000000e+00	6.401309e-03	-5.151370e-02	9.998979e-01	8.746223e-02	1.000000e+00	6.000000e+00
205	1.039434e-01	0.000000e+00	1.039063e-01	2.197075e-01	9.467666e-03	0.000000e+00	9.455688e-03	-3.591493e-01	9.998979e-01	8.746223e-02	1.000000e+00	6.000000e+00
206	1.034956e-01	0.000000e+00	1.034972e-01	0.000000e+00	-4.477786e-04	0.000000e+00	-4.090932e-04	-2.197075e-01	9.998979e-01	8.746223e-02	1.000000e+00	6.000000e+00
207	1.060464e-01	0.000000e+00	1.060364e-01	9.973324e-01	2.550815e-03	0.000000e+00	2.539253e-03	9.973324e-01	9.998979e-01	8.746223e-02	1.000000e+00	6.000000e+00
208	1.100747e-01	0.000000e+00	1.100589e-01	0.000000e+00	4.028258e-03	0.000000e+00	4.022442e-03	-9.973324e-01	9.998979e-01	8.746223e-02	1.000000e+00	6.000000e+00
209	1.132832e-01	0.000000e+00	1.132706e-01	2.306013e-01	3.208516e-03	0.000000e+00	3.211696e-03	2.306013e-01	9.998979e-01	8.746223e-02	1.000000e+00	6.000000e+00
210	1.089129e-01	0.000000e+00	1.089299e-01	1.135088e-01	-4.370256e-03	0.000000e+00	-4.340639e-03	-1.170926e-01	9.998978e-01	8.746223e-02	1.000000e+00	6.000000e+00
211	1.070060e-01	0.000000e+00	1.070135e-01	1.345424e-01	-1.906965e-03	0.000000e+00	-1.916471e-03	2.103361e-02	9.998978e-01	8.746223e-02	1.000000e+00	6.000000e+00
212	1.076424e-01	0.000000e+00	1.076399e-01	3.682358e-01	6.364479e-04	0.000000e+00	6.264755e-04	2.336934e-01	9.998978e-01	8.746223e-02	1.000000e+00	6.000000e+00
213	1.158643e-01	0.000000e+00	1.158322e-01	0.000000e+00	8.221926e-03	0.000000e+00	8.192256e-03	-3.682358e-01	9.998977e-01	8.746223e-02	1.000000e+00	6.000000e+00
214	1.148242e-01	0.000000e+00	1.148281e-01	0.000000e+00	-1.040161e-03	0.000000e+00	-1.004097e-03	0.000000e+00	9.998977e-01	8.746223e-02	1.000000e+00	6.000000e+00
215	1.128758e-01	8.821549e-03	1.128834e-01	4.080242e-02	-1.948367e-03	8.821549e-03	-1.944678e-03	4.080242e-02	9.998984e-01	8.745901e-02	1.000009e+00	5.999957e+00
216	1.075600e-01	2.956122e-02	1.075808e-01	0.000000e+00	-5.315757e-03	2.073967e-02	-5.302589e-03	-4.080242e-02	9.999029e-01	8.744127e-02	1.000413e+00	5.998382e+00
217	1.080104e-01	7.977120e-02	1.080087e-01	6.634162e-01	4.503445e-04	5.020998e-02	4.278721e-04	6.634162e-01	9.999020e-01	8.733616e-02	1.000490e+00	6.007000e+00
218	1.093800e-01	0.000000e+00	1.093746e-01	0.000000e+00	1.369574e-03	-7.977120e-02	1.365895e-03	-6.634162e-01	9.999065e-01	8.707314e-02	1.000370e+00	6.014010e+00
219	1.162817e-01	1.386797e-02	1.162547e-01	0.000000e+00	6.901732e-03	1.386797e-02	6.880108e-03	0.000000e+00	9.999025e-01	8.706505e-02	1.000074e+00	6.013415e+00
220	1.103782e-01	5.099360e-02	1.104011e-01	6.929892e-01	-5.903527e-03	3.712563e-02	-5.853591e-03	6.929892e-01	9.999114e-01	8.700896e-02	9.987412e-01	6.021797e+00
221	1.010495e-01	0.000000e+00	1.010860e-01	3.661253e-01	-9.328673e-03	-5.099360e-02	-9.315099e-03	-3.268639e-01	9.998917e-01	8.690133e-02	9.987876e-01	6.022051e+00
222	1.070995e-01	0.000000e+00	1.070760e-01	2.758984e-01	6.049957e-03	0.000000e+00	5.989937e-03	-9.022688e-02	9.998915e-01	8.690133e-02	1.000000e+00	6.000000e+00
223	1.103358e-01	0.000000e+00	1.103231e-01	0.000000e+00	3.236356e-03	0.000000e+00	3.247112e-03	-2.758984e-01	9.998916e-01	8.690133e-02	1.000000e+00	6.000000e+00
224	1.221081e-01	0.000000e+00	1.220620e-01	1.106744e+00	1.177225e-02	0.000000e+00	1.173895e-02	1.106744e+00	9.998914e-01	8.690133e-02	1.000000e+00	6.000000e+00
225	1.185323e-01	0.000000e+00	1.185461e-01	0.000000e+00	-3.575731e-03	0.000000e+00	-3.515908e-03	-1.106744e+00	9.998913e-01	8.690133e-02	1.000000e+00	6.000000e+00
226	1.193290e-01	0.000000e+00	1.193259e-01	0.000000e+00	7.966372e-04	0.000000e+00	7.797913e-04	0.000000e+00	9.998913e-01	8.690133e-02	1.000000e+00	6.000000e+00
227	1.159002e-01	1.593737e-02	1.159136e-01	0.000000e+00	-3.428726e-03	1.593737e-02	-3.412286e-03	0.000000e+00	9.998935e-01	8.689097e-02	1.000150e+00	5.999302e+00
228	1.155252e-01	5.518243e-02	1.155267e-01	3.258922e-01	-3.750297e-04	3.924505e-02	-3.868940e-04	3.258922e-01	9.998941e-01	8.682722e-02	1.000134e+00	6.000994e+00
229	1.084744e-01	2.703533e-02	1.085019e-01	1.099208e+00	-7.050850e-03	-2.814710e-02	-7.024819e-03	7.733157e-01	9.998858e-01	8.679423e-02	9.969560e-01	5.988308e+00
230	1.167285e-01	0.000000e+00	1.166963e-01	5.132183e-01	8.254105e-03	-2.703533e-02	8.194422e-03	-5.859896e-01	9.998948e-01	8.676486e-02	9.952617e-01	5.993857e+00
231	1.259261e-01	0.000000e+00	1.258900e-01	9.587476e-01	9.197617e-03	0.000000e+00	9.193698e-03	4.455293e-01	9.998948e-01	8.676486e-02	1.000000e+00	6.000000e+00
232	1.346443e-01	0.000000e+00	1.346102e-01	0.000000e+00	8.718270e-03	0.000000e+00	8.720127e-03	-9.587476e-01	9.998948e-01	8.676486e-02	1.000000e+00	6.000000e+00
233	1.369652e-01	0.000000e+00	1.369560e-01	5.277744e-01	2.320806e-03	0.000000e+00	2.345804e-03	5.277744e-01	9.998948e-01	8.676486e-02	1.000000e+00	6.000000e+00
234	1.304071e-01	0.000000e+00	1.304327e-01	0.000000e+00	-6.558078e-03	0.000000e+00	-6.523297e-03	-5.277744e-01	9.998947e-01	8.676486e-02	1.000000e+00	6.000000e+00
235	1.386075e-01	0.000000e+00	1.385756e-01	0.000000e+00	8.200417e-03	0.000000e+00	8.142902e-03	0.000000e+00	9.998945e-01	8.676486e-02	1.000000e+00	6.000000e+00
236	1.366586e-01	0.000000e+00	1.366661e-01	7.166960e-01	-1.948863e-03	0.000000e+00	-1.909442e-03	7.166960e-01	9.998945e-01	8.676486e-02	1.000000e+00	6.000000e+00
237	1.296150e-01	0.000000e+00	1.296426e-01	0.000000e+00	-7.043610e-03	0.000000e+00	-7.023555e-03	-7.166960e-01	9.998944e-01	8.676486e-02	1.000000e+00	6.000000e+00
238	1.362621e-01	0.000000e+00	1.362363e-01	0.000000e+00	6.647093e-03	0.000000e+00	6.593692e-03	0.000000e+00	9.998942e-01	8.676486e-02	1.000000e+00	6.000000e+00
239	1.344117e-01	0.000000e+00	1.344188e-01	0.000000e+00	-1.850422e-03	0.000000e+00	-1.817437e-03	0.000000e+00	9.998942e-01	8.676486e-02	1.000000e+00	6.000000e+00
240	1.304770e-01	0.000000e+00	1.304924e-01	0.000000e+00	-3.934708e-03	0.000000e+00	-3.926437e-03	0.000000e+00	9.998942e-01	8.676486e-02	1.000000e+00	6.000000e+00
241	1.318305e-01	3.488715e-03	1.318252e-01	1.226415e-01	1.353489e-03	3.488715e-03	1.332864e-03	1.226415e-01	9.998940e-01	8.676432e-02	1.000065e+00	6.000166e+00
242	1.225934e-01	0.000000e+00	1.226294e-01	1.685081e+00	-9.237113e-03	-3.488715e-03	-9.195824e-03	1.562440e+00	9.998925e-01	8.676375e-02	9.930771e-01	5.997527e+00
243	1.337123e-01	0.000000e+00	1.336690e-01	1.189880e-01	1.111891e-02	0.000000e+00	1.103955e-02	-1.566093e+00	9.998921e-01	8.676375e-02	1.000000e+00	6.000000e+00
244	1.321994e-01	4.911383e-02	1.322052e-01	9.897441e-01	-1.512843e-03	4.911383e-02	-1.463810e-03	8.707560e-01	9.998951e-01	8.666560e-02	9.995854e-01	6.013458e+00
245	1.399631e-01	0.000000e+00	1.399328e-01	3.876071e-01	7.763687e-03	-4.911383e-02	7.727642e-03	-6.021369e-01	9.999106e-01	8.656724e-02	9.984269e-01	6.020787e+00
246	1.468198e-01	0.000000e+00	1.467929e-01	0.000000e+00	6.856730e-03	0.000000e+00	6.860132e-03	-3.876071e-01	9.999107e-01	8.656724e-02	1.000000e+00	6.000000e+00
247	1.534963e-01	0.000000e+00	1.534702e-01	0.000000e+00	6.676496e-03	0.000000e+00	6.677214e-03	0.000000e+00	9.999107e-01	8.656724e-02	1.000000e+00	6.000000e+00
248	1.491649e-01	0.000000e+00	1.491817e-01	9.453425e-02	-4.331418e-03	0.000000e+00	-4.288416e-03	9.453425e-02	9.999106e-01	8.656724e-02	1.000000e+00	6.000000e+00
249	1.353345e-01	0.000000e+00	1.353885e-01	0.000000e+00	-1.383047e-02	0.000000e+00	-1.379319e-02	-9.453425e-02	9.999103e-01	8.656724e-02	1.000000e+00	6.000000e+00
250	1.502561e-01	2.282549e-02	1.501980e-01	9.205024e-01	1.492162e-02	2.282549e-02	1.480945e-02	9.205024e-01	9.998956e-01	8.654463e-02	1.005446e+00	6.008330e+00
251	1.418102e-01	0.000000e+00	1.418429e-01	0.000000e+00	-8.445893e-03	-2.282549e-02	-8.355051e-03	-9.205024e-01	9.998873e-01	8.652224e-02	1.008554e+00	6.016729e+00
252	1.497108e-01	0.000000e+00	1.496801e-01	0.000000e+00	7.900667e-03	0.000000e+00	7.837168e-03	0.000000e+00	9.998870e-01	8.652224e-02	1.000000e+00	6.000000e+00
253	1.498001e-01	0.000000e+00	1.497996e-01	0.000000e+00	8.920484e-05	0.000000e+00	1.194703e-04	0.000000e+00	9.998870e-01	8.652224e-02	1.000000e+00	6.000000e+00
254	1.478498e-01	1.200046e-02	1.478574e-01	0.000000e+00	-1.950284e-03	1.200046e-02	-1.942199e-03	0.000000e+00	9.998880e-01	8.651637e-02	1.000065e+00	5.999601e+00
255	1.479436e-01	4.744749e-02	1.479433e-01	3.494664e-02	9.388186e-05	3.544703e-02	8.592842e-05	3.494664e-02	9.998879e-01	8.646463e-02	1.000057e+00	5.996609e+00
256	1.292190e-01	9.655895e-02	1.292921e-01	2.266607e-02	-1.872466e-02	4.911146e-02	-1.865118e-02	-1.228057e-02	9.999249e-01	8.636737e-02	1.002615e+00	5.989898e+00
257	1.245421e-01	1.681530e-01	1.245607e-01	7.264390e-01	-4.676853e-03	7.159408e-02	-4.731441e-03	7.037729e-01	9.999388e-01	8.615577e-02	1.001996e+00	5.999383e+00
258	1.333527e-01	6.331768e-02	1.333183e-01	7.582752e-01	8.810537e-03	-1.048353e-01	8.757639e-03	3.183620e-02	9.999761e-01	8.571106e-02	1.004709e+00	5.967096e+00
259	1.439071e-01	0.000000e+00	1.438658e-01	0.000000e+00	1.055444e-02	-6.331768e-02	1.054742e-02	-7.582752e-01	1.000003e+00	8.554838e-02	1.002753e+00	5.978833e+00
260	1.627737e-01	0.000000e+00	1.626998e-01	0.000000e+00	1.886659e-02	0.000000e+00	1.883409e-02	0.000000e+00	1.000003e+00	8.554838e-02	1.000000e+00	6.000000e+00
261	1.625392e-01	0.000000e+00	1.625398e-01	0.000000e+00	-2.345157e-04	0.000000e+00	-1.600290e-04	0.000000e+00	1.000003e+00	8.554838e-02	1.000000e+00	6.000000e+00
262	1.578197e-01	5.332352e-03	1.578381e-01	2.592131e-01	-4.719509e-03	5.332352e-03	-4.701698e-03	2.592131e-01	1.000004e+00	8.554727e-02	9.994801e-01	6.000587e+00
263	1.295373e-01	0.000000e+00	1.296478e-01	1.004560e+00	-2.828243e-02	-5.332352e-03	-2.819031e-02	7.453466e-01	9.999966e-01	8.554588e-02	9.886618e-01	5.998548e+00
264	1.384967e-01	0.000000e+00	1.384621e-01	0.000000e+00	8.959431e-03	0.000000e+00	8.814315e-03	-1.004560e+00	9.999960e-01	8.554588e-02	1.000000e+00	6.000000e+00
265	1.697104e-01	0.000000e+00	1.695883e-01	2.360617e-01	3.121369e-02	0.000000e+00	3.112619e-02	2.360617e-01	9.999947e-01	8.554588e-02	1.000000e+00	6.000000e+00
266	1.443768e-01	0.000000e+00	1.444753e-01	1.388804e+00	-2.533360e-02	0.000000e+00	-2.511305e-02	1.152743e+00	9.999920e-01	8.554588e-02	1.000000e+00	6.000000e+00
267	1.444902e-01	0.000000e+00	1.444901e-01	1.077548e+00	1.133996e-04	0.000000e+00	1.485875e-05	-3.112563e-01	9.999920e-01	8.554588e-02	1.000000e+00	6.000000e+00
268	1.568672e-01	0.000000e+00	1.568189e-01	1.719226e+00	1.237703e-02	0.000000e+00	1.232874e-02	6.416776e-01	9.999917e-01	8.554588e-02	1.000000e+00	6.000000e+00
269	1.705195e-01	0.000000e+00	1.704660e-01	0.000000e+00	1.365233e-02	0.000000e+00	1.364716e-02	-1.719226e+00	9.999917e-01	8.554588e-02	1.000000e+00	6.000000e+00
270	1.852531e-01	8.893504e-02	1.851954e-01	1.594378e+00	1.473359e-02	8.893504e-02	1.472934e-02	1.594378e+00	9.999386e-01	8.522561e-02	1.007291e+00	6.044010e+00
271	1.720516e-01	0.000000e+00	1.721029e-01	4.880249e-01	-1.320155e-02	-8.893504e-02	-1.309244e-02	-1.106353e+00	9.998906e-01	8.490215e-02	1.010761e+00	6.067383e+00
272	1.688480e-01	0.000000e+00	1.688607e-01	2.007734e+00	-3.203603e-03	0.000000e+00	-3.242232e-03	1.519709e+00	9.998907e-01	8.490215e-02	1.000000e+00	6.000000e+00
273	1.971325e-01	0.000000e+00	1.970221e-01	1.391365e+00	2.828454e-02	0.000000e+00	2.816139e-02	-6.163688e-01	9.998891e-01	8.490215e-02	1.000000e+00	6.000000e+00
274	2.036180e-01	0.000000e+00	2.035922e-01	0.000000e+00	6.485493e-03	0.000000e+00	6.570165e-03	-1.391365e+00	9.998893e-01	8.490215e-02	1.000000e+00	6.000000e+00
275	2.068358e-01	3.868415e-02	2.068231e-01	1.751384e-01	3.217759e-03	3.868415e-02	3.230855e-03	1.751384e-01	9.998843e-01	8.484210e-02	9.999081e-01	5.998895e+00
276	1.862934e-01	5.167618e-02	1.863736e-01	3.074946e-01	-2.054233e-02	1.299203e-02	-2.044946e-02	1.323562e-01	9.998942e-01	8.483585e-02	9.991769e-01	5.999357e+00
277	1.811246e-01	2.884347e-02	1.811452e-01	6.251011e-01	-5.168788e-03	-2.283271e-02	-5.228478e-03	3.176064e-01	9.998896e-01	8.481550e-02	9.980484e-01	5.994373e+00
278	1.940650e-01	0.000000e+00	1.940145e-01	5.969264e-01	1.294035e-02	-2.884347e-02	1.286938e-02	-2.817463e-02	9.999042e-01	8.478296e-02	9.988582e-01	5.992568e+00
279	2.047481e-01	0.000000e+00	2.047062e-01	0.000000e+00	1.068312e-02	0.000000e+00	1.069166e-02	-5.969264e-01	9.999042e-01	8.478296e-02	1.000000e+00	6.000000e+00
280	2.255593e-01	0.000000e+00	2.254778e-01	0.000000e+00	2.081117e-02	0.000000e+00	2.077164e-02	0.000000e+00	9.999039e-01	8.478296e-02	1.000000e+00	6.000000e+00
281	2.200515e-01	0.000000e+00	2.200727e-01	0.000000e+00	-5.507781e-03	0.000000e+00	-5.405127e-03	0.000000e+00	9.999036e-01	8.478296e-02	1.000000e+00	6.000000e+00
282	2.159369e-01	0.000000e+00	2.159531e-01	0.000000e+00	-4.114590e-03	0.000000e+00	-4.119632e-03	0.000000e+00	9.999036e-01	8.478296e-02	1.000000e+00	6.000000e+00
283	2.184035e-01	1.146187e-02	2.183939e-01	1.029778e-01	2.466596e-03	1.146187e-02	2.440868e-03	1.029778e-01	9.999024e-01	8.477753e-02	1.000037e+00	6.000173e+00
284	1.988481e-01	1.751503e-02	1.989244e-01	0.000000e+00	-1.955543e-02	6.053160e-03	-1.946951e-02	-1.029778e-01	9.999064e-01	8.477629e-02	1.001149e+00	5.999829e+00
285	2.191406e-01	6.307648e-02	2.190617e-01	0.000000e+00	2.029257e-02	4.556146e-02	2.013725e-02	0.000000e+00	9.998678e-01	8.468949e-02	9.983220e-01	5.993481e+00
286	2.223327e-01	1.322076e-01	2.223199e-01	1.417315e+00	3.192061e-03	6.913115e-02	3.258253e-03	1.417315e+00	9.998590e-01	8.449988e-02	9.998343e-01	6.026233e+00
287	2.022629e-01	0.000000e+00	2.023412e-01	3.642984e-01	-2.006983e-02	-1.322076e-01	-1.997870e-02	-1.053017e+00	9.997526e-01	8.379904e-02	1.002066e+00	6.040937e+00
288	1.941828e-01	0.000000e+00	1.942146e-01	1.811583e+00	-8.080115e-03	0.000000e+00	-8.126594e-03	1.447284e+00	9.997528e-01	8.379904e-02	1.000000e+00	6.000000e+00
289	2.215933e-01	0.000000e+00	2.214864e-01	1.150671e+00	2.741054e-02	0.000000e+00	2.727172e-02	-6.609114e-01	9.997511e-01	8.379904e-02	1.000000e+00	6.000000e+00
290	2.372239e-01	0.000000e+00	2.371624e-01	0.000000e+00	1.563056e-02	0.000000e+00	1.567604e-02	-1.150671e+00	9.997515e-01	8.379904e-02	1.000000e+00	6.000000e+00
291	2.517249e-01	1.895619e-03	2.516680e-01	8.395371e-01	1.450105e-02	1.895619e-03	1.450564e-02	8.395371e-01	9.997504e-01	8.379891e-02	1.005604e+00	6.000733e+00
292	2.293677e-01	0.000000e+00	2.294548e-01	8.978111e-01	-2.235723e-02	-1.895619e-03	-2.221323e-02	5.827401e-02	9.997473e-01	8.379864e-02	1.004626e+00	6.000650e+00
293	2.312130e-01	0.000000e+00	2.312061e-01	0.000000e+00	1.845320e-03	0.000000e+00	1.751341e-03	-8.978111e-01	9.997472e-01	8.379864e-02	1.000000e+00	6.000000e+00
294	2.514496e-01	0.000000e+00	2.513705e-01	8.669625e-01	2.023658e-02	0.000000e+00	2.016437e-02	8.669625e-01	9.997465e-01	8.379864e-02	1.000000e+00	6.000000e+00
