#sequence delta(k-1),f(k-1),theta(k),v(k),delta_diff(k-1),f_diff(k-1),theta_diff(k),v_diff(k),phi(1,1;k),phi(1,2;k),phi(2,1;k),phi(2,2;k)
1	2.429181e+00	0.000000e+00	2.429106e+00	2.630481e-01	2.429181e+00	0.000000e+00	1.903191e-02	2.549032e-01	2.960373e-01	1.000000e-01	1.000000e+00	9.000000e+00
2	2.511804e+00	2.000000e-01	2.511481e+00	2.605763e+00	8.262368e-02	2.000000e-01	8.237527e-02	2.342715e+00	2.974913e-01	1.035196e-01	1.017644e+00	9.042709e+00
3	-3.092782e+00	3.472484e-01	-3.095434e+00	4.955517e+00	-5.604586e+00	1.472484e-01	-5.606915e+00	2.349754e+00	9.273166e-01	8.697228e-02	-5.281556e-02	9.070833e+00
4	1.187153e+00	3.890238e-01	1.170424e+00	5.354860e+00	4.279935e+00	4.177546e-02	4.265858e+00	3.993433e-01	9.860198e-01	8.754526e-02	-3.500613e-03	9.071314e+00
5	-2.581689e+00	5.239567e-01	-2.591576e+00	8.274107e+00	-3.768843e+00	1.349329e-01	-3.762001e+00	2.919247e+00	9.987458e-01	8.708964e-02	-3.747383e-01	9.084605e+00
6	1.428534e+00	4.894853e-01	1.412830e+00	8.472119e+00	4.010223e+00	-3.447146e-02	4.004407e+00	1.980123e-01	9.992125e-01	8.708563e-02	4.955853e-02	9.080958e+00
7	-2.546352e+00	5.222398e-01	-2.555430e+00	8.426225e+00	-3.974886e+00	3.275453e-02	-3.968261e+00	-4.589412e-02	9.990761e-01	8.708676e-02	8.060363e-02	9.080702e+00
8	1.414811e+00	7.027335e-01	1.399302e+00	9.515990e+00	3.961163e+00	1.804937e-01	3.954732e+00	1.089765e+00	9.951503e-01	8.690787e-02	-1.038060e-01	9.072299e+00
9	-2.569082e+00	9.027335e-01	-2.578124e+00	9.707307e+00	-3.983893e+00	2.000000e-01	-3.977426e+00	1.913176e-01	1.001539e+00	8.658714e-02	3.265497e-01	9.050695e+00
10	1.385468e+00	1.102734e+00	1.369986e+00	1.043844e+01	3.954550e+00	2.000000e-01	3.948110e+00	7.311282e-01	9.951969e-01	8.626639e-02	-1.771734e-01	9.025219e+00
11	-2.610583e+00	1.302734e+00	-2.619578e+00	1.191286e+01	-3.996052e+00	2.000000e-01	-3.989564e+00	1.474423e+00	1.001512e+00	8.595031e-02	4.177088e-02	9.014261e+00
12	1.391155e+00	1.502734e+00	1.375488e+00	1.250231e+01	4.001739e+00	2.000000e-01	3.995066e+00	5.894471e-01	9.952132e-01	8.563549e-02	-2.489369e-01	8.999732e+00
13	-2.535931e+00	1.702734e+00	-2.545195e+00	1.453239e+01	-3.927086e+00	2.000000e-01	-3.920683e+00	2.030088e+00	1.001521e+00	8.531425e-02	-8.924414e-02	8.991599e+00
14	1.276518e+00	1.902734e+00	1.261590e+00	1.758568e+01	3.812449e+00	2.000000e-01	3.806785e+00	3.053285e+00	9.952877e-01	8.498727e-02	2.593310e-01	9.009885e+00
15	-2.593122e+00	1.872390e+00	-2.602608e+00	1.660931e+01	-3.869640e+00	-3.034339e-02	-3.864198e+00	-9.763631e-01	9.974996e-01	8.500462e-02	1.942442e-01	9.009375e+00
16	1.383040e+00	2.072390e+00	1.367471e+00	1.953768e+01	3.976161e+00	2.000000e-01	3.970079e+00	2.928369e+00	9.947186e-01	8.486473e-02	2.691883e-01	9.013144e+00
17	-2.473278e+00	2.051685e+00	-2.482819e+00	2.009518e+01	-3.856317e+00	-2.070532e-02	-3.850289e+00	5.574963e-01	9.974505e-01	8.487940e-02	-1.177968e-01	9.011067e+00
18	1.339892e+00	2.133551e+00	1.324960e+00	2.092363e+01	3.813170e+00	8.186593e-02	3.807778e+00	8.284464e-01	9.968772e-01	8.486709e-02	4.054738e-04	9.013604e+00
19	-2.578889e+00	2.283149e+00	-2.588184e+00	2.225424e+01	-3.918782e+00	1.495979e-01	-3.913143e+00	1.330615e+00	1.001010e+00	8.470930e-02	3.878251e-03	9.013472e+00
20	1.289074e+00	2.387416e+00	1.273929e+00	2.287955e+01	3.867964e+00	1.042671e-01	3.862112e+00	6.253086e-01	9.969851e-01	8.460079e-02	-6.746119e-02	9.011549e+00
21	-2.541722e+00	2.538648e+00	-2.551360e+00	2.385914e+01	-3.830796e+00	1.512325e-01	-3.825289e+00	9.795864e-01	1.001091e+00	8.443872e-02	7.239189e-02	9.006028e+00
22	1.359232e+00	2.667639e+00	1.343956e+00	2.486880e+01	3.900953e+00	1.289906e-01	3.895316e+00	1.009667e+00	9.966215e-01	8.429094e-02	-2.102384e-02	9.002939e+00
23	-2.561603e+00	2.735692e+00	-2.570891e+00	2.584175e+01	-3.920835e+00	6.805360e-02	-3.914847e+00	9.729517e-01	9.994069e-01	8.424260e-02	-8.057703e-02	9.003972e+00
24	1.302161e+00	2.711206e+00	1.287032e+00	2.501529e+01	3.863764e+00	-2.448637e-02	3.857922e+00	-8.264657e-01	9.990845e-01	8.424464e-02	-1.444648e-01	9.004377e+00
25	-2.572239e+00	2.911206e+00	-2.581708e+00	2.686131e+01	-3.874400e+00	2.000000e-01	-3.868739e+00	1.846021e+00	1.002265e+00	8.408044e-02	-3.338829e-02	8.998643e+00
26	1.379600e+00	2.919466e+00	1.364126e+00	2.670242e+01	3.951839e+00	8.259543e-03	3.945833e+00	-1.588949e-01	9.989298e-01	8.407347e-02	-5.497012e-02	8.998598e+00
27	-2.512764e+00	3.023478e+00	-2.522163e+00	2.763927e+01	-3.892363e+00	1.040127e-01	-3.886289e+00	9.368537e-01	1.000403e+00	8.403411e-02	-9.058068e-03	8.997371e+00
28	1.245656e+00	3.045871e+00	1.230938e+00	2.587202e+01	3.758420e+00	2.239266e-02	3.753102e+00	-1.767250e+00	9.984734e-01	8.402262e-02	-4.374149e-01	8.994819e+00
29	-2.634319e+00	3.245871e+00	-2.643764e+00	2.782682e+01	-3.879975e+00	2.000000e-01	-3.874702e+00	1.954804e+00	1.002237e+00	8.382861e-02	-1.050646e-01	8.977688e+00
30	1.245645e+00	3.286434e+00	1.230452e+00	2.909003e+01	3.879964e+00	4.056254e-02	3.874216e+00	1.263207e+00	9.983842e-01	8.378833e-02	1.773288e-01	8.980640e+00
31	-2.630822e+00	3.150628e+00	-2.640283e+00	2.812346e+01	-3.876468e+00	-1.358053e-01	-3.870735e+00	-9.665713e-01	9.960406e-01	8.370622e-02	-2.585556e-02	8.973522e+00
32	1.104079e+00	3.214630e+00	1.089453e+00	2.686390e+01	3.734901e+00	6.400134e-02	3.729736e+00	-1.259560e+00	9.969891e-01	8.372248e-02	-4.122419e-01	8.966901e+00
33	-2.735854e+00	3.414630e+00	-2.745456e+00	3.137686e+01	-3.839934e+00	2.000000e-01	-3.834908e+00	4.512963e+00	1.002049e+00	8.345895e-02	-6.592618e-01	8.979766e+00
34	1.106450e+00	3.214630e+00	1.091403e+00	2.968446e+01	3.842304e+00	-2.000000e-01	3.836859e+00	-1.692400e+00	1.002782e+00	8.342079e-02	-8.650367e-02	8.949953e+00
35	-2.661508e+00	3.178384e+00	-2.671392e+00	2.944407e+01	-3.767958e+00	-3.624552e-02	-3.762795e+00	-2.403958e-01	9.986566e-01	8.338111e-02	-3.304009e-02	8.950467e+00
36	1.031753e+00	3.157325e+00	1.017287e+00	2.758692e+01	3.693261e+00	-2.105881e-02	3.688680e+00	-1.857141e+00	9.991357e-01	8.337838e-02	-3.799893e-01	8.952446e+00
37	-2.821163e+00	3.357325e+00	-2.830713e+00	2.966730e+01	-3.852916e+00	2.000000e-01	-3.848001e+00	2.080377e+00	1.002407e+00	8.320858e-02	-1.254543e-01	8.939233e+00
38	1.132649e+00	3.261893e+00	1.117167e+00	2.740567e+01	3.953812e+00	-9.543243e-02	3.947880e+00	-2.261628e+00	1.000808e+00	8.324716e-02	-3.197384e-01	8.943922e+00
39	-2.684883e+00	3.461893e+00	-2.694575e+00	2.828431e+01	-3.817532e+00	2.000000e-01	-3.811742e+00	8.786346e-01	1.002505e+00	8.315826e-02	1.453962e-01	8.919554e+00
40	9.408585e-01	3.610147e+00	9.266576e-01	3.177198e+01	3.625742e+00	1.482542e-01	3.621233e+00	3.487673e+00	9.966189e-01	8.291757e-02	5.173973e-01	8.934765e+00
41	-2.935781e+00	3.410147e+00	-2.945237e+00	2.955030e+01	-3.876640e+00	-2.000000e-01	-3.871895e+00	-2.221680e+00	9.948451e-01	8.282606e-02	1.784175e-01	8.917277e+00
42	8.477996e-01	3.355779e+00	8.329831e-01	3.110210e+01	3.783581e+00	-5.436854e-02	3.778220e+00	1.551803e+00	9.989523e-01	8.276704e-02	4.783243e-01	8.912967e+00
43	-2.934562e+00	3.155779e+00	-2.944389e+00	2.822579e+01	-3.782361e+00	-2.000000e-01	-3.777372e+00	-2.876317e+00	9.950878e-01	8.256269e-02	3.210489e-01	8.904651e+00
44	9.208458e-01	3.240537e+00	9.057472e-01	2.846646e+01	3.855408e+00	8.475875e-02	3.850136e+00	2.406713e-01	9.965355e-01	8.259452e-02	-5.926393e-02	8.896290e+00
45	-2.880845e+00	3.170774e+00	-2.890597e+00	2.726996e+01	-3.801691e+00	-6.976282e-02	-3.796344e+00	-1.196501e+00	9.969882e-01	8.260283e-02	1.165518e-01	8.899516e+00
46	5.540441e-01	3.191646e+00	5.405885e-01	2.752972e+01	3.434889e+00	2.087117e-02	3.431186e+00	2.597618e-01	9.981512e-01	8.260989e-02	3.938314e-02	8.899047e+00
47	3.051462e+00	3.052155e+00	3.041654e+00	2.679468e+01	2.497418e+00	-1.394904e-01	2.501065e+00	-7.350411e-01	1.003837e+00	8.229230e-02	1.566044e-01	8.892500e+00
48	2.104405e+00	2.890896e+00	2.108066e+00	2.667701e+01	-9.470566e-01	-1.612589e-01	-9.335873e-01	-1.176687e-01	9.944880e-01	8.070035e-02	-2.942260e-01	8.815736e+00
49	6.602308e-01	2.690896e+00	6.658864e-01	2.436701e+01	-1.444174e+00	-2.000000e-01	-1.442180e+00	-2.309995e+00	9.911046e-01	8.023179e-02	2.892945e-02	8.860488e+00
50	4.829129e-01	2.778768e+00	4.836276e-01	2.662717e+01	-1.773179e-01	8.787146e-02	-1.822587e-01	2.260156e+00	9.922254e-01	7.967634e-02	-9.388454e-02	8.921350e+00
51	1.050992e+00	2.578768e+00	1.048776e+00	2.571259e+01	5.680794e-01	-2.000000e-01	5.651484e-01	-9.145760e-01	9.962046e-01	7.827543e-02	1.169473e-01	8.847124e+00
52	8.254080e-01	2.378768e+00	8.262805e-01	2.435074e+01	-2.255843e-01	-2.000000e-01	-2.224955e-01	-1.361852e+00	9.943712e-01	7.664996e-02	7.246928e-02	8.807690e+00
53	3.538071e-01	2.178768e+00	3.556527e-01	2.298542e+01	-4.716009e-01	-2.000000e-01	-4.706278e-01	-1.365317e+00	9.916684e-01	7.550374e-02	-1.276158e-02	8.771545e+00
54	6.113283e-01	2.004324e+00	6.103296e-01	2.096664e+01	2.575212e-01	-1.744436e-01	2.546769e-01	-2.018781e+00	9.931237e-01	7.451796e-02	-6.939196e-02	8.809906e+00
55	8.226675e-01	2.053408e+00	8.218380e-01	2.040980e+01	2.113392e-01	4.908367e-02	2.115085e-01	-5.568416e-01	9.929241e-01	7.447160e-02	-1.649784e-01	8.787706e+00
56	6.632481e-01	2.121862e+00	6.638676e-01	2.048138e+01	-1.594194e-01	6.845414e-02	-1.579705e-01	7.157664e-02	9.932804e-01	7.431858e-02	-1.234791e-01	8.769886e+00
57	6.686158e-01	2.040799e+00	6.685973e-01	1.922619e+01	5.367720e-03	-8.106325e-02	4.729680e-03	-1.255183e+00	9.932942e-01	7.411047e-02	-1.248606e-01	8.790749e+00
58	9.611186e-01	2.004965e+00	9.599759e-01	1.959471e+01	2.925028e-01	-3.583408e-02	2.913786e-01	3.685192e-01	9.937593e-01	7.405349e-02	-2.898093e-02	8.779003e+00
59	1.153024e+00	1.804965e+00	1.152270e+00	1.803020e+01	1.919054e-01	-2.000000e-01	1.922940e-01	-1.564513e+00	9.951987e-01	7.255341e-02	-1.170096e-02	8.760994e+00
60	1.166034e+00	1.619312e+00	1.165980e+00	1.590777e+01	1.300958e-02	-1.856524e-01	1.370991e-02	-2.122428e+00	9.952852e-01	7.131968e-02	-1.471248e-02	8.803970e+00
61	1.214215e+00	1.628007e+00	1.214027e+00	1.571556e+01	4.818149e-02	8.694646e-03	4.804684e-02	-1.922100e-01	9.952731e-01	7.131751e-02	-2.083975e-02	8.802864e+00
62	1.329126e+00	1.517812e+00	1.328677e+00	1.393893e+01	1.149114e-01	-1.101947e-01	1.146502e-01	-1.776636e+00	9.957119e-01	7.089673e-02	-6.418662e-02	8.844432e+00
63	1.393862e+00	1.553845e+00	1.393607e+00	1.421869e+01	6.473566e-02	3.603339e-02	6.493064e-02	2.797603e-01	9.956480e-01	7.086119e-02	-6.525314e-02	8.843838e+00
64	1.381416e+00	1.357831e+00	1.381464e+00	1.244432e+01	-1.244602e-02	-1.960149e-01	-1.214377e-02	-1.774370e+00	9.955660e-01	6.956976e-02	-6.501152e-02	8.847643e+00
65	1.371166e+00	1.246883e+00	1.371206e+00	1.289045e+01	-1.025036e-02	-1.109479e-01	-1.025775e-02	4.461318e-01	9.955289e-01	6.916826e-02	-7.191706e-02	8.772899e+00
66	1.367838e+00	1.046883e+00	1.367851e+00	1.086897e+01	-3.328035e-03	-2.000000e-01	-3.355104e-03	-2.021480e+00	9.955076e-01	6.788375e-02	-7.150304e-02	8.797780e+00
67	1.354898e+00	9.029601e-01	1.354949e+00	8.993532e+00	-1.293945e-02	-1.439226e-01	-1.290201e-02	-1.875436e+00	9.954483e-01	6.722414e-02	-6.779159e-02	8.839061e+00
68	1.292524e+00	8.731398e-01	1.292768e+00	9.151347e+00	-6.237456e-02	-2.982033e-02	-6.218130e-02	1.578149e-01	9.953917e-01	6.719709e-02	-8.012200e-02	8.833166e+00
69	1.279508e+00	6.731398e-01	1.279560e+00	7.565597e+00	-1.301584e-02	-2.000000e-01	-1.320789e-02	-1.585750e+00	9.953118e-01	6.596896e-02	-8.121198e-02	8.816418e+00
70	1.263135e+00	4.731417e-01	1.263199e+00	4.710222e+00	-1.637321e-02	-1.999981e-01	-1.636085e-02	-2.855375e+00	9.952117e-01	6.474631e-02	-7.287585e-02	8.918243e+00
71	1.217347e+00	5.934017e-01	1.217526e+00	4.552244e+00	-4.578727e-02	1.202601e-01	-4.567233e-02	-1.579777e-01	9.953819e-01	6.429926e-02	-4.626184e-02	8.848342e+00
72	1.229448e+00	6.176852e-01	1.229401e+00	3.994138e+00	1.210047e-02	2.428349e-02	1.187480e-02	-5.581064e-01	9.953719e-01	6.427930e-02	-5.069983e-02	8.839436e+00
73	1.196967e+00	5.386083e-01	1.197093e+00	4.472381e+00	-3.248121e-02	-7.907691e-02	-3.230795e-02	4.782433e-01	9.952934e-01	6.408821e-02	-6.877151e-02	8.795439e+00
74	1.157486e+00	3.386083e-01	1.157640e+00	3.303909e+00	-3.948105e-02	-2.000000e-01	-3.945303e-02	-1.168472e+00	9.950609e-01	6.291001e-02	-7.957226e-02	8.740726e+00
75	1.183747e+00	1.386083e-01	1.183645e+00	2.095938e-01	2.626142e-02	-2.000000e-01	2.600473e-02	-3.094315e+00	9.952131e-01	6.175038e-02	-9.600425e-02	8.865867e+00
76	1.190933e+00	1.705979e-01	1.190905e+00	6.457144e-01	7.186243e-03	3.198960e-02	7.259753e-03	4.361207e-01	9.952068e-01	6.172201e-02	-9.548161e-02	8.868194e+00
77	1.185951e+00	1.138637e-01	1.185971e+00	2.724716e+00	-4.981797e-03	-5.673424e-02	-4.933979e-03	2.079002e+00	9.951984e-01	6.162716e-02	-1.015808e-01	8.798734e+00
78	1.106565e+00	0.000000e+00	1.106875e+00	1.346656e+00	-7.938658e-02	-1.138637e-01	-7.909575e-02	-1.378060e+00	9.949397e-01	6.125610e-02	-8.722886e-02	8.819319e+00
79	1.130301e+00	0.000000e+00	1.130209e+00	1.345655e+00	2.373598e-02	0.000000e+00	2.333429e-02	-1.001620e-03	9.949365e-01	6.125610e-02	1.000000e+00	9.000000e+00
80	1.107440e+00	0.000000e+00	1.107529e+00	0.000000e+00	-2.286095e-02	0.000000e+00	-2.268050e-02	-1.345655e+00	9.949358e-01	6.125610e-02	1.000000e+00	9.000000e+00
81	1.105863e+00	0.000000e+00	1.105869e+00	1.055624e+00	-1.577124e-03	0.000000e+00	-1.659559e-03	1.055624e+00	9.949359e-01	6.125610e-02	1.000000e+00	9.000000e+00
82	1.116046e+00	0.000000e+00	1.116006e+00	0.000000e+00	1.018307e-02	0.000000e+00	1.013681e-02	-1.055624e+00	9.949359e-01	6.125610e-02	1.000000e+00	9.000000e+00
83	1.100989e+00	0.000000e+00	1.101048e+00	0.000000e+00	-1.505651e-02	0.000000e+00	-1.495810e-02	0.000000e+00	9.949358e-01	6.125610e-02	1.000000e+00	9.000000e+00
84	1.115100e+00	0.000000e+00	1.115045e+00	0.000000e+00	1.411039e-02	0.000000e+00	1.399684e-02	0.000000e+00	9.949355e-01	6.125610e-02	1.000000e+00	9.000000e+00
85	1.102929e+00	0.000000e+00	1.102977e+00	1.348518e+00	-1.217036e-02	0.000000e+00	-1.206814e-02	1.348518e+00	9.949353e-01	6.125610e-02	1.000000e+00	9.000000e+00
86	1.113453e+00	0.000000e+00	1.113412e+00	5.734168e-01	1.052391e-02	0.000000e+00	1.043566e-02	-7.751015e-01	9.949351e-01	6.125610e-02	1.000000e+00	9.000000e+00
87	1.068835e+00	0.000000e+00	1.069009e+00	5.500925e-01	-4.461801e-02	0.000000e+00	-4.440296e-02	-2.332426e-02	9.949353e-01	6.125610e-02	1.000000e+00	9.000000e+00
88	1.066949e+00	0.000000e+00	1.066957e+00	2.027503e-01	-1.885898e-03	0.000000e+00	-2.051980e-03	-3.473422e-01	9.949355e-01	6.125610e-02	1.000000e+00	9.000000e+00
89	1.077804e+00	0.000000e+00	1.077761e+00	2.350711e-01	1.085434e-02	0.000000e+00	1.080393e-02	3.232079e-02	9.949355e-01	6.125610e-02	1.000000e+00	9.000000e+00
90	1.080538e+00	0.000000e+00	1.080528e+00	0.000000e+00	2.734656e-03	0.000000e+00	2.766177e-03	-2.350711e-01	9.949356e-01	6.125610e-02	1.000000e+00	9.000000e+00
91	1.068568e+00	0.000000e+00	1.068615e+00	0.000000e+00	-1.196998e-02	0.000000e+00	-1.191242e-02	0.000000e+00	9.949356e-01	6.125610e-02	1.000000e+00	9.000000e+00
92	1.074230e+00	0.000000e+00	1.074208e+00	0.000000e+00	5.661879e-03	0.000000e+00	5.593229e-03	0.000000e+00	9.949355e-01	6.125610e-02	1.000000e+00	9.000000e+00
93	1.072786e+00	0.000000e+00	1.072791e+00	6.297869e-01	-1.444376e-03	0.000000e+00	-1.416885e-03	6.297869e-01	9.949355e-01	6.125610e-02	1.000000e+00	9.000000e+00
94	1.077158e+00	0.000000e+00	1.077141e+00	0.000000e+00	4.372500e-03	0.000000e+00	4.349885e-03	-6.297869e-01	9.949355e-01	6.125610e-02	1.000000e+00	9.000000e+00
95	1.071736e+00	0.000000e+00	1.071757e+00	1.015432e+00	-5.422539e-03	0.000000e+00	-5.384365e-03	1.015432e+00	9.949354e-01	6.125610e-02	1.000000e+00	9.000000e+00
96	1.014015e+00	0.000000e+00	1.014240e+00	0.000000e+00	-5.772131e-02	0.000000e+00	-5.751687e-02	-1.015432e+00	9.949378e-01	6.125610e-02	1.000000e+00	9.000000e+00
97	1.029335e+00	0.000000e+00	1.029276e+00	4.125722e-01	1.532037e-02	0.000000e+00	1.503585e-02	4.125722e-01	9.949363e-01	6.125610e-02	1.000000e+00	9.000000e+00
98	1.039589e+00	0.000000e+00	1.039549e+00	0.000000e+00	1.025398e-02	0.000000e+00	1.027266e-02	-4.125722e-01	9.949367e-01	6.125610e-02	1.000000e+00	9.000000e+00
99	1.011746e+00	0.000000e+00	1.011854e+00	0.000000e+00	-2.784318e-02	0.000000e+00	-2.769429e-02	0.000000e+00	9.949366e-01	6.125610e-02	1.000000e+00	9.000000e+00
100	1.031626e+00	0.000000e+00	1.031548e+00	0.000000e+00	1.987979e-02	0.000000e+00	1.969396e-02	0.000000e+00	9.949358e-01	6.125610e-02	1.000000e+00	9.000000e+00
101	1.012821e+00	0.000000e+00	1.012894e+00	0.000000e+00	-1.880480e-02	0.000000e+00	-1.865441e-02	0.000000e+00	9.949353e-01	6.125610e-02	1.000000e+00	9.000000e+00
102	1.037834e+00	9.553103e-03	1.037736e+00	1.870614e+00	2.501297e-02	9.553103e-03	2.484240e-02	1.870614e+00	9.949278e-01	6.125324e-02	1.020899e+00	9.007982e+00
103	1.025036e+00	0.000000e+00	1.025086e+00	1.012032e+00	-1.279765e-02	-9.553103e-03	-1.265062e-02	-8.585817e-01	9.949237e-01	6.125021e-02	1.025515e+00	9.011428e+00
104	1.027206e+00	0.000000e+00	1.027197e+00	0.000000e+00	2.169488e-03	0.000000e+00	2.111597e-03	-1.012032e+00	9.949237e-01	6.125021e-02	1.000000e+00	9.000000e+00
105	1.006315e+00	0.000000e+00	1.006397e+00	0.000000e+00	-2.089023e-02	0.000000e+00	-2.080038e-02	0.000000e+00	9.949239e-01	6.125021e-02	1.000000e+00	9.000000e+00
106	1.020124e+00	0.000000e+00	1.020070e+00	0.000000e+00	1.380833e-02	0.000000e+00	1.367314e-02	0.000000e+00	9.949234e-01	6.125021e-02	1.000000e+00	9.000000e+00
107	1.011272e+00	5.757087e-03	1.011306e+00	4.372594e-01	-8.851904e-03	5.757087e-03	-8.763916e-03	4.372594e-01	9.949247e-01	6.124937e-02	9.983422e-01	9.001078e+00
108	1.033681e+00	0.000000e+00	1.033593e+00	7.028248e-01	2.240917e-02	-5.757087e-03	2.228740e-02	2.655654e-01	9.949284e-01	6.124843e-02	1.001482e+00	9.000272e+00
109	1.036043e+00	0.000000e+00	1.036034e+00	0.000000e+00	2.362582e-03	0.000000e+00	2.440413e-03	-7.028248e-01	9.949285e-01	6.124843e-02	1.000000e+00	9.000000e+00
110	9.908181e-01	0.000000e+00	9.909947e-01	1.277393e-01	-4.522538e-02	0.000000e+00	-4.503918e-02	1.277393e-01	9.949294e-01	6.124843e-02	1.000000e+00	9.000000e+00
111	1.025948e+00	0.000000e+00	1.025812e+00	0.000000e+00	3.513001e-02	0.000000e+00	3.481685e-02	-1.277393e-01	9.949272e-01	6.124843e-02	1.000000e+00	9.000000e+00
112	1.014776e+00	0.000000e+00	1.014819e+00	3.041922e-01	-1.117229e-02	0.000000e+00	-1.099265e-02	3.041922e-01	9.949265e-01	6.124843e-02	1.000000e+00	9.000000e+00
113	1.033072e+00	0.000000e+00	1.033000e+00	4.404109e-01	1.829596e-02	0.000000e+00	1.818156e-02	1.362188e-01	9.949263e-01	6.124843e-02	1.000000e+00	9.000000e+00
114	1.038786e+00	0.000000e+00	1.038763e+00	0.000000e+00	5.713972e-03	0.000000e+00	5.762674e-03	-4.404109e-01	9.949265e-01	6.124843e-02	1.000000e+00	9.000000e+00
115	1.003643e+00	0.000000e+00	1.003781e+00	0.000000e+00	-3.514230e-02	0.000000e+00	-3.498251e-02	0.000000e+00	9.949268e-01	6.124843e-02	1.000000e+00	9.000000e+00
116	1.023103e+00	1.923637e-02	1.023028e+00	2.100225e-02	1.945971e-02	1.923637e-02	1.924704e-02	2.100225e-02	9.949149e-01	6.123662e-02	9.984146e-01	8.998433e+00
117	1.041987e+00	5.617968e-02	1.041913e+00	0.000000e+00	1.888386e-02	3.694331e-02	1.888527e-02	-2.100225e-02	9.948955e-01	6.119867e-02	9.950781e-01	8.991905e+00
118	9.971202e-01	1.174270e-01	9.972951e-01	1.184912e+00	-4.486684e-02	6.124730e-02	-4.461781e-02	1.184912e+00	9.949747e-01	6.109052e-02	9.806527e-01	9.011597e+00
119	1.030796e+00	0.000000e+00	1.030665e+00	0.000000e+00	3.367581e-02	-1.174270e-01	3.336997e-02	-1.184912e+00	9.950865e-01	6.070091e-02	9.781165e-01	9.020441e+00
120	1.030653e+00	0.000000e+00	1.030653e+00	9.306411e-01	-1.429836e-04	0.000000e+00	-1.207360e-05	9.306411e-01	9.950865e-01	6.070091e-02	1.000000e+00	9.000000e+00
121	1.034200e+00	0.000000e+00	1.034187e+00	0.000000e+00	3.547475e-03	0.000000e+00	3.533571e-03	-9.306411e-01	9.950865e-01	6.070091e-02	1.000000e+00	9.000000e+00
122	1.022029e+00	0.000000e+00	1.022077e+00	0.000000e+00	-1.217103e-02	0.000000e+00	-1.210969e-02	0.000000e+00	9.950865e-01	6.070091e-02	1.000000e+00	9.000000e+00
123	1.023244e+00	0.000000e+00	1.023240e+00	0.000000e+00	1.214850e-03	0.000000e+00	1.162801e-03	0.000000e+00	9.950864e-01	6.070091e-02	1.000000e+00	9.000000e+00
124	1.025777e+00	0.000000e+00	1.025767e+00	0.000000e+00	2.532789e-03	0.000000e+00	2.527437e-03	0.000000e+00	9.950864e-01	6.070091e-02	1.000000e+00	9.000000e+00
125	1.023246e+00	2.136524e-02	1.023256e+00	1.124650e+00	-2.530719e-03	2.136524e-02	-2.510961e-03	1.124650e+00	9.950880e-01	6.068783e-02	9.988764e-01	9.009486e+00
126	1.033725e+00	0.000000e+00	1.033684e+00	0.000000e+00	1.047859e-02	-2.136524e-02	1.042785e-02	-1.124650e+00	9.950944e-01	6.067466e-02	9.941860e-01	9.019049e+00
127	1.019512e+00	0.000000e+00	1.019567e+00	6.824695e-01	-1.421308e-02	0.000000e+00	-1.411683e-02	6.824695e-01	9.950943e-01	6.067466e-02	1.000000e+00	9.000000e+00
128	1.032918e+00	0.000000e+00	1.032866e+00	0.000000e+00	1.340585e-02	0.000000e+00	1.329834e-02	-6.824695e-01	9.950940e-01	6.067466e-02	1.000000e+00	9.000000e+00
129	1.026508e+00	0.000000e+00	1.026533e+00	0.000000e+00	-6.409427e-03	0.000000e+00	-6.332444e-03	0.000000e+00	9.950939e-01	6.067466e-02	1.000000e+00	9.000000e+00
130	1.026214e+00	0.000000e+00	1.026215e+00	0.000000e+00	-2.946915e-04	0.000000e+00	-3.182764e-04	0.000000e+00	9.950939e-01	6.067466e-02	1.000000e+00	9.000000e+00
131	1.027998e+00	0.000000e+00	1.027991e+00	0.000000e+00	1.784055e-03	0.000000e+00	1.775843e-03	0.000000e+00	9.950939e-01	6.067466e-02	1.000000e+00	9.000000e+00
132	1.026337e+00	9.726258e-03	1.026344e+00	6.613229e-01	-1.660371e-03	9.726258e-03	-1.646948e-03	6.613229e-01	9.950943e-01	6.067196e-02	9.995462e-01	9.002658e+00
133	1.035595e+00	0.000000e+00	1.035559e+00	0.000000e+00	9.258106e-03	-9.726258e-03	9.215508e-03	-6.613229e-01	9.950969e-01	6.066922e-02	9.969825e-01	9.005352e+00
134	1.019441e+00	0.000000e+00	1.019504e+00	2.278253e-01	-1.615465e-02	0.000000e+00	-1.605555e-02	2.278253e-01	9.950968e-01	6.066922e-02	1.000000e+00	9.000000e+00
135	1.033230e+00	0.000000e+00	1.033176e+00	0.000000e+00	1.378901e-02	0.000000e+00	1.367243e-02	-2.278253e-01	9.950965e-01	6.066922e-02	1.000000e+00	9.000000e+00
136	1.023498e+00	1.619737e-02	1.023536e+00	0.000000e+00	-9.731481e-03	1.619737e-02	-9.640059e-03	0.000000e+00	9.951008e-01	6.066200e-02	1.000629e+00	8.998953e+00
137	1.033962e+00	5.423361e-02	1.033922e+00	3.437100e-01	1.046420e-02	3.803625e-02	1.038567e-02	3.437100e-01	9.950892e-01	6.061985e-02	1.000584e+00	8.998790e+00
138	1.038309e+00	4.469012e-02	1.038292e+00	6.513308e-01	4.346475e-03	-9.543488e-03	4.370066e-03	3.076208e-01	9.950905e-01	6.061703e-02	1.001387e+00	8.997026e+00
139	1.034145e+00	0.000000e+00	1.034162e+00	9.802385e-01	-4.163534e-03	-4.469012e-02	-4.130199e-03	3.289077e-01	9.950851e-01	6.055931e-02	9.999348e-01	8.981436e+00
140	1.031040e+00	0.000000e+00	1.031052e+00	0.000000e+00	-3.105561e-03	0.000000e+00	-3.109563e-03	-9.802385e-01	9.950851e-01	6.055931e-02	1.000000e+00	9.000000e+00
141	1.015624e+00	0.000000e+00	1.015684e+00	0.000000e+00	-1.541568e-02	0.000000e+00	-1.536761e-02	0.000000e+00	9.950853e-01	6.055931e-02	1.000000e+00	9.000000e+00
142	1.030500e+00	0.000000e+00	1.030442e+00	0.000000e+00	1.487606e-02	0.000000e+00	1.475792e-02	0.000000e+00	9.950850e-01	6.055931e-02	1.000000e+00	9.000000e+00
143	1.020229e+00	0.000000e+00	1.020269e+00	0.000000e+00	-1.027123e-02	0.000000e+00	-1.017346e-02	0.000000e+00	9.950848e-01	6.055931e-02	1.000000e+00	9.000000e+00
144	1.026503e+00	1.127038e-02	1.026479e+00	0.000000e+00	6.273907e-03	1.127038e-02	6.209659e-03	0.000000e+00	9.950827e-01	6.055547e-02	9.996790e-01	8.999423e+00
145	1.021523e+00	4.434127e-02	1.021542e+00	0.000000e+00	-4.979904e-03	3.307088e-02	-4.936194e-03	0.000000e+00	9.950873e-01	6.052433e-02	1.000371e+00	8.994829e+00
146	1.027699e+00	9.920301e-02	1.027675e+00	1.200581e+00	6.176263e-03	5.486174e-02	6.132855e-03	1.200581e+00	9.950776e-01	6.043760e-02	1.002424e+00	9.013067e+00
147	1.033412e+00	0.000000e+00	1.033390e+00	0.000000e+00	5.713035e-03	-9.920301e-02	5.714675e-03	-1.200581e+00	9.950939e-01	6.015507e-02	1.001581e+00	9.027705e+00
148	1.010296e+00	0.000000e+00	1.010387e+00	0.000000e+00	-2.311593e-02	0.000000e+00	-2.300331e-02	0.000000e+00	9.950939e-01	6.015507e-02	1.000000e+00	9.000000e+00
149	1.039913e+00	1.128501e-02	1.039797e+00	1.044531e+00	2.961648e-02	1.128501e-02	2.941093e-02	1.044531e+00	9.950835e-01	6.015111e-02	1.012842e+00	9.004893e+00
150	1.035545e+00	0.000000e+00	1.035562e+00	0.000000e+00	-4.367476e-03	-1.128501e-02	-4.235529e-03	-1.044531e+00	9.950818e-01	6.014688e-02	1.014789e+00	9.009924e+00
151	1.001990e+00	0.000000e+00	1.002122e+00	0.000000e+00	-3.355491e-02	0.000000e+00	-3.344038e-02	0.000000e+00	9.950826e-01	6.014688e-02	1.000000e+00	9.000000e+00
152	1.030918e+00	0.000000e+00	1.030805e+00	9.489992e-01	2.892738e-02	0.000000e+00	2.868376e-02	9.489992e-01	9.950812e-01	6.014688e-02	1.000000e+00	9.000000e+00
153	1.039295e+00	0.000000e+00	1.039262e+00	0.000000e+00	8.376846e-03	0.000000e+00	8.456170e-03	-9.489992e-01	9.950817e-01	6.014688e-02	1.000000e+00	9.000000e+00
154	1.011213e+00	0.000000e+00	1.011322e+00	0.000000e+00	-2.808212e-02	0.000000e+00	-2.793939e-02	0.000000e+00	9.950817e-01	6.014688e-02	1.000000e+00	9.000000e+00
155	1.015359e+00	0.000000e+00	1.015343e+00	0.000000e+00	4.146113e-03	0.000000e+00	4.020779e-03	0.000000e+00	9.950815e-01	6.014688e-02	1.000000e+00	9.000000e+00
156	1.020765e+00	0.000000e+00	1.020743e+00	0.000000e+00	5.405981e-03	0.000000e+00	5.400570e-03	0.000000e+00	9.950815e-01	6.014688e-02	1.000000e+00	9.000000e+00
157	1.015272e+00	4.660962e-03	1.015293e+00	0.000000e+00	-5.492944e-03	4.660962e-03	-5.450391e-03	0.000000e+00	9.950822e-01	6.014629e-02	1.000095e+00	8.999919e+00
158	1.020550e+00	3.107468e-02	1.020529e+00	0.000000e+00	5.278239e-03	2.641371e-02	5.236331e-03	0.000000e+00	9.950782e-01	6.012617e-02	9.994861e-01	8.996872e+00
159	1.014728e+00	7.923424e-02	1.014751e+00	0.000000e+00	-5.821629e-03	4.815956e-02	-5.778434e-03	0.000000e+00	9.950861e-01	6.006034e-02	1.000667e+00	8.987104e+00
160	1.023044e+00	1.491295e-01	1.023012e+00	6.542811e-01	8.315952e-03	6.989527e-02	8.260895e-03	6.542811e-01	9.950695e-01	5.992084e-02	1.000737e+00	8.987694e+00
161	1.034955e+00	1.092523e-01	1.034908e+00	1.220508e+00	1.191051e-02	-3.987721e-02	1.189625e-02	5.662268e-01	9.950833e-01	5.987477e-02	1.005896e+00	8.970421e+00
162	1.025147e+00	0.000000e+00	1.025185e+00	0.000000e+00	-9.808218e-03	-1.092523e-01	-9.723435e-03	-1.220508e+00	9.950528e-01	5.953545e-02	1.006964e+00	8.982316e+00
163	9.941428e-01	0.000000e+00	9.942641e-01	4.915273e-01	-3.100376e-02	0.000000e+00	-3.092063e-02	4.915273e-01	9.950539e-01	5.953545e-02	1.000000e+00	9.000000e+00
164	1.029991e+00	0.000000e+00	1.029852e+00	0.000000e+00	3.584840e-02	0.000000e+00	3.558758e-02	-4.915273e-01	9.950524e-01	5.953545e-02	1.000000e+00	9.000000e+00
165	1.008758e+00	0.000000e+00	1.008840e+00	0.000000e+00	-2.123335e-02	0.000000e+00	-2.101139e-02	0.000000e+00	9.950513e-01	5.953545e-02	1.000000e+00	9.000000e+00
166	1.022367e+00	0.000000e+00	1.022314e+00	0.000000e+00	1.360936e-02	0.000000e+00	1.347412e-02	0.000000e+00	9.950508e-01	5.953545e-02	1.000000e+00	9.000000e+00
167	1.012518e+00	7.895005e-03	1.012556e+00	0.000000e+00	-9.849289e-03	7.895005e-03	-9.758182e-03	0.000000e+00	9.950528e-01	5.953385e-02	1.000286e+00	8.999770e+00
168	1.022326e+00	3.749577e-02	1.022288e+00	3.453483e-01	9.807767e-03	2.960077e-02	9.731338e-03	3.453483e-01	9.950445e-01	5.950869e-02	1.000608e+00	9.000742e+00
169	1.037401e+00	1.946784e-02	1.037342e+00	0.000000e+00	1.507507e-02	-1.802793e-02	1.505420e-02	-3.453483e-01	9.950526e-01	5.949904e-02	9.991896e-01	9.002439e+00
170	9.791511e-01	6.126068e-02	9.793784e-01	4.204936e-01	-5.824967e-02	4.179284e-02	-5.796333e-02	4.204936e-01	9.951212e-01	5.944977e-02	9.963620e-01	9.004467e+00
171	1.028295e+00	4.036555e-02	1.028104e+00	1.270309e+00	4.914360e-02	-2.089513e-02	4.872522e-02	8.498158e-01	9.951460e-01	5.943923e-02	1.019416e+00	8.994665e+00
172	1.040294e+00	0.000000e+00	1.040246e+00	2.957885e-01	1.199887e-02	-4.036555e-02	1.214233e-02	-9.745210e-01	9.951608e-01	5.938940e-02	1.015864e+00	9.006613e+00
173	1.037445e+00	0.000000e+00	1.037456e+00	0.000000e+00	-2.848949e-03	0.000000e+00	-2.790389e-03	-2.957885e-01	9.951608e-01	5.938940e-02	1.000000e+00	9.000000e+00
174	9.919124e-01	0.000000e+00	9.920903e-01	0.000000e+00	-4.553218e-02	0.000000e+00	-4.536522e-02	0.000000e+00	9.951619e-01	5.938940e-02	1.000000e+00	9.000000e+00
175	1.010612e+00	0.000000e+00	1.010540e+00	0.000000e+00	1.869994e-02	0.000000e+00	1.844968e-02	0.000000e+00	9.951605e-01	5.938940e-02	1.000000e+00	9.000000e+00
176	1.013927e+00	2.686101e-04	1.013914e+00	2.930581e-01	3.314487e-03	2.686101e-04	3.373609e-03	2.930581e-01	9.951606e-01	5.938941e-02	1.000452e+00	9.000037e+00
177	1.036244e+00	0.000000e+00	1.036157e+00	0.000000e+00	2.231710e-02	-2.686101e-04	2.224311e-02	-2.930581e-01	9.951611e-01	5.938940e-02	9.971355e-01	9.000077e+00
178	9.953065e-01	1.717707e-02	9.954660e-01	4.354952e-01	-4.093750e-02	1.717707e-02	-4.069070e-02	4.354952e-01	9.951800e-01	5.938149e-02	9.908857e-01	9.002699e+00
179	1.025630e+00	0.000000e+00	1.025513e+00	1.371469e-01	3.032402e-02	-1.717707e-02	3.004661e-02	-2.983483e-01	9.951928e-01	5.937424e-02	9.883845e-01	9.004116e+00
180	1.043847e+00	0.000000e+00	1.043776e+00	1.401151e+00	1.821693e-02	0.000000e+00	1.826314e-02	1.264004e+00	9.951940e-01	5.937424e-02	1.000000e+00	9.000000e+00
181	9.575539e-01	0.000000e+00	9.578907e-01	0.000000e+00	-8.629352e-02	0.000000e+00	-8.588509e-02	-1.401151e+00	9.951942e-01	5.937424e-02	1.000000e+00	9.000000e+00
182	9.649212e-01	0.000000e+00	9.648938e-01	0.000000e+00	7.367323e-03	0.000000e+00	7.003056e-03	0.000000e+00	9.951931e-01	5.937424e-02	1.000000e+00	9.000000e+00
183	9.841975e-01	0.000000e+00	9.841221e-01	3.183617e-01	1.927625e-02	0.000000e+00	1.922830e-02	3.183617e-01	9.951935e-01	5.937424e-02	1.000000e+00	9.000000e+00
184	1.037554e+00	0.000000e+00	1.037346e+00	0.000000e+00	5.335691e-02	0.000000e+00	5.322360e-02	-3.183617e-01	9.951966e-01	5.937424e-02	1.000000e+00	9.000000e+00
185	9.511358e-01	1.256558e-02	9.514725e-01	7.918614e-01	-8.641861e-02	1.256558e-02	-8.587313e-02	7.918614e-01	9.952218e-01	5.937058e-02	9.687092e-01	9.004550e+00
186	1.007680e+00	0.000000e+00	1.007460e+00	0.000000e+00	5.654397e-02	-1.256558e-02	5.598765e-02	-7.918614e-01	9.952341e-01	5.936784e-02	9.490418e-01	9.008920e+00
187	9.312543e-01	0.000000e+00	9.315520e-01	0.000000e+00	-7.642543e-02	0.000000e+00	-7.590819e-02	0.000000e+00	9.952286e-01	5.936784e-02	1.000000e+00	9.000000e+00
188	9.676347e-01	6.121727e-03	9.674938e-01	5.226463e-01	3.638040e-02	6.121727e-03	3.594177e-02	5.226463e-01	9.952177e-01	5.936601e-02	1.007446e+00	9.001253e+00
189	1.010680e+00	0.000000e+00	1.010511e+00	1.278452e+00	4.304534e-02	-6.121727e-03	4.301759e-02	7.558054e-01	9.952288e-01	5.936444e-02	1.023125e+00	8.999023e+00
190	9.871914e-01	0.000000e+00	9.872825e-01	0.000000e+00	-2.348866e-02	0.000000e+00	-2.322887e-02	-1.278452e+00	9.952271e-01	5.936444e-02	1.000000e+00	9.000000e+00
191	9.456065e-01	0.000000e+00	9.457693e-01	1.764288e+00	-4.158492e-02	0.000000e+00	-4.151322e-02	1.764288e+00	9.952296e-01	5.936444e-02	1.000000e+00	9.000000e+00
192	9.915488e-01	0.000000e+00	9.913700e-01	2.539291e-01	4.594236e-02	0.000000e+00	4.560074e-02	-1.510359e+00	9.952270e-01	5.936444e-02	1.000000e+00	9.000000e+00
193	9.823580e-01	0.000000e+00	9.823932e-01	9.838711e-02	-9.190832e-03	0.000000e+00	-8.976802e-03	-1.555420e-01	9.952262e-01	5.936444e-02	1.000000e+00	9.000000e+00
194	9.708624e-01	0.000000e+00	9.709075e-01	0.000000e+00	-1.149557e-02	0.000000e+00	-1.148573e-02	-9.838711e-02	9.952265e-01	5.936444e-02	1.000000e+00	9.000000e+00
195	9.624425e-01	2.791150e-02	9.624755e-01	0.000000e+00	-8.419935e-03	2.791150e-02	-8.431911e-03	0.000000e+00	9.952333e-01	5.934179e-02	1.000971e+00	8.996783e+00
196	9.896545e-01	7.750062e-02	9.895484e-01	4.641697e-02	2.721206e-02	4.958913e-02	2.707282e-02	4.641697e-02	9.951952e-01	5.927236e-02	9.954606e-01	8.986742e+00
197	1.007091e+00	1.394558e-01	1.007023e+00	1.494789e+00	1.743665e-02	6.195517e-02	1.747429e-02	1.448372e+00	9.951658e-01	5.916808e-02	1.002686e+00	9.012416e+00
198	9.387550e-01	0.000000e+00	9.390217e-01	7.807222e-01	-6.833615e-02	-1.394558e-01	-6.800096e-02	-7.140671e-01	9.949010e-01	5.862769e-02	9.830807e-01	8.972406e+00
199	9.624567e-01	0.000000e+00	9.623651e-01	0.000000e+00	2.370162e-02	0.000000e+00	2.334341e-02	-7.807222e-01	9.948984e-01	5.862769e-02	1.000000e+00	9.000000e+00
200	9.736150e-01	0.000000e+00	9.735710e-01	0.000000e+00	1.115833e-02	0.000000e+00	1.120593e-02	0.000000e+00	9.948989e-01	5.862769e-02	1.000000e+00	9.000000e+00
201	9.457320e-01	0.000000e+00	9.458408e-01	0.000000e+00	-2.788299e-02	0.000000e+00	-2.773029e-02	0.000000e+00	9.948988e-01	5.862769e-02	1.000000e+00	9.000000e+00
202	1.004682e+00	0.000000e+00	1.004452e+00	0.000000e+00	5.894999e-02	0.000000e+00	5.861140e-02	0.000000e+00	9.948977e-01	5.862769e-02	1.000000e+00	9.000000e+00
203	9.834258e-01	2.720500e-03	9.835079e-01	4.947307e-01	-2.125619e-02	2.720500e-03	-2.094420e-02	4.947307e-01	9.948973e-01	5.862775e-02	9.950386e-01	9.000635e+00
204	9.628309e-01	0.000000e+00	9.629117e-01	0.000000e+00	-2.059491e-02	-2.720500e-03	-2.059628e-02	-4.947307e-01	9.948968e-01	5.862768e-02	9.994374e-01	9.001216e+00
205	9.707470e-01	1.424671e-03	9.707163e-01	0.000000e+00	7.916048e-03	1.424671e-03	7.804672e-03	0.000000e+00	9.948962e-01	5.862758e-02	9.993594e-01	9.001202e+00
206	9.738283e-01	2.450801e-02	9.738161e-01	2.017357e+00	3.081309e-03	2.308334e-02	3.099760e-03	2.017357e+00	9.948943e-01	5.861312e-02	1.002003e+00	9.021004e+00
207	9.576074e-01	0.000000e+00	9.576707e-01	2.192645e+00	-1.622085e-02	-2.450801e-02	-1.614538e-02	1.752881e-01	9.948833e-01	5.859649e-02	9.988248e-01	9.016203e+00
208	9.657536e-01	0.000000e+00	9.657220e-01	2.346613e-01	8.146202e-03	0.000000e+00	8.051313e-03	-1.957984e+00	9.948830e-01	5.859649e-02	1.000000e+00	9.000000e+00
209	9.752428e-01	1.645462e-02	9.752056e-01	3.108499e-01	9.489228e-03	1.645462e-02	9.483612e-03	7.618858e-02	9.948789e-01	5.858929e-02	9.996332e-01	8.999364e+00
210	9.553421e-01	1.813422e-02	9.554197e-01	1.006427e+00	-1.990069e-02	1.679600e-03	-1.978591e-02	6.955774e-01	9.948797e-01	5.858922e-02	9.930142e-01	8.999923e+00
211	9.492926e-01	0.000000e+00	9.493165e-01	0.000000e+00	-6.049578e-03	-1.813422e-02	-6.103236e-03	-1.006427e+00	9.948769e-01	5.858080e-02	9.954195e-01	9.007133e+00
212	9.558921e-01	0.000000e+00	9.558665e-01	6.211172e-01	6.599579e-03	0.000000e+00	6.549958e-03	6.211172e-01	9.948768e-01	5.858080e-02	1.000000e+00	9.000000e+00
213	9.569539e-01	0.000000e+00	9.569497e-01	0.000000e+00	1.061763e-03	0.000000e+00	1.083201e-03	-6.211172e-01	9.948769e-01	5.858080e-02	1.000000e+00	9.000000e+00
214	9.441874e-01	0.000000e+00	9.442372e-01	5.391315e-01	-1.276652e-02	0.000000e+00	-1.271242e-02	5.391315e-01	9.948769e-01	5.858080e-02	1.000000e+00	9.000000e+00
215	9.542981e-01	0.000000e+00	9.542588e-01	6.544701e-01	1.011067e-02	0.000000e+00	1.002152e-02	1.153387e-01	9.948767e-01	5.858080e-02	1.000000e+00	9.000000e+00
216	9.587002e-01	0.000000e+00	9.586829e-01	0.000000e+00	4.402156e-03	0.000000e+00	4.424106e-03	-6.544701e-01	9.948768e-01	5.858080e-02	1.000000e+00	9.000000e+00
217	9.116079e-01	0.000000e+00	9.117918e-01	0.000000e+00	-4.709227e-02	0.000000e+00	-4.689103e-02	0.000000e+00	9.948777e-01	5.858080e-02	1.000000e+00	9.000000e+00
218	1.016624e+00	0.000000e+00	1.016215e+00	9.680163e-02	1.050165e-01	0.000000e+00	1.044231e-01	9.680163e-02	9.948750e-01	5.858080e-02	1.000000e+00	9.000000e+00
219	9.695706e-01	0.000000e+00	9.697529e-01	0.000000e+00	-4.705379e-02	0.000000e+00	-4.646208e-02	-9.680163e-02	9.948672e-01	5.858080e-02	1.000000e+00	9.000000e+00
220	8.757841e-01	0.000000e+00	8.761511e-01	0.000000e+00	-9.378658e-02	0.000000e+00	-9.360171e-02	0.000000e+00	9.948803e-01	5.858080e-02	1.000000e+00	9.000000e+00
221	9.488044e-01	1.105065e-02	9.485206e-01	1.471307e+00	7.302031e-02	1.105065e-02	7.236944e-02	1.471307e+00	9.948483e-01	5.857596e-02	1.044927e+00	9.006799e+00
222	9.598788e-01	0.000000e+00	9.598345e-01	6.797130e-01	1.107446e-02	-1.105065e-02	1.131390e-02	-7.915941e-01	9.948533e-01	5.857101e-02	1.041226e+00	9.010492e+00
223	9.443139e-01	0.000000e+00	9.443745e-01	0.000000e+00	-1.556495e-02	0.000000e+00	-1.545996e-02	-6.797130e-01	9.948531e-01	5.857101e-02	1.000000e+00	9.000000e+00
224	9.281221e-01	0.000000e+00	9.281856e-01	5.824815e-02	-1.619176e-02	0.000000e+00	-1.618890e-02	5.824815e-02	9.948537e-01	5.857101e-02	1.000000e+00	9.000000e+00
225	9.427320e-01	0.000000e+00	9.426752e-01	0.000000e+00	1.460987e-02	0.000000e+00	1.448956e-02	-5.824815e-02	9.948534e-01	5.857101e-02	1.000000e+00	9.000000e+00
226	9.403237e-01	0.000000e+00	9.403329e-01	1.250666e+00	-2.408261e-03	0.000000e+00	-2.342254e-03	1.250666e+00	9.948534e-01	5.857101e-02	1.000000e+00	9.000000e+00
227	9.441207e-01	0.000000e+00	9.441059e-01	2.543523e-01	3.796996e-03	0.000000e+00	3.773015e-03	-9.963135e-01	9.948533e-01	5.857101e-02	1.000000e+00	9.000000e+00
228	9.413093e-01	0.000000e+00	9.413202e-01	0.000000e+00	-2.811460e-03	0.000000e+00	-2.785740e-03	-2.543523e-01	9.948533e-01	5.857101e-02	1.000000e+00	9.000000e+00
229	9.374113e-01	0.000000e+00	9.374265e-01	0.000000e+00	-3.898023e-03	0.000000e+00	-3.893678e-03	0.000000e+00	9.948534e-01	5.857101e-02	1.000000e+00	9.000000e+00
230	9.381115e-01	0.000000e+00	9.381088e-01	3.089737e-01	7.002068e-04	0.000000e+00	6.822619e-04	3.089737e-01	9.948534e-01	5.857101e-02	1.000000e+00	9.000000e+00
231	9.413203e-01	0.000000e+00	9.413077e-01	0.000000e+00	3.208827e-03	0.000000e+00	3.198958e-03	-3.089737e-01	9.948534e-01	5.857101e-02	1.000000e+00	9.000000e+00
232	9.394050e-01	0.000000e+00	9.394125e-01	0.000000e+00	-1.915269e-03	0.000000e+00	-1.895291e-03	0.000000e+00	9.948534e-01	5.857101e-02	1.000000e+00	9.000000e+00
233	9.389240e-01	1.709706e-02	9.389259e-01	0.000000e+00	-4.810457e-04	1.709706e-02	-4.865701e-04	0.000000e+00	9.948536e-01	5.856281e-02	1.000035e+00	8.998754e+00
234	9.397417e-01	5.585559e-02	9.397385e-01	0.000000e+00	8.177562e-04	3.875854e-02	8.126612e-04	0.000000e+00	9.948527e-01	5.852104e-02	9.998994e-01	8.992323e+00
235	9.391505e-01	1.162713e-01	9.391528e-01	9.363316e-02	-5.911829e-04	6.041570e-02	-5.856992e-04	9.363316e-02	9.948537e-01	5.841983e-02	1.000025e+00	8.979460e+00
236	9.463882e-01	1.795850e-01	9.463600e-01	9.025108e-01	7.237682e-03	6.331372e-02	7.207121e-03	8.088776e-01	9.948410e-01	5.830902e-02	1.000825e+00	8.986456e+00
237	9.449214e-01	9.413362e-02	9.449270e-01	1.290960e+00	-1.466811e-03	-8.545140e-02	-1.432929e-03	3.884489e-01	9.948376e-01	5.810645e-02	1.000021e+00	8.939632e+00
238	9.415486e-01	0.000000e+00	9.415618e-01	0.000000e+00	-3.372794e-03	-9.413362e-02	-3.365216e-03	-1.290960e+00	9.948288e-01	5.786340e-02	1.000733e+00	8.959489e+00
239	9.239366e-01	0.000000e+00	9.240055e-01	0.000000e+00	-1.761199e-02	0.000000e+00	-1.755634e-02	0.000000e+00	9.948291e-01	5.786340e-02	1.000000e+00	9.000000e+00
240	9.645064e-01	0.000000e+00	9.643482e-01	8.195527e-01	4.056976e-02	0.000000e+00	4.034270e-02	8.195527e-01	9.948288e-01	5.786340e-02	1.000000e+00	9.000000e+00
241	9.393462e-01	0.000000e+00	9.394438e-01	0.000000e+00	-2.516023e-02	0.000000e+00	-2.490436e-02	-8.195527e-01	9.948273e-01	5.786340e-02	1.000000e+00	9.000000e+00
242	9.171390e-01	0.000000e+00	9.172262e-01	0.000000e+00	-2.220713e-02	0.000000e+00	-2.221767e-02	0.000000e+00	9.948286e-01	5.786340e-02	1.000000e+00	9.000000e+00
243	9.657759e-01	0.000000e+00	9.655863e-01	0.000000e+00	4.863687e-02	0.000000e+00	4.836010e-02	0.000000e+00	9.948280e-01	5.786340e-02	1.000000e+00	9.000000e+00
244	9.354902e-01	0.000000e+00	9.356078e-01	2.296237e-01	-3.028570e-02	0.000000e+00	-2.997849e-02	2.296237e-01	9.948259e-01	5.786340e-02	1.000000e+00	9.000000e+00
245	9.335430e-01	0.000000e+00	9.335511e-01	1.294285e-01	-1.947178e-03	0.000000e+00	-2.056675e-03	-1.001952e-01	9.948260e-01	5.786340e-02	1.000000e+00	9.000000e+00
246	9.407404e-01	0.000000e+00	9.407123e-01	7.615534e-01	7.197374e-03	0.000000e+00	7.161225e-03	6.321249e-01	9.948260e-01	5.786340e-02	1.000000e+00	9.000000e+00
247	9.404880e-01	0.000000e+00	9.404888e-01	6.646626e-01	-2.524454e-04	0.000000e+00	-2.234857e-04	-9.689079e-02	9.948260e-01	5.786340e-02	1.000000e+00	9.000000e+00
248	9.390417e-01	0.000000e+00	9.390473e-01	0.000000e+00	-1.446265e-03	0.000000e+00	-1.441488e-03	-6.646626e-01	9.948260e-01	5.786340e-02	1.000000e+00	9.000000e+00
249	9.277046e-01	0.000000e+00	9.277489e-01	0.000000e+00	-1.133708e-02	0.000000e+00	-1.129843e-02	0.000000e+00	9.948261e-01	5.786340e-02	1.000000e+00	9.000000e+00
250	9.358509e-01	0.000000e+00	9.358192e-01	0.000000e+00	8.146283e-03	0.000000e+00	8.070327e-03	0.000000e+00	9.948260e-01	5.786340e-02	1.000000e+00	9.000000e+00
251	9.327006e-01	0.000000e+00	9.327127e-01	0.000000e+00	-3.150334e-03	0.000000e+00	-3.106504e-03	0.000000e+00	9.948259e-01	5.786340e-02	1.000000e+00	9.000000e+00
252	9.335061e-01	1.046681e-02	9.335030e-01	0.000000e+00	8.055171e-04	1.046681e-02	7.902358e-04	0.000000e+00	9.948257e-01	5.786033e-02	9.999637e-01	8.999528e+00
253	9.335096e-01	4.256743e-02	9.335096e-01	1.451887e+00	3.521558e-06	3.210062e-02	6.594660e-06	1.451887e+00	1.000000e+00	1.000000e-01	9.999656e-01	9.017252e+00
254	9.385868e-01	0.000000e+00	9.385669e-01	0.000000e+00	5.077158e-03	-4.256743e-02	5.057351e-03	-1.451887e+00	1.000010e+00	9.991441e-02	9.973800e-01	9.038930e+00
255	9.309609e-01	0.000000e+00	9.309906e-01	0.000000e+00	-7.625885e-03	0.000000e+00	-7.576341e-03	0.000000e+00	1.000010e+00	9.991441e-02	1.000000e+00	9.000000e+00
256	9.350156e-01	3.086910e-03	9.349999e-01	0.000000e+00	4.054749e-03	3.086910e-03	4.009315e-03	0.000000e+00	1.000009e+00	9.991389e-02	9.999387e-01	8.999953e+00
257	9.331318e-01	2.780584e-02	9.331391e-01	0.000000e+00	-1.883835e-03	2.471893e-02	-1.860815e-03	0.000000e+00	1.000012e+00	9.988517e-02	1.000136e+00	8.997364e+00
258	9.344217e-01	7.415412e-02	9.344167e-01	6.169782e-02	1.289920e-03	4.634827e-02	1.277612e-03	6.169782e-02	1.000009e+00	9.978309e-02	9.999177e-01	8.989522e+00
259	9.414428e-01	1.297854e-01	9.414154e-01	6.441613e-01	7.021129e-03	5.563133e-02	6.998693e-03	5.824634e-01	9.999901e-01	9.963604e-02	1.000169e+00	8.991510e+00
260	9.399730e-01	8.498389e-02	9.399787e-01	3.512598e-01	-1.469802e-03	-4.480156e-02	-1.436722e-03	-2.929015e-01	9.999870e-01	9.954044e-02	1.000091e+00	8.989141e+00
261	9.394595e-01	6.240733e-02	9.394615e-01	0.000000e+00	-5.135618e-04	-2.257656e-02	-5.171679e-04	-3.512598e-01	9.999865e-01	9.951638e-02	1.000127e+00	8.990726e+00
262	9.226463e-01	1.000759e-01	9.227120e-01	0.000000e+00	-1.681317e-02	3.766857e-02	-1.674951e-02	0.000000e+00	1.000016e+00	9.945050e-02	1.002695e+00	8.984972e+00
263	9.519143e-01	1.593553e-01	9.518003e-01	7.095163e-01	2.926803e-02	5.927935e-02	2.908827e-02	7.095163e-01	9.999316e-01	9.927980e-02	1.004742e+00	8.989117e+00
264	9.401095e-01	9.842578e-02	9.401552e-01	3.758139e-01	-1.180485e-02	-6.092948e-02	-1.164511e-02	-3.337024e-01	9.998968e-01	9.910048e-02	1.003478e+00	8.982593e+00
265	9.360093e-01	6.198220e-02	9.360255e-01	0.000000e+00	-4.100175e-03	-3.644358e-02	-4.129647e-03	-3.758139e-01	9.998899e-01	9.903852e-02	1.003564e+00	8.983360e+00
266	9.192337e-01	8.844040e-02	9.192993e-01	4.812659e-01	-1.677558e-02	2.645821e-02	-1.672618e-02	4.812659e-01	9.999104e-01	9.900620e-02	1.001490e+00	8.986632e+00
267	9.387867e-01	4.034335e-02	9.387106e-01	6.894097e-02	1.955297e-02	-4.809705e-02	1.941125e-02	-4.123249e-01	9.999532e-01	9.890075e-02	1.001493e+00	8.986624e+00
268	9.457536e-01	5.294777e-02	9.457261e-01	9.933457e-02	6.966948e-03	1.260442e-02	7.015559e-03	3.039360e-02	9.999493e-01	9.889358e-02	1.001196e+00	8.986086e+00
269	9.422203e-01	7.487735e-02	9.422340e-01	1.176322e-01	-3.533340e-03	2.192957e-02	-3.492133e-03	1.829764e-02	9.999528e-01	9.887142e-02	1.001490e+00	8.984261e+00
270	9.396214e-01	1.058148e-01	9.396316e-01	1.549074e+00	-2.598876e-03	3.093750e-02	-2.602365e-03	1.431442e+00	9.999566e-01	9.882644e-02	1.000063e+00	9.001242e+00
271	9.313349e-01	0.000000e+00	9.313673e-01	0.000000e+00	-8.286523e-03	-1.058148e-01	-8.264320e-03	-1.549074e+00	9.999156e-01	9.830268e-02	1.002366e+00	9.030647e+00
272	9.242962e-01	0.000000e+00	9.243239e-01	0.000000e+00	-7.038660e-03	0.000000e+00	-7.043448e-03	0.000000e+00	9.999156e-01	9.830268e-02	1.000000e+00	9.000000e+00
273	9.341664e-01	1.332909e-02	9.341279e-01	1.675466e+00	9.870132e-03	1.332909e-02	9.804063e-03	1.675466e+00	9.999092e-01	9.829398e-02	1.007245e+00	9.009785e+00
274	9.370691e-01	0.000000e+00	9.370576e-01	0.000000e+00	2.902722e-03	-1.332909e-02	2.929680e-03	-1.675466e+00	9.999110e-01	9.828551e-02	1.005097e+00	9.019650e+00
275	9.300837e-01	5.652134e-03	9.301110e-01	0.000000e+00	-6.985363e-03	5.652134e-03	-6.946632e-03	0.000000e+00	9.999127e-01	9.828412e-02	1.005243e+00	9.019532e+00
276	9.230950e-01	3.289499e-02	9.231224e-01	5.637580e-01	-6.988764e-03	2.724286e-02	-6.988599e-03	5.637580e-01	9.999216e-01	9.824948e-02	1.004164e+00	9.023736e+00
277	9.378829e-01	0.000000e+00	9.378253e-01	0.000000e+00	1.478795e-02	-3.289499e-02	1.470288e-02	-5.637580e-01	9.999437e-01	9.820033e-02	1.002186e+00	9.028136e+00
278	9.279236e-01	1.975116e-02	9.279623e-01	0.000000e+00	-9.959325e-03	1.975116e-02	-9.862988e-03	0.000000e+00	9.999524e-01	9.818303e-02	1.002982e+00	9.026557e+00
279	9.259366e-01	6.108973e-02	9.259445e-01	0.000000e+00	-1.987009e-03	4.133857e-02	-2.017774e-03	0.000000e+00	9.999563e-01	9.810280e-02	1.003332e+00	9.019276e+00
280	9.298523e-01	1.240125e-01	9.298370e-01	7.894218e-01	3.915688e-03	6.292274e-02	3.892510e-03	7.894218e-01	9.999448e-01	9.791798e-02	1.003737e+00	9.025778e+00
281	9.396246e-01	5.091348e-02	9.395863e-01	1.375680e+00	9.772273e-03	-7.309898e-02	9.749305e-03	5.862583e-01	9.999778e-01	9.767090e-02	1.009460e+00	8.982970e+00
282	9.360865e-01	0.000000e+00	9.361001e-01	0.000000e+00	-3.538088e-03	-5.091348e-02	-3.486184e-03	-1.375680e+00	9.999694e-01	9.754954e-02	1.010995e+00	9.005064e+00
283	9.268995e-01	0.000000e+00	9.269355e-01	2.108895e-01	-9.186935e-03	0.000000e+00	-9.164666e-03	2.108895e-01	9.999693e-01	9.754954e-02	1.000000e+00	9.000000e+00
284	9.381480e-01	0.000000e+00	9.381042e-01	6.151579e-01	1.124849e-02	0.000000e+00	1.116875e-02	4.042684e-01	9.999689e-01	9.754954e-02	1.000000e+00	9.000000e+00
285	9.410319e-01	0.000000e+00	9.410205e-01	0.000000e+00	2.883900e-03	0.000000e+00	2.916263e-03	-6.151579e-01	9.999689e-01	9.754954e-02	1.000000e+00	9.000000e+00
286	9.220643e-01	0.000000e+00	9.221383e-01	0.000000e+00	-1.896767e-02	0.000000e+00	-1.888219e-02	0.000000e+00	9.999681e-01	9.754954e-02	1.000000e+00	9.000000e+00
287	9.538651e-01	0.000000e+00	9.537412e-01	9.906390e-01	3.180085e-02	0.000000e+00	3.160287e-02	9.906390e-01	9.999652e-01	9.754954e-02	1.000000e+00	9.000000e+00
288	9.355406e-01	0.000000e+00	9.356117e-01	0.000000e+00	-1.832452e-02	0.000000e+00	-1.812949e-02	-9.906390e-01	9.999635e-01	9.754954e-02	1.000000e+00	9.000000e+00
289	9.137914e-01	0.000000e+00	9.138767e-01	0.000000e+00	-2.174916e-02	0.000000e+00	-2.173502e-02	0.000000e+00	9.999633e-01	9.754954e-02	1.000000e+00	9.000000e+00
290	9.578999e-01	0.000000e+00	9.577279e-01	0.000000e+00	4.410844e-02	0.000000e+00	4.385124e-02	0.000000e+00	9.999580e-01	9.754954e-02	1.000000e+00	9.000000e+00
291	9.236902e-01	0.000000e+00	9.238232e-01	1.170586e+00	-3.420965e-02	0.000000e+00	-3.390473e-02	1.170586e+00	9.999531e-01	9.754954e-02	1.000000e+00	9.000000e+00
292	9.356223e-01	0.000000e+00	9.355762e-01	1.777335e-01	1.193214e-02	0.000000e+00	1.175309e-02	-9.928523e-01	9.999520e-01	9.754954e-02	1.000000e+00	9.000000e+00
293	9.428009e-01	0.000000e+00	9.427727e-01	0.000000e+00	7.178571e-03	0.000000e+00	7.196440e-03	-1.777335e-01	9.999521e-01	9.754954e-02	1.000000e+00	9.000000e+00
294	9.257965e-01	0.000000e+00	9.258628e-01	0.000000e+00	-1.700445e-02	0.000000e+00	-1.690992e-02	0.000000e+00	9.999514e-01	9.754954e-02	1.000000e+00	9.000000e+00
295	9.474041e-01	0.000000e+00	9.473200e-01	6.533759e-01	2.160765e-02	0.000000e+00	2.145720e-02	6.533759e-01	9.999498e-01	9.754954e-02	1.000000e+00	9.000000e+00
296	9.425953e-01	0.000000e+00	9.426137e-01	0.000000e+00	-4.808830e-03	0.000000e+00	-4.706228e-03	-6.533759e-01	9.999496e-01	9.754954e-02	1.000000e+00	9.000000e+00
297	9.240603e-01	0.000000e+00	9.241328e-01	0.000000e+00	-1.853498e-02	0.000000e+00	-1.848096e-02	0.000000e+00	9.999491e-01	9.754954e-02	1.000000e+00	9.000000e+00
298	9.448737e-01	0.000000e+00	9.447926e-01	0.000000e+00	2.081336e-02	0.000000e+00	2.065987e-02	0.000000e+00	9.999476e-01	9.754954e-02	1.000000e+00	9.000000e+00
299	9.222216e-01	4.953454e-03	9.223098e-01	9.545270e-01	-2.265203e-02	4.953454e-03	-2.248285e-02	9.545270e-01	9.999510e-01	9.754880e-02	9.899682e-01	9.002194e+00
300	9.372010e-01	0.000000e+00	9.371429e-01	0.000000e+00	1.497941e-02	-4.953454e-03	1.483307e-02	-9.545270e-01	9.999534e-01	9.754801e-02	9.833891e-01	9.004369e+00
301	9.384950e-01	0.000000e+00	9.384897e-01	0.000000e+00	1.293957e-03	0.000000e+00	1.346844e-03	0.000000e+00	9.999534e-01	9.754801e-02	1.000000e+00	9.000000e+00
302	9.330337e-01	0.000000e+00	9.330550e-01	4.826751e-01	-5.461320e-03	0.000000e+00	-5.434726e-03	4.826751e-01	9.999534e-01	9.754801e-02	1.000000e+00	9.000000e+00
303	9.389147e-01	0.000000e+00	9.388918e-01	0.000000e+00	5.881059e-03	0.000000e+00	5.836857e-03	-4.826751e-01	9.999532e-01	9.754801e-02	1.000000e+00	9.000000e+00
304	9.345497e-01	0.000000e+00	9.345667e-01	0.000000e+00	-4.365000e-03	0.000000e+00	-4.325149e-03	0.000000e+00	9.999532e-01	9.754801e-02	1.000000e+00	9.000000e+00
305	9.402839e-01	5.311696e-03	9.402616e-01	6.084100e-02	5.734182e-03	5.311696e-03	5.694888e-03	6.084100e-02	9.999516e-01	9.754660e-02	1.000020e+00	9.000018e+00
306	9.413527e-01	2.005738e-02	9.413484e-01	8.647030e-01	1.068758e-03	1.474568e-02	1.086829e-03	8.038620e-01	9.999509e-01	9.753666e-02	1.000360e+00	9.004711e+00
307	9.377471e-01	0.000000e+00	9.377612e-01	7.951007e-01	-3.605550e-03	-2.005738e-02	-3.587220e-03	-6.960235e-02	9.999475e-01	9.751785e-02	1.000164e+00	9.003620e+00
308	9.378178e-01	0.000000e+00	9.378176e-01	0.000000e+00	7.068624e-05	0.000000e+00	5.639754e-05	-7.951007e-01	9.999475e-01	9.751785e-02	1.000000e+00	9.000000e+00
309	9.322150e-01	0.000000e+00	9.322369e-01	0.000000e+00	-5.602781e-03	0.000000e+00	-5.580674e-03	0.000000e+00	9.999475e-01	9.751785e-02	1.000000e+00	9.000000e+00
310	9.365352e-01	0.000000e+00	9.365184e-01	0.000000e+00	4.320183e-03	0.000000e+00	4.281508e-03	0.000000e+00	9.999474e-01	9.751785e-02	1.000000e+00	9.000000e+00
311	9.348781e-01	0.000000e+00	9.348845e-01	0.000000e+00	-1.657093e-03	0.000000e+00	-1.633895e-03	0.000000e+00	9.999474e-01	9.751785e-02	1.000000e+00	9.000000e+00
312	9.354420e-01	1.800463e-03	9.354398e-01	8.705045e-01	5.638853e-04	1.800463e-03	5.553002e-04	8.705045e-01	9.999473e-01	9.751769e-02	1.000229e+00	9.000730e+00
313	9.392634e-01	0.000000e+00	9.392485e-01	0.000000e+00	3.821405e-03	-1.800463e-03	3.808647e-03	-8.705045e-01	9.999476e-01	9.751755e-02	9.986710e-01	9.001464e+00
314	9.328171e-01	0.000000e+00	9.328422e-01	0.000000e+00	-6.446328e-03	0.000000e+00	-6.406269e-03	0.000000e+00	9.999475e-01	9.751755e-02	1.000000e+00	9.000000e+00
315	9.361280e-01	0.000000e+00	9.361151e-01	1.268527e+00	3.310906e-03	0.000000e+00	3.272948e-03	1.268527e+00	9.999475e-01	9.751755e-02	1.000000e+00	9.000000e+00
316	9.390803e-01	0.000000e+00	9.390687e-01	0.000000e+00	2.952335e-03	0.000000e+00	2.953587e-03	-1.268527e+00	9.999475e-01	9.751755e-02	1.000000e+00	9.000000e+00
317	9.329992e-01	0.000000e+00	9.330229e-01	0.000000e+00	-6.081098e-03	0.000000e+00	-6.045806e-03	0.000000e+00	9.999474e-01	9.751755e-02	1.000000e+00	9.000000e+00
318	9.328254e-01	0.000000e+00	9.328262e-01	0.000000e+00	-1.738386e-04	0.000000e+00	-1.967759e-04	0.000000e+00	9.999474e-01	9.751755e-02	1.000000e+00	9.000000e+00
319	9.343837e-01	4.018980e-03	9.343776e-01	1.269129e-01	1.558328e-03	4.018980e-03	1.551472e-03	1.269129e-01	9.999471e-01	9.751679e-02	1.000066e+00	9.000170e+00
320	9.402676e-01	4.283331e-03	9.402446e-01	1.570947e+00	5.883897e-03	2.643519e-04	5.866974e-03	1.444034e+00	9.999469e-01	9.751679e-02	1.004079e+00	9.000351e+00
321	9.456993e-01	0.000000e+00	9.456780e-01	1.260085e+00	5.431725e-03	-4.283331e-03	5.433425e-03	-3.108623e-01	9.999480e-01	9.751593e-02	1.003362e+00	9.000916e+00
322	9.421103e-01	0.000000e+00	9.421243e-01	0.000000e+00	-3.589005e-03	0.000000e+00	-3.553761e-03	-1.260085e+00	9.999480e-01	9.751593e-02	1.000000e+00	9.000000e+00
323	9.357408e-01	0.000000e+00	9.357658e-01	6.172869e-01	-6.369490e-03	0.000000e+00	-6.358491e-03	6.172869e-01	9.999479e-01	9.751593e-02	1.000000e+00	9.000000e+00
324	9.431070e-01	0.000000e+00	9.430783e-01	0.000000e+00	7.366174e-03	0.000000e+00	7.312562e-03	-6.172869e-01	9.999477e-01	9.751593e-02	1.000000e+00	9.000000e+00
325	9.397598e-01	0.000000e+00	9.397728e-01	0.000000e+00	-3.347178e-03	0.000000e+00	-3.305538e-03	0.000000e+00	9.999477e-01	9.751593e-02	1.000000e+00	9.000000e+00
326	9.411111e-01	0.000000e+00	9.411059e-01	0.000000e+00	1.351282e-03	0.000000e+00	1.333091e-03	0.000000e+00	9.999477e-01	9.751593e-02	1.000000e+00	9.000000e+00
327	9.406293e-01	0.000000e+00	9.406312e-01	2.832229e-01	-4.817661e-04	0.000000e+00	-4.746769e-04	2.832229e-01	9.999477e-01	9.751593e-02	1.000000e+00	9.000000e+00
328	9.441597e-01	0.000000e+00	9.441460e-01	0.000000e+00	3.530397e-03	0.000000e+00	3.514752e-03	-2.832229e-01	9.999476e-01	9.751593e-02	1.000000e+00	9.000000e+00
329	9.375504e-01	8.552062e-03	9.375762e-01	0.000000e+00	-6.609325e-03	8.552062e-03	-6.569778e-03	0.000000e+00	9.999501e-01	9.751270e-02	1.000221e+00	8.999714e+00
330	9.451421e-01	3.868503e-02	9.451125e-01	4.733227e-01	7.591683e-03	3.013297e-02	7.536365e-03	4.733227e-01	9.999394e-01	9.746988e-02	1.000922e+00	9.002497e+00
331	9.451920e-01	0.000000e+00	9.451917e-01	0.000000e+00	4.993753e-05	-3.868503e-02	7.918138e-05	-4.733227e-01	9.999394e-01	9.740011e-02	1.000919e+00	9.004795e+00
332	9.325592e-01	3.077047e-02	9.326086e-01	8.153783e-01	-1.263280e-02	3.077047e-02	-1.258315e-02	8.153783e-01	9.999571e-01	9.735704e-02	9.976150e-01	9.012843e+00
333	9.438511e-01	0.000000e+00	9.438072e-01	0.000000e+00	1.129191e-02	-3.077047e-02	1.119865e-02	-8.153783e-01	9.999727e-01	9.731464e-02	9.946702e-01	9.020867e+00
334	9.407090e-01	6.786036e-04	9.407211e-01	1.208974e-01	-3.142183e-03	6.786036e-04	-3.086164e-03	1.208974e-01	9.999727e-01	9.731463e-02	9.944942e-01	9.020905e+00
335	9.437135e-01	0.000000e+00	9.437018e-01	2.013936e-01	3.004567e-03	-6.786036e-04	2.980775e-03	8.049616e-02	9.999728e-01	9.731462e-02	9.946136e-01	9.020878e+00
336	9.449794e-01	0.000000e+00	9.449744e-01	1.897079e-01	1.265873e-03	0.000000e+00	1.272572e-03	-1.168569e-02	9.999728e-01	9.731462e-02	1.000000e+00	9.000000e+00
337	9.444719e-01	0.000000e+00	9.444739e-01	0.000000e+00	-5.075055e-04	0.000000e+00	-5.005521e-04	-1.897079e-01	9.999728e-01	9.731462e-02	1.000000e+00	9.000000e+00
338	9.367055e-01	4.099972e-02	9.367358e-01	1.091182e+00	-7.766404e-03	4.099972e-02	-7.738022e-03	1.091182e+00	9.999874e-01	9.723753e-02	9.973095e-01	9.014203e+00
339	9.443506e-01	0.000000e+00	9.443208e-01	0.000000e+00	7.645055e-03	-4.099972e-02	7.584965e-03	-1.091182e+00	1.000002e+00	9.716113e-02	9.946637e-01	9.028393e+00
340	9.419017e-01	0.000000e+00	9.419112e-01	0.000000e+00	-2.448842e-03	0.000000e+00	-2.409648e-03	0.000000e+00	1.000002e+00	9.716113e-02	1.000000e+00	9.000000e+00
341	9.433958e-01	7.711454e-03	9.433900e-01	6.233089e-01	1.494118e-03	7.711454e-03	1.478869e-03	6.233089e-01	1.000001e+00	9.715833e-02	1.000392e+00	9.002023e+00
342	9.444788e-01	0.000000e+00	9.444745e-01	0.000000e+00	1.082933e-03	-7.711454e-03	1.084480e-03	-6.233089e-01	1.000001e+00	9.715558e-02	1.000107e+00	9.004056e+00
343	9.404954e-01	0.000000e+00	9.405109e-01	0.000000e+00	-3.983402e-03	0.000000e+00	-3.963606e-03	0.000000e+00	1.000001e+00	9.715558e-02	1.000000e+00	9.000000e+00
344	9.449390e-01	1.645216e-02	9.449217e-01	0.000000e+00	4.443596e-03	1.645216e-02	4.410755e-03	0.000000e+00	9.999979e-01	9.714283e-02	9.996781e-01	8.998808e+00
345	9.389391e-01	5.447879e-02	9.389625e-01	2.534539e-01	-5.999849e-03	3.802663e-02	-5.959183e-03	2.534539e-01	1.000008e+00	9.707689e-02	9.999138e-01	8.997315e+00
346	9.433366e-01	6.349911e-02	9.433195e-01	1.789059e+00	4.397526e-03	9.020322e-03	4.357070e-03	1.535605e+00	1.000006e+00	9.707296e-02	1.002943e+00	9.003528e+00
347	9.446018e-01	0.000000e+00	9.445968e-01	0.000000e+00	1.265175e-03	-6.349911e-02	1.277253e-03	-1.789059e+00	1.000010e+00	9.688705e-02	1.002212e+00	9.040209e+00
348	9.408792e-01	1.795479e-02	9.408937e-01	0.000000e+00	-3.722601e-03	1.795479e-02	-3.703070e-03	0.000000e+00	1.000013e+00	9.687239e-02	1.002492e+00	9.038857e+00
349	9.445243e-01	5.748298e-02	9.445101e-01	1.715075e+00	3.645053e-03	3.952819e-02	3.616349e-03	1.715075e+00	1.000006e+00	9.680001e-02	1.004835e+00	9.064262e+00
350	9.439985e-01	0.000000e+00	9.440005e-01	0.000000e+00	-5.257806e-04	-5.748298e-02	-5.096004e-04	-1.715075e+00	1.000005e+00	9.664789e-02	1.005132e+00	9.096796e+00
351	9.411480e-01	9.837518e-03	9.411591e-01	6.121155e-01	-2.850507e-03	9.837518e-03	-2.841363e-03	6.121155e-01	1.000006e+00	9.664349e-02	1.004421e+00	9.099252e+00
352	9.599223e-01	0.000000e+00	9.598490e-01	0.000000e+00	1.877431e-02	-9.837518e-03	1.868988e-02	-6.121155e-01	1.000014e+00	9.663944e-02	9.995933e-01	9.101781e+00
353	9.426416e-01	0.000000e+00	9.427088e-01	2.872798e-02	-1.728070e-02	0.000000e+00	-1.714019e-02	2.872798e-02	1.000013e+00	9.663944e-02	1.000000e+00	9.000000e+00
354	9.402101e-01	1.384990e-02	9.402199e-01	9.267104e-02	-2.431480e-03	1.384990e-02	-2.488936e-03	6.394307e-02	1.000015e+00	9.663026e-02	1.000067e+00	8.999617e+00
355	9.439095e-01	3.393256e-02	9.438951e-01	1.161666e+00	3.699441e-03	2.008266e-02	3.675268e-03	1.068995e+00	1.000011e+00	9.661152e-02	1.001621e+00	9.008053e+00
356	9.653668e-01	0.000000e+00	9.652830e-01	0.000000e+00	2.145730e-02	-3.393256e-02	2.138784e-02	-1.161666e+00	1.000044e+00	9.655984e-02	9.926850e-01	9.022185e+00
357	9.465323e-01	0.000000e+00	9.466055e-01	0.000000e+00	-1.883457e-02	0.000000e+00	-1.867745e-02	0.000000e+00	1.000042e+00	9.655984e-02	1.000000e+00	9.000000e+00
358	9.799293e-01	0.000000e+00	9.797992e-01	3.091529e-02	3.339706e-02	0.000000e+00	3.319364e-02	3.091529e-02	1.000039e+00	9.655984e-02	1.000000e+00	9.000000e+00
359	9.639137e-01	6.045549e-03	9.639758e-01	0.000000e+00	-1.601562e-02	6.045549e-03	-1.582340e-02	-3.091529e-02	1.000042e+00	9.655872e-02	1.000527e+00	8.999801e+00
360	9.404003e-01	3.705558e-02	9.404924e-01	9.076031e-01	-2.351343e-02	3.101003e-02	-2.348339e-02	9.076031e-01	1.000075e+00	9.651511e-02	9.932501e-01	9.009398e+00
361	9.593022e-01	0.000000e+00	9.592288e-01	0.000000e+00	1.890197e-02	-3.705558e-02	1.873640e-02	-9.076031e-01	1.000106e+00	9.645515e-02	9.879347e-01	9.019819e+00
362	9.674728e-01	0.000000e+00	9.674406e-01	1.224796e-01	8.170518e-03	0.000000e+00	8.211791e-03	1.224796e-01	1.000106e+00	9.645515e-02	1.000000e+00	9.000000e+00
363	9.577237e-01	0.000000e+00	9.577617e-01	0.000000e+00	-9.749032e-03	0.000000e+00	-9.678873e-03	-1.224796e-01	1.000106e+00	9.645515e-02	1.000000e+00	9.000000e+00
364	9.636149e-01	2.479041e-02	9.635921e-01	0.000000e+00	5.891185e-03	2.479041e-02	5.830364e-03	0.000000e+00	1.000099e+00	9.642628e-02	9.993594e-01	8.997304e+00
365	9.561845e-01	7.114960e-02	9.562134e-01	1.593638e-02	-7.430437e-03	4.635918e-02	-7.378637e-03	1.593638e-02	1.000114e+00	9.632910e-02	1.000748e+00	8.988643e+00
366	9.426833e-01	1.358959e-01	9.427362e-01	0.000000e+00	-1.350116e-02	6.474632e-02	-1.347724e-02	-1.593638e-02	1.000154e+00	9.613849e-02	1.004487e+00	8.970709e+00
367	9.605740e-01	2.239539e-01	9.605043e-01	1.021930e+00	1.789069e-02	8.805795e-02	1.776816e-02	1.021930e+00	1.000081e+00	9.578059e-02	1.006299e+00	8.979625e+00
368	9.503508e-01	1.297460e-01	9.503905e-01	0.000000e+00	-1.022318e-02	-9.420784e-02	-1.011383e-02	-1.021930e+00	1.000037e+00	9.537371e-02	1.007100e+00	8.987007e+00
369	9.540152e-01	1.691855e-01	9.540010e-01	0.000000e+00	3.664363e-03	3.943944e-02	3.610542e-03	0.000000e+00	1.000031e+00	9.530229e-02	1.006477e+00	8.980303e+00
370	9.541563e-01	2.301799e-01	9.541557e-01	5.408269e-01	1.410676e-04	6.099446e-02	1.546203e-04	5.408269e-01	1.000030e+00	9.513458e-02	1.006476e+00	8.980098e+00
371	9.455141e-01	2.049019e-01	9.455479e-01	0.000000e+00	-8.642162e-03	-2.527805e-02	-8.607799e-03	-5.408269e-01	1.000020e+00	9.510530e-02	1.007728e+00	8.983761e+00
372	9.611091e-01	2.604676e-01	9.610483e-01	4.210737e-01	1.559495e-02	5.556571e-02	1.550041e-02	4.210737e-01	9.999804e-01	9.496355e-02	1.007035e+00	8.981288e+00
373	9.479433e-01	2.536531e-01	9.479945e-01	2.595162e-01	-1.316579e-02	-6.814484e-03	-1.305381e-02	-1.615576e-01	9.999756e-01	9.496109e-02	1.007579e+00	8.981570e+00
374	9.419938e-01	2.628172e-01	9.420172e-01	1.174629e+00	-5.949508e-03	9.164043e-03	-5.977259e-03	9.151129e-01	9.999781e-01	9.495718e-02	1.005209e+00	8.985221e+00
375	9.488558e-01	8.789218e-02	9.488291e-01	0.000000e+00	6.862063e-03	-1.749250e-01	6.811909e-03	-1.174629e+00	1.000031e+00	9.360196e-02	1.006461e+00	8.953288e+00
376	9.625779e-01	6.323324e-02	9.625242e-01	0.000000e+00	1.372213e-02	-2.465894e-02	1.369514e-02	0.000000e+00	1.000046e+00	9.357526e-02	1.007810e+00	8.950865e+00
377	9.513074e-01	6.011200e-02	9.513512e-01	9.350427e-01	-1.127052e-02	-3.121246e-03	-1.117300e-02	9.350427e-01	1.000044e+00	9.357468e-02	1.002594e+00	8.949420e+00
378	9.443531e-01	0.000000e+00	9.443804e-01	0.000000e+00	-6.954346e-03	-6.011200e-02	-6.970825e-03	-9.350427e-01	1.000026e+00	9.341482e-02	1.003880e+00	8.960539e+00
379	9.998677e-01	0.000000e+00	9.996510e-01	0.000000e+00	5.551465e-02	0.000000e+00	5.527057e-02	0.000000e+00	1.000019e+00	9.341482e-02	1.000000e+00	9.000000e+00
380	8.773841e-01	0.000000e+00	8.778617e-01	8.688284e-01	-1.224836e-01	0.000000e+00	-1.217893e-01	8.688284e-01	9.999789e-01	9.341482e-02	1.000000e+00	9.000000e+00
381	9.612469e-01	0.000000e+00	9.609212e-01	1.884815e-02	8.386280e-02	0.000000e+00	8.305947e-02	-8.499803e-01	9.999471e-01	9.341482e-02	1.000000e+00	9.000000e+00
382	9.768489e-01	0.000000e+00	9.767866e-01	0.000000e+00	1.560194e-02	0.000000e+00	1.586545e-02	-1.884815e-02	9.999490e-01	9.341482e-02	1.000000e+00	9.000000e+00
383	9.804097e-01	0.000000e+00	9.803955e-01	4.518806e-01	3.560809e-03	0.000000e+00	3.608874e-03	4.518806e-01	9.999491e-01	9.341482e-02	1.000000e+00	9.000000e+00
384	9.582439e-01	0.000000e+00	9.583304e-01	0.000000e+00	-2.216580e-02	0.000000e+00	-2.206512e-02	-4.518806e-01	9.999481e-01	9.341482e-02	1.000000e+00	9.000000e+00
385	9.914131e-01	0.000000e+00	9.912839e-01	0.000000e+00	3.316922e-02	0.000000e+00	3.295346e-02	0.000000e+00	9.999447e-01	9.341482e-02	1.000000e+00	9.000000e+00
386	9.699184e-01	0.000000e+00	9.700019e-01	5.393805e-01	-2.149466e-02	0.000000e+00	-2.128198e-02	5.393805e-01	9.999425e-01	9.341482e-02	1.000000e+00	9.000000e+00
387	9.539650e-01	0.000000e+00	9.540277e-01	0.000000e+00	-1.595341e-02	0.000000e+00	-1.597422e-02	-5.393805e-01	9.999427e-01	9.341482e-02	1.000000e+00	9.000000e+00
388	9.936831e-01	0.000000e+00	9.935282e-01	1.784339e-02	3.971806e-02	0.000000e+00	3.950051e-02	1.784339e-02	9.999386e-01	9.341482e-02	1.000000e+00	9.000000e+00
389	9.658535e-01	0.000000e+00	9.659616e-01	5.820419e-02	-2.782963e-02	0.000000e+00	-2.756662e-02	4.036080e-02	9.999352e-01	9.341482e-02	1.000000e+00	9.000000e+00
390	9.494071e-01	1.136780e-02	9.494718e-01	0.000000e+00	-1.644633e-02	1.136780e-02	-1.648977e-02	-5.820419e-02	9.999438e-01	9.340885e-02	1.001125e+00	8.999222e+00
391	9.935799e-01	5.064843e-02	9.934076e-01	6.334232e-01	4.417274e-02	3.928062e-02	4.393578e-02	6.334232e-01	9.998621e-01	9.333614e-02	1.006062e+00	9.003612e+00
392	9.689497e-01	0.000000e+00	9.690452e-01	0.000000e+00	-2.463017e-02	-5.064843e-02	-2.436233e-02	-6.334232e-01	9.998038e-01	9.321624e-02	1.007845e+00	9.007278e+00
393	9.766067e-01	2.556520e-02	9.765772e-01	0.000000e+00	7.656990e-03	2.556520e-02	7.531914e-03	0.000000e+00	9.997946e-01	9.318581e-02	1.006980e+00	9.004389e+00
394	9.785325e-01	7.266403e-02	9.785248e-01	1.288597e+00	1.925766e-03	4.709883e-02	1.947665e-03	1.288597e+00	9.997907e-01	9.308823e-02	1.007768e+00	9.023665e+00
395	9.618869e-01	0.000000e+00	9.619519e-01	9.793306e-01	-1.664556e-02	-7.266403e-02	-1.657293e-02	-3.092665e-01	9.997368e-01	9.285303e-02	1.004904e+00	9.011164e+00
396	9.832885e-01	0.000000e+00	9.832052e-01	4.901929e-01	2.140160e-02	0.000000e+00	2.125326e-02	-4.891376e-01	9.997353e-01	9.285303e-02	1.000000e+00	9.000000e+00
397	9.820475e-01	0.000000e+00	9.820520e-01	0.000000e+00	-1.240988e-03	0.000000e+00	-1.153120e-03	-4.901929e-01	9.997353e-01	9.285303e-02	1.000000e+00	9.000000e+00
398	9.965787e-01	0.000000e+00	9.965220e-01	0.000000e+00	1.453119e-02	0.000000e+00	1.446992e-02	0.000000e+00	9.997349e-01	9.285303e-02	1.000000e+00	9.000000e+00
399	9.847082e-01	0.000000e+00	9.847543e-01	0.000000e+00	-1.187053e-02	0.000000e+00	-1.176763e-02	0.000000e+00	9.997343e-01	9.285303e-02	1.000000e+00	9.000000e+00
400	9.917854e-01	0.000000e+00	9.917580e-01	0.000000e+00	7.077273e-03	0.000000e+00	7.003660e-03	0.000000e+00	9.997341e-01	9.285303e-02	1.000000e+00	9.000000e+00
401	9.879149e-01	0.000000e+00	9.879299e-01	0.000000e+00	-3.870515e-03	0.000000e+00	-3.828038e-03	0.000000e+00	9.997340e-01	9.285303e-02	1.000000e+00	9.000000e+00
402	9.899906e-01	0.000000e+00	9.899826e-01	4.898798e-01	2.075720e-03	0.000000e+00	2.052658e-03	4.898798e-01	9.997340e-01	9.285303e-02	1.000000e+00	9.000000e+00
403	9.765033e-01	0.000000e+00	9.765560e-01	0.000000e+00	-1.348731e-02	0.000000e+00	-1.342660e-02	-4.898798e-01	9.997336e-01	9.285303e-02	1.000000e+00	9.000000e+00
404	9.990612e-01	0.000000e+00	9.989733e-01	2.028481e-01	2.255786e-02	0.000000e+00	2.241730e-02	2.028481e-01	9.997322e-01	9.285303e-02	1.000000e+00	9.000000e+00
405	9.802738e-01	0.000000e+00	9.803469e-01	4.707218e-02	-1.878737e-02	0.000000e+00	-1.862641e-02	-1.557759e-01	9.997308e-01	9.285303e-02	1.000000e+00	9.000000e+00
406	9.701051e-01	7.241796e-03	9.701451e-01	7.808388e-01	-1.016876e-02	7.241796e-03	-1.020180e-02	7.337666e-01	9.997342e-01	9.285059e-02	9.967217e-01	9.002335e+00
407	9.770942e-01	0.000000e+00	9.770671e-01	1.904998e-01	6.989123e-03	-7.241796e-03	6.921971e-03	-5.903389e-01	9.997362e-01	9.284850e-02	9.949553e-01	9.004165e+00
408	1.001433e+00	0.000000e+00	1.001338e+00	0.000000e+00	2.433877e-02	0.000000e+00	2.427073e-02	-1.904998e-01	9.997355e-01	9.284850e-02	1.000000e+00	9.000000e+00
409	1.001935e+00	0.000000e+00	1.001933e+00	7.692049e-01	5.019907e-04	0.000000e+00	5.948373e-04	7.692049e-01	9.997355e-01	9.284850e-02	1.000000e+00	9.000000e+00
410	9.991823e-01	0.000000e+00	9.991930e-01	0.000000e+00	-2.752676e-03	0.000000e+00	-2.739600e-03	-7.692049e-01	9.997355e-01	9.284850e-02	1.000000e+00	9.000000e+00
411	9.950310e-01	0.000000e+00	9.950473e-01	2.763733e-01	-4.151240e-03	0.000000e+00	-4.145726e-03	2.763733e-01	9.997355e-01	9.284850e-02	1.000000e+00	9.000000e+00
412	9.974341e-01	0.000000e+00	9.974248e-01	0.000000e+00	2.403069e-03	0.000000e+00	2.377488e-03	-2.763733e-01	9.997355e-01	9.284850e-02	1.000000e+00	9.000000e+00
413	9.971423e-01	0.000000e+00	9.971434e-01	1.153730e+00	-2.918295e-04	0.000000e+00	-2.814025e-04	1.153730e+00	9.997355e-01	9.284850e-02	1.000000e+00	9.000000e+00
414	1.003393e+00	0.000000e+00	1.003369e+00	1.464597e-01	6.250807e-03	0.000000e+00	6.225290e-03	-1.007271e+00	9.997354e-01	9.284850e-02	1.000000e+00	9.000000e+00
415	9.986526e-01	0.000000e+00	9.986710e-01	0.000000e+00	-4.740494e-03	0.000000e+00	-4.697659e-03	-1.464597e-01	9.997353e-01	9.284850e-02	1.000000e+00	9.000000e+00
416	1.016663e+00	0.000000e+00	1.016593e+00	0.000000e+00	1.801050e-02	0.000000e+00	1.792179e-02	0.000000e+00	9.997346e-01	9.284850e-02	1.000000e+00	9.000000e+00
417	9.967716e-01	0.000000e+00	9.968491e-01	0.000000e+00	-1.989146e-02	0.000000e+00	-1.974375e-02	0.000000e+00	9.997332e-01	9.284850e-02	1.000000e+00	9.000000e+00
418	1.017024e+00	0.000000e+00	1.016945e+00	1.822514e-01	2.025231e-02	0.000000e+00	2.009607e-02	1.822514e-01	9.997318e-01	9.284850e-02	1.000000e+00	9.000000e+00
419	1.001227e+00	0.000000e+00	1.001288e+00	1.383595e+00	-1.579691e-02	0.000000e+00	-1.565670e-02	1.201343e+00	9.997308e-01	9.284850e-02	1.000000e+00	9.000000e+00
420	9.969275e-01	0.000000e+00	9.969445e-01	8.705749e-01	-4.299549e-03	0.000000e+00	-4.343913e-03	-5.130196e-01	9.997309e-01	9.284850e-02	1.000000e+00	9.000000e+00
421	1.031174e+00	0.000000e+00	1.031041e+00	0.000000e+00	3.424698e-02	0.000000e+00	3.409623e-02	-8.705749e-01	9.997286e-01	9.284850e-02	1.000000e+00	9.000000e+00
422	1.015475e+00	0.000000e+00	1.015536e+00	0.000000e+00	-1.569959e-02	0.000000e+00	-1.550508e-02	0.000000e+00	9.997271e-01	9.284850e-02	1.000000e+00	9.000000e+00
423	1.009978e+00	0.000000e+00	1.009999e+00	0.000000e+00	-5.497174e-03	0.000000e+00	-5.536268e-03	0.000000e+00	9.997272e-01	9.284850e-02	1.000000e+00	9.000000e+00
424	1.016078e+00	0.000000e+00	1.016054e+00	0.000000e+00	6.100396e-03	0.000000e+00	6.054940e-03	0.000000e+00	9.997271e-01	9.284850e-02	1.000000e+00	9.000000e+00
425	1.014619e+00	0.000000e+00	1.014624e+00	2.361237e-01	-1.459225e-03	0.000000e+00	-1.429873e-03	2.361237e-01	9.997271e-01	9.284850e-02	1.000000e+00	9.000000e+00
426	9.971719e-01	0.000000e+00	9.972400e-01	0.000000e+00	-1.744699e-02	0.000000e+00	-1.738442e-02	-2.361237e-01	9.997266e-01	9.284850e-02	1.000000e+00	9.000000e+00
427	1.020596e+00	3.474886e-03	1.020505e+00	0.000000e+00	2.342402e-02	3.474886e-03	2.326461e-02	0.000000e+00	9.997213e-01	9.284772e-02	9.993916e-01	8.999910e+00
428	1.009653e+00	2.848762e-02	1.009696e+00	5.003884e-01	-1.094261e-02	2.501274e-02	-1.080899e-02	5.003884e-01	9.997327e-01	9.282169e-02	9.979045e-01	9.003309e+00
429	9.961245e-01	0.000000e+00	9.961775e-01	0.000000e+00	-1.352883e-02	-2.848762e-02	-1.351821e-02	-5.003884e-01	9.997157e-01	9.278583e-02	9.993844e-01	9.006425e+00
430	1.027931e+00	2.322372e-02	1.027807e+00	4.509371e-01	3.180677e-02	2.322372e-02	3.162972e-02	4.509371e-01	9.996806e-01	9.276022e-02	1.002554e+00	9.008740e+00
431	1.004534e+00	0.000000e+00	1.004625e+00	0.000000e+00	-2.339746e-02	-2.322372e-02	-2.318251e-02	-4.509371e-01	9.996544e-01	9.273419e-02	1.004979e+00	9.011146e+00
432	1.013864e+00	2.586842e-02	1.013828e+00	0.000000e+00	9.330341e-03	2.586842e-02	9.203338e-03	0.000000e+00	9.996432e-01	9.270320e-02	1.003905e+00	9.008168e+00
433	1.010655e+00	7.327266e-02	1.010667e+00	1.265858e+00	-3.209594e-03	4.740424e-02	-3.161106e-03	1.265858e+00	9.996498e-01	9.260542e-02	1.002622e+00	9.027107e+00
434	1.000380e+00	0.000000e+00	1.000420e+00	0.000000e+00	-1.027492e-02	-7.327266e-02	-1.024713e-02	-1.265858e+00	9.996167e-01	9.236907e-02	1.005514e+00	9.047728e+00
435	1.018437e+00	0.000000e+00	1.018366e+00	3.308358e-01	1.805692e-02	0.000000e+00	1.794635e-02	3.308358e-01	9.996158e-01	9.236907e-02	1.000000e+00	9.000000e+00
436	1.001582e+00	0.000000e+00	1.001648e+00	0.000000e+00	-1.685447e-02	0.000000e+00	-1.671853e-02	-3.308358e-01	9.996148e-01	9.236907e-02	1.000000e+00	9.000000e+00
437	1.012042e+00	0.000000e+00	1.012002e+00	1.015785e+00	1.046025e-02	0.000000e+00	1.035408e-02	1.015785e+00	9.996143e-01	9.236907e-02	1.000000e+00	9.000000e+00
438	1.001991e+00	0.000000e+00	1.002030e+00	0.000000e+00	-1.005136e-02	0.000000e+00	-9.971648e-03	-1.015785e+00	9.996139e-01	9.236907e-02	1.000000e+00	9.000000e+00
439	1.073393e+00	0.000000e+00	1.073114e+00	0.000000e+00	7.140181e-02	0.000000e+00	7.108394e-02	0.000000e+00	9.996041e-01	9.236907e-02	1.000000e+00	9.000000e+00
440	1.014125e+00	0.000000e+00	1.014356e+00	0.000000e+00	-5.926762e-02	0.000000e+00	-5.875843e-02	0.000000e+00	9.995904e-01	9.236907e-02	1.000000e+00	9.000000e+00
441	1.000779e+00	0.000000e+00	1.000832e+00	7.673963e-01	-1.334588e-02	0.000000e+00	-1.352328e-02	7.673963e-01	9.995916e-01	9.236907e-02	1.000000e+00	9.000000e+00
442	1.026551e+00	0.000000e+00	1.026451e+00	0.000000e+00	2.577208e-02	0.000000e+00	2.561858e-02	-7.673963e-01	9.995898e-01	9.236907e-02	1.000000e+00	9.000000e+00
443	1.038268e+00	0.000000e+00	1.038222e+00	0.000000e+00	1.171718e-02	0.000000e+00	1.177148e-02	0.000000e+00	9.995902e-01	9.236907e-02	1.000000e+00	9.000000e+00
444	1.009268e+00	0.000000e+00	1.009381e+00	0.000000e+00	-2.900071e-02	0.000000e+00	-2.884144e-02	0.000000e+00	9.995881e-01	9.236907e-02	1.000000e+00	9.000000e+00
445	1.069671e+00	2.819025e-03	1.069436e+00	0.000000e+00	6.040336e-02	2.819025e-03	6.005475e-02	0.000000e+00	9.995714e-01	9.236828e-02	9.975435e-01	8.999885e+00
446	1.034706e+00	2.717358e-02	1.034842e+00	0.000000e+00	-3.496471e-02	2.435455e-02	-3.459354e-02	0.000000e+00	9.996028e-01	9.234640e-02	1.000602e+00	8.997755e+00
447	1.023136e+00	7.306260e-02	1.023182e+00	8.017255e-01	-1.156993e-02	4.588902e-02	-1.165987e-02	8.017255e-01	9.996266e-01	9.225208e-02	9.984037e-01	9.006473e+00
448	1.001199e+00	0.000000e+00	1.001285e+00	0.000000e+00	-2.193740e-02	-7.306260e-02	-2.189725e-02	-8.017255e-01	9.995562e-01	9.201773e-02	9.996691e-01	9.010687e+00
449	1.043768e+00	1.708742e-02	1.043602e+00	9.863397e-01	4.256925e-02	1.708742e-02	4.231743e-02	9.863397e-01	9.995198e-01	9.200310e-02	1.015623e+00	9.017091e+00
450	1.012854e+00	0.000000e+00	1.012974e+00	0.000000e+00	-3.091457e-02	-1.708742e-02	-3.062851e-02	-9.863397e-01	9.994927e-01	9.198814e-02	1.027376e+00	9.023587e+00
451	1.022885e+00	0.000000e+00	1.022847e+00	0.000000e+00	1.003161e-02	0.000000e+00	9.872778e-03	0.000000e+00	9.994920e-01	9.198814e-02	1.000000e+00	9.000000e+00
452	1.027389e+00	0.000000e+00	1.027371e+00	0.000000e+00	4.503459e-03	0.000000e+00	4.524433e-03	0.000000e+00	9.994920e-01	9.198814e-02	1.000000e+00	9.000000e+00
453	1.021733e+00	1.480228e-02	1.021755e+00	1.639760e+00	-5.656107e-03	1.480228e-02	-5.616339e-03	1.639760e+00	9.994956e-01	9.197883e-02	9.959378e-01	9.010631e+00
454	1.006340e+00	0.000000e+00	1.006400e+00	0.000000e+00	-1.539280e-02	-1.480228e-02	-1.535461e-02	-1.639760e+00	9.994854e-01	9.196905e-02	1.006837e+00	9.021112e+00
455	1.078546e+00	1.207156e-03	1.078264e+00	3.175550e-01	7.220616e-02	1.207156e-03	7.186413e-02	3.175550e-01	9.994712e-01	9.196881e-02	1.014841e+00	9.021246e+00
456	1.030312e+00	0.000000e+00	1.030499e+00	5.298414e-01	-4.823442e-02	-1.207156e-03	-4.776528e-02	2.122864e-01	9.994585e-01	9.196849e-02	1.008613e+00	9.021090e+00
457	1.006655e+00	0.000000e+00	1.006748e+00	0.000000e+00	-2.365709e-02	0.000000e+00	-2.375126e-02	-5.298414e-01	9.994597e-01	9.196849e-02	1.000000e+00	9.000000e+00
458	1.052591e+00	0.000000e+00	1.052412e+00	0.000000e+00	4.593630e-02	0.000000e+00	4.566409e-02	0.000000e+00	9.994543e-01	9.196849e-02	1.000000e+00	9.000000e+00
459	9.927259e-01	1.138285e-02	9.929590e-01	0.000000e+00	-5.986505e-02	1.138285e-02	-5.945282e-02	0.000000e+00	9.994733e-01	9.196489e-02	1.001209e+00	8.999770e+00
460	1.084710e+00	4.430125e-02	1.084351e+00	1.470379e+00	9.198399e-02	3.291840e-02	9.139244e-02	1.470379e+00	9.993180e-01	9.190933e-02	1.048260e+00	9.016609e+00
461	1.006129e+00	0.000000e+00	1.006435e+00	0.000000e+00	-7.858075e-02	-4.430125e-02	-7.791680e-02	-1.470379e+00	9.991439e-01	9.181120e-02	1.085010e+00	9.037327e+00
462	1.008806e+00	0.000000e+00	1.008796e+00	2.362830e-01	2.676423e-03	0.000000e+00	2.361606e-03	2.362830e-01	9.991435e-01	9.181120e-02	1.000000e+00	9.000000e+00
463	1.019414e+00	0.000000e+00	1.019373e+00	0.000000e+00	1.060889e-02	0.000000e+00	1.057667e-02	-2.362830e-01	9.991434e-01	9.181120e-02	1.000000e+00	9.000000e+00
464	1.011503e+00	4.542021e-03	1.011533e+00	0.000000e+00	-7.911836e-03	4.542021e-03	-7.839615e-03	0.000000e+00	9.991448e-01	9.181044e-02	1.000124e+00	8.999929e+00
465	1.021363e+00	3.061985e-02	1.021325e+00	0.000000e+00	9.860642e-03	2.607783e-02	9.791500e-03	0.000000e+00	9.991333e-01	9.178004e-02	9.989789e-01	8.996901e+00
466	9.813113e-01	7.823242e-02	9.814676e-01	0.000000e+00	-4.005186e-02	4.761257e-02	-3.985716e-02	0.000000e+00	9.992132e-01	9.168502e-02	1.006353e+00	8.988135e+00
467	9.941358e-01	1.473780e-01	9.940863e-01	1.296981e+00	1.282444e-02	6.914563e-02	1.261865e-02	1.296981e+00	9.991735e-01	9.147090e-02	1.010379e+00	9.009843e+00
468	9.993647e-01	0.000000e+00	9.993440e-01	0.000000e+00	5.228881e-03	-1.473780e-01	5.257747e-03	-1.296981e+00	9.992067e-01	9.053504e-02	1.010442e+00	9.008071e+00
469	1.066460e+00	0.000000e+00	1.066198e+00	4.380203e-02	6.709503e-02	0.000000e+00	6.685348e-02	4.380203e-02	9.992007e-01	9.053504e-02	1.000000e+00	9.000000e+00
470	1.034204e+00	8.760500e-03	1.034329e+00	1.340536e+00	-3.225586e-02	8.760500e-03	-3.186872e-02	1.296734e+00	9.992073e-01	9.053324e-02	9.808566e-01	9.005199e+00
471	9.968304e-01	0.000000e+00	9.969769e-01	7.861839e-01	-3.737343e-02	-8.760500e-03	-3.735192e-02	-5.543518e-01	9.991934e-01	9.052998e-02	9.886406e-01	9.007024e+00
472	1.011292e+00	0.000000e+00	1.011236e+00	0.000000e+00	1.446199e-02	0.000000e+00	1.425960e-02	-7.861839e-01	9.991921e-01	9.052998e-02	1.000000e+00	9.000000e+00
473	1.020285e+00	0.000000e+00	1.020250e+00	0.000000e+00	8.992636e-03	0.000000e+00	9.013210e-03	0.000000e+00	9.991922e-01	9.052998e-02	1.000000e+00	9.000000e+00
474	1.006511e+00	0.000000e+00	1.006564e+00	0.000000e+00	-1.377438e-02	0.000000e+00	-1.368536e-02	0.000000e+00	9.991917e-01	9.052998e-02	1.000000e+00	9.000000e+00
475	1.021720e+00	0.000000e+00	1.021661e+00	0.000000e+00	1.520927e-02	0.000000e+00	1.509640e-02	0.000000e+00	9.991910e-01	9.052998e-02	1.000000e+00	9.000000e+00
476	1.004068e+00	0.000000e+00	1.004137e+00	2.202940e-01	-1.765180e-02	0.000000e+00	-1.752388e-02	2.202940e-01	9.991900e-01	9.052998e-02	1.000000e+00	9.000000e+00
477	1.014534e+00	0.000000e+00	1.014493e+00	0.000000e+00	1.046575e-02	0.000000e+00	1.035641e-02	-2.202940e-01	9.991895e-01	9.052998e-02	1.000000e+00	9.000000e+00
478	1.015089e+00	7.392275e-03	1.015086e+00	2.629486e-01	5.548830e-04	7.392275e-03	5.931703e-04	2.629486e-01	9.991893e-01	9.052776e-02	1.000052e+00	9.000688e+00
479	1.018305e+00	0.000000e+00	1.018292e+00	9.287863e-01	3.216093e-03	-7.392275e-03	3.205847e-03	6.658377e-01	9.991903e-01	9.052544e-02	1.001165e+00	8.998127e+00
480	1.017095e+00	0.000000e+00	1.017100e+00	0.000000e+00	-1.209702e-03	0.000000e+00	-1.192454e-03	-9.287863e-01	9.991903e-01	9.052544e-02	1.000000e+00	9.000000e+00
481	1.008333e+00	0.000000e+00	1.008367e+00	0.000000e+00	-8.762507e-03	0.000000e+00	-8.732937e-03	0.000000e+00	9.991902e-01	9.052544e-02	1.000000e+00	9.000000e+00
482	1.016024e+00	0.000000e+00	1.015994e+00	0.000000e+00	7.690933e-03	0.000000e+00	7.626777e-03	0.000000e+00	9.991900e-01	9.052544e-02	1.000000e+00	9.000000e+00
483	1.009555e+00	8.232671e-03	1.009580e+00	1.312557e-01	-6.468943e-03	8.232671e-03	-6.413882e-03	1.312557e-01	9.991922e-01	9.052272e-02	9.998045e-01	9.000249e+00
484	1.016913e+00	1.185346e-02	1.016885e+00	0.000000e+00	7.358576e-03	3.620786e-03	7.304778e-03	-1.312557e-01	9.991909e-01	9.052207e-02	9.992061e-01	8.999954e+00
485	1.007728e+00	5.138596e-02	1.007764e+00	0.000000e+00	-9.185094e-03	3.953250e-02	-9.120680e-03	0.000000e+00	9.992062e-01	9.045600e-02	1.000717e+00	8.993451e+00
486	1.021357e+00	1.124496e-01	1.021304e+00	4.017172e-02	1.362906e-02	6.106363e-02	1.354020e-02	4.017172e-02	9.991700e-01	9.029384e-02	9.973402e-01	8.978321e+00
487	1.021727e+00	1.870421e-01	1.021725e+00	0.000000e+00	3.697490e-04	7.459253e-02	4.211961e-04	-4.017172e-02	9.991688e-01	9.005769e-02	9.972159e-01	8.953226e+00
488	9.747903e-01	2.875621e-01	9.749736e-01	4.009588e-03	-4.693663e-02	1.005199e-01	-4.675164e-02	4.009588e-03	9.993662e-01	8.963503e-02	1.016032e+00	8.912929e+00
489	9.849910e-01	4.088103e-01	9.849519e-01	2.094048e+00	1.020073e-02	1.212483e-01	9.978260e-03	2.090038e+00	9.993129e-01	8.900135e-02	1.020837e+00	8.970041e+00
490	1.058377e+00	2.088103e-01	1.058091e+00	0.000000e+00	7.338634e-02	-2.000000e-01	7.313865e-02	-2.094048e+00	9.999129e-01	8.736618e-02	1.008057e+00	9.004872e+00
491	9.481708e-01	2.596755e-01	9.486002e-01	0.000000e+00	-1.102065e-01	5.086519e-02	-1.094903e-01	0.000000e+00	1.000107e+00	8.727654e-02	1.026085e+00	8.996550e+00
492	1.153568e+00	3.320656e-01	1.152767e+00	1.439241e+00	2.053972e-01	7.239011e-02	2.041672e-01	1.439241e+00	9.993857e-01	8.702227e-02	1.081097e+00	9.015939e+00
493	9.626280e-01	1.394044e-01	9.633707e-01	0.000000e+00	-1.909401e-01	-1.926612e-01	-1.893967e-01	-1.439241e+00	9.977943e-01	8.541653e-02	1.036990e+00	8.971434e+00
494	1.008431e+00	1.258696e-01	1.008255e+00	0.000000e+00	4.580298e-02	-1.353479e-02	4.488423e-02	0.000000e+00	9.978016e-01	8.541436e-02	1.038597e+00	8.970959e+00
495	9.743764e-01	1.338561e-01	9.745087e-01	5.795320e-01	-3.405456e-02	7.986504e-03	-3.374620e-02	5.795320e-01	9.978089e-01	8.541266e-02	1.029814e+00	8.973019e+00
496	1.012940e+00	4.799419e-02	1.012790e+00	0.000000e+00	3.856344e-02	-8.586195e-02	3.828098e-02	-5.795320e-01	9.979390e-01	8.512291e-02	1.032572e+00	8.966880e+00
497	9.726255e-01	4.710066e-02	9.727823e-01	8.097425e-01	-4.031437e-02	-8.935293e-04	-4.000736e-02	8.097425e-01	9.979333e-01	8.512279e-02	1.016129e+00	8.966515e+00
498	1.012167e+00	0.000000e+00	1.012013e+00	0.000000e+00	3.954172e-02	-4.710066e-02	3.923098e-02	-8.097425e-01	9.980041e-01	8.503837e-02	1.008113e+00	8.976064e+00
499	9.884446e-01	0.000000e+00	9.885367e-01	0.000000e+00	-2.372257e-02	0.000000e+00	-2.347666e-02	0.000000e+00	9.980019e-01	8.503837e-02	1.000000e+00	9.000000e+00
