#sequence delta(k-1),f(k-1),theta(k),v(k),delta_diff(k-1),f_diff(k-1),theta_diff(k),v_diff(k),phi(1,1;k),phi(1,2;k),phi(2,1;k),phi(2,2;k)
1	7.806314e-01	0.000000e+00	7.808171e-01	0.000000e+00	7.806314e-01	0.000000e+00	-4.736829e-02	-2.234018e-03	7.646785e-01	1.000000e-01	1.000000e+00	1.100000e+01
2	2.111259e-01	2.000000e-01	2.133513e-01	2.227642e+00	-5.695055e-01	2.000000e-01	-5.674659e-01	2.227642e+00	7.994554e-01	8.778698e-02	8.633549e-01	1.104799e+01
3	9.715582e-01	2.826030e-01	9.685964e-01	2.181164e+00	7.604323e-01	8.260295e-02	7.552452e-01	-4.647811e-02	8.385963e-01	9.203871e-02	4.118700e-01	1.099894e+01
4	6.224992e-01	4.826030e-01	6.238511e-01	4.440842e+00	-3.490590e-01	2.000000e-01	-3.447453e-01	2.259678e+00	8.494001e-01	8.584845e-02	3.806311e-01	1.101684e+01
5	6.127266e-01	5.099508e-01	6.127701e-01	2.880698e+00	-9.772558e-03	2.734786e-02	-1.108104e-02	-1.560144e+00	8.494239e-01	8.578187e-02	3.892509e-01	1.099272e+01
6	6.695191e-01	7.099508e-01	6.692975e-01	5.828033e+00	5.679250e-02	2.000000e-01	5.652737e-02	2.947335e+00	8.491897e-01	8.495705e-02	4.084395e-01	1.106030e+01
7	7.850574e-01	6.686013e-01	7.846052e-01	5.513629e+00	1.155382e-01	-4.134948e-02	1.153077e-01	-3.144041e-01	8.503176e-01	8.455339e-02	4.136547e-01	1.105843e+01
8	8.100630e-01	8.686013e-01	8.099636e-01	8.955769e+00	2.500566e-02	2.000000e-01	2.535840e-02	3.442140e+00	8.501684e-01	8.336020e-02	4.278583e-01	1.117203e+01
9	7.615694e-01	6.875591e-01	7.617585e-01	6.769539e+00	-4.849361e-02	-1.810422e-01	-4.820513e-02	-2.186230e+00	8.499847e-01	8.267445e-02	4.310925e-01	1.118411e+01
10	7.384190e-01	8.875591e-01	7.385102e-01	7.623802e+00	-2.315038e-02	2.000000e-01	-2.324825e-02	8.542629e-01	8.502014e-01	8.080236e-02	4.458861e-01	1.105630e+01
11	7.523614e-01	1.087559e+00	7.523073e-01	9.358522e+00	1.394235e-02	2.000000e-01	1.379707e-02	1.734719e+00	8.501091e-01	7.947833e-02	4.427520e-01	1.101134e+01
12	7.581537e-01	1.279171e+00	7.581308e-01	1.039454e+01	5.792288e-03	1.916122e-01	5.823557e-03	1.036014e+00	8.500704e-01	7.819765e-02	4.398437e-01	1.091514e+01
13	7.357122e-01	1.479171e+00	7.357998e-01	1.250411e+01	-2.244146e-02	2.000000e-01	-2.233105e-02	2.109574e+00	8.502678e-01	7.643837e-02	4.405080e-01	1.090922e+01
14	7.064118e-01	1.472160e+00	7.065266e-01	1.379707e+01	-2.930042e-02	-7.011227e-03	-2.927320e-02	1.292960e+00	8.503210e-01	7.645110e-02	4.212776e-01	1.090461e+01
15	6.543325e-01	1.303812e+00	6.545364e-01	1.249436e+01	-5.207927e-02	-1.683477e-01	-5.199018e-02	-1.302705e+00	8.501952e-01	7.604445e-02	4.077580e-01	1.086091e+01
16	6.111854e-01	1.443574e+00	6.113548e-01	1.515127e+01	-4.314710e-02	1.397613e-01	-4.318164e-02	2.656903e+00	8.505425e-01	7.491953e-02	3.843054e-01	1.093688e+01
17	5.383626e-01	1.287303e+00	5.386477e-01	1.279567e+01	-7.282283e-02	-1.562708e-01	-7.270704e-02	-2.355602e+00	8.505105e-01	7.485081e-02	4.053865e-01	1.098212e+01
18	4.522233e-01	1.487303e+00	4.525609e-01	1.545896e+01	-8.613933e-02	2.000000e-01	-8.608686e-02	2.663296e+00	8.516214e-01	7.227147e-02	3.853306e-01	1.102868e+01
19	3.564013e-01	1.479536e+00	3.567769e-01	1.539969e+01	-9.582201e-02	-7.767043e-03	-9.578398e-02	-5.927621e-02	8.522384e-01	7.232149e-02	3.824624e-01	1.102845e+01
20	2.117559e-01	1.593162e+00	2.123224e-01	1.666856e+01	-1.446453e-01	1.136261e-01	-1.444545e-01	1.268875e+00	8.542248e-01	7.076111e-02	3.776603e-01	1.103222e+01
21	8.863624e-02	1.637410e+00	8.911939e-02	1.862850e+01	-1.231197e-01	4.424798e-02	-1.232030e-01	1.959935e+00	8.554519e-01	7.032010e-02	2.896219e-01	1.106386e+01
22	-2.878959e-04	1.437410e+00	6.135125e-05	1.765812e+01	-8.892413e-02	-2.000000e-01	-8.905803e-02	-9.703750e-01	8.554075e-01	7.022024e-02	2.373096e-01	1.094621e+01
23	-3.800949e-02	1.382444e+00	-3.786078e-02	1.767647e+01	-3.772159e-02	-5.496602e-02	-3.792213e-02	1.835228e-02	8.554396e-01	7.026701e-02	2.260648e-01	1.092982e+01
24	-7.064014e-02	1.412505e+00	-7.051210e-02	1.689282e+01	-3.263066e-02	3.006092e-02	-3.265132e-02	-7.836486e-01	8.555456e-01	7.016929e-02	2.431724e-01	1.091406e+01
25	-6.999106e-02	1.612505e+00	-6.999310e-02	1.857587e+01	6.490845e-04	2.000000e-01	5.190048e-04	1.683044e+00	8.555414e-01	6.885883e-02	2.430212e-01	1.086750e+01
26	-5.053320e-02	1.743352e+00	-5.060921e-02	2.088619e+01	1.945786e-02	1.308469e-01	1.938388e-02	2.310327e+00	8.554839e-01	6.847233e-02	2.511172e-01	1.092194e+01
27	-1.594318e-02	1.614502e+00	-1.607859e-02	1.931176e+01	3.459002e-02	-1.288498e-01	3.453062e-02	-1.574435e+00	8.557080e-01	6.763747e-02	2.482538e-01	1.093261e+01
28	5.449172e-02	1.696872e+00	5.421606e-02	1.981266e+01	7.043490e-02	8.237021e-02	7.029465e-02	5.008969e-01	8.558561e-01	6.781063e-02	2.343802e-01	1.091639e+01
29	1.570365e-01	1.799366e+00	1.566349e-01	2.081749e+01	1.025448e-01	1.024936e-01	1.024188e-01	1.004837e+00	8.562275e-01	6.818184e-02	2.277255e-01	1.090973e+01
30	2.900678e-01	1.829819e+00	2.895465e-01	2.143434e+01	1.330313e-01	3.045283e-02	1.329117e-01	6.168478e-01	8.572874e-01	6.842448e-02	2.436478e-01	1.091338e+01
31	4.098613e-01	1.796521e+00	4.093913e-01	2.063675e+01	1.197936e-01	-3.329766e-02	1.198448e-01	-7.975872e-01	8.583843e-01	6.811959e-02	2.174825e-01	1.092065e+01
32	4.795934e-01	1.886695e+00	4.793192e-01	2.095547e+01	6.973208e-02	9.017410e-02	6.992783e-02	3.187175e-01	8.585136e-01	6.828677e-02	1.950647e-01	1.089166e+01
33	5.335544e-01	1.999193e+00	5.333426e-01	2.169175e+01	5.396102e-02	1.124980e-01	5.402339e-02	7.362805e-01	8.585140e-01	6.828756e-02	1.823598e-01	1.086517e+01
34	6.012296e-01	2.060314e+00	6.009644e-01	2.202437e+01	6.767520e-02	6.112037e-02	6.762187e-02	3.326192e-01	8.586852e-01	6.844218e-02	1.713536e-01	1.085523e+01
35	6.631482e-01	2.089992e+00	6.629053e-01	2.251982e+01	6.191860e-02	2.967857e-02	6.194087e-02	4.954458e-01	8.588830e-01	6.853699e-02	1.761267e-01	1.085752e+01
36	7.034277e-01	2.047479e+00	7.032694e-01	2.359211e+01	4.027949e-02	-4.251301e-02	4.036410e-02	1.072298e+00	8.590488e-01	6.836196e-02	2.052884e-01	1.082674e+01
37	7.525172e-01	1.847479e+00	7.523248e-01	2.178972e+01	4.908945e-02	-2.000000e-01	4.905537e-02	-1.802394e+00	8.595182e-01	6.644955e-02	2.133457e-01	1.079392e+01
38	7.772261e-01	1.825249e+00	7.771288e-01	2.310278e+01	2.470895e-02	-2.223045e-02	2.480405e-02	1.313062e+00	8.595774e-01	6.639632e-02	2.315012e-01	1.077758e+01
39	7.926515e-01	1.634469e+00	7.925909e-01	2.163753e+01	1.542542e-02	-1.907798e-01	1.546206e-02	-1.465253e+00	8.596844e-01	6.507305e-02	2.357271e-01	1.072532e+01
40	8.154226e-01	1.601114e+00	8.153334e-01	2.127456e+01	2.277102e-02	-3.335510e-02	2.274247e-02	-3.629748e-01	8.597420e-01	6.498856e-02	2.356126e-01	1.072548e+01
41	8.309227e-01	1.655759e+00	8.308618e-01	2.072752e+01	1.550014e-02	5.464504e-02	1.552843e-02	-5.470375e-01	8.597321e-01	6.495360e-02	2.272564e-01	1.069602e+01
42	8.274197e-01	1.844384e+00	8.274331e-01	2.240168e+01	-3.503018e-03	1.886253e-01	-3.428676e-03	1.674165e+00	8.597528e-01	6.383835e-02	2.278165e-01	1.066587e+01
43	8.204093e-01	1.869950e+00	8.204368e-01	2.296234e+01	-7.010360e-03	2.556567e-02	-6.996369e-03	5.606583e-01	8.597615e-01	6.380678e-02	2.268525e-01	1.066938e+01
44	8.155146e-01	1.777300e+00	8.155338e-01	2.120566e+01	-4.894751e-03	-9.264979e-02	-4.902960e-03	-1.756677e+00	8.597494e-01	6.357817e-02	2.286283e-01	1.070299e+01
45	7.979988e-01	1.857007e+00	7.980673e-01	2.170388e+01	-1.751581e-02	7.970686e-02	-1.746654e-02	4.982127e-01	8.598114e-01	6.329610e-02	2.315380e-01	1.068975e+01
46	7.723604e-01	1.883731e+00	7.724609e-01	2.283347e+01	-2.563831e-02	2.672392e-02	-2.560639e-02	1.129592e+00	8.598753e-01	6.322945e-02	2.211953e-01	1.070053e+01
47	7.478249e-01	1.719751e+00	7.479211e-01	2.182249e+01	-2.453559e-02	-1.639793e-01	-2.453978e-02	-1.010976e+00	8.597957e-01	6.269729e-02	2.125832e-01	1.064298e+01
48	7.122030e-01	1.585728e+00	7.123425e-01	2.066495e+01	-3.562186e-02	-1.340238e-01	-3.557857e-02	-1.157543e+00	8.597379e-01	6.247963e-02	2.079503e-01	1.062555e+01
49	6.625757e-01	1.550792e+00	6.627701e-01	2.081865e+01	-4.962732e-02	-3.493542e-02	-4.957244e-02	1.536985e-01	8.598490e-01	6.255787e-02	1.953566e-01	1.061668e+01
50	6.080071e-01	1.482237e+00	6.082210e-01	1.980147e+01	-5.456859e-02	-6.855547e-02	-5.454908e-02	-1.017176e+00	8.599352e-01	6.266620e-02	2.025525e-01	1.062572e+01
51	5.454216e-01	1.517369e+00	5.456669e-01	1.839832e+01	-6.258550e-02	3.513231e-02	-6.255411e-02	-1.403149e+00	8.602595e-01	6.248417e-02	2.548516e-01	1.059636e+01
52	4.968558e-01	1.717369e+00	4.970464e-01	1.948411e+01	-4.856583e-02	2.000000e-01	-4.862047e-02	1.085792e+00	8.606964e-01	6.068515e-02	2.779186e-01	1.050137e+01
53	4.065836e-01	1.829521e+00	4.069370e-01	2.144671e+01	-9.027217e-02	1.121522e-01	-9.010947e-02	1.962596e+00	8.615120e-01	5.967184e-02	2.435455e-01	1.054407e+01
54	3.001420e-01	1.632782e+00	3.005591e-01	1.988515e+01	-1.064416e-01	-1.967394e-01	-1.063778e-01	-1.561558e+00	8.616569e-01	5.993964e-02	2.169688e-01	1.049495e+01
55	2.105316e-01	1.478397e+00	2.108833e-01	1.915408e+01	-8.961032e-02	-1.543849e-01	-8.967582e-02	-7.310704e-01	8.617913e-01	6.017125e-02	1.788994e-01	1.042936e+01
56	1.112445e-01	1.319578e+00	1.116337e-01	1.713697e+01	-9.928712e-02	-1.588194e-01	-9.924958e-02	-2.017114e+00	8.619826e-01	6.047733e-02	1.947953e-01	1.045479e+01
57	7.121343e-02	1.357503e+00	7.137132e-02	1.764482e+01	-4.003108e-02	3.792507e-02	-4.026240e-02	5.078576e-01	8.621355e-01	6.033253e-02	1.925330e-01	1.045693e+01
58	6.161767e-02	1.329195e+00	6.165577e-02	1.633526e+01	-9.595762e-03	-2.830776e-02	-9.715553e-03	-1.309562e+00	8.621343e-01	6.032897e-02	1.971423e-01	1.047053e+01
59	1.135673e-02	1.429478e+00	1.155321e-02	1.775848e+01	-5.026094e-02	1.002832e-01	-5.010255e-02	1.423216e+00	8.624384e-01	5.972207e-02	1.880532e-01	1.048867e+01
60	-2.201825e-02	1.316938e+00	-2.188711e-02	1.523637e+01	-3.337498e-02	-1.125397e-01	-3.344033e-02	-2.522109e+00	8.624059e-01	5.961246e-02	2.090793e-01	1.055957e+01
61	-1.156741e-02	1.429707e+00	-1.160772e-02	1.719704e+01	1.045084e-02	1.127691e-01	1.027939e-02	1.960672e+00	8.623790e-01	5.932207e-02	2.128660e-01	1.060043e+01
62	-2.599168e-03	1.251157e+00	-2.634358e-03	1.454959e+01	8.968243e-03	-1.785506e-01	8.973365e-03	-2.647456e+00	8.624286e-01	5.833442e-02	2.096934e-01	1.066359e+01
63	-2.265487e-02	1.277333e+00	-2.257666e-02	1.565773e+01	-2.005570e-02	2.617593e-02	-1.994231e-02	1.108142e+00	8.624684e-01	5.828257e-02	2.017601e-01	1.067394e+01
64	-3.973293e-02	1.101243e+00	-3.966591e-02	1.361735e+01	-1.707806e-02	-1.760895e-01	-1.708925e-02	-2.040376e+00	8.624052e-01	5.763173e-02	2.030169e-01	1.068690e+01
65	-3.659796e-02	1.063028e+00	-3.660994e-02	1.321217e+01	3.134974e-03	-3.821578e-02	3.055973e-03	-4.051784e-01	8.624090e-01	5.758539e-02	2.030208e-01	1.068686e+01
66	-2.846615e-02	1.018068e+00	-2.849796e-02	1.262542e+01	8.131806e-03	-4.495996e-02	8.111979e-03	-5.867513e-01	8.624233e-01	5.750671e-02	2.026044e-01	1.068916e+01
67	-2.765575e-02	9.761842e-01	-2.765904e-02	1.089628e+01	8.103977e-04	-4.188335e-02	8.389195e-04	-1.729137e+00	8.624243e-01	5.745605e-02	2.021115e-01	1.071463e+01
68	-2.640626e-02	1.096879e+00	-2.641115e-02	1.377517e+01	1.249494e-03	1.206950e-01	1.247890e-03	2.878883e+00	8.624203e-01	5.707105e-02	2.030456e-01	1.080487e+01
69	-1.597869e-02	8.968792e-01	-1.601944e-02	1.023535e+01	1.042757e-02	-2.000000e-01	1.039171e-02	-3.539820e+00	8.624825e-01	5.587775e-02	1.963401e-01	1.093348e+01
70	-6.247709e-04	9.569638e-01	-6.849063e-04	1.110810e+01	1.535392e-02	6.008460e-02	1.533454e-02	8.727534e-01	8.624733e-01	5.584170e-02	1.978891e-01	1.093954e+01
71	6.380540e-03	8.219287e-01	6.352941e-03	8.341562e+00	7.005311e-03	-1.350351e-01	7.037847e-03	-2.766538e+00	8.625014e-01	5.529912e-02	1.936331e-01	1.102158e+01
72	1.394520e-02	9.150969e-01	1.391554e-02	9.401281e+00	7.564662e-03	9.316824e-02	7.562604e-03	1.059719e+00	8.624867e-01	5.511784e-02	1.937455e-01	1.102296e+01
73	2.913904e-02	8.151565e-01	2.907958e-02	8.328492e+00	1.519384e-02	-9.994045e-02	1.516403e-02	-1.072789e+00	8.625410e-01	5.476040e-02	1.939315e-01	1.102174e+01
74	4.059338e-02	7.131544e-01	4.054841e-02	8.234637e+00	1.145434e-02	-1.020021e-01	1.146883e-02	-9.385497e-02	8.625799e-01	5.441460e-02	1.994962e-01	1.097219e+01
75	5.752738e-02	5.131544e-01	5.746105e-02	5.492236e+00	1.693399e-02	-2.000000e-01	1.691265e-02	-2.742401e+00	8.626839e-01	5.318642e-02	1.951490e-01	1.102353e+01
76	6.727370e-02	5.305827e-01	6.723537e-02	3.902606e+00	9.746325e-03	1.742829e-02	9.774319e-03	-1.589630e+00	8.626859e-01	5.319006e-02	1.868932e-01	1.100877e+01
77	6.700962e-02	7.264740e-01	6.701050e-02	5.338820e+00	-2.640819e-04	1.958913e-01	-2.248694e-04	1.436214e+00	8.626872e-01	5.223906e-02	1.869818e-01	1.094301e+01
78	6.784771e-02	7.188693e-01	6.784444e-02	5.677281e+00	8.380934e-04	-7.604721e-03	8.339412e-04	3.384607e-01	8.626874e-01	5.223723e-02	1.871496e-01	1.094149e+01
79	7.729617e-02	5.233585e-01	7.725925e-02	4.017685e+00	9.448458e-03	-1.955107e-01	9.414808e-03	-1.659596e+00	8.627379e-01	5.119145e-02	1.892538e-01	1.089795e+01
80	9.321254e-02	3.533552e-01	9.315022e-02	2.618315e+00	1.591637e-02	-1.700034e-01	1.589097e-02	-1.399369e+00	8.628189e-01	5.032692e-02	1.926093e-01	1.086211e+01
81	9.805277e-02	2.281541e-01	9.803362e-02	3.761840e-01	4.840234e-03	-1.252010e-01	4.883401e-03	-2.242131e+00	8.628349e-01	4.991339e-02	1.905947e-01	1.091422e+01
82	9.167779e-02	3.065509e-01	9.170262e-02	1.302052e+00	-6.374985e-03	7.839681e-02	-6.331007e-03	9.258684e-01	8.628492e-01	4.973730e-02	1.903791e-01	1.091687e+01
83	9.158176e-02	2.332495e-01	9.158223e-02	5.378184e-03	-9.603320e-05	-7.330142e-02	-1.203886e-04	-1.296674e+00	8.628490e-01	4.961200e-02	1.904016e-01	1.093411e+01
84	8.972500e-02	2.137869e-01	8.973226e-02	0.000000e+00	-1.856752e-03	-1.946261e-02	-1.849969e-03	-5.378184e-03	8.628484e-01	4.960537e-02	1.902184e-01	1.093219e+01
85	1.010596e-01	1.814538e-01	1.010154e-01	4.687278e-01	1.133464e-02	-3.233310e-02	1.128314e-02	4.687278e-01	8.628651e-01	4.955768e-02	1.946309e-01	1.091960e+01
86	9.502785e-02	8.503457e-02	9.505124e-02	0.000000e+00	-6.031799e-03	-9.641924e-02	-5.964162e-03	-4.687278e-01	8.628536e-01	4.937447e-02	1.929617e-01	1.089292e+01
87	9.999699e-02	2.663065e-02	9.997767e-02	0.000000e+00	4.969141e-03	-5.840392e-02	4.926432e-03	0.000000e+00	8.628619e-01	4.927692e-02	1.944585e-01	1.087533e+01
88	1.007365e-01	0.000000e+00	1.007335e-01	0.000000e+00	7.395204e-04	-2.663065e-02	7.558755e-04	0.000000e+00	8.628624e-01	4.925884e-02	1.945602e-01	1.087167e+01
89	9.992538e-02	0.000000e+00	9.992854e-02	0.000000e+00	-8.111267e-04	0.000000e+00	-8.050056e-04	0.000000e+00	8.628625e-01	4.925884e-02	1.000000e+00	1.100000e+01
90	1.017411e-01	0.000000e+00	1.017341e-01	0.000000e+00	1.815764e-03	0.000000e+00	1.805527e-03	0.000000e+00	8.628627e-01	4.925884e-02	1.000000e+00	1.100000e+01
91	1.020133e-01	0.000000e+00	1.020122e-01	7.506783e-01	2.721876e-04	0.000000e+00	2.781773e-04	7.506783e-01	8.628627e-01	4.925884e-02	1.000000e+00	1.100000e+01
92	9.270872e-02	0.000000e+00	9.274506e-02	0.000000e+00	-9.304619e-03	0.000000e+00	-9.267186e-03	-7.506783e-01	8.628682e-01	4.925884e-02	1.000000e+00	1.100000e+01
93	9.944845e-02	0.000000e+00	9.942226e-02	0.000000e+00	6.739732e-03	0.000000e+00	6.677205e-03	0.000000e+00	8.628709e-01	4.925884e-02	1.000000e+00	1.100000e+01
94	1.014289e-01	0.000000e+00	1.014210e-01	0.000000e+00	1.980428e-03	0.000000e+00	1.998775e-03	0.000000e+00	8.628712e-01	4.925884e-02	1.000000e+00	1.100000e+01
95	9.969380e-02	0.000000e+00	9.970054e-02	0.000000e+00	-1.735080e-03	0.000000e+00	-1.720494e-03	0.000000e+00	8.628714e-01	4.925884e-02	1.000000e+00	1.100000e+01
96	9.927937e-02	0.000000e+00	9.928101e-02	0.000000e+00	-4.144312e-04	0.000000e+00	-4.195330e-04	0.000000e+00	8.628714e-01	4.925884e-02	1.000000e+00	1.100000e+01
97	1.003095e-01	0.000000e+00	1.003055e-01	0.000000e+00	1.030122e-03	0.000000e+00	1.024460e-03	0.000000e+00	8.628715e-01	4.925884e-02	1.000000e+00	1.100000e+01
98	1.004616e-01	0.000000e+00	1.004610e-01	0.000000e+00	1.521450e-04	0.000000e+00	1.555525e-04	0.000000e+00	8.628715e-01	4.925884e-02	1.000000e+00	1.100000e+01
99	9.993831e-02	0.000000e+00	9.994035e-02	0.000000e+00	-5.233281e-04	0.000000e+00	-5.206762e-04	0.000000e+00	8.628715e-01	4.925884e-02	1.000000e+00	1.100000e+01
100	1.002555e-01	0.000000e+00	1.002542e-01	0.000000e+00	3.171459e-04	0.000000e+00	3.138732e-04	0.000000e+00	8.628715e-01	4.925884e-02	1.000000e+00	1.100000e+01
101	1.003638e-01	0.000000e+00	1.003634e-01	4.118008e-01	1.083623e-04	0.000000e+00	1.091651e-04	4.118008e-01	8.628715e-01	4.925884e-02	1.000000e+00	1.100000e+01
102	9.974852e-02	0.000000e+00	9.975092e-02	0.000000e+00	-6.152919e-04	0.000000e+00	-6.124620e-04	-4.118008e-01	8.628715e-01	4.925884e-02	1.000000e+00	1.100000e+01
103	1.007326e-01	0.000000e+00	1.007288e-01	0.000000e+00	9.840931e-04	0.000000e+00	9.778566e-04	0.000000e+00	8.628716e-01	4.925884e-02	1.000000e+00	1.100000e+01
104	1.010001e-01	0.000000e+00	1.009991e-01	0.000000e+00	2.675044e-04	0.000000e+00	2.702792e-04	0.000000e+00	8.628716e-01	4.925884e-02	1.000000e+00	1.100000e+01
105	1.003666e-01	0.000000e+00	1.003690e-01	0.000000e+00	-6.335408e-04	0.000000e+00	-6.300103e-04	0.000000e+00	8.628716e-01	4.925884e-02	1.000000e+00	1.100000e+01
106	1.024277e-01	0.000000e+00	1.024197e-01	0.000000e+00	2.061167e-03	0.000000e+00	2.050654e-03	0.000000e+00	8.628719e-01	4.925884e-02	1.000000e+00	1.100000e+01
107	1.013346e-01	0.000000e+00	1.013388e-01	0.000000e+00	-1.093169e-03	0.000000e+00	-1.080888e-03	0.000000e+00	8.628719e-01	4.925884e-02	1.000000e+00	1.100000e+01
108	1.018902e-01	0.000000e+00	1.018881e-01	0.000000e+00	5.556513e-04	0.000000e+00	5.492586e-04	0.000000e+00	8.628719e-01	4.925884e-02	1.000000e+00	1.100000e+01
109	1.022344e-01	0.000000e+00	1.022330e-01	0.000000e+00	3.441238e-04	0.000000e+00	3.449251e-04	0.000000e+00	8.628720e-01	4.925884e-02	1.000000e+00	1.100000e+01
110	1.021156e-01	0.000000e+00	1.021161e-01	0.000000e+00	-1.187500e-04	0.000000e+00	-1.169388e-04	0.000000e+00	8.628720e-01	4.925884e-02	1.000000e+00	1.100000e+01
111	1.020304e-01	0.000000e+00	1.020308e-01	0.000000e+00	-8.517612e-05	0.000000e+00	-8.530020e-05	0.000000e+00	8.628720e-01	4.925884e-02	1.000000e+00	1.100000e+01
112	1.020480e-01	0.000000e+00	1.020479e-01	0.000000e+00	1.758152e-05	0.000000e+00	1.717963e-05	0.000000e+00	8.628720e-01	4.925884e-02	1.000000e+00	1.100000e+01
113	1.020708e-01	0.000000e+00	1.020707e-01	0.000000e+00	2.279172e-05	0.000000e+00	2.276980e-05	0.000000e+00	8.628720e-01	4.925884e-02	1.000000e+00	1.100000e+01
114	1.020643e-01	0.000000e+00	1.020643e-01	0.000000e+00	-6.529954e-06	0.000000e+00	-6.415502e-06	0.000000e+00	1.000000e+00	1.000000e-01	1.000000e+00	1.100000e+01
115	1.020587e-01	0.000000e+00	1.020587e-01	0.000000e+00	-5.553250e-06	0.000000e+00	-5.556618e-06	0.000000e+00	1.000000e+00	1.000000e-01	1.000000e+00	1.100000e+01
116	1.020610e-01	0.000000e+00	1.020610e-01	0.000000e+00	2.318491e-06	0.000000e+00	2.287729e-06	0.000000e+00	1.000000e+00	1.000000e-01	1.000000e+00	1.100000e+01
117	1.010005e-01	0.000000e+00	1.010046e-01	0.000000e+00	-1.060563e-03	0.000000e+00	-1.056411e-03	0.000000e+00	1.000000e+00	1.000000e-01	1.000000e+00	1.100000e+01
118	1.007698e-01	0.000000e+00	1.007707e-01	0.000000e+00	-2.306670e-04	0.000000e+00	-2.338926e-04	0.000000e+00	1.000000e+00	1.000000e-01	1.000000e+00	1.100000e+01
119	1.010846e-01	0.000000e+00	1.010834e-01	0.000000e+00	3.148366e-04	0.000000e+00	3.126931e-04	0.000000e+00	1.000000e+00	1.000000e-01	1.000000e+00	1.100000e+01
120	1.011484e-01	0.000000e+00	1.011482e-01	0.000000e+00	6.379686e-05	0.000000e+00	6.476912e-05	0.000000e+00	1.000000e+00	1.000000e-01	1.000000e+00	1.100000e+01
121	1.017485e-01	0.000000e+00	1.017462e-01	0.000000e+00	6.001076e-04	0.000000e+00	5.980165e-04	0.000000e+00	1.000000e+00	1.000000e-01	1.000000e+00	1.100000e+01
122	1.044599e-01	0.000000e+00	1.044493e-01	0.000000e+00	2.711400e-03	0.000000e+00	2.703144e-03	0.000000e+00	1.000000e+00	1.000000e-01	1.000000e+00	1.100000e+01
123	1.010243e-01	0.000000e+00	1.010376e-01	0.000000e+00	-3.435682e-03	0.000000e+00	-3.411702e-03	0.000000e+00	9.999999e-01	1.000000e-01	1.000000e+00	1.100000e+01
124	1.034383e-01	0.000000e+00	1.034290e-01	0.000000e+00	2.414082e-03	0.000000e+00	2.391325e-03	0.000000e+00	9.999999e-01	1.000000e-01	1.000000e+00	1.100000e+01
125	1.014005e-01	0.000000e+00	1.014084e-01	0.000000e+00	-2.037819e-03	0.000000e+00	-2.020518e-03	0.000000e+00	9.999999e-01	1.000000e-01	1.000000e+00	1.100000e+01
126	1.011245e-01	0.000000e+00	1.011256e-01	0.000000e+00	-2.760633e-04	0.000000e+00	-2.828776e-04	0.000000e+00	9.999999e-01	1.000000e-01	1.000000e+00	1.100000e+01
127	1.041020e-01	0.000000e+00	1.040903e-01	0.000000e+00	2.977508e-03	0.000000e+00	2.964772e-03	0.000000e+00	9.999999e-01	1.000000e-01	1.000000e+00	1.100000e+01
128	1.041704e-01	0.000000e+00	1.041701e-01	0.000000e+00	6.847222e-05	0.000000e+00	7.978589e-05	0.000000e+00	9.999999e-01	1.000000e-01	1.000000e+00	1.100000e+01
129	1.034176e-01	0.000000e+00	1.034205e-01	0.000000e+00	-7.528528e-04	0.000000e+00	-7.496003e-04	0.000000e+00	9.999999e-01	1.000000e-01	1.000000e+00	1.100000e+01
130	1.034074e-01	0.000000e+00	1.034074e-01	0.000000e+00	-1.023897e-05	0.000000e+00	-1.312710e-05	0.000000e+00	9.999999e-01	1.000000e-01	1.000000e+00	1.100000e+01
131	1.035971e-01	0.000000e+00	1.035964e-01	0.000000e+00	1.897697e-04	0.000000e+00	1.889771e-04	0.000000e+00	9.999999e-01	1.000000e-01	1.000000e+00	1.100000e+01
132	1.074339e-01	0.000000e+00	1.074189e-01	0.000000e+00	3.836772e-03	0.000000e+00	3.822522e-03	0.000000e+00	9.999999e-01	1.000000e-01	1.000000e+00	1.100000e+01
133	1.068288e-01	0.000000e+00	1.068311e-01	2.136857e-01	-6.051284e-04	0.000000e+00	-5.878329e-04	2.136857e-01	9.999999e-01	1.000000e-01	1.000000e+00	1.100000e+01
134	8.814210e-02	0.000000e+00	8.821510e-02	0.000000e+00	-1.868667e-02	0.000000e+00	-1.861597e-02	-2.136857e-01	9.999992e-01	1.000000e-01	1.000000e+00	1.100000e+01
135	1.049909e-01	0.000000e+00	1.049254e-01	0.000000e+00	1.684879e-02	0.000000e+00	1.671026e-02	0.000000e+00	9.999981e-01	1.000000e-01	1.000000e+00	1.100000e+01
136	1.096915e-01	0.000000e+00	1.096729e-01	0.000000e+00	4.700597e-03	0.000000e+00	4.747510e-03	0.000000e+00	9.999982e-01	1.000000e-01	1.000000e+00	1.100000e+01
137	9.964366e-02	0.000000e+00	9.968284e-02	0.000000e+00	-1.004782e-02	0.000000e+00	-9.990025e-03	0.000000e+00	9.999979e-01	1.000000e-01	1.000000e+00	1.100000e+01
138	9.960618e-02	0.000000e+00	9.960648e-02	0.000000e+00	-3.748473e-05	0.000000e+00	-7.636184e-05	0.000000e+00	9.999979e-01	1.000000e-01	1.000000e+00	1.100000e+01
139	1.020990e-01	0.000000e+00	1.020893e-01	0.000000e+00	2.492871e-03	0.000000e+00	2.482835e-03	0.000000e+00	9.999979e-01	1.000000e-01	1.000000e+00	1.100000e+01
140	1.023091e-01	0.000000e+00	1.023082e-01	3.997788e-01	2.100568e-04	0.000000e+00	2.189348e-04	3.997788e-01	9.999979e-01	1.000000e-01	1.000000e+00	1.100000e+01
141	9.211919e-02	0.000000e+00	9.215899e-02	0.000000e+00	-1.018992e-02	0.000000e+00	-1.014926e-02	-3.997788e-01	9.999977e-01	1.000000e-01	1.000000e+00	1.100000e+01
142	1.007799e-01	0.000000e+00	1.007462e-01	0.000000e+00	8.660669e-03	0.000000e+00	8.587193e-03	0.000000e+00	9.999974e-01	1.000000e-01	1.000000e+00	1.100000e+01
143	1.020568e-01	0.000000e+00	1.020516e-01	5.491136e-01	1.276906e-03	0.000000e+00	1.305462e-03	5.491136e-01	9.999975e-01	1.000000e-01	1.000000e+00	1.100000e+01
144	9.652407e-02	0.000000e+00	9.654566e-02	0.000000e+00	-5.532691e-03	0.000000e+00	-5.505979e-03	-5.491136e-01	9.999974e-01	1.000000e-01	1.000000e+00	1.100000e+01
145	9.674991e-02	0.000000e+00	9.674912e-02	0.000000e+00	2.258420e-04	0.000000e+00	2.034521e-04	0.000000e+00	9.999974e-01	1.000000e-01	1.000000e+00	1.100000e+01
146	9.933665e-02	0.000000e+00	9.932655e-02	1.954549e-01	2.586739e-03	0.000000e+00	2.577429e-03	1.954549e-01	9.999974e-01	1.000000e-01	1.000000e+00	1.100000e+01
147	9.660329e-02	0.000000e+00	9.661392e-02	2.199379e-01	-2.733367e-03	0.000000e+00	-2.712622e-03	2.448301e-02	9.999973e-01	1.000000e-01	1.000000e+00	1.100000e+01
148	9.900521e-02	0.000000e+00	9.899587e-02	0.000000e+00	2.401921e-03	0.000000e+00	2.381943e-03	-2.199379e-01	9.999973e-01	1.000000e-01	1.000000e+00	1.100000e+01
149	1.022994e-01	0.000000e+00	1.022865e-01	0.000000e+00	3.294220e-03	0.000000e+00	3.290656e-03	0.000000e+00	9.999973e-01	1.000000e-01	1.000000e+00	1.100000e+01
150	1.023525e-01	0.000000e+00	1.023522e-01	0.000000e+00	5.305214e-05	0.000000e+00	6.569904e-05	0.000000e+00	9.999973e-01	1.000000e-01	1.000000e+00	1.100000e+01
151	1.016794e-01	0.000000e+00	1.016820e-01	0.000000e+00	-6.730752e-04	0.000000e+00	-6.701894e-04	0.000000e+00	9.999973e-01	1.000000e-01	1.000000e+00	1.100000e+01
152	1.018823e-01	0.000000e+00	1.018815e-01	0.000000e+00	2.028670e-04	0.000000e+00	1.994567e-04	0.000000e+00	9.999973e-01	1.000000e-01	1.000000e+00	1.100000e+01
153	1.017450e-01	0.000000e+00	1.017455e-01	0.000000e+00	-1.372557e-04	0.000000e+00	-1.359404e-04	0.000000e+00	9.999973e-01	1.000000e-01	1.000000e+00	1.100000e+01
154	1.029335e-01	0.000000e+00	1.029288e-01	0.000000e+00	1.188440e-03	0.000000e+00	1.183267e-03	0.000000e+00	9.999973e-01	1.000000e-01	1.000000e+00	1.100000e+01
155	1.031183e-01	0.000000e+00	1.031175e-01	0.000000e+00	1.848071e-04	0.000000e+00	1.887074e-04	0.000000e+00	9.999973e-01	1.000000e-01	1.000000e+00	1.100000e+01
156	1.013361e-01	0.000000e+00	1.013431e-01	0.000000e+00	-1.782148e-03	0.000000e+00	-1.774449e-03	0.000000e+00	9.999973e-01	1.000000e-01	1.000000e+00	1.100000e+01
157	1.050557e-01	0.000000e+00	1.050412e-01	0.000000e+00	3.719617e-03	0.000000e+00	3.698156e-03	0.000000e+00	9.999973e-01	1.000000e-01	1.000000e+00	1.100000e+01
158	1.056270e-01	0.000000e+00	1.056247e-01	0.000000e+00	5.712418e-04	0.000000e+00	5.834563e-04	0.000000e+00	9.999973e-01	1.000000e-01	1.000000e+00	1.100000e+01
159	1.047605e-01	0.000000e+00	1.047638e-01	0.000000e+00	-8.665175e-04	0.000000e+00	-8.608535e-04	0.000000e+00	9.999973e-01	1.000000e-01	1.000000e+00	1.100000e+01
160	1.045127e-01	0.000000e+00	1.045137e-01	0.000000e+00	-2.477736e-04	0.000000e+00	-2.501684e-04	0.000000e+00	9.999973e-01	1.000000e-01	1.000000e+00	1.100000e+01
161	1.008316e-01	0.000000e+00	1.008460e-01	0.000000e+00	-3.681089e-03	0.000000e+00	-3.667687e-03	0.000000e+00	9.999972e-01	1.000000e-01	1.000000e+00	1.100000e+01
162	1.037582e-01	0.000000e+00	1.037468e-01	0.000000e+00	2.926588e-03	0.000000e+00	2.900829e-03	0.000000e+00	9.999972e-01	1.000000e-01	1.000000e+00	1.100000e+01
163	1.050262e-01	0.000000e+00	1.050212e-01	0.000000e+00	1.267975e-03	0.000000e+00	1.274353e-03	0.000000e+00	9.999972e-01	1.000000e-01	1.000000e+00	1.100000e+01
164	1.002419e-01	0.000000e+00	1.002606e-01	0.000000e+00	-4.784270e-03	0.000000e+00	-4.760604e-03	0.000000e+00	9.999972e-01	1.000000e-01	1.000000e+00	1.100000e+01
165	1.031259e-01	0.000000e+00	1.031147e-01	0.000000e+00	2.884047e-03	0.000000e+00	2.854186e-03	0.000000e+00	9.999971e-01	1.000000e-01	1.000000e+00	1.100000e+01
166	1.077397e-01	0.000000e+00	1.077216e-01	0.000000e+00	4.613778e-03	0.000000e+00	4.606904e-03	0.000000e+00	9.999971e-01	1.000000e-01	1.000000e+00	1.100000e+01
167	1.072299e-01	0.000000e+00	1.072318e-01	0.000000e+00	-5.098266e-04	0.000000e+00	-4.898393e-04	0.000000e+00	9.999971e-01	1.000000e-01	1.000000e+00	1.100000e+01
168	1.005207e-01	0.000000e+00	1.005469e-01	0.000000e+00	-6.709201e-03	0.000000e+00	-6.684907e-03	0.000000e+00	9.999970e-01	1.000000e-01	1.000000e+00	1.100000e+01
169	1.048420e-01	0.000000e+00	1.048252e-01	0.000000e+00	4.321321e-03	0.000000e+00	4.278328e-03	0.000000e+00	9.999969e-01	1.000000e-01	1.000000e+00	1.100000e+01
170	1.061113e-01	0.000000e+00	1.061063e-01	0.000000e+00	1.269287e-03	0.000000e+00	1.281041e-03	0.000000e+00	9.999969e-01	1.000000e-01	1.000000e+00	1.100000e+01
171	1.051265e-01	0.000000e+00	1.051303e-01	0.000000e+00	-9.848280e-04	0.000000e+00	-9.759770e-04	0.000000e+00	9.999969e-01	1.000000e-01	1.000000e+00	1.100000e+01
172	1.047956e-01	0.000000e+00	1.047969e-01	0.000000e+00	-3.308810e-04	0.000000e+00	-3.334009e-04	0.000000e+00	9.999969e-01	1.000000e-01	1.000000e+00	1.100000e+01
173	1.049992e-01	0.000000e+00	1.049984e-01	0.000000e+00	2.035740e-04	0.000000e+00	2.014765e-04	0.000000e+00	9.999969e-01	1.000000e-01	1.000000e+00	1.100000e+01
174	1.050695e-01	0.000000e+00	1.050692e-01	0.000000e+00	7.030726e-05	0.000000e+00	7.081964e-05	0.000000e+00	9.999969e-01	1.000000e-01	1.000000e+00	1.100000e+01
175	1.050236e-01	0.000000e+00	1.050238e-01	0.000000e+00	-4.582444e-05	0.000000e+00	-4.536879e-05	0.000000e+00	9.999969e-01	1.000000e-01	1.000000e+00	1.100000e+01
176	1.050113e-01	0.000000e+00	1.050113e-01	0.000000e+00	-1.233914e-05	0.000000e+00	-1.246816e-05	0.000000e+00	9.999969e-01	1.000000e-01	1.000000e+00	1.100000e+01
177	1.050247e-01	0.000000e+00	1.050246e-01	0.000000e+00	1.339373e-05	0.000000e+00	1.329270e-05	0.000000e+00	9.999969e-01	1.000000e-01	1.000000e+00	1.100000e+01
178	1.050264e-01	0.000000e+00	1.050264e-01	0.000000e+00	1.670571e-06	0.000000e+00	1.715970e-06	0.000000e+00	1.000000e+00	1.000000e-01	1.000000e+00	1.100000e+01
179	1.050232e-01	0.000000e+00	1.050232e-01	0.000000e+00	-3.146819e-06	0.000000e+00	-3.127824e-06	0.000000e+00	1.000000e+00	1.000000e-01	1.000000e+00	1.100000e+01
180	1.005085e-01	0.000000e+00	1.005261e-01	0.000000e+00	-4.514714e-03	0.000000e+00	-4.497091e-03	0.000000e+00	1.000000e+00	1.000000e-01	1.000000e+00	1.100000e+01
181	1.033982e-01	0.000000e+00	1.033870e-01	0.000000e+00	2.889706e-03	0.000000e+00	2.860852e-03	0.000000e+00	9.999999e-01	1.000000e-01	1.000000e+00	1.100000e+01
182	1.049617e-01	0.000000e+00	1.049556e-01	0.000000e+00	1.563532e-03	0.000000e+00	1.568600e-03	0.000000e+00	9.999999e-01	1.000000e-01	1.000000e+00	1.100000e+01
183	1.043358e-01	0.000000e+00	1.043382e-01	0.000000e+00	-6.259891e-04	0.000000e+00	-6.174165e-04	0.000000e+00	9.999999e-01	1.000000e-01	1.000000e+00	1.100000e+01
184	1.039264e-01	0.000000e+00	1.039280e-01	0.000000e+00	-4.093630e-04	0.000000e+00	-4.101757e-04	0.000000e+00	9.999999e-01	1.000000e-01	1.000000e+00	1.100000e+01
185	1.092203e-01	0.000000e+00	1.091996e-01	0.000000e+00	5.293925e-03	0.000000e+00	5.271643e-03	0.000000e+00	9.999999e-01	1.000000e-01	1.000000e+00	1.100000e+01
186	1.169075e-01	0.000000e+00	1.168774e-01	0.000000e+00	7.687147e-03	0.000000e+00	7.677712e-03	0.000000e+00	9.999998e-01	1.000000e-01	1.000000e+00	1.100000e+01
187	1.150241e-01	0.000000e+00	1.150314e-01	0.000000e+00	-1.883345e-03	0.000000e+00	-1.845997e-03	0.000000e+00	9.999998e-01	1.000000e-01	1.000000e+00	1.100000e+01
188	1.132562e-01	0.000000e+00	1.132631e-01	7.095342e-01	-1.767945e-03	0.000000e+00	-1.768250e-03	7.095342e-01	9.999998e-01	1.000000e-01	1.000000e+00	1.100000e+01
189	8.727005e-02	0.000000e+00	8.737159e-02	0.000000e+00	-2.598612e-02	0.000000e+00	-2.589152e-02	-7.095342e-01	9.999986e-01	1.000000e-01	1.000000e+00	1.100000e+01
190	1.044221e-01	0.000000e+00	1.043555e-01	0.000000e+00	1.715207e-02	0.000000e+00	1.698393e-02	0.000000e+00	9.999973e-01	1.000000e-01	1.000000e+00	1.100000e+01
191	1.077126e-01	0.000000e+00	1.076995e-01	1.676823e-01	3.290441e-03	0.000000e+00	3.343931e-03	1.676823e-01	9.999973e-01	1.000000e-01	1.000000e+00	1.100000e+01
192	8.861350e-02	0.000000e+00	8.868806e-02	0.000000e+00	-1.909906e-02	0.000000e+00	-1.901139e-02	-1.676823e-01	9.999966e-01	1.000000e-01	1.000000e+00	1.100000e+01
193	9.654889e-02	0.000000e+00	9.651818e-02	0.000000e+00	7.935388e-03	0.000000e+00	7.830127e-03	0.000000e+00	9.999962e-01	1.000000e-01	1.000000e+00	1.100000e+01
194	1.013651e-01	0.000000e+00	1.013462e-01	0.000000e+00	4.816213e-03	0.000000e+00	4.827986e-03	0.000000e+00	9.999962e-01	1.000000e-01	1.000000e+00	1.100000e+01
195	1.054988e-01	0.000000e+00	1.054826e-01	0.000000e+00	4.133678e-03	0.000000e+00	4.136390e-03	0.000000e+00	9.999962e-01	1.000000e-01	1.000000e+00	1.100000e+01
196	9.628068e-02	0.000000e+00	9.631662e-02	0.000000e+00	-9.218102e-03	0.000000e+00	-9.165936e-03	0.000000e+00	9.999960e-01	1.000000e-01	1.000000e+00	1.100000e+01
197	1.025215e-01	0.000000e+00	1.024973e-01	0.000000e+00	6.240850e-03	0.000000e+00	6.180667e-03	0.000000e+00	9.999958e-01	1.000000e-01	1.000000e+00	1.100000e+01
198	1.031841e-01	0.000000e+00	1.031814e-01	0.000000e+00	6.625268e-04	0.000000e+00	6.840821e-04	0.000000e+00	9.999958e-01	1.000000e-01	1.000000e+00	1.100000e+01
199	1.014954e-01	0.000000e+00	1.015020e-01	0.000000e+00	-1.688687e-03	0.000000e+00	-1.679419e-03	0.000000e+00	9.999958e-01	1.000000e-01	1.000000e+00	1.100000e+01
200	1.017864e-01	0.000000e+00	1.017853e-01	0.000000e+00	2.910681e-04	0.000000e+00	2.833709e-04	0.000000e+00	9.999958e-01	1.000000e-01	1.000000e+00	1.100000e+01
201	1.021538e-01	0.000000e+00	1.021523e-01	0.000000e+00	3.673178e-04	0.000000e+00	3.669899e-04	0.000000e+00	9.999958e-01	1.000000e-01	1.000000e+00	1.100000e+01
202	1.105814e-01	0.000000e+00	1.105484e-01	0.000000e+00	8.427597e-03	0.000000e+00	8.396111e-03	0.000000e+00	9.999957e-01	1.000000e-01	1.000000e+00	1.100000e+01
203	1.110008e-01	0.000000e+00	1.109990e-01	0.000000e+00	4.194362e-04	0.000000e+00	4.505951e-04	0.000000e+00	9.999957e-01	1.000000e-01	1.000000e+00	1.100000e+01
204	1.089386e-01	0.000000e+00	1.089467e-01	0.000000e+00	-2.062181e-03	0.000000e+00	-2.052365e-03	0.000000e+00	9.999957e-01	1.000000e-01	1.000000e+00	1.100000e+01
205	1.085346e-01	0.000000e+00	1.085363e-01	2.719075e-01	-4.039652e-04	0.000000e+00	-4.104043e-04	2.719075e-01	9.999957e-01	1.000000e-01	1.000000e+00	1.100000e+01
206	8.135083e-02	0.000000e+00	8.145702e-02	0.000000e+00	-2.718382e-02	0.000000e+00	-2.707923e-02	-2.719075e-01	9.999943e-01	1.000000e-01	1.000000e+00	1.100000e+01
207	9.477693e-02	0.000000e+00	9.472490e-02	0.000000e+00	1.342610e-02	0.000000e+00	1.326788e-02	0.000000e+00	9.999933e-01	1.000000e-01	1.000000e+00	1.100000e+01
208	1.013090e-01	0.000000e+00	1.012832e-01	0.000000e+00	6.532024e-03	0.000000e+00	6.558336e-03	0.000000e+00	9.999934e-01	1.000000e-01	1.000000e+00	1.100000e+01
209	9.841982e-02	0.000000e+00	9.843101e-02	0.000000e+00	-2.889132e-03	0.000000e+00	-2.852228e-03	0.000000e+00	9.999933e-01	1.000000e-01	1.000000e+00	1.100000e+01
210	9.667573e-02	0.000000e+00	9.668259e-02	0.000000e+00	-1.744093e-03	0.000000e+00	-1.748422e-03	0.000000e+00	9.999933e-01	1.000000e-01	1.000000e+00	1.100000e+01
211	9.270207e-02	0.000000e+00	9.271762e-02	0.000000e+00	-3.973658e-03	0.000000e+00	-3.964966e-03	0.000000e+00	9.999933e-01	1.000000e-01	1.000000e+00	1.100000e+01
212	9.377395e-02	0.000000e+00	9.376982e-02	0.000000e+00	1.071880e-03	0.000000e+00	1.052205e-03	0.000000e+00	9.999933e-01	1.000000e-01	1.000000e+00	1.100000e+01
213	9.485695e-02	0.000000e+00	9.485271e-02	0.000000e+00	1.083002e-03	0.000000e+00	1.082881e-03	0.000000e+00	9.999933e-01	1.000000e-01	1.000000e+00	1.100000e+01
214	9.812381e-02	0.000000e+00	9.811103e-02	0.000000e+00	3.266858e-03	0.000000e+00	3.258327e-03	0.000000e+00	9.999933e-01	1.000000e-01	1.000000e+00	1.100000e+01
215	9.808508e-02	0.000000e+00	9.808518e-02	1.508512e+00	-3.873202e-05	0.000000e+00	-2.585288e-05	1.508512e+00	9.999933e-01	1.000000e-01	1.000000e+00	1.100000e+01
216	8.686657e-02	0.000000e+00	8.691039e-02	0.000000e+00	-1.121851e-02	0.000000e+00	-1.117479e-02	-1.508512e+00	9.999931e-01	1.000000e-01	1.000000e+00	1.100000e+01
217	8.374518e-02	0.000000e+00	8.375754e-02	0.000000e+00	-3.121394e-03	0.000000e+00	-3.152853e-03	0.000000e+00	9.999931e-01	1.000000e-01	1.000000e+00	1.100000e+01
218	9.039914e-02	0.000000e+00	9.037320e-02	6.293039e-01	6.653962e-03	0.000000e+00	6.615655e-03	6.293039e-01	9.999930e-01	1.000000e-01	1.000000e+00	1.100000e+01
219	9.154847e-02	0.000000e+00	9.154388e-02	0.000000e+00	1.149331e-03	0.000000e+00	1.170684e-03	-6.293039e-01	9.999930e-01	1.000000e-01	1.000000e+00	1.100000e+01
220	9.082150e-02	0.000000e+00	9.082432e-02	5.949762e-01	-7.269735e-04	0.000000e+00	-7.195608e-04	5.949762e-01	9.999930e-01	1.000000e-01	1.000000e+00	1.100000e+01
221	9.390064e-02	0.000000e+00	9.388862e-02	0.000000e+00	3.079140e-03	0.000000e+00	3.064301e-03	-5.949762e-01	9.999930e-01	1.000000e-01	1.000000e+00	1.100000e+01
222	9.611643e-02	0.000000e+00	9.610773e-02	0.000000e+00	2.215794e-03	0.000000e+00	2.219108e-03	0.000000e+00	9.999930e-01	1.000000e-01	1.000000e+00	1.100000e+01
223	9.542313e-02	0.000000e+00	9.542580e-02	0.000000e+00	-6.933038e-04	0.000000e+00	-6.819272e-04	0.000000e+00	9.999930e-01	1.000000e-01	1.000000e+00	1.100000e+01
224	9.695408e-02	0.000000e+00	9.694811e-02	0.000000e+00	1.530950e-03	0.000000e+00	1.522306e-03	0.000000e+00	9.999930e-01	1.000000e-01	1.000000e+00	1.100000e+01
225	9.949048e-02	0.000000e+00	9.948055e-02	0.000000e+00	2.536402e-03	0.000000e+00	2.532440e-03	0.000000e+00	9.999930e-01	1.000000e-01	1.000000e+00	1.100000e+01
226	1.015032e-01	0.000000e+00	1.014953e-01	0.000000e+00	2.012704e-03	0.000000e+00	2.014734e-03	0.000000e+00	9.999930e-01	1.000000e-01	1.000000e+00	1.100000e+01
227	1.005683e-01	0.000000e+00	1.005720e-01	0.000000e+00	-9.348410e-04	0.000000e+00	-9.233192e-04	0.000000e+00	9.999930e-01	1.000000e-01	1.000000e+00	1.100000e+01
228	1.001565e-01	0.000000e+00	1.001581e-01	0.000000e+00	-4.118890e-04	0.000000e+00	-4.138868e-04	0.000000e+00	9.999930e-01	1.000000e-01	1.000000e+00	1.100000e+01
229	1.003882e-01	0.000000e+00	1.003873e-01	0.000000e+00	2.317078e-04	0.000000e+00	2.291859e-04	0.000000e+00	9.999930e-01	1.000000e-01	1.000000e+00	1.100000e+01
230	1.023775e-01	0.000000e+00	1.023698e-01	0.000000e+00	1.989383e-03	0.000000e+00	1.982507e-03	0.000000e+00	9.999929e-01	1.000000e-01	1.000000e+00	1.100000e+01
231	1.024142e-01	0.000000e+00	1.024140e-01	0.000000e+00	3.665495e-05	0.000000e+00	4.425593e-05	0.000000e+00	9.999929e-01	1.000000e-01	1.000000e+00	1.100000e+01
232	1.019204e-01	0.000000e+00	1.019223e-01	0.000000e+00	-4.938454e-04	0.000000e+00	-4.917434e-04	0.000000e+00	9.999929e-01	1.000000e-01	1.000000e+00	1.100000e+01
233	1.005742e-01	0.000000e+00	1.005795e-01	0.000000e+00	-1.346117e-03	0.000000e+00	-1.342779e-03	0.000000e+00	9.999929e-01	1.000000e-01	1.000000e+00	1.100000e+01
234	1.005974e-01	0.000000e+00	1.005973e-01	0.000000e+00	2.316264e-05	0.000000e+00	1.782693e-05	0.000000e+00	9.999929e-01	1.000000e-01	1.000000e+00	1.100000e+01
235	9.932254e-02	0.000000e+00	9.932752e-02	0.000000e+00	-1.274853e-03	0.000000e+00	-1.269804e-03	0.000000e+00	9.999929e-01	1.000000e-01	1.000000e+00	1.100000e+01
236	9.828808e-02	0.000000e+00	9.829214e-02	0.000000e+00	-1.034465e-03	0.000000e+00	-1.035384e-03	0.000000e+00	9.999929e-01	1.000000e-01	1.000000e+00	1.100000e+01
237	9.991604e-02	0.000000e+00	9.990970e-02	0.000000e+00	1.627959e-03	0.000000e+00	1.617555e-03	0.000000e+00	9.999929e-01	1.000000e-01	1.000000e+00	1.100000e+01
238	1.000378e-01	0.000000e+00	1.000373e-01	0.000000e+00	1.218008e-04	0.000000e+00	1.276436e-04	0.000000e+00	9.999929e-01	1.000000e-01	1.000000e+00	1.100000e+01
239	9.962898e-02	0.000000e+00	9.963058e-02	0.000000e+00	-4.088553e-04	0.000000e+00	-4.067596e-04	0.000000e+00	9.999929e-01	1.000000e-01	1.000000e+00	1.100000e+01
240	9.954793e-02	0.000000e+00	9.954825e-02	0.000000e+00	-8.105932e-05	0.000000e+00	-8.233158e-05	0.000000e+00	9.999929e-01	1.000000e-01	1.000000e+00	1.100000e+01
241	1.016320e-01	0.000000e+00	1.016238e-01	0.000000e+00	2.084033e-03	0.000000e+00	2.075571e-03	0.000000e+00	9.999929e-01	1.000000e-01	1.000000e+00	1.100000e+01
242	1.035844e-01	0.000000e+00	1.035768e-01	0.000000e+00	1.952484e-03	0.000000e+00	1.952965e-03	0.000000e+00	9.999929e-01	1.000000e-01	1.000000e+00	1.100000e+01
243	1.023867e-01	0.000000e+00	1.023913e-01	4.260603e-01	-1.197766e-03	0.000000e+00	-1.185459e-03	4.260603e-01	9.999929e-01	1.000000e-01	1.000000e+00	1.100000e+01
244	1.026508e-01	0.000000e+00	1.026498e-01	0.000000e+00	2.641286e-04	0.000000e+00	2.584661e-04	-4.260603e-01	9.999929e-01	1.000000e-01	1.000000e+00	1.100000e+01
245	1.049120e-01	0.000000e+00	1.049031e-01	0.000000e+00	2.261178e-03	0.000000e+00	2.253355e-03	0.000000e+00	9.999929e-01	1.000000e-01	1.000000e+00	1.100000e+01
246	1.063136e-01	0.000000e+00	1.063081e-01	0.000000e+00	1.401609e-03	0.000000e+00	1.404936e-03	0.000000e+00	9.999929e-01	1.000000e-01	1.000000e+00	1.100000e+01
