#sequence delta(k-1),f(k-1),theta(k),v(k),delta_diff(k-1),f_diff(k-1),theta_diff(k),v_diff(k),phi(1,1;k),phi(1,2;k),phi(2,1;k),phi(2,2;k)
1	2.423766e+00	0.000000e+00	2.423785e+00	0.000000e+00	2.423766e+00	0.000000e+00	-4.717982e-03	-2.378671e-03	2.899012e-01	1.000000e-01	1.000000e+00	1.400000e+01
2	-2.934403e+00	2.000000e-01	-2.938016e+00	2.928469e+00	-5.358170e+00	2.000000e-01	-5.361801e+00	2.928469e+00	9.236534e-01	7.634445e-02	9.175799e-02	1.403390e+01
3	1.171117e+00	9.624867e-02	1.155065e+00	1.944121e+00	4.105520e+00	-1.037513e-01	4.093082e+00	-9.843486e-01	9.875186e-01	7.473050e-02	1.113921e-01	1.403341e+01
4	-2.543445e+00	2.373071e-02	-2.553541e+00	1.328299e+00	-3.714561e+00	-7.251796e-02	-3.708606e+00	-6.158221e-01	9.953315e-01	7.488303e-02	-7.073548e-02	1.402985e+01
5	1.558689e+00	1.215059e-02	1.542626e+00	1.979760e+00	4.102134e+00	-1.158011e-02	4.096167e+00	6.514612e-01	9.982398e-01	7.487482e-02	1.577949e-01	1.402920e+01
6	-2.442991e+00	0.000000e+00	-2.451966e+00	6.570790e-01	-4.001680e+00	-1.215059e-02	-3.994592e+00	-1.322681e+00	9.980384e-01	7.487421e-02	2.676991e-01	1.402954e+01
7	1.443192e+00	1.436377e-01	1.427977e+00	2.925280e+00	3.886183e+00	1.436377e-01	3.879943e+00	2.268201e+00	9.960177e-01	7.479952e-02	9.795107e-02	1.402326e+01
8	-2.460082e+00	8.646083e-02	-2.469438e+00	1.646648e+00	-3.903274e+00	-5.717688e-02	-3.897415e+00	-1.278632e+00	9.971809e-01	7.481656e-02	1.182772e-01	1.402356e+01
9	1.507802e+00	1.975641e-01	1.492266e+00	3.652820e+00	3.967883e+00	1.111033e-01	3.961703e+00	2.006172e+00	9.964789e-01	7.479691e-02	1.137762e-01	1.402344e+01
10	-2.399015e+00	1.274467e-01	-2.408358e+00	2.687892e+00	-3.906817e+00	-7.011747e-02	-3.900624e+00	-9.649283e-01	9.969773e-01	7.480585e-02	1.429225e-02	1.402165e+01
11	1.515283e+00	1.612054e-01	1.499957e+00	4.366989e+00	3.914298e+00	3.375877e-02	3.908315e+00	1.679097e+00	9.976906e-01	7.481200e-02	2.611119e-01	1.402378e+01
12	-2.419857e+00	4.576185e-02	-2.429089e+00	1.957437e+00	-3.935140e+00	-1.154436e-01	-3.929046e+00	-2.409551e+00	9.964849e-01	7.477663e-02	2.104976e-01	1.402229e+01
13	1.512049e+00	1.863317e-01	1.496654e+00	3.864044e+00	3.931905e+00	1.405699e-01	3.925742e+00	1.906607e+00	9.958751e-01	7.475483e-02	1.984715e-02	1.401548e+01
14	-2.328637e+00	2.162373e-01	-2.338238e+00	4.204948e+00	-3.840686e+00	2.990551e-02	-3.834892e+00	3.409031e-01	9.985507e-01	7.473400e-02	2.028501e-02	1.401547e+01
15	1.427651e+00	2.303316e-01	1.412941e+00	4.658866e+00	3.756289e+00	1.409434e-02	3.751179e+00	4.539188e-01	9.983915e-01	7.473340e-02	6.019712e-02	1.401562e+01
16	-2.477757e+00	2.113535e-01	-2.487102e+00	3.952797e+00	-3.905408e+00	-1.897810e-02	-3.900043e+00	-7.060691e-01	9.982837e-01	7.473288e-02	1.042788e-01	1.401584e+01
17	1.570481e+00	2.787638e-01	1.554631e+00	4.128980e+00	4.048238e+00	6.741031e-02	4.041734e+00	1.761825e-01	9.973231e-01	7.471688e-02	-1.447056e-01	1.401169e+01
18	-2.309545e+00	3.832723e-01	-2.318995e+00	6.439310e+00	-3.880026e+00	1.045085e-01	-3.873626e+00	2.310331e+00	9.998706e-01	7.464827e-02	-2.061614e-01	1.401335e+01
19	1.438664e+00	2.689735e-01	1.423986e+00	3.846505e+00	3.748209e+00	-1.142989e-01	3.742980e+00	-2.592805e+00	1.000710e+00	7.462266e-02	-2.545691e-01	1.401482e+01
20	-2.559637e+00	4.258992e-01	-2.568620e+00	7.130670e+00	-3.998301e+00	1.569257e-01	-3.992606e+00	3.284164e+00	1.001380e+00	7.459638e-02	-2.687060e-01	1.401538e+01
21	1.397300e+00	2.789969e-01	1.381808e+00	3.485636e+00	3.956938e+00	-1.469023e-01	3.950428e+00	-3.645034e+00	1.001165e+00	7.460436e-02	-3.798885e-01	1.401951e+01
22	-2.611847e+00	4.789969e-01	-2.620790e+00	4.858916e+00	-4.009147e+00	2.000000e-01	-4.002599e+00	1.373280e+00	1.001943e+00	7.456553e-02	2.411779e-01	1.398852e+01
23	1.434470e+00	6.507060e-01	1.418629e+00	8.018005e+00	4.046317e+00	1.717092e-01	4.039419e+00	3.159089e+00	9.961855e-01	7.432119e-02	1.954834e-01	1.398658e+01
24	-2.604042e+00	4.507060e-01	-2.612872e+00	5.620039e+00	-4.038512e+00	-2.000000e-01	-4.031501e+00	-2.397966e+00	9.948327e-01	7.425419e-02	-5.307733e-02	1.397428e+01
25	1.447327e+00	5.273383e-01	1.431467e+00	6.029988e+00	4.051369e+00	7.663233e-02	4.044339e+00	4.099489e-01	9.965491e-01	7.428666e-02	-1.462487e-01	1.397251e+01
26	-2.569960e+00	6.175977e-01	-2.578873e+00	7.593880e+00	-4.017286e+00	9.025933e-02	-4.010339e+00	1.563892e+00	9.994138e-01	7.422230e-02	-8.635674e-02	1.397117e+01
27	1.363261e+00	5.108776e-01	1.347862e+00	6.531095e+00	3.933220e+00	-1.067201e-01	3.926734e+00	-1.062785e+00	1.000213e+00	7.420060e-02	7.777170e-02	1.396671e+01
28	-2.646986e+00	5.451211e-01	-2.655924e+00	8.591795e+00	-4.010246e+00	3.424350e-02	-4.003786e+00	2.060700e+00	9.992074e-01	7.420919e-02	-3.213177e-01	1.397012e+01
29	1.371552e+00	3.451211e-01	1.355820e+00	6.612440e+00	4.018538e+00	-2.000000e-01	4.011744e+00	-1.979355e+00	1.001565e+00	7.409185e-02	1.206886e-01	1.394812e+01
30	-2.610325e+00	3.801199e-01	-2.619376e+00	7.689247e+00	-3.981878e+00	3.499887e-02	-3.975196e+00	1.076807e+00	9.993788e-01	7.411106e-02	-1.058148e-01	1.395011e+01
31	1.396825e+00	3.168855e-01	1.381137e+00	5.998527e+00	4.007151e+00	-6.323441e-02	4.000513e+00	-1.690720e+00	9.994923e-01	7.410927e-02	-1.868726e-01	1.395139e+01
32	-2.654607e+00	5.168855e-01	-2.663386e+00	8.991250e+00	-4.051432e+00	2.000000e-01	-4.044523e+00	2.992723e+00	1.001572e+00	7.400663e-02	-7.119101e-02	1.394568e+01
33	1.330253e+00	3.964215e-01	1.314652e+00	6.806620e+00	3.984859e+00	-1.204641e-01	3.978038e+00	-2.184630e+00	1.000690e+00	7.403329e-02	-1.179442e-01	1.394710e+01
34	-2.768217e+00	5.443777e-01	-2.776812e+00	8.860537e+00	-4.098470e+00	1.479563e-01	-4.091465e+00	2.053917e+00	1.000922e+00	7.402491e-02	-1.594009e-02	1.394341e+01
35	1.304111e+00	4.861344e-01	1.288169e+00	7.403987e+00	4.072328e+00	-5.824336e-02	4.064982e+00	-1.456550e+00	9.995088e-01	7.404512e-02	-1.365614e-01	1.394514e+01
36	-2.680856e+00	6.118301e-01	-2.689896e+00	8.171867e+00	-3.984967e+00	1.256957e-01	-3.978065e+00	7.678797e-01	1.000432e+00	7.401600e-02	1.869208e-01	1.393494e+01
37	1.350291e+00	7.005971e-01	1.334509e+00	9.716355e+00	4.031147e+00	8.876699e-02	4.024405e+00	1.544488e+00	9.972744e-01	7.394648e-02	9.337734e-02	1.393288e+01
38	-2.684049e+00	5.960329e-01	-2.692895e+00	8.172630e+00	-4.034340e+00	-1.045642e-01	-4.027404e+00	-1.543725e+00	9.965048e-01	7.392653e-02	3.262504e-02	1.393130e+01
39	1.299316e+00	6.614716e-01	1.283722e+00	9.103040e+00	3.983365e+00	6.543870e-02	3.976617e+00	9.304099e-01	9.969996e-01	7.393466e-02	9.080285e-03	1.393091e+01
40	-2.712315e+00	6.418661e-01	-2.721249e+00	8.161941e+00	-4.011632e+00	-1.960553e-02	-4.004971e+00	-9.410984e-01	9.978266e-01	7.393870e-02	1.421034e-01	1.393156e+01
41	1.287124e+00	7.629342e-01	1.271466e+00	9.502838e+00	3.999439e+00	1.210682e-01	3.992715e+00	1.340897e+00	9.963535e-01	7.389411e-02	-5.073853e-02	1.392573e+01
42	-2.671409e+00	7.524451e-01	-2.680551e+00	1.029257e+01	-3.958533e+00	-1.048915e-02	-3.952017e+00	7.897328e-01	9.978739e-01	7.389814e-02	-2.071533e-01	1.392531e+01
43	1.303885e+00	6.110554e-01	1.288321e+00	8.741044e+00	3.975295e+00	-1.413897e-01	3.968872e+00	-1.551527e+00	1.000518e+00	7.380410e-02	5.577506e-02	1.391596e+01
44	-2.652894e+00	6.475480e-01	-2.662043e+00	9.704779e+00	-3.956780e+00	3.649267e-02	-3.950364e+00	9.637349e-01	9.992892e-01	7.381543e-02	-8.825924e-02	1.391729e+01
45	1.254040e+00	5.953226e-01	1.238742e+00	9.461158e+00	3.906934e+00	-5.222543e-02	3.900785e+00	-2.436206e-01	9.993931e-01	7.381404e-02	8.973133e-02	1.391491e+01
46	-2.746745e+00	5.775206e-01	-2.755720e+00	9.836984e+00	-4.000784e+00	-1.780199e-02	-3.994463e+00	3.758253e-01	9.982939e-01	7.380915e-02	-1.176573e-01	1.391399e+01
47	1.240439e+00	5.256624e-01	1.224829e+00	8.646352e+00	3.987184e+00	-5.185825e-02	3.980549e+00	-1.190632e+00	9.991394e-01	7.379815e-02	-1.176478e-01	1.391399e+01
48	-2.763592e+00	6.509918e-01	-2.772556e+00	1.058322e+01	-4.004031e+00	1.253294e-01	-3.997385e+00	1.936869e+00	1.000414e+00	7.375825e-02	-5.904990e-02	1.391215e+01
49	1.155937e+00	5.829739e-01	1.140591e+00	1.002545e+01	3.919529e+00	-6.801789e-02	3.913147e+00	-5.577714e-01	9.997735e-01	7.376937e-02	7.386761e-02	1.390985e+01
50	-2.778393e+00	5.617903e-01	-2.787629e+00	9.972196e+00	-3.934330e+00	-2.118361e-02	-3.928220e+00	-5.325267e-02	9.983233e-01	7.376156e-02	-3.989565e-02	1.390923e+01
51	1.223186e+00	5.567059e-01	1.207519e+00	1.077039e+01	4.001580e+00	-5.084377e-03	3.995148e+00	7.981955e-01	9.984610e-01	7.376138e-02	1.771780e-01	1.390896e+01
52	-2.749725e+00	4.569865e-01	-2.758811e+00	9.595957e+00	-3.972912e+00	-9.971943e-02	-3.966330e+00	-1.174435e+00	9.968017e-01	7.371974e-02	-1.721403e-02	1.390408e+01
53	1.169680e+00	4.929865e-01	1.154334e+00	9.683957e+00	3.919405e+00	3.600005e-02	3.913145e+00	8.799939e-02	9.975783e-01	7.372687e-02	-9.121494e-02	1.390340e+01
54	-2.796366e+00	5.670326e-01	-2.805478e+00	1.017671e+01	-3.966046e+00	7.404606e-02	-3.959812e+00	4.927515e-01	9.994541e-01	7.369185e-02	9.966909e-02	1.389984e+01
55	1.156237e+00	6.223120e-01	1.140762e+00	9.541485e+00	3.952603e+00	5.527948e-02	3.946239e+00	-6.352230e-01	9.976901e-01	7.366718e-02	-2.832712e-01	1.389448e+01
56	-2.851089e+00	7.874246e-01	-2.860039e+00	1.226113e+01	-4.007326e+00	1.651125e-01	-4.000801e+00	2.719641e+00	1.000825e+00	7.353800e-02	-1.338902e-01	1.388832e+01
57	1.012308e+00	6.480637e-01	9.971812e-01	1.013865e+01	3.863396e+00	-1.393609e-01	3.857220e+00	-2.122481e+00	1.001017e+00	7.353109e-02	-6.235409e-02	1.388574e+01
58	-3.000848e+00	6.996362e-01	-3.009775e+00	1.056239e+01	-4.013156e+00	5.157246e-02	-4.006956e+00	4.237474e-01	9.996507e-01	7.354865e-02	5.188798e-02	1.388428e+01
59	1.010497e+00	7.299576e-01	9.947926e-01	1.036817e+01	4.011345e+00	3.032140e-02	4.004567e+00	-1.942176e-01	9.980485e-01	7.353654e-02	-1.215386e-01	1.388297e+01
60	-2.976058e+00	8.003550e-01	-2.985090e+00	1.045220e+01	-3.986555e+00	7.039736e-02	-3.979883e+00	8.402765e-02	9.993784e-01	7.351305e-02	1.700151e-01	1.387782e+01
61	9.730014e-01	8.882297e-01	9.575401e-01	1.172971e+01	3.949059e+00	8.787478e-02	3.942630e+00	1.277510e+00	9.971547e-01	7.346357e-02	3.928400e-02	1.387491e+01
62	-3.050033e+00	8.260153e-01	-3.058922e+00	1.098665e+01	-4.023034e+00	-6.221439e-02	-4.016462e+00	-7.430631e-01	9.972186e-01	7.346456e-02	-1.917189e-02	1.387400e+01
63	8.590025e-01	8.173159e-01	8.436981e-01	1.201309e+01	3.909036e+00	-8.699464e-03	3.902620e+00	1.026439e+00	9.983138e-01	7.346212e-02	2.434511e-01	1.387342e+01
64	3.139769e+00	6.645897e-01	3.130800e+00	9.563142e+00	2.280766e+00	-1.527262e-01	2.287102e+00	-2.449947e+00	1.004732e+00	7.303237e-02	-2.235631e-02	1.389122e+01
65	2.288707e+00	7.904585e-01	2.291996e+00	1.136277e+01	-8.510622e-01	1.258688e-01	-8.388037e-01	1.799627e+00	1.002639e+00	7.334189e-02	-3.183637e-02	1.389262e+01
66	1.079946e+00	7.581443e-01	1.084681e+00	1.089518e+01	-1.208760e+00	-3.231416e-02	-1.207315e+00	-4.675907e-01	1.000315e+00	7.327978e-02	-1.288261e-02	1.389313e+01
67	9.784649e-01	7.728365e-01	9.788798e-01	1.145944e+01	-1.014812e-01	1.469224e-02	-1.058009e-01	5.642610e-01	1.000573e+00	7.324254e-02	-3.008916e-02	1.389562e+01
68	1.459899e+00	7.217508e-01	1.458020e+00	1.056743e+01	4.814341e-01	-5.108570e-02	4.791402e-01	-8.920086e-01	1.000813e+00	7.321708e-02	-6.440694e-02	1.389926e+01
69	1.487061e+00	7.737850e-01	1.486947e+00	1.217707e+01	2.716173e-02	5.203419e-02	2.892728e-02	1.609639e+00	1.000786e+00	7.316610e-02	-5.296787e-02	1.392117e+01
70	1.208769e+00	6.388493e-01	1.209856e+00	9.613356e+00	-2.782917e-01	-1.349357e-01	-2.770917e-01	-2.563713e+00	9.993615e-01	7.247541e-02	3.533936e-02	1.396399e+01
71	1.139764e+00	7.954299e-01	1.140038e+00	1.082756e+01	-6.900486e-02	1.565805e-01	-6.981770e-02	1.214208e+00	9.997557e-01	7.158074e-02	6.666954e-02	1.389290e+01
72	1.331720e+00	8.809456e-01	1.330971e+00	1.392826e+01	1.919560e-01	8.551575e-02	1.909335e-01	3.100699e+00	9.991226e-01	7.129869e-02	2.361530e-01	1.396840e+01
73	1.594591e+00	6.809456e-01	1.593561e+00	1.049086e+01	2.628704e-01	-2.000000e-01	2.625894e-01	-3.437398e+00	1.000805e+00	7.001863e-02	1.525837e-01	1.403199e+01
74	1.735747e+00	7.842293e-01	1.735191e+00	1.257457e+01	1.411561e-01	1.032837e-01	1.416304e-01	2.083704e+00	1.000351e+00	6.968661e-02	1.930584e-01	1.406160e+01
75	1.753966e+00	6.461419e-01	1.753893e+00	1.007690e+01	1.821939e-02	-1.380874e-01	1.870146e-02	-2.497664e+00	1.000438e+00	6.903060e-02	1.882633e-01	1.409794e+01
76	1.801449e+00	7.644940e-01	1.801264e+00	1.040329e+01	4.748343e-02	1.183521e-01	4.737100e-02	3.263855e-01	1.000252e+00	6.856758e-02	1.580361e-01	1.402260e+01
77	1.903868e+00	9.071350e-01	1.903467e+00	1.255971e+01	1.024186e-01	1.426410e-01	1.022036e-01	2.156421e+00	9.997720e-01	6.789890e-02	1.647453e-01	1.403195e+01
78	1.976393e+00	8.022509e-01	1.976108e+00	9.798586e+00	7.252451e-02	-1.048841e-01	7.264044e-02	-2.761124e+00	1.000020e+00	6.754042e-02	1.202766e-01	1.409626e+01
79	2.021495e+00	9.940062e-01	2.021318e+00	1.274408e+01	4.510216e-02	1.917553e-01	4.520973e-02	2.945493e+00	9.997499e-01	6.639275e-02	1.252581e-01	1.411744e+01
80	2.061541e+00	8.603626e-01	2.061384e+00	1.015866e+01	4.004598e-02	-1.336436e-01	4.006615e-02	-2.585420e+00	9.999177e-01	6.583302e-02	1.120009e-01	1.416168e+01
81	2.097729e+00	9.911605e-01	2.097587e+00	1.245589e+01	3.618848e-02	1.307978e-01	3.620363e-02	2.297230e+00	9.997713e-01	6.530404e-02	1.195099e-01	1.418882e+01
82	2.140812e+00	8.573926e-01	2.140643e+00	1.018255e+01	4.308296e-02	-1.337678e-01	4.305609e-02	-2.273344e+00	9.999480e-01	6.475548e-02	1.117996e-01	1.421276e+01
83	2.172969e+00	9.642665e-01	2.172843e+00	9.604243e+00	3.215717e-02	1.068739e-01	3.219974e-02	-5.783026e-01	9.998436e-01	6.440856e-02	7.990818e-02	1.410677e+01
84	2.184918e+00	1.164267e+00	2.184870e+00	1.308974e+01	1.194825e-02	2.000000e-01	1.202736e-02	3.485495e+00	9.997724e-01	6.321642e-02	8.359799e-02	1.416853e+01
85	2.211922e+00	9.642665e-01	2.211816e+00	1.055016e+01	2.700415e-02	-2.000000e-01	2.694565e-02	-2.539577e+00	9.999306e-01	6.204415e-02	8.726709e-02	1.414136e+01
86	2.241016e+00	1.010890e+00	2.240902e+00	1.218981e+01	2.909417e-02	4.662360e-02	2.908578e-02	1.639647e+00	9.998906e-01	6.198005e-02	1.007595e-01	1.416298e+01
87	2.264927e+00	8.376861e-01	2.264834e+00	1.069236e+01	2.391154e-02	-1.732040e-01	2.393175e-02	-1.497445e+00	1.000011e+00	6.110829e-02	1.114232e-01	1.408573e+01
88	2.282799e+00	8.110844e-01	2.282729e+00	1.028142e+01	1.787167e-02	-2.660168e-02	1.789534e-02	-4.109385e-01	1.000025e+00	6.108746e-02	1.110989e-01	1.408622e+01
89	2.291796e+00	8.652091e-01	2.291761e+00	1.108659e+01	8.996973e-03	5.412473e-02	9.031732e-03	8.051670e-01	1.000011e+00	6.100347e-02	1.112771e-01	1.408729e+01
90	2.300390e+00	8.379227e-01	2.300356e+00	1.182475e+01	8.593710e-03	-2.728642e-02	8.595422e-03	7.381607e-01	1.000018e+00	6.098189e-02	1.158536e-01	1.407276e+01
91	2.311603e+00	6.807643e-01	2.311559e+00	9.320506e+00	1.121282e-02	-1.571584e-01	1.120260e-02	-2.504246e+00	1.000068e+00	6.027599e-02	1.143075e-01	1.409443e+01
92	2.321250e+00	8.404305e-01	2.321212e+00	1.273607e+01	9.646896e-03	1.596662e-01	9.652973e-03	3.415568e+00	1.000025e+00	5.955572e-02	1.195742e-01	1.418160e+01
93	2.325668e+00	6.404305e-01	2.325651e+00	1.047725e+01	4.418645e-03	-2.000000e-01	4.439091e-03	-2.258827e+00	1.000049e+00	5.844446e-02	1.207614e-01	1.412786e+01
94	2.329319e+00	6.479800e-01	2.329305e+00	9.904494e+00	3.650633e-03	7.549525e-03	3.653713e-03	-5.727534e-01	1.000048e+00	5.844289e-02	1.195825e-01	1.412542e+01
95	2.334244e+00	7.564190e-01	2.334225e+00	9.983713e+00	4.925517e-03	1.084390e-01	4.920549e-03	7.921902e-02	1.000034e+00	5.811810e-02	1.162027e-01	1.405101e+01
96	2.336104e+00	9.013953e-01	2.336097e+00	1.223988e+01	1.859491e-03	1.449762e-01	1.871449e-03	2.256172e+00	1.000026e+00	5.754472e-02	1.163940e-01	1.406593e+01
97	2.336637e+00	7.386263e-01	2.336635e+00	9.058705e+00	5.328841e-04	-1.627690e-01	5.381128e-04	-3.181180e+00	1.000029e+00	5.682961e-02	1.161712e-01	1.413397e+01
98	2.338290e+00	9.386263e-01	2.338284e+00	1.230038e+01	1.653633e-03	2.000000e-01	1.649276e-03	3.241676e+00	1.000020e+00	5.577061e-02	1.164906e-01	1.417260e+01
99	2.342061e+00	7.386263e-01	2.342047e+00	9.703995e+00	3.771066e-03	-2.000000e-01	3.762778e-03	-2.596385e+00	1.000040e+00	5.473254e-02	1.169080e-01	1.415046e+01
100	2.346066e+00	8.050357e-01	2.346050e+00	1.031530e+01	4.004252e-03	6.640943e-02	4.003309e-03	6.113064e-01	1.000033e+00	5.461810e-02	1.162838e-01	1.414011e+01
101	2.348042e+00	8.179765e-01	2.348035e+00	9.371334e+00	1.976808e-03	1.294077e-02	1.984724e-03	-9.439680e-01	1.000032e+00	5.461380e-02	1.152255e-01	1.413318e+01
102	2.348749e+00	9.714049e-01	2.348747e+00	9.796648e+00	7.069695e-04	1.534284e-01	7.119607e-04	4.253139e-01	1.000029e+00	5.401059e-02	1.146469e-01	1.400762e+01
103	2.349390e+00	1.113214e+00	2.349387e+00	1.058565e+01	6.404415e-04	1.418094e-01	6.407209e-04	7.890028e-01	1.000027e+00	5.349983e-02	1.142863e-01	1.392776e+01
104	2.351363e+00	1.148262e+00	2.351356e+00	1.122645e+01	1.973464e-03	3.504756e-02	1.968258e-03	6.407950e-01	1.000025e+00	5.346854e-02	1.144291e-01	1.393029e+01
105	2.354202e+00	1.034590e+00	2.354191e+00	9.805107e+00	2.838971e-03	-1.136717e-01	2.835570e-03	-1.421339e+00	1.000033e+00	5.314267e-02	1.146459e-01	1.392161e+01
106	2.356019e+00	1.060498e+00	2.356012e+00	1.056988e+01	1.816537e-03	2.590743e-02	1.820517e-03	7.647779e-01	1.000032e+00	5.312578e-02	1.149943e-01	1.392658e+01
107	2.356265e+00	9.594258e-01	2.356264e+00	9.471625e+00	2.461987e-04	-1.010717e-01	2.523484e-04	-1.098259e+00	1.000033e+00	5.286901e-02	1.150303e-01	1.391181e+01
108	2.356186e+00	9.839657e-01	2.356186e+00	9.011635e+00	-7.947272e-05	2.453989e-02	-7.817654e-05	-4.599897e-01	1.000033e+00	5.285391e-02	1.150605e-01	1.390247e+01
109	2.356264e+00	1.104126e+00	2.356264e+00	1.108087e+01	7.867378e-05	1.201604e-01	7.806109e-05	2.069236e+00	1.000032e+00	5.249398e-02	1.150753e-01	1.392506e+01
110	2.356373e+00	9.053287e-01	2.356372e+00	6.369959e+00	1.086138e-04	-1.987974e-01	1.084945e-04	-4.710912e+00	1.000033e+00	5.152766e-02	1.149770e-01	1.410495e+01
111	2.356326e+00	1.105329e+00	2.356326e+00	1.001467e+01	-4.693936e-05	2.000000e-01	-4.633219e-05	3.644712e+00	1.000033e+00	5.056789e-02	1.149590e-01	1.418167e+01
112	2.356161e+00	9.053287e-01	2.356162e+00	8.465428e+00	-1.644598e-04	-2.000000e-01	-1.639984e-04	-1.549242e+00	1.000032e+00	4.962590e-02	1.148604e-01	1.406179e+01
113	2.356109e+00	9.313510e-01	2.356109e+00	9.273656e+00	-5.251108e-05	2.602233e-02	-5.294658e-05	8.082273e-01	1.000033e+00	4.960993e-02	1.148494e-01	1.406726e+01
114	2.356194e+00	8.701865e-01	2.356193e+00	8.104993e+00	8.475384e-05	-6.116453e-02	8.421594e-05	-1.168663e+00	1.000033e+00	4.952196e-02	1.148370e-01	1.407620e+01
115	2.356249e+00	1.013305e+00	2.356249e+00	9.540022e+00	5.547742e-05	1.431186e-01	5.558968e-05	1.435029e+00	1.000032e+00	4.904503e-02	1.148219e-01	1.403720e+01
116	2.356215e+00	9.635252e-01	2.356215e+00	8.783739e+00	-3.415477e-05	-4.977999e-02	-3.380421e-05	-7.562835e-01	1.000032e+00	4.898736e-02	1.148228e-01	1.403856e+01
117	2.356169e+00	1.003949e+00	2.356169e+00	9.403545e+00	-4.648172e-05	4.042410e-02	-4.643220e-05	6.198059e-01	1.000032e+00	4.894937e-02	1.148217e-01	1.403956e+01
118	2.356182e+00	9.277119e-01	2.356182e+00	9.169646e+00	1.378025e-05	-7.623740e-02	1.354505e-05	-2.338988e-01	1.000032e+00	4.881463e-02	1.148271e-01	1.400936e+01
119	2.356208e+00	8.359590e-01	2.356208e+00	7.815376e+00	2.600915e-05	-9.175291e-02	2.596046e-05	-1.354270e+00	1.000033e+00	4.862025e-02	1.148263e-01	1.401235e+01
120	2.356203e+00	9.572206e-01	2.356203e+00	8.945108e+00	-5.800493e-06	1.212616e-01	-5.676426e-06	1.129732e+00	1.000000e+00	1.000000e-01	1.148279e-01	1.397979e+01
121	2.356192e+00	9.166838e-01	2.356192e+00	9.499260e+00	-1.087966e-05	-4.053681e-02	-1.085934e-05	5.541518e-01	1.000000e+00	9.992201e-02	1.148221e-01	1.395822e+01
122	2.356191e+00	7.170649e-01	2.356191e+00	7.505648e+00	-9.027970e-07	-1.996189e-01	-9.416898e-07	-1.993612e+00	1.000000e+00	1.000000e-01	1.148217e-01	1.388453e+01
123	2.356196e+00	8.006425e-01	2.356196e+00	9.073186e+00	5.406522e-06	8.357767e-02	5.381725e-06	1.567538e+00	1.000000e+00	1.000000e-01	1.148228e-01	1.390063e+01
124	2.356197e+00	6.325756e-01	2.356197e+00	5.719411e+00	3.303160e-07	-1.680669e-01	3.500480e-07	-3.353775e+00	1.000000e+00	1.000000e-01	1.148226e-01	1.398073e+01
125	2.356194e+00	8.325756e-01	2.356194e+00	7.977335e+00	-2.084280e-06	2.000000e-01	-2.074771e-06	2.257924e+00	1.000000e+00	1.000000e-01	1.148231e-01	1.393061e+01
126	2.356194e+00	7.817027e-01	2.356194e+00	7.129551e+00	-6.186038e-07	-5.087292e-02	-6.242920e-07	-8.477832e-01	1.000000e+00	1.000000e-01	1.148232e-01	1.393396e+01
127	2.356195e+00	8.832777e-01	2.356195e+00	9.355689e+00	7.129241e-07	1.015751e-01	7.077006e-07	2.226138e+00	1.000000e+00	1.000000e-01	1.148235e-01	1.397288e+01
128	2.356195e+00	6.832777e-01	2.356195e+00	7.478253e+00	3.251071e-07	-2.000000e-01	3.266016e-07	-1.877436e+00	1.000000e+00	1.000000e-01	1.148236e-01	1.388746e+01
129	2.356195e+00	6.960399e-01	2.356195e+00	6.538845e+00	-3.261037e-07	1.276212e-02	-3.235541e-07	-9.394079e-01	1.000000e+00	1.000000e-01	1.148238e-01	1.388069e+01
130	2.356194e+00	8.921018e-01	2.356194e+00	8.455514e+00	-2.022535e-07	1.960619e-01	-2.027273e-07	1.916669e+00	1.000000e+00	1.000000e-01	1.148238e-01	1.380715e+01
131	2.356194e+00	7.733990e-01	2.356194e+00	5.074148e+00	1.288286e-07	-1.187028e-01	1.275335e-07	-3.381366e+00	1.000000e+00	1.000000e-01	1.148237e-01	1.390471e+01
132	2.356195e+00	9.733990e-01	2.356195e+00	8.433725e+00	9.683319e-08	2.000000e-01	9.695312e-08	3.359577e+00	1.000000e+00	1.000000e-01	1.148238e-01	1.395860e+01
133	2.356195e+00	7.733990e-01	2.356195e+00	6.788535e+00	-5.259498e-08	-2.000000e-01	-5.201081e-08	-1.645190e+00	1.000000e+00	1.000000e-01	1.148237e-01	1.385182e+01
134	2.356194e+00	7.705953e-01	2.356194e+00	7.450777e+00	-6.063580e-08	-2.803630e-03	-6.060210e-08	6.622421e-01	1.000000e+00	1.000000e-01	1.148237e-01	1.385089e+01
135	2.356194e+00	6.328562e-01	2.356194e+00	7.987535e+00	3.183411e-08	-1.377391e-01	3.147303e-08	5.367582e-01	1.000000e+00	1.000000e-01	1.148237e-01	1.369245e+01
136	2.356195e+00	4.328562e-01	2.356195e+00	6.218764e+00	4.034969e-08	-2.000000e-01	4.031502e-08	-1.768771e+00	1.000000e+00	1.000000e-01	1.148238e-01	1.360213e+01
137	2.356195e+00	4.602558e-01	2.356195e+00	6.899314e+00	-1.211632e-08	2.739966e-02	-1.191151e-08	6.805498e-01	1.000000e+00	1.000000e-01	1.148238e-01	1.360614e+01
138	2.356194e+00	3.646443e-01	2.356194e+00	6.161728e+00	-2.896777e-08	-9.561156e-02	-2.890114e-08	-7.375863e-01	1.000000e+00	1.000000e-01	1.148238e-01	1.358067e+01
139	2.356194e+00	3.610054e-01	2.356194e+00	4.138027e+00	-6.664898e-09	-3.638849e-03	-6.751759e-09	-2.023700e+00	1.000000e+00	1.000000e-01	1.148238e-01	1.358408e+01
140	2.356194e+00	5.610054e-01	2.356194e+00	5.938602e+00	8.922897e-09	2.000000e-01	8.861668e-09	1.800575e+00	1.000000e+00	1.000000e-01	1.148238e-01	1.349875e+01
141	2.356194e+00	5.637626e-01	2.356194e+00	5.135335e+00	4.970946e-09	2.757151e-03	4.986145e-09	-8.032669e-01	1.000000e+00	1.000000e-01	1.148238e-01	1.349765e+01
142	2.356194e+00	7.208547e-01	2.356194e+00	6.782472e+00	9.205970e-09	1.570921e-01	9.189486e-09	1.647137e+00	1.000000e+00	1.000000e-01	1.148238e-01	1.346276e+01
143	2.356195e+00	5.953033e-01	2.356195e+00	4.737931e+00	1.989274e-08	-1.255514e-01	1.985093e-08	-2.044541e+00	1.000000e+00	1.000000e-01	1.148238e-01	1.348373e+01
144	2.356195e+00	7.729854e-01	2.356195e+00	7.735701e+00	2.771161e-08	1.776820e-01	2.768090e-08	2.997770e+00	1.000000e+00	1.000000e-01	1.148238e-01	1.353374e+01
145	2.356195e+00	5.729854e-01	2.356195e+00	4.544957e+00	-4.854537e-09	-2.000000e-01	-4.727446e-09	-3.190744e+00	1.000000e+00	1.000000e-01	1.148238e-01	1.357882e+01
146	2.356194e+00	7.729854e-01	2.356194e+00	7.200807e+00	-5.332690e-08	2.000000e-01	-5.313705e-08	2.655850e+00	1.000000e+00	1.000000e-01	1.148238e-01	1.357324e+01
147	2.356194e+00	5.729854e-01	2.356194e+00	4.466110e+00	-7.385314e-08	-2.000000e-01	-7.377221e-08	-2.734697e+00	1.000000e+00	1.000000e-01	1.148238e-01	1.357511e+01
148	2.356194e+00	7.251864e-01	2.356194e+00	5.461643e+00	-1.501544e-07	1.522011e-01	-1.498561e-07	9.955336e-01	1.000000e+00	1.000000e-01	1.148238e-01	1.349859e+01
149	2.356194e+00	7.093442e-01	2.356194e+00	5.448092e+00	2.791676e-08	-1.584227e-02	2.722234e-08	-1.355146e-02	1.000000e+00	1.000000e-01	1.148238e-01	1.349709e+01
150	2.356194e+00	6.258430e-01	2.356194e+00	2.917313e+00	1.459598e-07	-8.350119e-02	1.454959e-07	-2.530778e+00	1.000000e+00	1.000000e-01	1.148237e-01	1.355257e+01
151	2.356195e+00	8.258430e-01	2.356195e+00	5.252582e+00	1.214129e-07	2.000000e-01	1.215070e-07	2.335269e+00	1.000000e+00	1.000000e-01	1.148237e-01	1.351762e+01
152	2.356195e+00	6.839369e-01	2.356195e+00	4.173885e+00	1.879967e-07	-1.419060e-01	1.877370e-07	-1.078697e+00	1.000000e+00	1.000000e-01	1.148238e-01	1.346160e+01
153	2.356195e+00	6.702453e-01	2.356195e+00	3.392617e+00	3.485508e-07	-1.369161e-02	3.479227e-07	-7.812677e-01	1.000000e+00	1.000000e-01	1.148237e-01	1.346548e+01
154	2.356195e+00	8.095044e-01	2.356195e+00	5.383534e+00	1.453117e-07	1.392591e-01	1.461032e-07	1.990917e+00	1.000000e+00	1.000000e-01	1.148237e-01	1.347306e+01
155	2.356195e+00	6.095044e-01	2.356195e+00	1.888611e+00	-1.611987e-07	-2.000000e-01	-1.599983e-07	-3.494924e+00	1.000000e+00	1.000000e-01	1.148238e-01	1.354760e+01
156	2.356195e+00	8.095044e-01	2.356195e+00	3.703389e+00	-2.555072e-07	2.000000e-01	-2.551341e-07	1.814778e+00	1.000000e+00	1.000000e-01	1.148239e-01	1.346426e+01
157	2.356195e+00	7.962733e-01	2.356195e+00	3.971574e+00	-2.474689e-07	-1.323116e-02	-2.474988e-07	2.681851e-01	1.000000e+00	1.000000e-01	1.148238e-01	1.346146e+01
158	2.356194e+00	7.064577e-01	2.356194e+00	2.699906e+00	-8.252100e-07	-8.981553e-02	-8.229534e-07	-1.271668e+00	1.000000e+00	1.000000e-01	1.148238e-01	1.346412e+01
159	2.356193e+00	8.229616e-01	2.356193e+00	5.676623e+00	-5.895718e-07	1.165039e-01	-5.904834e-07	2.976718e+00	1.000000e+00	1.000000e-01	1.148235e-01	1.354152e+01
160	2.356192e+00	6.229616e-01	2.356192e+00	4.441244e+00	-1.428687e-06	-2.000000e-01	-1.425413e-06	-1.235380e+00	1.000000e+00	1.000000e-01	1.148225e-01	1.340433e+01
161	2.356193e+00	4.315649e-01	2.356193e+00	2.343092e+00	1.500812e-06	-1.913967e-01	1.489381e-06	-2.098151e+00	1.000000e+00	1.000000e-01	1.148228e-01	1.336261e+01
162	2.356195e+00	5.305121e-01	2.356195e+00	2.503459e+00	1.841847e-06	9.894721e-02	1.840470e-06	1.603662e-01	1.000000e+00	1.000000e-01	1.148218e-01	1.330827e+01
163	2.356196e+00	6.304699e-01	2.356196e+00	3.481231e+00	1.127297e-06	9.995787e-02	1.130082e-06	9.777726e-01	1.000000e+00	1.000000e-01	1.148216e-01	1.329161e+01
164	2.356197e+00	5.322110e-01	2.356197e+00	1.076006e+00	1.060857e-06	-9.825896e-02	1.061127e-06	-2.405225e+00	1.000000e+00	1.000000e-01	1.148211e-01	1.334267e+01
165	2.356197e+00	7.322110e-01	2.356197e+00	4.327859e+00	-3.014823e-07	2.000000e-01	-2.961596e-07	3.251853e+00	1.000000e+00	1.000000e-01	1.148210e-01	1.339700e+01
166	2.356199e+00	5.322110e-01	2.356199e+00	7.208744e-01	1.830019e-06	-2.000000e-01	1.821713e-06	-3.606985e+00	1.000000e+00	1.000000e-01	1.148202e-01	1.348339e+01
167	2.356201e+00	7.322110e-01	2.356201e+00	3.971968e+00	2.350421e-06	2.000000e-01	2.348356e-06	3.251093e+00	1.000000e+00	1.000000e-01	1.148208e-01	1.353503e+01
168	2.356204e+00	5.322110e-01	2.356204e+00	1.223342e+00	2.462931e-06	-2.000000e-01	2.462483e-06	-2.748626e+00	1.000000e+00	1.000000e-01	1.148207e-01	1.353890e+01
169	2.356203e+00	6.909349e-01	2.356203e+00	2.190335e+00	-2.187659e-07	1.587240e-01	-2.082923e-07	9.669935e-01	1.000000e+00	1.000000e-01	1.148209e-01	1.345090e+01
170	2.356203e+00	6.869355e-01	2.356203e+00	2.251045e+00	-1.701908e-07	-3.999408e-03	-1.703397e-07	6.070978e-02	1.000000e+00	1.000000e-01	1.148208e-01	1.345068e+01
171	2.356201e+00	6.018959e-01	2.356201e+00	9.397810e-01	-2.181741e-06	-8.503963e-02	-2.173884e-06	-1.311264e+00	1.000000e+00	1.000000e-01	1.148210e-01	1.345742e+01
172	2.356201e+00	6.962699e-01	2.356201e+00	2.762507e+00	-2.773353e-07	9.437406e-02	-2.847437e-07	1.822726e+00	1.000000e+00	1.000000e-01	1.148210e-01	1.348209e+01
173	2.356198e+00	4.962699e-01	2.356198e+00	6.520599e-01	-2.311563e-06	-2.000000e-01	-2.303645e-06	-2.110447e+00	1.000000e+00	1.000000e-01	1.148203e-01	1.342751e+01
174	2.356194e+00	5.608349e-01	2.356194e+00	2.648770e+00	-4.127097e-06	6.456496e-02	-4.119974e-06	1.996710e+00	1.000000e+00	1.000000e-01	1.148181e-01	1.346209e+01
175	2.356178e+00	3.608349e-01	2.356178e+00	0.000000e+00	-1.631260e-05	-2.000000e-01	-1.626497e-05	-2.648770e+00	9.999998e-01	9.813725e-02	1.148178e-01	1.345802e+01
176	2.356179e+00	5.096264e-01	2.356179e+00	1.188732e+00	1.080046e-06	1.487915e-01	1.012292e-06	1.188732e+00	1.000000e+00	1.000000e-01	1.148174e-01	1.340114e+01
177	2.356189e+00	4.666612e-01	2.356189e+00	2.692380e-01	9.963462e-06	-4.296516e-02	9.928496e-06	-9.194943e-01	1.000000e+00	1.000000e-01	1.148157e-01	1.340815e+01
178	2.356193e+00	5.282446e-01	2.356193e+00	6.192127e-01	3.779042e-06	6.158336e-02	3.803063e-06	3.499747e-01	1.000000e+00	1.000000e-01	1.148149e-01	1.339426e+01
179	2.356190e+00	5.129530e-01	2.356190e+00	5.115319e-01	-2.472816e-06	-1.529156e-02	-2.448301e-06	-1.076808e-01	1.000000e+00	1.000000e-01	1.148148e-01	1.339355e+01
180	2.356183e+00	4.654922e-01	2.356183e+00	4.660247e-01	-7.033405e-06	-4.746085e-02	-7.015494e-06	-4.550716e-02	1.000000e+00	1.000000e-01	1.148128e-01	1.338027e+01
181	2.356183e+00	3.697278e-01	2.356183e+00	0.000000e+00	-5.179066e-07	-9.576433e-02	-5.432878e-07	-4.660247e-01	1.000000e+00	1.000000e-01	1.148126e-01	1.334335e+01
182	2.356166e+00	3.188852e-01	2.356166e+00	0.000000e+00	-1.700270e-05	-5.084264e-02	-1.693841e-05	0.000000e+00	1.000000e+00	9.987737e-02	1.148071e-01	1.332698e+01
183	2.356175e+00	2.685457e-01	2.356174e+00	2.201316e+00	8.731908e-06	-5.033947e-02	8.631633e-06	2.201316e+00	1.000000e+00	1.000000e-01	1.148190e-01	1.325839e+01
184	2.356162e+00	6.854574e-02	2.356162e+00	0.000000e+00	-1.207526e-05	-2.000000e-01	-1.199438e-05	-2.201316e+00	9.999999e-01	9.813725e-02	1.148165e-01	1.321645e+01
185	2.356158e+00	9.303839e-02	2.356158e+00	9.772930e-01	-4.338368e-06	2.449265e-02	-4.368274e-06	9.772930e-01	1.000000e+00	1.000000e-01	1.148152e-01	1.322405e+01
186	2.356163e+00	0.000000e+00	2.356163e+00	0.000000e+00	5.027718e-06	-9.303839e-02	4.991015e-06	-9.772930e-01	1.000000e+00	1.000000e-01	1.148158e-01	1.321291e+01
187	2.356164e+00	0.000000e+00	2.356164e+00	0.000000e+00	4.792871e-07	0.000000e+00	4.969111e-07	0.000000e+00	1.000000e+00	1.000000e-01	1.148158e-01	1.321291e+01
188	2.356160e+00	0.000000e+00	2.356160e+00	8.070613e-02	-3.343571e-06	0.000000e+00	-3.328569e-06	8.070613e-02	1.000000e+00	1.000000e-01	1.148156e-01	1.321291e+01
189	2.356163e+00	0.000000e+00	2.356163e+00	3.519390e-01	2.961195e-06	0.000000e+00	2.936625e-06	2.712329e-01	1.000000e+00	1.000000e-01	1.148160e-01	1.321291e+01
190	2.356166e+00	0.000000e+00	2.356166e+00	0.000000e+00	2.812137e-06	0.000000e+00	2.812623e-06	-3.519390e-01	1.000000e+00	1.000000e-01	1.148155e-01	1.321291e+01
191	2.356162e+00	0.000000e+00	2.356162e+00	0.000000e+00	-3.586264e-06	0.000000e+00	-3.561268e-06	0.000000e+00	1.000000e+00	1.000000e-01	1.148155e-01	1.321291e+01
192	2.356162e+00	0.000000e+00	2.356162e+00	0.000000e+00	-1.178071e-07	0.000000e+00	-1.312581e-07	0.000000e+00	1.000000e+00	1.000000e-01	1.148155e-01	1.321291e+01
193	2.356163e+00	0.000000e+00	2.356163e+00	0.000000e+00	9.416286e-07	0.000000e+00	9.374376e-07	0.000000e+00	1.000000e+00	1.000000e-01	1.148155e-01	1.321291e+01
194	2.356166e+00	0.000000e+00	2.356166e+00	0.000000e+00	3.028386e-06	0.000000e+00	3.020218e-06	0.000000e+00	1.000000e+00	1.000000e-01	1.148155e-01	1.321291e+01
195	2.356165e+00	0.000000e+00	2.356165e+00	0.000000e+00	-1.521855e-06	0.000000e+00	-1.504112e-06	0.000000e+00	1.000000e+00	1.000000e-01	1.148155e-01	1.321291e+01
196	2.356165e+00	0.000000e+00	2.356165e+00	0.000000e+00	-1.831675e-07	0.000000e+00	-1.883275e-07	0.000000e+00	1.000000e+00	1.000000e-01	1.148155e-01	1.321291e+01
197	2.356163e+00	0.000000e+00	2.356163e+00	0.000000e+00	-1.572053e-06	0.000000e+00	-1.566647e-06	0.000000e+00	1.000000e+00	1.000000e-01	1.148155e-01	1.321291e+01
198	2.356163e+00	0.000000e+00	2.356163e+00	0.000000e+00	3.997882e-07	0.000000e+00	3.921069e-07	0.000000e+00	1.000000e+00	1.000000e-01	1.148155e-01	1.321291e+01
199	2.356166e+00	0.000000e+00	2.356166e+00	0.000000e+00	2.190179e-06	0.000000e+00	2.183155e-06	0.000000e+00	1.000000e+00	1.000000e-01	1.148155e-01	1.321291e+01
200	2.356162e+00	0.000000e+00	2.356162e+00	0.000000e+00	-3.343180e-06	0.000000e+00	-3.321593e-06	0.000000e+00	1.000000e+00	1.000000e-01	1.148155e-01	1.321291e+01
201	2.356163e+00	0.000000e+00	2.356163e+00	0.000000e+00	6.584476e-07	0.000000e+00	6.429006e-07	0.000000e+00	1.000000e+00	1.000000e-01	1.148155e-01	1.321291e+01
202	2.356163e+00	0.000000e+00	2.356163e+00	0.000000e+00	5.472528e-07	0.000000e+00	5.476264e-07	0.000000e+00	1.000000e+00	1.000000e-01	1.148155e-01	1.321291e+01
203	2.356165e+00	0.000000e+00	2.356165e+00	0.000000e+00	1.559064e-06	0.000000e+00	1.555113e-06	0.000000e+00	1.000000e+00	1.000000e-01	1.148155e-01	1.321291e+01
204	2.356162e+00	0.000000e+00	2.356162e+00	0.000000e+00	-3.007172e-06	0.000000e+00	-2.989350e-06	0.000000e+00	1.000000e+00	1.000000e-01	1.148155e-01	1.321291e+01
205	2.356163e+00	0.000000e+00	2.356163e+00	0.000000e+00	6.829591e-07	0.000000e+00	6.686141e-07	0.000000e+00	1.000000e+00	1.000000e-01	1.148155e-01	1.321291e+01
206	2.356163e+00	0.000000e+00	2.356163e+00	0.000000e+00	6.273052e-07	0.000000e+00	6.274666e-07	0.000000e+00	1.000000e+00	1.000000e-01	1.148155e-01	1.321291e+01
207	2.356163e+00	0.000000e+00	2.356163e+00	0.000000e+00	-3.530051e-07	0.000000e+00	-3.491751e-07	0.000000e+00	1.000000e+00	1.000000e-01	1.148155e-01	1.321291e+01
208	2.356163e+00	0.000000e+00	2.356163e+00	0.000000e+00	-1.398653e-07	0.000000e+00	-1.406829e-07	0.000000e+00	1.000000e+00	1.000000e-01	1.148155e-01	1.321291e+01
209	2.356163e+00	0.000000e+00	2.356163e+00	0.000000e+00	9.480209e-08	0.000000e+00	9.388222e-08	0.000000e+00	1.000000e+00	1.000000e-01	1.148155e-01	1.321291e+01
210	2.356166e+00	0.000000e+00	2.356166e+00	0.000000e+00	3.308491e-06	0.000000e+00	3.295934e-06	0.000000e+00	1.000000e+00	1.000000e-01	1.148155e-01	1.321291e+01
211	2.356165e+00	0.000000e+00	2.356165e+00	0.000000e+00	-1.162279e-06	0.000000e+00	-1.144864e-06	0.000000e+00	1.000000e+00	1.000000e-01	1.148155e-01	1.321291e+01
212	2.356165e+00	0.000000e+00	2.356165e+00	0.000000e+00	-5.416285e-07	0.000000e+00	-5.439849e-07	0.000000e+00	1.000000e+00	1.000000e-01	1.148155e-01	1.321291e+01
213	2.356165e+00	0.000000e+00	2.356165e+00	0.000000e+00	5.479762e-07	0.000000e+00	5.437108e-07	0.000000e+00	1.000000e+00	1.000000e-01	1.148155e-01	1.321291e+01
214	2.356165e+00	0.000000e+00	2.356165e+00	0.000000e+00	-6.868080e-08	0.000000e+00	-6.628864e-08	0.000000e+00	1.000000e+00	1.000000e-01	1.148155e-01	1.321291e+01
215	2.356165e+00	0.000000e+00	2.356165e+00	0.000000e+00	-1.143657e-07	0.000000e+00	-1.141779e-07	0.000000e+00	1.000000e+00	1.000000e-01	1.148155e-01	1.321291e+01
216	2.356165e+00	0.000000e+00	2.356165e+00	0.000000e+00	5.667740e-08	0.000000e+00	5.601000e-08	0.000000e+00	1.000000e+00	1.000000e-01	1.148155e-01	1.321291e+01
217	2.356165e+00	0.000000e+00	2.356165e+00	0.000000e+00	2.156811e-08	0.000000e+00	2.170265e-08	0.000000e+00	1.000000e+00	1.000000e-01	1.148155e-01	1.321291e+01
218	2.356165e+00	0.000000e+00	2.356165e+00	0.000000e+00	-1.750715e-08	0.000000e+00	-1.735399e-08	0.000000e+00	1.000000e+00	1.000000e-01	1.148155e-01	1.321291e+01
219	2.356163e+00	0.000000e+00	2.356163e+00	0.000000e+00	-1.777594e-06	0.000000e+00	-1.770718e-06	0.000000e+00	1.000000e+00	1.000000e-01	1.148155e-01	1.321291e+01
220	2.356163e+00	0.000000e+00	2.356163e+00	0.000000e+00	7.465175e-08	0.000000e+00	6.744327e-08	0.000000e+00	1.000000e+00	1.000000e-01	1.148155e-01	1.321291e+01
221	2.356167e+00	0.000000e+00	2.356167e+00	0.000000e+00	3.460014e-06	0.000000e+00	3.446762e-06	0.000000e+00	1.000000e+00	1.000000e-01	1.148155e-01	1.321291e+01
222	2.356165e+00	0.000000e+00	2.356165e+00	0.000000e+00	-1.591028e-06	0.000000e+00	-1.571349e-06	0.000000e+00	1.000000e+00	1.000000e-01	1.148155e-01	1.321291e+01
223	2.356163e+00	0.000000e+00	2.356163e+00	0.000000e+00	-1.753189e-06	0.000000e+00	-1.752479e-06	0.000000e+00	1.000000e+00	1.000000e-01	1.148155e-01	1.321291e+01
224	2.356164e+00	0.000000e+00	2.356164e+00	0.000000e+00	6.764032e-07	0.000000e+00	6.669153e-07	0.000000e+00	1.000000e+00	1.000000e-01	1.148155e-01	1.321291e+01
225	2.356164e+00	0.000000e+00	2.356164e+00	0.000000e+00	2.864193e-07	0.000000e+00	2.879056e-07	0.000000e+00	1.000000e+00	1.000000e-01	1.148155e-01	1.321291e+01
226	2.356164e+00	0.000000e+00	2.356164e+00	0.000000e+00	-2.161259e-07	0.000000e+00	-2.141570e-07	0.000000e+00	1.000000e+00	1.000000e-01	1.148155e-01	1.321291e+01
227	2.356164e+00	0.000000e+00	2.356164e+00	0.000000e+00	-1.855707e-08	0.000000e+00	-1.932113e-08	0.000000e+00	1.000000e+00	1.000000e-01	1.148155e-01	1.321291e+01
228	2.356164e+00	0.000000e+00	2.356164e+00	2.362279e-03	6.120993e-08	0.000000e+00	6.089536e-08	2.362279e-03	1.000000e+00	1.000000e-01	1.148155e-01	1.321291e+01
229	2.356164e+00	0.000000e+00	2.356164e+00	0.000000e+00	-7.434905e-08	0.000000e+00	-7.382075e-08	-2.362279e-03	1.000000e+00	1.000000e-01	1.148155e-01	1.321291e+01
230	2.356164e+00	0.000000e+00	2.356164e+00	0.000000e+00	4.775581e-08	0.000000e+00	4.728090e-08	0.000000e+00	1.000000e+00	1.000000e-01	1.148155e-01	1.321291e+01
231	2.356164e+00	0.000000e+00	2.356164e+00	0.000000e+00	9.621347e-09	0.000000e+00	9.768455e-09	0.000000e+00	1.000000e+00	1.000000e-01	1.148155e-01	1.321291e+01
232	2.356164e+00	0.000000e+00	2.356164e+00	1.692445e-01	-1.567840e-08	0.000000e+00	-1.557900e-08	1.692445e-01	1.000000e+00	1.000000e-01	1.148155e-01	1.321291e+01
233	2.356164e+00	0.000000e+00	2.356164e+00	0.000000e+00	-5.863343e-08	0.000000e+00	-5.846525e-08	-1.692445e-01	1.000000e+00	1.000000e-01	1.148155e-01	1.321291e+01
234	2.356164e+00	0.000000e+00	2.356164e+00	0.000000e+00	6.647693e-08	0.000000e+00	6.598887e-08	0.000000e+00	1.000000e+00	1.000000e-01	1.148155e-01	1.321291e+01
235	2.356164e+00	0.000000e+00	2.356164e+00	0.000000e+00	8.269797e-09	0.000000e+00	8.495263e-09	0.000000e+00	1.000000e+00	1.000000e-01	1.148155e-01	1.321291e+01
236	2.356164e+00	0.000000e+00	2.356164e+00	0.000000e+00	-1.678796e-08	0.000000e+00	-1.668920e-08	0.000000e+00	1.000000e+00	1.000000e-01	1.148155e-01	1.321291e+01
237	2.356167e+00	0.000000e+00	2.356167e+00	0.000000e+00	2.376291e-06	0.000000e+00	2.366943e-06	0.000000e+00	1.000000e+00	1.000000e-01	1.148155e-01	1.321291e+01
238	2.356166e+00	0.000000e+00	2.356166e+00	0.000000e+00	-3.952134e-07	0.000000e+00	-3.844237e-07	0.000000e+00	1.000000e+00	1.000000e-01	1.148155e-01	1.321291e+01
239	2.356166e+00	0.000000e+00	2.356166e+00	0.000000e+00	-6.290779e-07	0.000000e+00	-6.281222e-07	0.000000e+00	1.000000e+00	1.000000e-01	1.148155e-01	1.321291e+01
240	2.356166e+00	0.000000e+00	2.356166e+00	0.000000e+00	1.063646e-07	0.000000e+00	1.034955e-07	0.000000e+00	1.000000e+00	1.000000e-01	1.148155e-01	1.321291e+01
241	2.356166e+00	0.000000e+00	2.356166e+00	0.000000e+00	1.319851e-07	0.000000e+00	1.318738e-07	0.000000e+00	1.000000e+00	1.000000e-01	1.148155e-01	1.321291e+01
242	2.356166e+00	0.000000e+00	2.356166e+00	0.000000e+00	-4.114947e-08	0.000000e+00	-4.047360e-08	0.000000e+00	1.000000e+00	1.000000e-01	1.148155e-01	1.321291e+01
243	2.356166e+00	0.000000e+00	2.356166e+00	0.000000e+00	-1.951090e-08	0.000000e+00	-1.959279e-08	0.000000e+00	1.000000e+00	1.000000e-01	1.148155e-01	1.321291e+01
244	2.356166e+00	0.000000e+00	2.356166e+00	0.000000e+00	1.539303e-08	0.000000e+00	1.525636e-08	0.000000e+00	1.000000e+00	1.000000e-01	1.148155e-01	1.321291e+01
245	2.356166e+00	0.000000e+00	2.356166e+00	0.000000e+00	2.696575e-09	0.000000e+00	2.745637e-09	0.000000e+00	1.000000e+00	1.000000e-01	1.148155e-01	1.321291e+01
246	2.356166e+00	0.000000e+00	2.356166e+00	0.000000e+00	-4.358893e-09	0.000000e+00	-4.331141e-09	0.000000e+00	1.000000e+00	1.000000e-01	1.148155e-01	1.321291e+01
247	2.356166e+00	0.000000e+00	2.356166e+00	0.000000e+00	-3.405463e-10	0.000000e+00	-3.561338e-10	0.000000e+00	1.000000e+00	1.000000e-01	1.148155e-01	1.321291e+01
248	2.356166e+00	0.000000e+00	2.356166e+00	0.000000e+00	1.068762e-09	0.000000e+00	1.063196e-09	0.000000e+00	1.000000e+00	1.000000e-01	1.148155e-01	1.321291e+01
249	2.356174e+00	0.000000e+00	2.356174e+00	0.000000e+00	8.788221e-06	0.000000e+00	8.753896e-06	0.000000e+00	1.000000e+00	1.000000e-01	1.148155e-01	1.321291e+01
250	2.356171e+00	0.000000e+00	2.356171e+00	0.000000e+00	-3.661955e-06	0.000000e+00	-3.613456e-06	0.000000e+00	1.000000e+00	1.000000e-01	1.148155e-01	1.321291e+01
251	2.356168e+00	0.000000e+00	2.356168e+00	0.000000e+00	-2.601456e-06	0.000000e+00	-2.605409e-06	0.000000e+00	1.000000e+00	1.000000e-01	1.148155e-01	1.321291e+01
252	2.356169e+00	0.000000e+00	2.356169e+00	0.000000e+00	7.899841e-07	0.000000e+00	7.767208e-07	0.000000e+00	1.000000e+00	1.000000e-01	1.148155e-01	1.321291e+01
253	2.356170e+00	0.000000e+00	2.356170e+00	0.000000e+00	6.129035e-07	0.000000e+00	6.135434e-07	0.000000e+00	1.000000e+00	1.000000e-01	1.148155e-01	1.321291e+01
254	2.356169e+00	0.000000e+00	2.356169e+00	0.000000e+00	-2.403119e-07	0.000000e+00	-2.369766e-07	0.000000e+00	1.000000e+00	1.000000e-01	1.148155e-01	1.321291e+01
255	2.356169e+00	0.000000e+00	2.356169e+00	0.000000e+00	-1.138859e-07	0.000000e+00	-1.143667e-07	0.000000e+00	1.000000e+00	1.000000e-01	1.148155e-01	1.321291e+01
256	2.356169e+00	0.000000e+00	2.356169e+00	1.423000e-01	1.188960e-07	0.000000e+00	1.179848e-07	1.423000e-01	1.000000e+00	1.000000e-01	1.148155e-01	1.321291e+01
257	2.356164e+00	0.000000e+00	2.356164e+00	0.000000e+00	-5.111361e-06	0.000000e+00	-5.090934e-06	-1.423000e-01	1.000000e+00	1.000000e-01	1.148159e-01	1.321291e+01
258	2.356169e+00	0.000000e+00	2.356169e+00	0.000000e+00	4.862392e-06	0.000000e+00	4.823512e-06	0.000000e+00	1.000000e+00	1.000000e-01	1.148159e-01	1.321291e+01
259	2.356170e+00	0.000000e+00	2.356170e+00	0.000000e+00	9.666652e-07	0.000000e+00	9.817310e-07	0.000000e+00	1.000000e+00	1.000000e-01	1.148159e-01	1.321291e+01
260	2.356170e+00	0.000000e+00	2.356170e+00	0.000000e+00	2.417983e-07	0.000000e+00	2.446886e-07	0.000000e+00	1.000000e+00	1.000000e-01	1.148159e-01	1.321291e+01
261	2.356170e+00	0.000000e+00	2.356170e+00	0.000000e+00	-2.654573e-07	0.000000e+00	-2.634646e-07	0.000000e+00	1.000000e+00	1.000000e-01	1.148159e-01	1.321291e+01
262	2.356170e+00	0.000000e+00	2.356170e+00	0.000000e+00	4.321064e-08	0.000000e+00	4.201269e-08	0.000000e+00	1.000000e+00	1.000000e-01	1.148159e-01	1.321291e+01
263	2.356170e+00	0.000000e+00	2.356170e+00	0.000000e+00	5.430467e-08	0.000000e+00	5.425666e-08	0.000000e+00	1.000000e+00	1.000000e-01	1.148159e-01	1.321291e+01
264	2.356170e+00	0.000000e+00	2.356170e+00	0.000000e+00	-2.131628e-08	0.000000e+00	-2.102107e-08	0.000000e+00	1.000000e+00	1.000000e-01	1.148159e-01	1.321291e+01
265	2.356170e+00	0.000000e+00	2.356170e+00	0.000000e+00	-1.381983e-08	0.000000e+00	-1.384796e-08	0.000000e+00	1.000000e+00	1.000000e-01	1.148159e-01	1.321291e+01
266	2.356168e+00	0.000000e+00	2.356168e+00	0.000000e+00	-1.980609e-06	0.000000e+00	-1.972926e-06	0.000000e+00	1.000000e+00	1.000000e-01	1.148159e-01	1.321291e+01
267	2.356169e+00	0.000000e+00	2.356169e+00	0.000000e+00	7.296817e-07	0.000000e+00	7.191247e-07	0.000000e+00	1.000000e+00	1.000000e-01	1.148159e-01	1.321291e+01
268	2.356169e+00	0.000000e+00	2.356169e+00	0.000000e+00	3.226311e-07	0.000000e+00	3.241799e-07	0.000000e+00	1.000000e+00	1.000000e-01	1.148159e-01	1.321291e+01
269	2.356169e+00	0.000000e+00	2.356169e+00	0.000000e+00	-2.047609e-07	0.000000e+00	-2.026948e-07	0.000000e+00	1.000000e+00	1.000000e-01	1.148159e-01	1.321291e+01
270	2.356175e+00	0.000000e+00	2.356175e+00	0.000000e+00	6.262564e-06	0.000000e+00	6.237309e-06	0.000000e+00	1.000000e+00	1.000000e-01	1.148159e-01	1.321291e+01
271	2.356174e+00	0.000000e+00	2.356174e+00	0.000000e+00	-1.649583e-06	0.000000e+00	-1.618775e-06	0.000000e+00	1.000000e+00	1.000000e-01	1.148159e-01	1.321291e+01
272	2.356172e+00	0.000000e+00	2.356172e+00	0.000000e+00	-1.420596e-06	0.000000e+00	-1.421370e-06	0.000000e+00	1.000000e+00	1.000000e-01	1.148159e-01	1.321291e+01
273	2.356173e+00	0.000000e+00	2.356173e+00	0.000000e+00	3.322140e-07	0.000000e+00	3.253640e-07	0.000000e+00	1.000000e+00	1.000000e-01	1.148159e-01	1.321291e+01
274	2.356173e+00	0.000000e+00	2.356173e+00	0.000000e+00	3.523429e-07	0.000000e+00	3.522375e-07	0.000000e+00	1.000000e+00	1.000000e-01	1.148159e-01	1.321291e+01
275	2.356173e+00	0.000000e+00	2.356173e+00	1.293157e-01	-1.404690e-07	0.000000e+00	-1.385444e-07	1.293157e-01	1.000000e+00	1.000000e-01	1.148159e-01	1.321291e+01
276	2.356179e+00	0.000000e+00	2.356179e+00	0.000000e+00	6.311100e-06	0.000000e+00	6.285906e-06	-1.293157e-01	1.000000e+00	1.000000e-01	1.148155e-01	1.321291e+01
277	2.356185e+00	0.000000e+00	2.356185e+00	0.000000e+00	5.821917e-06	0.000000e+00	5.823729e-06	0.000000e+00	1.000000e+00	1.000000e-01	1.148155e-01	1.321291e+01
278	2.356181e+00	0.000000e+00	2.356181e+00	0.000000e+00	-3.909072e-06	0.000000e+00	-3.871053e-06	0.000000e+00	1.000000e+00	1.000000e-01	1.148155e-01	1.321291e+01
279	2.356181e+00	0.000000e+00	2.356181e+00	0.000000e+00	-2.842679e-07	0.000000e+00	-2.982788e-07	0.000000e+00	1.000000e+00	1.000000e-01	1.148155e-01	1.321291e+01
280	2.356182e+00	0.000000e+00	2.356182e+00	0.000000e+00	1.062396e-06	0.000000e+00	1.057081e-06	0.000000e+00	1.000000e+00	1.000000e-01	1.148155e-01	1.321291e+01
281	2.356182e+00	0.000000e+00	2.356182e+00	0.000000e+00	-1.471197e-07	0.000000e+00	-1.424158e-07	0.000000e+00	1.000000e+00	1.000000e-01	1.148155e-01	1.321291e+01
282	2.356181e+00	0.000000e+00	2.356181e+00	0.000000e+00	-2.398526e-07	0.000000e+00	-2.394720e-07	0.000000e+00	1.000000e+00	1.000000e-01	1.148155e-01	1.321291e+01
283	2.356181e+00	0.000000e+00	2.356181e+00	0.000000e+00	1.236758e-07	0.000000e+00	1.222573e-07	0.000000e+00	1.000000e+00	1.000000e-01	1.148155e-01	1.321291e+01
284	2.356182e+00	0.000000e+00	2.356182e+00	0.000000e+00	2.028819e-08	0.000000e+00	2.068651e-08	0.000000e+00	1.000000e+00	1.000000e-01	1.148155e-01	1.321291e+01
285	2.356181e+00	0.000000e+00	2.356181e+00	1.154364e-01	-3.497378e-08	0.000000e+00	-3.475636e-08	1.154364e-01	1.000000e+00	1.000000e-01	1.148155e-01	1.321291e+01
286	2.356191e+00	0.000000e+00	2.356191e+00	0.000000e+00	9.857243e-06	0.000000e+00	9.818602e-06	-1.154364e-01	1.000000e+00	1.000000e-01	1.148150e-01	1.321291e+01
287	2.356199e+00	0.000000e+00	2.356199e+00	0.000000e+00	7.778276e-06	0.000000e+00	7.786246e-06	0.000000e+00	1.000000e+00	1.000000e-01	1.148150e-01	1.321291e+01
288	2.356195e+00	0.000000e+00	2.356195e+00	0.000000e+00	-3.800601e-06	0.000000e+00	-3.755340e-06	0.000000e+00	1.000000e+00	1.000000e-01	1.148150e-01	1.321291e+01
289	2.356194e+00	0.000000e+00	2.356194e+00	0.000000e+00	-1.302586e-06	0.000000e+00	-1.312167e-06	0.000000e+00	1.000000e+00	1.000000e-01	1.148150e-01	1.321291e+01
290	2.356195e+00	0.000000e+00	2.356195e+00	0.000000e+00	1.062665e-06	0.000000e+00	1.053388e-06	0.000000e+00	1.000000e+00	1.000000e-01	1.148150e-01	1.321291e+01
291	2.356221e+00	0.000000e+00	2.356221e+00	0.000000e+00	2.613325e-05	0.000000e+00	2.603528e-05	0.000000e+00	1.000000e+00	1.000000e-01	1.000000e+00	1.400000e+01
292	2.356217e+00	0.000000e+00	2.356217e+00	0.000000e+00	-4.274853e-06	0.000000e+00	-4.156454e-06	0.000000e+00	1.000000e+00	1.000000e-01	1.000000e+00	1.400000e+01
293	2.356237e+00	0.000000e+00	2.356237e+00	0.000000e+00	2.016979e-05	0.000000e+00	2.007476e-05	0.000000e+00	1.000000e+00	1.000000e-01	1.000000e+00	1.400000e+01
294	2.356233e+00	0.000000e+00	2.356233e+00	0.000000e+00	-3.973899e-06	0.000000e+00	-3.879959e-06	0.000000e+00	1.000000e+00	1.000000e-01	1.000000e+00	1.400000e+01
295	2.356264e+00	0.000000e+00	2.356264e+00	0.000000e+00	3.060178e-05	0.000000e+00	3.046709e-05	0.000000e+00	1.000000e+00	1.000000e-01	1.000000e+00	1.400000e+01
296	2.356255e+00	0.000000e+00	2.356255e+00	0.000000e+00	-9.049742e-06	0.000000e+00	-8.895379e-06	0.000000e+00	1.000000e+00	1.000000e-01	1.000000e+00	1.400000e+01
297	2.356250e+00	0.000000e+00	2.356250e+00	0.000000e+00	-4.404088e-06	0.000000e+00	-4.421632e-06	0.000000e+00	1.000000e+00	1.000000e-01	1.000000e+00	1.400000e+01
298	2.356231e+00	0.000000e+00	2.356231e+00	0.000000e+00	-1.906411e-05	0.000000e+00	-1.900691e-05	0.000000e+00	1.000000e+00	1.000000e-01	1.000000e+00	1.400000e+01
299	2.356236e+00	0.000000e+00	2.356236e+00	0.000000e+00	4.387925e-06	0.000000e+00	4.296539e-06	0.000000e+00	1.000000e+00	1.000000e-01	1.000000e+00	1.400000e+01
300	2.356274e+00	0.000000e+00	2.356274e+00	0.000000e+00	3.829534e-05	0.000000e+00	3.816254e-05	0.000000e+00	1.000000e+00	1.000000e-01	1.000000e+00	1.400000e+01
301	2.356241e+00	0.000000e+00	2.356242e+00	0.000000e+00	-3.244067e-05	0.000000e+00	-3.216488e-05	0.000000e+00	1.000000e+00	1.000000e-01	1.000000e+00	1.400000e+01
302	2.356238e+00	0.000000e+00	2.356238e+00	7.129426e-01	-3.657596e-06	0.000000e+00	-3.768953e-06	7.129426e-01	1.000000e+00	1.000000e-01	9.999988e-01	1.400000e+01
303	2.356253e+00	0.000000e+00	2.356253e+00	0.000000e+00	1.485588e-05	0.000000e+00	1.478312e-05	-7.129426e-01	1.000000e+00	1.000000e-01	1.000000e+00	1.400000e+01
304	2.356280e+00	0.000000e+00	2.356279e+00	0.000000e+00	2.694652e-05	0.000000e+00	2.689901e-05	0.000000e+00	1.000000e+00	1.000000e-01	1.000000e+00	1.400000e+01
305	2.356295e+00	0.000000e+00	2.356295e+00	0.000000e+00	1.520364e-05	0.000000e+00	1.524932e-05	0.000000e+00	1.000000e+00	1.000000e-01	1.000000e+00	1.400000e+01
306	2.356267e+00	0.000000e+00	2.356267e+00	0.000000e+00	-2.816565e-05	0.000000e+00	-2.799606e-05	0.000000e+00	1.000000e+00	1.000000e-01	1.000000e+00	1.400000e+01
307	2.356266e+00	0.000000e+00	2.356266e+00	0.000000e+00	-3.317327e-07	0.000000e+00	-4.397965e-07	0.000000e+00	1.000000e+00	1.000000e-01	1.000000e+00	1.400000e+01
308	2.356273e+00	0.000000e+00	2.356273e+00	0.000000e+00	6.977507e-06	0.000000e+00	6.948533e-06	0.000000e+00	1.000000e+00	1.000000e-01	1.000000e+00	1.400000e+01
309	2.356301e+00	0.000000e+00	2.356301e+00	0.000000e+00	2.816924e-05	0.000000e+00	2.808634e-05	0.000000e+00	1.000000e+00	1.000000e-01	1.000000e+00	1.400000e+01
310	2.356293e+00	0.000000e+00	2.356293e+00	0.000000e+00	-8.443416e-06	0.000000e+00	-8.300721e-06	0.000000e+00	1.000000e+00	1.000000e-01	1.000000e+00	1.400000e+01
311	2.356275e+00	0.000000e+00	2.356275e+00	0.000000e+00	-1.804425e-05	0.000000e+00	-1.800619e-05	0.000000e+00	1.000000e+00	1.000000e-01	1.000000e+00	1.400000e+01
312	2.356279e+00	0.000000e+00	2.356279e+00	0.000000e+00	4.258066e-06	0.000000e+00	4.171096e-06	0.000000e+00	1.000000e+00	1.000000e-01	1.000000e+00	1.400000e+01
313	2.356283e+00	0.000000e+00	2.356283e+00	0.000000e+00	4.141292e-06	0.000000e+00	4.141408e-06	0.000000e+00	1.000000e+00	1.000000e-01	1.000000e+00	1.400000e+01
314	2.356282e+00	0.000000e+00	2.356282e+00	0.000000e+00	-8.777148e-07	0.000000e+00	-8.581088e-07	0.000000e+00	1.000000e+00	1.000000e-01	1.000000e+00	1.400000e+01
315	2.356282e+00	0.000000e+00	2.356282e+00	0.000000e+00	-8.691700e-07	0.000000e+00	-8.691268e-07	0.000000e+00	1.000000e+00	1.000000e-01	1.000000e+00	1.400000e+01
316	2.356281e+00	0.000000e+00	2.356281e+00	0.000000e+00	-6.133380e-07	0.000000e+00	-6.143371e-07	0.000000e+00	1.000000e+00	1.000000e-01	1.000000e+00	1.400000e+01
317	2.356281e+00	0.000000e+00	2.356281e+00	0.000000e+00	1.578237e-07	0.000000e+00	1.548075e-07	0.000000e+00	1.000000e+00	1.000000e-01	1.000000e+00	1.400000e+01
318	2.356283e+00	0.000000e+00	2.356283e+00	0.000000e+00	1.735208e-06	0.000000e+00	1.729035e-06	0.000000e+00	1.000000e+00	1.000000e-01	1.000000e+00	1.400000e+01
319	2.356283e+00	0.000000e+00	2.356283e+00	0.000000e+00	-2.643018e-07	0.000000e+00	-2.565154e-07	0.000000e+00	1.000000e+00	1.000000e-01	1.000000e+00	1.400000e+01
320	2.356282e+00	0.000000e+00	2.356282e+00	0.000000e+00	-4.540347e-07	0.000000e+00	-4.532632e-07	0.000000e+00	1.000000e+00	1.000000e-01	1.000000e+00	1.400000e+01
321	2.356303e+00	0.000000e+00	2.356303e+00	0.000000e+00	2.125198e-05	0.000000e+00	2.116719e-05	0.000000e+00	1.000000e+00	1.000000e-01	1.000000e+00	1.400000e+01
322	2.356294e+00	0.000000e+00	2.356294e+00	0.000000e+00	-9.043219e-06	0.000000e+00	-8.925210e-06	0.000000e+00	1.000000e+00	1.000000e-01	1.000000e+00	1.400000e+01
323	2.356282e+00	0.000000e+00	2.356282e+00	0.000000e+00	-1.265990e-05	0.000000e+00	-1.264532e-05	0.000000e+00	1.000000e+00	1.000000e-01	1.000000e+00	1.400000e+01
324	2.356289e+00	0.000000e+00	2.356289e+00	0.000000e+00	6.894488e-06	0.000000e+00	6.818161e-06	0.000000e+00	1.000000e+00	1.000000e-01	1.000000e+00	1.400000e+01
325	2.356312e+00	0.000000e+00	2.356312e+00	0.000000e+00	2.372516e-05	0.000000e+00	2.365911e-05	0.000000e+00	1.000000e+00	1.000000e-01	1.000000e+00	1.400000e+01
326	2.356310e+00	0.000000e+00	2.356310e+00	0.000000e+00	-2.174239e-06	0.000000e+00	-2.073327e-06	0.000000e+00	1.000000e+00	1.000000e-01	1.000000e+00	1.400000e+01
327	2.356264e+00	0.000000e+00	2.356265e+00	0.000000e+00	-4.567149e-05	0.000000e+00	-4.550118e-05	0.000000e+00	1.000000e+00	1.000000e-01	1.000000e+00	1.400000e+01
328	2.356284e+00	0.000000e+00	2.356284e+00	0.000000e+00	1.941831e-05	0.000000e+00	1.916471e-05	0.000000e+00	1.000000e+00	1.000000e-01	1.000000e+00	1.400000e+01
329	2.356288e+00	0.000000e+00	2.356288e+00	0.000000e+00	4.262289e-06	0.000000e+00	4.320501e-06	0.000000e+00	1.000000e+00	1.000000e-01	1.000000e+00	1.400000e+01
330	2.356283e+00	0.000000e+00	2.356283e+00	0.000000e+00	-4.796508e-06	0.000000e+00	-4.760895e-06	0.000000e+00	1.000000e+00	1.000000e-01	1.000000e+00	1.400000e+01
331	2.356282e+00	0.000000e+00	2.356282e+00	0.000000e+00	-1.196307e-06	0.000000e+00	-1.210231e-06	0.000000e+00	1.000000e+00	1.000000e-01	1.000000e+00	1.400000e+01
332	2.356284e+00	0.000000e+00	2.356284e+00	0.000000e+00	1.964194e-06	0.000000e+00	1.951794e-06	0.000000e+00	1.000000e+00	1.000000e-01	1.000000e+00	1.400000e+01
333	2.356284e+00	0.000000e+00	2.356284e+00	0.000000e+00	-1.086681e-07	0.000000e+00	-1.006195e-07	0.000000e+00	1.000000e+00	1.000000e-01	1.000000e+00	1.400000e+01
334	2.356284e+00	0.000000e+00	2.356284e+00	0.000000e+00	-4.918871e-07	0.000000e+00	-4.903587e-07	0.000000e+00	1.000000e+00	1.000000e-01	1.000000e+00	1.400000e+01
335	2.356284e+00	0.000000e+00	2.356284e+00	0.000000e+00	-1.138422e-08	0.000000e+00	-1.325521e-08	0.000000e+00	1.000000e+00	1.000000e-01	1.000000e+00	1.400000e+01
336	2.356304e+00	0.000000e+00	2.356304e+00	0.000000e+00	2.036929e-05	0.000000e+00	2.028967e-05	0.000000e+00	1.000000e+00	1.000000e-01	1.000000e+00	1.400000e+01
337	2.356296e+00	0.000000e+00	2.356296e+00	0.000000e+00	-7.453850e-06	0.000000e+00	-7.345477e-06	0.000000e+00	1.000000e+00	1.000000e-01	1.000000e+00	1.400000e+01
338	2.356294e+00	0.000000e+00	2.356294e+00	0.000000e+00	-2.565577e-06	0.000000e+00	-2.584249e-06	0.000000e+00	1.000000e+00	1.000000e-01	1.000000e+00	1.400000e+01
339	2.356297e+00	0.000000e+00	2.356297e+00	0.000000e+00	2.868587e-06	0.000000e+00	2.847286e-06	0.000000e+00	1.000000e+00	1.000000e-01	1.000000e+00	1.400000e+01
340	2.356297e+00	0.000000e+00	2.356297e+00	0.000000e+00	2.005619e-07	0.000000e+00	2.109007e-07	0.000000e+00	1.000000e+00	1.000000e-01	1.000000e+00	1.400000e+01
341	2.356318e+00	0.000000e+00	2.356318e+00	0.000000e+00	2.090709e-05	0.000000e+00	2.082625e-05	0.000000e+00	1.000000e+00	1.000000e-01	1.000000e+00	1.400000e+01
342	2.356307e+00	0.000000e+00	2.356307e+00	0.000000e+00	-1.095034e-05	0.000000e+00	-1.082621e-05	0.000000e+00	1.000000e+00	1.000000e-01	1.000000e+00	1.400000e+01
343	2.356293e+00	0.000000e+00	2.356293e+00	0.000000e+00	-1.363799e-05	0.000000e+00	-1.362701e-05	0.000000e+00	1.000000e+00	1.000000e-01	1.000000e+00	1.400000e+01
344	2.356284e+00	0.000000e+00	2.356284e+00	0.000000e+00	-9.104878e-06	0.000000e+00	-9.122543e-06	0.000000e+00	1.000000e+00	1.000000e-01	1.000000e+00	1.400000e+01
345	2.356287e+00	0.000000e+00	2.356287e+00	0.000000e+00	2.477837e-06	0.000000e+00	2.432523e-06	0.000000e+00	1.000000e+00	1.000000e-01	1.000000e+00	1.400000e+01
346	2.356289e+00	0.000000e+00	2.356289e+00	0.000000e+00	1.932589e-06	0.000000e+00	1.934541e-06	0.000000e+00	1.000000e+00	1.000000e-01	1.000000e+00	1.400000e+01
347	2.356288e+00	0.000000e+00	2.356288e+00	0.000000e+00	-1.077727e-06	0.000000e+00	-1.065961e-06	0.000000e+00	1.000000e+00	1.000000e-01	1.000000e+00	1.400000e+01
348	2.356287e+00	0.000000e+00	2.356287e+00	0.000000e+00	-3.986551e-07	0.000000e+00	-4.012618e-07	0.000000e+00	1.000000e+00	1.000000e-01	1.000000e+00	1.400000e+01
349	2.356288e+00	0.000000e+00	2.356288e+00	0.000000e+00	4.243479e-07	0.000000e+00	4.211229e-07	0.000000e+00	1.000000e+00	1.000000e-01	1.000000e+00	1.400000e+01
350	2.356288e+00	0.000000e+00	2.356288e+00	0.000000e+00	7.652794e-08	0.000000e+00	7.787402e-08	0.000000e+00	1.000000e+00	1.000000e-01	1.000000e+00	1.400000e+01
351	2.356287e+00	0.000000e+00	2.356287e+00	7.919343e-02	-1.157201e-07	0.000000e+00	-1.149638e-07	7.919343e-02	1.000000e+00	1.000000e-01	1.000000e+00	1.400000e+01
352	2.356275e+00	0.000000e+00	2.356275e+00	0.000000e+00	-1.287773e-05	0.000000e+00	-1.282788e-05	-7.919343e-02	1.000000e+00	1.000000e-01	1.000000e+00	1.400000e+01
353	2.356303e+00	0.000000e+00	2.356303e+00	0.000000e+00	2.879345e-05	0.000000e+00	2.863087e-05	0.000000e+00	1.000000e+00	1.000000e-01	1.000000e+00	1.400000e+01
354	2.356306e+00	0.000000e+00	2.356306e+00	0.000000e+00	2.638191e-06	0.000000e+00	2.739724e-06	0.000000e+00	1.000000e+00	1.000000e-01	1.000000e+00	1.400000e+01
355	2.356293e+00	0.000000e+00	2.356293e+00	0.000000e+00	-1.265817e-05	0.000000e+00	-1.259802e-05	0.000000e+00	1.000000e+00	1.000000e-01	1.000000e+00	1.400000e+01
356	2.356294e+00	0.000000e+00	2.356294e+00	0.000000e+00	1.546734e-07	0.000000e+00	1.048582e-07	0.000000e+00	1.000000e+00	1.000000e-01	1.000000e+00	1.400000e+01
357	2.356297e+00	0.000000e+00	2.356297e+00	0.000000e+00	3.106880e-06	0.000000e+00	3.095153e-06	0.000000e+00	1.000000e+00	1.000000e-01	1.000000e+00	1.400000e+01
358	2.356305e+00	0.000000e+00	2.356305e+00	0.000000e+00	8.152484e-06	0.000000e+00	8.132729e-06	0.000000e+00	1.000000e+00	1.000000e-01	1.000000e+00	1.400000e+01
359	2.356302e+00	0.000000e+00	2.356302e+00	0.000000e+00	-2.806591e-06	0.000000e+00	-2.763860e-06	0.000000e+00	1.000000e+00	1.000000e-01	1.000000e+00	1.400000e+01
360	2.356301e+00	0.000000e+00	2.356301e+00	0.000000e+00	-7.144849e-07	0.000000e+00	-7.224903e-07	0.000000e+00	1.000000e+00	1.000000e-01	1.000000e+00	1.400000e+01
361	2.356302e+00	0.000000e+00	2.356302e+00	0.000000e+00	1.060153e-06	0.000000e+00	1.053189e-06	0.000000e+00	1.000000e+00	1.000000e-01	1.000000e+00	1.400000e+01
362	2.356336e+00	0.000000e+00	2.356336e+00	0.000000e+00	3.344088e-05	0.000000e+00	3.331436e-05	0.000000e+00	1.000000e+00	1.000000e-01	1.000000e+00	1.400000e+01
363	2.356327e+00	0.000000e+00	2.356327e+00	0.000000e+00	-8.704914e-06	0.000000e+00	-8.540776e-06	0.000000e+00	1.000000e+00	1.000000e-01	1.000000e+00	1.400000e+01
364	2.356392e+00	0.000000e+00	2.356392e+00	0.000000e+00	6.472461e-05	0.000000e+00	6.443841e-05	0.000000e+00	1.000000e+00	1.000000e-01	1.000000e+00	1.400000e+01
365	2.356389e+00	0.000000e+00	2.356389e+00	0.000000e+00	-2.548465e-06	0.000000e+00	-2.286798e-06	0.000000e+00	1.000000e+00	1.000000e-01	1.000000e+00	1.400000e+01
366	2.356373e+00	0.000000e+00	2.356374e+00	0.000000e+00	-1.581243e-05	0.000000e+00	-1.575960e-05	0.000000e+00	1.000000e+00	1.000000e-01	1.000000e+00	1.400000e+01
367	2.356270e+00	0.000000e+00	2.356270e+00	0.000000e+00	-1.037649e-04	0.000000e+00	-1.034212e-04	0.000000e+00	1.000000e+00	1.000000e-01	1.000000e+00	1.400000e+01
368	2.356303e+00	0.000000e+00	2.356302e+00	0.000000e+00	3.291025e-05	0.000000e+00	3.237770e-05	0.000000e+00	1.000000e+00	1.000000e-01	1.000000e+00	1.400000e+01
369	2.356318e+00	0.000000e+00	2.356318e+00	0.000000e+00	1.526995e-05	0.000000e+00	1.533678e-05	0.000000e+00	1.000000e+00	1.000000e-01	1.000000e+00	1.400000e+01
370	2.356365e+00	0.000000e+00	2.356365e+00	0.000000e+00	4.703374e-05	0.000000e+00	4.690992e-05	0.000000e+00	1.000000e+00	1.000000e-01	1.000000e+00	1.400000e+01
371	2.356450e+00	0.000000e+00	2.356450e+00	0.000000e+00	8.518765e-05	0.000000e+00	8.503813e-05	0.000000e+00	1.000000e+00	1.000000e-01	1.000000e+00	1.400000e+01
372	2.356282e+00	0.000000e+00	2.356282e+00	0.000000e+00	-1.685035e-04	0.000000e+00	-1.675131e-04	0.000000e+00	1.000000e+00	1.000000e-01	1.000000e+00	1.400000e+01
373	2.356313e+00	0.000000e+00	2.356313e+00	0.000000e+00	3.182194e-05	0.000000e+00	3.104328e-05	0.000000e+00	1.000000e+00	1.000000e-01	1.000000e+00	1.400000e+01
374	2.356353e+00	0.000000e+00	2.356353e+00	0.000000e+00	3.954172e-05	0.000000e+00	3.950852e-05	0.000000e+00	1.000000e+00	1.000000e-01	1.000000e+00	1.400000e+01
375	2.356255e+00	0.000000e+00	2.356255e+00	0.000000e+00	-9.787808e-05	0.000000e+00	-9.734142e-05	0.000000e+00	1.000000e+00	1.000000e-01	1.000000e+00	1.400000e+01
376	2.356325e+00	0.000000e+00	2.356324e+00	0.000000e+00	6.954350e-05	0.000000e+00	6.889160e-05	0.000000e+00	1.000000e+00	1.000000e-01	1.000000e+00	1.400000e+01
377	2.356334e+00	0.000000e+00	2.356334e+00	0.000000e+00	9.010756e-06	0.000000e+00	9.244665e-06	0.000000e+00	1.000000e+00	1.000000e-01	1.000000e+00	1.400000e+01
378	2.356316e+00	0.000000e+00	2.356316e+00	0.000000e+00	-1.795009e-05	0.000000e+00	-1.784386e-05	0.000000e+00	1.000000e+00	1.000000e-01	1.000000e+00	1.400000e+01
379	2.356250e+00	0.000000e+00	2.356251e+00	0.000000e+00	-6.537845e-05	0.000000e+00	-6.519277e-05	0.000000e+00	1.000000e+00	1.000000e-01	1.000000e+00	1.400000e+01
380	2.356276e+00	0.000000e+00	2.356276e+00	0.000000e+00	2.605434e-05	0.000000e+00	2.569791e-05	0.000000e+00	1.000000e+00	1.000000e-01	1.000000e+00	1.400000e+01
381	2.356288e+00	0.000000e+00	2.356288e+00	0.000000e+00	1.178098e-05	0.000000e+00	1.183534e-05	0.000000e+00	1.000000e+00	1.000000e-01	1.000000e+00	1.400000e+01
382	2.356277e+00	0.000000e+00	2.356278e+00	0.000000e+00	-1.065069e-05	0.000000e+00	-1.056286e-05	0.000000e+00	1.000000e+00	1.000000e-01	1.000000e+00	1.400000e+01
383	2.356311e+00	0.000000e+00	2.356311e+00	0.000000e+00	3.368539e-05	0.000000e+00	3.351254e-05	0.000000e+00	1.000000e+00	1.000000e-01	1.000000e+00	1.400000e+01
384	2.356318e+00	0.000000e+00	2.356318e+00	0.000000e+00	6.907838e-06	0.000000e+00	7.011762e-06	0.000000e+00	1.000000e+00	1.000000e-01	1.000000e+00	1.400000e+01
385	2.356248e+00	0.000000e+00	2.356248e+00	0.000000e+00	-7.008129e-05	0.000000e+00	-6.978014e-05	0.000000e+00	1.000000e+00	1.000000e-01	1.000000e+00	1.400000e+01
386	2.356273e+00	0.000000e+00	2.356273e+00	0.000000e+00	2.521479e-05	0.000000e+00	2.484372e-05	0.000000e+00	1.000000e+00	1.000000e-01	1.000000e+00	1.400000e+01
387	2.356311e+00	0.000000e+00	2.356311e+00	0.000000e+00	3.750336e-05	0.000000e+00	3.745391e-05	0.000000e+00	1.000000e+00	1.000000e-01	1.000000e+00	1.400000e+01
388	2.356253e+00	0.000000e+00	2.356254e+00	0.000000e+00	-5.721764e-05	0.000000e+00	-5.684783e-05	0.000000e+00	1.000000e+00	1.000000e-01	1.000000e+00	1.400000e+01
389	2.356295e+00	0.000000e+00	2.356295e+00	0.000000e+00	4.147651e-05	0.000000e+00	4.109243e-05	0.000000e+00	1.000000e+00	1.000000e-01	1.000000e+00	1.400000e+01
390	2.356304e+00	0.000000e+00	2.356304e+00	2.915599e-02	9.095367e-06	0.000000e+00	9.220356e-06	2.915599e-02	1.000000e+00	1.000000e-01	1.000000e+00	1.400000e+01
391	2.356209e+00	0.000000e+00	2.356210e+00	0.000000e+00	-9.470086e-05	0.000000e+00	-9.429491e-05	-2.915599e-02	1.000000e+00	1.000000e-01	1.000000e+00	1.400000e+01
392	2.356271e+00	0.000000e+00	2.356271e+00	0.000000e+00	6.174464e-05	0.000000e+00	6.113511e-05	0.000000e+00	1.000000e+00	1.000000e-01	1.000000e+00	1.400000e+01
393	2.356293e+00	0.000000e+00	2.356292e+00	0.000000e+00	2.142898e-05	0.000000e+00	2.158408e-05	0.000000e+00	1.000000e+00	1.000000e-01	1.000000e+00	1.400000e+01
394	2.356276e+00	0.000000e+00	2.356276e+00	0.000000e+00	-1.628474e-05	0.000000e+00	-1.613681e-05	0.000000e+00	1.000000e+00	1.000000e-01	1.000000e+00	1.400000e+01
395	2.356270e+00	0.000000e+00	2.356270e+00	0.000000e+00	-6.159671e-06	0.000000e+00	-6.198645e-06	0.000000e+00	1.000000e+00	1.000000e-01	1.000000e+00	1.400000e+01
396	2.356246e+00	0.000000e+00	2.356246e+00	0.000000e+00	-2.412171e-05	0.000000e+00	-2.405169e-05	0.000000e+00	1.000000e+00	1.000000e-01	1.000000e+00	1.400000e+01
397	2.356273e+00	0.000000e+00	2.356273e+00	0.000000e+00	2.665616e-05	0.000000e+00	2.645808e-05	0.000000e+00	1.000000e+00	1.000000e-01	1.000000e+00	1.400000e+01
398	2.356250e+00	0.000000e+00	2.356250e+00	0.000000e+00	-2.236636e-05	0.000000e+00	-2.217564e-05	0.000000e+00	1.000000e+00	1.000000e-01	1.000000e+00	1.400000e+01
399	2.356270e+00	0.000000e+00	2.356270e+00	0.000000e+00	1.978813e-05	0.000000e+00	1.962421e-05	0.000000e+00	1.000000e+00	1.000000e-01	1.000000e+00	1.400000e+01
400	2.356275e+00	0.000000e+00	2.356275e+00	0.000000e+00	4.745103e-06	0.000000e+00	4.803224e-06	0.000000e+00	1.000000e+00	1.000000e-01	1.000000e+00	1.400000e+01
401	2.356269e+00	0.000000e+00	2.356269e+00	0.000000e+00	-6.273511e-06	0.000000e+00	-6.230243e-06	0.000000e+00	1.000000e+00	1.000000e-01	1.000000e+00	1.400000e+01
402	2.356312e+00	0.000000e+00	2.356312e+00	0.000000e+00	4.366700e-05	0.000000e+00	4.347209e-05	0.000000e+00	1.000000e+00	1.000000e-01	1.000000e+00	1.400000e+01
403	2.356247e+00	0.000000e+00	2.356247e+00	0.000000e+00	-6.555241e-05	0.000000e+00	-6.512653e-05	0.000000e+00	1.000000e+00	1.000000e-01	1.000000e+00	1.400000e+01
404	2.356268e+00	0.000000e+00	2.356268e+00	0.000000e+00	2.114690e-05	0.000000e+00	2.080989e-05	0.000000e+00	1.000000e+00	1.000000e-01	1.000000e+00	1.400000e+01
405	2.356275e+00	0.000000e+00	2.356275e+00	0.000000e+00	7.109495e-06	0.000000e+00	7.163012e-06	0.000000e+00	1.000000e+00	1.000000e-01	1.000000e+00	1.400000e+01
406	2.356313e+00	0.000000e+00	2.356313e+00	0.000000e+00	3.854436e-05	0.000000e+00	3.842177e-05	0.000000e+00	1.000000e+00	1.000000e-01	1.000000e+00	1.400000e+01
407	2.356241e+00	0.000000e+00	2.356241e+00	0.000000e+00	-7.252635e-05	0.000000e+00	-7.209296e-05	0.000000e+00	1.000000e+00	1.000000e-01	1.000000e+00	1.400000e+01
408	2.356264e+00	0.000000e+00	2.356264e+00	0.000000e+00	2.282851e-05	0.000000e+00	2.245772e-05	0.000000e+00	1.000000e+00	1.000000e-01	1.000000e+00	1.400000e+01
409	2.356310e+00	0.000000e+00	2.356310e+00	0.000000e+00	4.658035e-05	0.000000e+00	4.648612e-05	0.000000e+00	1.000000e+00	1.000000e-01	1.000000e+00	1.400000e+01
410	2.356300e+00	0.000000e+00	2.356300e+00	0.000000e+00	-1.042522e-05	0.000000e+00	-1.020291e-05	0.000000e+00	1.000000e+00	1.000000e-01	1.000000e+00	1.400000e+01
411	2.356222e+00	0.000000e+00	2.356222e+00	0.000000e+00	-7.773527e-05	0.000000e+00	-7.747148e-05	0.000000e+00	1.000000e+00	1.000000e-01	1.000000e+00	1.400000e+01
412	2.356256e+00	0.000000e+00	2.356256e+00	0.000000e+00	3.433752e-05	0.000000e+00	3.390076e-05	0.000000e+00	1.000000e+00	1.000000e-01	1.000000e+00	1.400000e+01
413	2.356272e+00	0.000000e+00	2.356272e+00	0.000000e+00	1.601504e-05	0.000000e+00	1.608491e-05	0.000000e+00	1.000000e+00	1.000000e-01	1.000000e+00	1.400000e+01
414	2.356266e+00	0.000000e+00	2.356266e+00	0.000000e+00	-6.806730e-06	0.000000e+00	-6.717310e-06	0.000000e+00	1.000000e+00	1.000000e-01	1.000000e+00	1.400000e+01
415	2.356261e+00	0.000000e+00	2.356261e+00	0.000000e+00	-5.117203e-06	0.000000e+00	-5.123453e-06	0.000000e+00	1.000000e+00	1.000000e-01	1.000000e+00	1.400000e+01
416	2.356262e+00	0.000000e+00	2.356262e+00	0.000000e+00	1.019217e-06	0.000000e+00	9.952223e-07	0.000000e+00	1.000000e+00	1.000000e-01	1.000000e+00	1.400000e+01
417	2.356263e+00	0.000000e+00	2.356263e+00	0.000000e+00	1.266604e-06	0.000000e+00	1.265544e-06	0.000000e+00	1.000000e+00	1.000000e-01	1.000000e+00	1.400000e+01
418	2.356301e+00	0.000000e+00	2.356300e+00	0.000000e+00	3.778514e-05	0.000000e+00	3.764248e-05	0.000000e+00	1.000000e+00	1.000000e-01	1.000000e+00	1.400000e+01
419	2.356296e+00	0.000000e+00	2.356296e+00	0.000000e+00	-4.306691e-06	0.000000e+00	-4.142827e-06	0.000000e+00	1.000000e+00	1.000000e-01	1.000000e+00	1.400000e+01
420	2.356288e+00	0.000000e+00	2.356288e+00	0.000000e+00	-8.765910e-06	0.000000e+00	-8.747851e-06	0.000000e+00	1.000000e+00	1.000000e-01	1.000000e+00	1.400000e+01
421	2.356362e+00	0.000000e+00	2.356362e+00	0.000000e+00	7.460213e-05	0.000000e+00	7.427655e-05	0.000000e+00	1.000000e+00	1.000000e-01	1.000000e+00	1.400000e+01
422	2.356364e+00	0.000000e+00	2.356364e+00	0.000000e+00	1.649757e-06	0.000000e+00	1.933455e-06	0.000000e+00	1.000000e+00	1.000000e-01	1.000000e+00	1.400000e+01
423	2.356345e+00	0.000000e+00	2.356345e+00	0.000000e+00	-1.900993e-05	0.000000e+00	-1.892812e-05	0.000000e+00	1.000000e+00	1.000000e-01	1.000000e+00	1.400000e+01
424	2.356349e+00	0.000000e+00	2.356349e+00	0.000000e+00	4.517710e-06	0.000000e+00	4.426124e-06	0.000000e+00	1.000000e+00	1.000000e-01	1.000000e+00	1.400000e+01
425	2.356353e+00	0.000000e+00	2.356353e+00	0.000000e+00	3.660434e-06	0.000000e+00	3.663425e-06	0.000000e+00	1.000000e+00	1.000000e-01	1.000000e+00	1.400000e+01
426	2.356352e+00	0.000000e+00	2.356352e+00	0.000000e+00	-1.042915e-06	0.000000e+00	-1.024530e-06	0.000000e+00	1.000000e+00	1.000000e-01	1.000000e+00	1.400000e+01
427	2.356478e+00	0.000000e+00	2.356477e+00	0.000000e+00	1.259346e-04	0.000000e+00	1.254386e-04	0.000000e+00	1.000000e+00	1.000000e-01	1.000000e+00	1.400000e+01
428	2.356481e+00	0.000000e+00	2.356481e+00	0.000000e+00	2.693571e-06	0.000000e+00	3.173044e-06	0.000000e+00	1.000000e+00	1.000000e-01	1.000000e+00	1.400000e+01
429	2.356449e+00	0.000000e+00	2.356449e+00	0.000000e+00	-3.207192e-05	0.000000e+00	-3.193424e-05	0.000000e+00	1.000000e+00	1.000000e-01	1.000000e+00	1.400000e+01
430	2.356452e+00	0.000000e+00	2.356452e+00	0.000000e+00	3.086386e-06	0.000000e+00	2.949587e-06	0.000000e+00	1.000000e+00	1.000000e-01	1.000000e+00	1.400000e+01
431	2.356459e+00	0.000000e+00	2.356459e+00	0.000000e+00	7.595835e-06	0.000000e+00	7.577685e-06	0.000000e+00	1.000000e+00	1.000000e-01	1.000000e+00	1.400000e+01
432	2.356457e+00	0.000000e+00	2.356457e+00	0.000000e+00	-1.932096e-06	0.000000e+00	-1.894949e-06	0.000000e+00	1.000000e+00	1.000000e-01	1.000000e+00	1.400000e+01
433	2.356667e+00	0.000000e+00	2.356666e+00	0.000000e+00	2.097889e-04	0.000000e+00	2.089620e-04	0.000000e+00	1.000000e+00	1.000000e-01	1.000000e+00	1.400000e+01
434	2.356673e+00	0.000000e+00	2.356673e+00	0.000000e+00	5.518573e-06	0.000000e+00	6.313274e-06	0.000000e+00	1.000000e+00	1.000000e-01	1.000000e+00	1.400000e+01
435	2.356619e+00	0.000000e+00	2.356620e+00	0.000000e+00	-5.308154e-05	0.000000e+00	-5.284953e-05	0.000000e+00	1.000000e+00	1.000000e-01	1.000000e+00	1.400000e+01
436	2.356625e+00	0.000000e+00	2.356625e+00	0.000000e+00	5.676545e-06	0.000000e+00	5.447927e-06	0.000000e+00	1.000000e+00	1.000000e-01	1.000000e+00	1.400000e+01
437	2.356638e+00	0.000000e+00	2.356638e+00	0.000000e+00	1.332504e-05	0.000000e+00	1.329427e-05	0.000000e+00	1.000000e+00	1.000000e-01	1.000000e+00	1.400000e+01
438	2.356294e+00	0.000000e+00	2.356296e+00	0.000000e+00	-3.442932e-04	0.000000e+00	-3.428964e-04	0.000000e+00	1.000000e+00	1.000000e-01	1.000000e+00	1.400000e+01
439	2.356433e+00	0.000000e+00	2.356433e+00	0.000000e+00	1.391060e-04	0.000000e+00	1.372231e-04	0.000000e+00	1.000000e+00	1.000000e-01	1.000000e+00	1.400000e+01
440	2.356657e+00	0.000000e+00	2.356656e+00	0.000000e+00	2.239899e-04	0.000000e+00	2.236509e-04	0.000000e+00	1.000000e+00	1.000000e-01	1.000000e+00	1.400000e+01
441	2.356296e+00	0.000000e+00	2.356298e+00	0.000000e+00	-3.609807e-04	0.000000e+00	-3.586970e-04	0.000000e+00	1.000000e+00	1.000000e-01	1.000000e+00	1.400000e+01
442	2.356520e+00	0.000000e+00	2.356520e+00	0.000000e+00	2.241139e-04	0.000000e+00	2.218373e-04	0.000000e+00	1.000000e+00	1.000000e-01	1.000000e+00	1.400000e+01
443	2.356617e+00	0.000000e+00	2.356616e+00	0.000000e+00	9.622590e-05	0.000000e+00	9.671657e-05	0.000000e+00	1.000000e+00	1.000000e-01	1.000000e+00	1.400000e+01
444	2.356557e+00	0.000000e+00	2.356557e+00	0.000000e+00	-5.994792e-05	0.000000e+00	-5.933595e-05	0.000000e+00	1.000000e+00	1.000000e-01	1.000000e+00	1.400000e+01
445	2.356851e+00	0.000000e+00	2.356850e+00	0.000000e+00	2.943682e-04	0.000000e+00	2.929866e-04	0.000000e+00	1.000000e+00	1.000000e-01	1.000000e+00	1.400000e+01
446	2.356900e+00	0.000000e+00	2.356900e+00	0.000000e+00	4.907502e-05	0.000000e+00	5.002780e-05	0.000000e+00	1.000000e+00	1.000000e-01	1.000000e+00	1.400000e+01
447	2.356831e+00	0.000000e+00	2.356832e+00	0.000000e+00	-6.880414e-05	0.000000e+00	-6.833995e-05	0.000000e+00	1.000000e+00	1.000000e-01	1.000000e+00	1.400000e+01
448	2.356823e+00	0.000000e+00	2.356823e+00	0.000000e+00	-8.083662e-06	0.000000e+00	-8.319038e-06	0.000000e+00	1.000000e+00	1.000000e-01	1.000000e+00	1.400000e+01
449	2.357331e+00	0.000000e+00	2.357329e+00	0.000000e+00	5.073917e-04	0.000000e+00	5.053772e-04	0.000000e+00	1.000000e+00	1.000000e-01	1.000000e+00	1.400000e+01
450	2.357261e+00	0.000000e+00	2.357261e+00	0.000000e+00	-7.008750e-05	0.000000e+00	-6.783959e-05	0.000000e+00	1.000000e+00	1.000000e-01	1.000000e+00	1.400000e+01
451	2.357158e+00	0.000000e+00	2.357158e+00	0.000000e+00	-1.029458e-04	0.000000e+00	-1.028087e-04	0.000000e+00	1.000000e+00	1.000000e-01	1.000000e+00	1.400000e+01
452	2.357215e+00	0.000000e+00	2.357215e+00	0.000000e+00	5.735833e-05	0.000000e+00	5.673268e-05	0.000000e+00	1.000000e+00	1.000000e-01	1.000000e+00	1.400000e+01
453	2.357223e+00	0.000000e+00	2.357223e+00	0.000000e+00	8.197095e-06	0.000000e+00	8.386687e-06	0.000000e+00	1.000000e+00	1.000000e-01	1.000000e+00	1.400000e+01
454	2.357207e+00	0.000000e+00	2.357207e+00	3.215362e-01	-1.641518e-05	0.000000e+00	-1.631830e-05	3.215362e-01	1.000000e+00	1.000000e-01	1.000000e+00	1.400000e+01
455	2.356238e+00	0.000000e+00	2.356242e+00	0.000000e+00	-9.689339e-04	0.000000e+00	-9.652127e-04	-3.215362e-01	1.000000e+00	1.000000e-01	1.000000e+00	1.400000e+01
456	2.357145e+00	0.000000e+00	2.357142e+00	0.000000e+00	9.073151e-04	0.000000e+00	9.000005e-04	0.000000e+00	1.000000e+00	1.000000e-01	1.000000e+00	1.400000e+01
457	2.357481e+00	0.000000e+00	2.357480e+00	0.000000e+00	3.358036e-04	0.000000e+00	3.380075e-04	0.000000e+00	1.000000e+00	1.000000e-01	1.000000e+00	1.400000e+01
458	2.357230e+00	0.000000e+00	2.357231e+00	0.000000e+00	-2.504826e-04	0.000000e+00	-2.481838e-04	0.000000e+00	1.000000e+00	1.000000e-01	1.000000e+00	1.400000e+01
459	2.357191e+00	0.000000e+00	2.357191e+00	0.000000e+00	-3.921136e-05	0.000000e+00	-4.002766e-05	0.000000e+00	1.000000e+00	1.000000e-01	1.000000e+00	1.400000e+01
460	2.358025e+00	0.000000e+00	2.358021e+00	0.000000e+00	8.332830e-04	0.000000e+00	8.298716e-04	0.000000e+00	1.000000e+00	1.000000e-01	1.000000e+00	1.400000e+01
461	2.358011e+00	0.000000e+00	2.358011e+00	0.000000e+00	-1.381888e-05	0.000000e+00	-1.052321e-05	0.000000e+00	1.000000e+00	1.000000e-01	1.000000e+00	1.400000e+01
462	2.357806e+00	0.000000e+00	2.357807e+00	0.000000e+00	-2.042849e-04	0.000000e+00	-2.035281e-04	0.000000e+00	1.000000e+00	1.000000e-01	1.000000e+00	1.400000e+01
463	2.356575e+00	0.000000e+00	2.356579e+00	0.000000e+00	-1.231762e-03	0.000000e+00	-1.227746e-03	0.000000e+00	1.000000e+00	1.000000e-01	1.000000e+00	1.400000e+01
464	2.357043e+00	0.000000e+00	2.357041e+00	0.000000e+00	4.682767e-04	0.000000e+00	4.616516e-04	0.000000e+00	1.000000e+00	1.000000e-01	1.000000e+00	1.400000e+01
465	2.357776e+00	0.000000e+00	2.357773e+00	0.000000e+00	7.328881e-04	0.000000e+00	7.318286e-04	0.000000e+00	1.000000e+00	1.000000e-01	1.000000e+00	1.400000e+01
466	2.357736e+00	0.000000e+00	2.357736e+00	0.000000e+00	-4.013314e-05	0.000000e+00	-3.711767e-05	0.000000e+00	1.000000e+00	1.000000e-01	1.000000e+00	1.400000e+01
467	2.357549e+00	0.000000e+00	2.357550e+00	0.000000e+00	-1.866303e-04	0.000000e+00	-1.860462e-04	0.000000e+00	1.000000e+00	1.000000e-01	1.000000e+00	1.400000e+01
468	2.357536e+00	0.000000e+00	2.357536e+00	0.000000e+00	-1.268460e-05	0.000000e+00	-1.336179e-05	0.000000e+00	1.000000e+00	1.000000e-01	1.000000e+00	1.400000e+01
469	2.357583e+00	0.000000e+00	2.357583e+00	0.000000e+00	4.660291e-05	0.000000e+00	4.636867e-05	0.000000e+00	1.000000e+00	1.000000e-01	1.000000e+00	1.400000e+01
470	2.357586e+00	0.000000e+00	2.357586e+00	0.000000e+00	2.597369e-06	0.000000e+00	2.768351e-06	0.000000e+00	1.000000e+00	1.000000e-01	1.000000e+00	1.400000e+01
471	2.357574e+00	0.000000e+00	2.357574e+00	0.000000e+00	-1.178047e-05	0.000000e+00	-1.172364e-05	0.000000e+00	1.000000e+00	1.000000e-01	1.000000e+00	1.400000e+01
472	2.358612e+00	0.000000e+00	2.358608e+00	0.000000e+00	1.038688e-03	0.000000e+00	1.034585e-03	0.000000e+00	1.000000e+00	1.000000e-01	1.000000e+00	1.400000e+01
473	2.358534e+00	0.000000e+00	2.358534e+00	0.000000e+00	-7.888415e-05	0.000000e+00	-7.453466e-05	0.000000e+00	1.000000e+00	1.000000e-01	1.000000e+00	1.400000e+01
474	2.358313e+00	0.000000e+00	2.358314e+00	0.000000e+00	-2.203661e-04	0.000000e+00	-2.197965e-04	0.000000e+00	1.000000e+00	1.000000e-01	1.000000e+00	1.400000e+01
475	2.360034e+00	0.000000e+00	2.360028e+00	0.000000e+00	1.721044e-03	0.000000e+00	1.713463e-03	0.000000e+00	1.000000e+00	1.000000e-01	1.000000e+00	1.400000e+01
476	2.360135e+00	0.000000e+00	2.360134e+00	7.570901e-03	1.003071e-04	0.000000e+00	1.066084e-04	7.570901e-03	1.000000e+00	1.000000e-01	1.000000e+00	1.400000e+01
477	2.356213e+00	0.000000e+00	2.356228e+00	0.000000e+00	-3.921503e-03	0.000000e+00	-3.905769e-03	-7.570901e-03	1.000000e+00	1.000000e-01	1.000000e+00	1.400000e+01
478	2.358304e+00	0.000000e+00	2.358296e+00	0.000000e+00	2.091091e-03	0.000000e+00	2.067666e-03	0.000000e+00	9.999999e-01	1.000000e-01	1.000000e+00	1.400000e+01
479	2.359686e+00	0.000000e+00	2.359680e+00	0.000000e+00	1.381484e-03	0.000000e+00	1.384165e-03	0.000000e+00	9.999999e-01	1.000000e-01	1.000000e+00	1.400000e+01
480	2.359129e+00	0.000000e+00	2.359131e+00	0.000000e+00	-5.568934e-04	0.000000e+00	-5.493111e-04	0.000000e+00	9.999999e-01	1.000000e-01	1.000000e+00	1.400000e+01
481	2.361260e+00	0.000000e+00	2.361252e+00	0.000000e+00	2.131582e-03	0.000000e+00	2.121110e-03	0.000000e+00	9.999999e-01	1.000000e-01	1.000000e+00	1.400000e+01
482	2.357799e+00	0.000000e+00	2.357812e+00	0.000000e+00	-3.461594e-03	0.000000e+00	-3.439786e-03	0.000000e+00	9.999999e-01	1.000000e-01	1.000000e+00	1.400000e+01
483	2.358719e+00	0.000000e+00	2.358716e+00	0.000000e+00	9.205664e-04	0.000000e+00	9.035338e-04	0.000000e+00	9.999999e-01	1.000000e-01	1.000000e+00	1.400000e+01
484	2.359382e+00	0.000000e+00	2.359380e+00	0.000000e+00	6.631339e-04	0.000000e+00	6.640730e-04	0.000000e+00	9.999999e-01	1.000000e-01	1.000000e+00	1.400000e+01
485	2.359117e+00	0.000000e+00	2.359118e+00	0.000000e+00	-2.658801e-04	0.000000e+00	-2.622474e-04	0.000000e+00	9.999999e-01	1.000000e-01	1.000000e+00	1.400000e+01
486	2.359042e+00	0.000000e+00	2.359042e+00	0.000000e+00	-7.445368e-05	0.000000e+00	-7.518725e-05	0.000000e+00	9.999999e-01	1.000000e-01	1.000000e+00	1.400000e+01
487	2.359136e+00	0.000000e+00	2.359136e+00	0.000000e+00	9.433688e-05	0.000000e+00	9.367468e-05	0.000000e+00	9.999999e-01	1.000000e-01	1.000000e+00	1.400000e+01
488	2.359116e+00	0.000000e+00	2.359117e+00	0.000000e+00	-1.996270e-05	0.000000e+00	-1.951881e-05	0.000000e+00	9.999999e-01	1.000000e-01	1.000000e+00	1.400000e+01
489	2.359099e+00	0.000000e+00	2.359099e+00	0.000000e+00	-1.765102e-05	0.000000e+00	-1.765831e-05	0.000000e+00	9.999999e-01	1.000000e-01	1.000000e+00	1.400000e+01
490	2.361270e+00	0.000000e+00	2.361262e+00	0.000000e+00	2.171344e-03	0.000000e+00	2.162794e-03	0.000000e+00	9.999999e-01	1.000000e-01	1.000000e+00	1.400000e+01
491	2.364714e+00	0.000000e+00	2.364700e+00	0.000000e+00	3.443583e-03	0.000000e+00	3.438580e-03	0.000000e+00	9.999999e-01	1.000000e-01	1.000000e+00	1.400000e+01
492	2.364084e+00	0.000000e+00	2.364086e+00	0.000000e+00	-6.298306e-04	0.000000e+00	-6.139383e-04	0.000000e+00	9.999999e-01	1.000000e-01	1.000000e+00	1.400000e+01
493	2.369307e+00	0.000000e+00	2.369286e+00	0.000000e+00	5.222596e-03	0.000000e+00	5.199797e-03	0.000000e+00	9.999998e-01	1.000000e-01	1.000000e+00	1.400000e+01
494	2.360402e+00	0.000000e+00	2.360437e+00	0.000000e+00	-8.904139e-03	0.000000e+00	-8.849045e-03	0.000000e+00	9.999996e-01	1.000000e-01	1.000000e+00	1.400000e+01
495	2.363403e+00	0.000000e+00	2.363391e+00	0.000000e+00	3.000134e-03	0.000000e+00	2.953848e-03	0.000000e+00	9.999995e-01	1.000000e-01	1.000000e+00	1.400000e+01
496	2.364938e+00	0.000000e+00	2.364932e+00	0.000000e+00	1.535350e-03	0.000000e+00	1.540891e-03	0.000000e+00	9.999995e-01	1.000000e-01	1.000000e+00	1.400000e+01
497	2.364305e+00	0.000000e+00	2.364307e+00	0.000000e+00	-6.333110e-04	0.000000e+00	-6.248181e-04	0.000000e+00	9.999995e-01	1.000000e-01	1.000000e+00	1.400000e+01
498	2.364007e+00	0.000000e+00	2.364008e+00	0.000000e+00	-2.973405e-04	0.000000e+00	-2.986197e-04	0.000000e+00	9.999995e-01	1.000000e-01	1.000000e+00	1.400000e+01
499	2.364316e+00	0.000000e+00	2.364315e+00	0.000000e+00	3.091501e-04	0.000000e+00	3.067760e-04	0.000000e+00	9.999995e-01	1.000000e-01	1.000000e+00	1.400000e+01
