#sequence delta(k-1),f(k-1),theta(k),v(k),delta_diff(k-1),f_diff(k-1),theta_diff(k),v_diff(k),phi(1,1;k),phi(1,2;k),phi(2,1;k),phi(2,2;k)
1	-6.388475e-01	0.000000e+00	-6.386008e-01	6.672641e-01	-6.388475e-01	0.000000e+00	-6.293019e-02	6.597802e-01	8.548551e-01	1.000000e-01	1.000000e+00	1.400000e+01
2	-6.586940e-01	2.000000e-01	-6.586155e-01	2.612195e+00	-1.984649e-02	2.000000e-01	-2.001478e-02	1.944931e+00	8.550681e-01	9.785370e-02	1.007718e+00	1.392222e+01
3	-6.562618e-01	3.510504e-01	-6.562709e-01	3.811751e+00	2.432273e-03	1.510504e-01	2.344589e-03	1.199556e+00	8.550515e-01	9.682394e-02	1.006683e+00	1.385796e+01
4	-6.425574e-01	5.253633e-01	-6.426109e-01	7.365170e+00	1.370438e-02	1.743129e-01	1.366000e-02	3.553419e+00	8.549557e-01	9.560592e-02	1.013890e+00	1.394963e+01
5	-6.355441e-01	3.846248e-01	-6.355717e-01	5.933086e+00	7.013240e-03	-1.407384e-01	7.039204e-03	-1.432084e+00	8.550036e-01	9.464620e-02	1.015618e+00	1.391494e+01
6	-6.396754e-01	4.794979e-01	-6.396594e-01	8.315271e+00	-4.131292e-03	9.487308e-02	-4.087657e-03	2.382186e+00	8.550222e-01	9.421845e-02	1.013535e+00	1.396277e+01
7	-6.429972e-01	4.600754e-01	-6.429841e-01	8.992682e+00	-3.321735e-03	-1.942253e-02	-3.324727e-03	6.774105e-01	8.550201e-01	9.420604e-02	1.012034e+00	1.395399e+01
8	-6.418183e-01	4.668763e-01	-6.418228e-01	8.649076e+00	1.178902e-03	6.800863e-03	1.161309e-03	-3.436055e-01	8.550198e-01	9.420446e-02	1.011787e+00	1.395257e+01
9	-6.407669e-01	6.337346e-01	-6.407711e-01	1.022841e+01	1.051334e-03	1.668583e-01	1.051764e-03	1.579338e+00	8.550121e-01	9.298768e-02	1.011418e+00	1.389396e+01
10	-6.419138e-01	8.181661e-01	-6.419093e-01	1.376110e+01	-1.146867e-03	1.844315e-01	-1.138279e-03	3.532687e+00	8.550214e-01	9.149681e-02	1.010898e+00	1.397763e+01
11	-6.436894e-01	7.810634e-01	-6.436824e-01	1.188754e+01	-1.775566e-03	-3.710276e-02	-1.773076e-03	-1.873561e+00	8.550188e-01	9.144151e-02	1.012038e+00	1.400146e+01
12	-6.443188e-01	9.810634e-01	-6.443163e-01	1.436076e+01	-6.294430e-04	2.000000e-01	-6.339103e-04	2.473223e+00	8.550241e-01	8.972928e-02	1.012134e+00	1.397106e+01
13	-6.438726e-01	1.083219e+00	-6.438744e-01	1.538543e+01	4.461801e-04	1.021554e-01	4.419610e-04	1.024672e+00	8.550222e-01	8.928972e-02	1.012049e+00	1.395161e+01
14	-6.419686e-01	1.175311e+00	-6.419761e-01	1.709531e+01	1.904002e-03	9.209216e-02	1.898291e-03	1.709872e+00	8.550151e-01	8.894331e-02	1.012430e+00	1.397004e+01
15	-6.396809e-01	1.165048e+00	-6.396899e-01	1.674979e+01	2.287735e-03	-1.026280e-02	2.286214e-03	-3.455131e-01	8.550164e-01	8.893725e-02	1.012208e+00	1.397103e+01
16	-6.442368e-01	1.260717e+00	-6.442190e-01	1.806387e+01	-4.555877e-03	9.566863e-02	-4.529150e-03	1.314074e+00	8.550361e-01	8.852370e-02	1.012246e+00	1.397022e+01
17	-6.537683e-01	1.319400e+00	-6.537310e-01	1.964883e+01	-9.531497e-03	5.868335e-02	-9.511957e-03	1.584963e+00	8.550657e-01	8.834125e-02	1.008745e+00	1.399178e+01
18	-6.629821e-01	1.276614e+00	-6.629460e-01	1.926001e+01	-9.213862e-03	-4.278663e-02	-9.215027e-03	-3.888182e-01	8.550551e-01	8.829164e-02	1.007787e+00	1.398733e+01
19	-6.737563e-01	1.332984e+00	-6.737140e-01	2.056174e+01	-1.077414e-02	5.637061e-02	-1.076805e-02	1.301724e+00	8.550884e-01	8.811701e-02	1.005109e+00	1.400134e+01
20	-6.929046e-01	1.338161e+00	-6.928296e-01	2.023221e+01	-1.914828e-02	5.176606e-03	-1.911555e-02	-3.295276e-01	8.551175e-01	8.810915e-02	1.008589e+00	1.400040e+01
21	-6.992011e-01	1.458722e+00	-6.991762e-01	2.157011e+01	-6.296557e-03	1.205616e-01	-6.346631e-03	1.337905e+00	8.551519e-01	8.745052e-02	1.009610e+00	1.398086e+01
22	-7.101846e-01	1.540749e+00	-7.101416e-01	2.297091e+01	-1.098350e-02	8.202698e-02	-1.096539e-02	1.400798e+00	8.551974e-01	8.711090e-02	1.008232e+00	1.399116e+01
23	-7.267369e-01	1.534044e+00	-7.266721e-01	2.177827e+01	-1.655232e-02	-6.704990e-03	-1.653049e-02	-1.192643e+00	8.552115e-01	8.711661e-02	1.016738e+00	1.399460e+01
24	-7.388043e-01	1.713589e+00	-7.387569e-01	2.344419e+01	-1.206739e-02	1.795449e-01	-1.208482e-02	1.665916e+00	8.553097e-01	8.565581e-02	1.021445e+00	1.392457e+01
25	-7.513311e-01	1.815564e+00	-7.512820e-01	2.382569e+01	-1.252682e-02	1.019748e-01	-1.252509e-02	3.815061e-01	8.553721e-01	8.514769e-02	1.027516e+00	1.387515e+01
26	-7.623430e-01	1.934313e+00	-7.622997e-01	2.523584e+01	-1.101182e-02	1.187494e-01	-1.101773e-02	1.410148e+00	8.554329e-01	8.449185e-02	1.028691e+00	1.386248e+01
27	-7.838079e-01	1.935247e+00	-7.837239e-01	2.390531e+01	-2.146496e-02	9.332442e-04	-2.142415e-02	-1.330531e+00	8.554649e-01	8.449046e-02	1.042161e+00	1.386190e+01
28	-8.026612e-01	2.125544e+00	-8.025873e-01	2.598151e+01	-1.885332e-02	1.902969e-01	-1.886336e-02	2.076205e+00	8.556304e-01	8.282044e-02	1.046928e+00	1.381378e+01
29	-8.086119e-01	2.137050e+00	-8.085883e-01	2.586176e+01	-5.950645e-03	1.150658e-02	-6.001085e-03	-1.197509e-01	8.556356e-01	8.281026e-02	1.047698e+00	1.381229e+01
30	-8.166206e-01	2.165401e+00	-8.165892e-01	2.565679e+01	-8.008733e-03	2.835129e-02	-8.000890e-03	-2.049769e-01	8.556489e-01	8.276320e-02	1.049934e+00	1.380437e+01
31	-8.262588e-01	2.247614e+00	-8.262211e-01	2.662696e+01	-9.638233e-03	8.221250e-02	-9.631837e-03	9.701728e-01	8.556863e-01	8.244450e-02	1.050640e+00	1.379836e+01
32	-8.236782e-01	2.236215e+00	-8.236881e-01	2.734828e+01	2.580655e-03	-1.139909e-02	2.532950e-03	7.213260e-01	8.556878e-01	8.243766e-02	1.051713e+00	1.379362e+01
33	-8.123861e-01	2.112840e+00	-8.124302e-01	2.661008e+01	1.129210e-02	-1.233748e-01	1.125789e-02	-7.382085e-01	8.557505e-01	8.175338e-02	1.056779e+00	1.373827e+01
34	-7.957522e-01	2.057680e+00	-7.958173e-01	2.614559e+01	1.663393e-02	-5.516025e-02	1.661293e-02	-4.644846e-01	8.558048e-01	8.157320e-02	1.058954e+00	1.373106e+01
35	-7.679098e-01	2.085192e+00	-7.680188e-01	2.746098e+01	2.784235e-02	2.751229e-02	2.779849e-02	1.315388e+00	8.558276e-01	8.159575e-02	1.070955e+00	1.374291e+01
36	-7.051769e-01	1.959052e+00	-7.054224e-01	2.516305e+01	6.273293e-02	-1.261400e-01	6.259647e-02	-2.297927e+00	8.563941e-01	8.045664e-02	1.052320e+00	1.378038e+01
37	-7.063003e-01	2.138582e+00	-7.062969e-01	2.877119e+01	-1.123468e-03	1.795304e-01	-8.745615e-04	3.608138e+00	8.564017e-01	7.925175e-02	1.051724e+00	1.387567e+01
38	-7.067084e-01	1.938582e+00	-7.067068e-01	2.656289e+01	-4.080945e-04	-2.000000e-01	-4.099166e-04	-2.208298e+00	8.563987e-01	7.778112e-02	1.051616e+00	1.382283e+01
39	-6.787626e-01	1.930626e+00	-6.788717e-01	2.639347e+01	2.794587e-02	-7.956801e-03	2.783511e-02	-1.694175e-01	8.564587e-01	7.776404e-02	1.050437e+00	1.382317e+01
40	-6.740523e-01	1.948440e+00	-6.740712e-01	2.691595e+01	4.710217e-03	1.781478e-02	4.800549e-03	5.224774e-01	8.564573e-01	7.775880e-02	1.051044e+00	1.382546e+01
41	-6.886500e-01	1.888563e+00	-6.885931e-01	2.589790e+01	-1.459765e-02	-5.987744e-02	-1.452188e-02	-1.018051e+00	8.564390e-01	7.768396e-02	1.052254e+00	1.383043e+01
42	-6.844687e-01	1.932893e+00	-6.844848e-01	2.648696e+01	4.181288e-03	4.432966e-02	4.108228e-03	5.890572e-01	8.564332e-01	7.762261e-02	1.052198e+00	1.382983e+01
43	-6.760335e-01	1.893451e+00	-6.760665e-01	2.686758e+01	8.435246e-03	-3.944137e-02	8.418344e-03	3.806220e-01	8.564503e-01	7.754294e-02	1.055870e+00	1.381266e+01
44	-6.817898e-01	1.743461e+00	-6.817675e-01	2.386759e+01	-5.756356e-03	-1.499907e-01	-5.700986e-03	-2.999985e+00	8.564209e-01	7.677785e-02	1.058363e+00	1.387763e+01
45	-6.825491e-01	1.938760e+00	-6.825460e-01	2.587363e+01	-7.592584e-04	1.952990e-01	-7.785620e-04	2.006035e+00	8.564263e-01	7.540119e-02	1.058612e+00	1.381359e+01
46	-6.684191e-01	1.912532e+00	-6.684742e-01	2.684956e+01	1.413001e-02	-2.622761e-02	1.407178e-02	9.759272e-01	8.564528e-01	7.535203e-02	1.067490e+00	1.379711e+01
47	-6.549295e-01	1.712532e+00	-6.549824e-01	2.413806e+01	1.348960e-02	-2.000000e-01	1.349187e-02	-2.711498e+00	8.565596e-01	7.376799e-02	1.067700e+00	1.379399e+01
48	-6.484422e-01	1.736985e+00	-6.484677e-01	2.326217e+01	6.487288e-03	2.445308e-02	6.514649e-03	-8.758865e-01	8.565570e-01	7.375817e-02	1.063942e+00	1.377982e+01
49	-6.648019e-01	1.864260e+00	-6.647381e-01	2.607532e+01	-1.635972e-02	1.272744e-01	-1.627037e-02	2.813147e+00	8.566467e-01	7.305993e-02	1.055643e+00	1.384438e+01
50	-6.852305e-01	1.664260e+00	-6.851504e-01	2.296345e+01	-2.042858e-02	-2.000000e-01	-2.041233e-02	-3.111873e+00	8.565355e-01	7.197047e-02	1.058700e+00	1.387432e+01
51	-7.026218e-01	1.700291e+00	-7.025535e-01	2.336485e+01	-1.739130e-02	3.603102e-02	-1.740310e-02	4.014006e-01	8.565776e-01	7.188325e-02	1.059361e+00	1.387295e+01
52	-7.287640e-01	1.623501e+00	-7.286616e-01	2.154991e+01	-2.614222e-02	-7.678939e-02	-2.610808e-02	-1.814937e+00	8.565552e-01	7.181764e-02	1.068297e+00	1.389919e+01
53	-7.419500e-01	1.694895e+00	-7.418981e-01	2.289354e+01	-1.318605e-02	7.139374e-02	-1.323652e-02	1.343629e+00	8.565994e-01	7.157854e-02	1.066014e+00	1.391155e+01
54	-7.255251e-01	1.527749e+00	-7.255891e-01	2.098771e+01	1.642490e-02	-1.671461e-01	1.630904e-02	-1.905832e+00	8.567087e-01	7.046654e-02	1.069106e+00	1.388009e+01
55	-6.948255e-01	1.468912e+00	-6.949456e-01	1.917772e+01	3.069968e-02	-5.883669e-02	3.064347e-02	-1.809991e+00	8.568322e-01	7.022982e-02	1.054175e+00	1.390870e+01
56	-6.832562e-01	1.585586e+00	-6.833019e-01	2.032898e+01	1.156925e-02	1.166743e-01	1.164376e-02	1.151264e+00	8.567969e-01	6.987408e-02	1.051535e+00	1.388208e+01
57	-6.509857e-01	1.514008e+00	-6.511119e-01	2.035123e+01	3.227050e-02	-7.157872e-02	3.218992e-02	2.224571e-02	8.569427e-01	6.955064e-02	1.066541e+00	1.384879e+01
58	-5.573371e-01	1.314008e+00	-5.577034e-01	1.736084e+01	9.364857e-02	-2.000000e-01	9.340850e-02	-2.990391e+00	8.581181e-01	6.704047e-02	1.052623e+00	1.387852e+01
59	-4.819098e-01	1.359670e+00	-4.822059e-01	1.830859e+01	7.542730e-02	4.566283e-02	7.549754e-02	9.477540e-01	8.583933e-01	6.720707e-02	1.060997e+00	1.388358e+01
60	-4.178819e-01	1.216447e+00	-4.181332e-01	1.512750e+01	6.402790e-02	-1.432236e-01	6.407270e-02	-3.181087e+00	8.589562e-01	6.594785e-02	1.023125e+00	1.396830e+01
61	-2.959224e-01	1.376366e+00	-2.963998e-01	1.898453e+01	1.219595e-01	1.599195e-01	1.217334e-01	3.857029e+00	8.593213e-01	6.642654e-02	1.108210e+00	1.407987e+01
62	-1.953074e-01	1.176366e+00	-1.957022e-01	1.466573e+01	1.006150e-01	-2.000000e-01	1.006975e-01	-4.318799e+00	8.606045e-01	6.387586e-02	1.032945e+00	1.422948e+01
63	-1.103303e-01	1.290342e+00	-1.106638e-01	1.582921e+01	8.497706e-02	1.139759e-01	8.503847e-02	1.163481e+00	8.607893e-01	6.412382e-02	1.011122e+00	1.420021e+01
64	-4.664338e-02	1.140687e+00	-4.689346e-02	1.416406e+01	6.368691e-02	-1.496555e-01	6.377031e-02	-1.665149e+00	8.613430e-01	6.282268e-02	1.022933e+00	1.417246e+01
65	3.122941e-02	1.007206e+00	3.092425e-02	1.265881e+01	7.787280e-02	-1.334812e-01	7.781771e-02	-1.505255e+00	8.620422e-01	6.162420e-02	1.034149e+00	1.415323e+01
66	9.151562e-02	9.164951e-01	9.127894e-02	1.358494e+01	6.028621e-02	-9.071044e-02	6.035469e-02	9.261336e-01	8.624401e-01	6.102558e-02	1.095286e+00	1.406124e+01
67	1.163671e-01	7.164951e-01	1.162691e-01	9.529446e+00	2.485149e-02	-2.000000e-01	2.499018e-02	-4.055497e+00	8.626224e-01	5.955796e-02	1.080587e+00	1.417953e+01
68	1.395987e-01	8.476704e-01	1.395076e-01	1.195670e+01	2.323157e-02	1.311753e-01	2.323844e-02	2.427254e+00	8.625720e-01	5.927299e-02	1.086517e+00	1.421301e+01
69	1.574579e-01	6.476704e-01	1.573878e-01	1.033333e+01	1.785920e-02	-2.000000e-01	1.788021e-02	-1.623369e+00	8.626911e-01	5.793855e-02	1.096494e+00	1.410128e+01
70	1.762076e-01	4.476704e-01	1.761341e-01	6.729059e+00	1.874975e-02	-2.000000e-01	1.874635e-02	-3.604271e+00	8.628147e-01	5.662006e-02	1.089470e+00	1.417621e+01
