#sequence delta(k-1),f(k-1),theta(k),v(k),delta_diff(k-1),f_diff(k-1),theta_diff(k),v_diff(k),phi(1,1;k),phi(1,2;k),phi(2,1;k),phi(2,2;k)
1	-5.779495e-01	0.000000e+00	-5.781162e-01	9.038233e-01	-5.779495e-01	0.000000e+00	4.251324e-02	9.031178e-01	8.540434e-01	1.000000e-01	1.000000e+00	1.400000e+01
2	-2.175213e-01	2.000000e-01	-2.189298e-01	3.893952e+00	3.604283e-01	2.000000e-01	3.591864e-01	2.990128e+00	8.589928e-01	1.027464e-01	9.731270e-01	1.398509e+01
3	9.788024e-02	2.602633e-01	9.664270e-02	4.459271e+00	3.154015e-01	6.026332e-02	3.155725e-01	5.653190e-01	8.644712e-01	1.037931e-01	8.898679e-01	1.396918e+01
4	-1.898594e-01	3.608703e-01	-1.887402e-01	5.208129e+00	-2.877396e-01	1.006070e-01	-2.853829e-01	7.488587e-01	8.706206e-01	1.016430e-01	9.421751e-01	1.395089e+01
5	-4.594436e-01	5.286853e-01	-4.583861e-01	7.969085e+00	-2.695842e-01	1.678150e-01	-2.696459e-01	2.760956e+00	8.769594e-01	9.769712e-02	8.600369e-01	1.400202e+01
6	-5.660296e-01	5.371754e-01	-5.656091e-01	7.747056e+00	-1.065860e-01	8.490050e-03	-1.072230e-01	-2.220291e-01	8.776934e-01	9.763865e-02	8.725837e-01	1.400102e+01
7	-5.147393e-01	6.885526e-01	-5.149380e-01	9.017136e+00	5.129031e-02	1.513772e-01	5.067112e-02	1.270080e+00	8.774739e-01	9.699071e-02	8.510753e-01	1.393754e+01
8	-4.898247e-01	8.758856e-01	-4.899228e-01	1.322449e+01	2.491461e-02	1.873331e-01	2.501522e-02	4.207358e+00	8.772993e-01	9.567795e-02	8.693898e-01	1.407525e+01
9	-5.082176e-01	7.071266e-01	-5.081462e-01	9.953842e+00	-1.839293e-02	-1.687591e-01	-1.822337e-02	-3.270653e+00	8.771782e-01	9.456696e-02	8.769631e-01	1.414474e+01
10	-4.721500e-01	9.071266e-01	-4.722906e-01	1.241917e+01	3.606761e-02	2.000000e-01	3.585554e-02	2.465326e+00	8.769315e-01	9.319913e-02	8.703286e-01	1.410795e+01
11	-4.036654e-01	1.063947e+00	-4.039335e-01	1.401010e+01	6.848462e-02	1.568202e-01	6.835717e-02	1.590931e+00	8.767291e-01	9.273554e-02	8.484925e-01	1.405795e+01
12	-3.202084e-01	1.214231e+00	-3.205354e-01	1.500515e+01	8.345701e-02	1.502838e-01	8.339803e-02	9.950557e-01	8.765843e-01	9.247471e-02	8.020663e-01	1.397434e+01
13	-2.825064e-01	1.411505e+00	-2.826549e-01	1.685798e+01	3.770198e-02	1.972739e-01	3.788048e-02	1.852826e+00	8.763488e-01	9.124285e-02	7.856672e-01	1.388854e+01
14	-2.226966e-01	1.532774e+00	-2.229308e-01	1.877549e+01	5.980975e-02	1.212695e-01	5.972409e-02	1.917505e+00	8.762431e-01	9.102850e-02	7.909108e-01	1.389917e+01
15	-1.357327e-01	1.509841e+00	-1.360733e-01	1.685160e+01	8.696391e-02	-2.293346e-02	8.685750e-02	-1.923882e+00	8.767674e-01	9.089024e-02	7.220438e-01	1.391733e+01
16	-6.138553e-02	1.709841e+00	-6.167728e-02	1.873900e+01	7.434720e-02	2.000000e-01	7.439607e-02	1.887399e+00	8.764578e-01	9.005732e-02	6.892500e-01	1.382911e+01
17	-3.501388e-02	1.903536e+00	-3.511803e-02	2.136003e+01	2.637165e-02	1.936954e-01	2.655924e-02	2.621030e+00	8.762857e-01	8.879357e-02	6.883185e-01	1.382227e+01
18	-8.009115e-03	1.894381e+00	-8.115009e-03	1.988079e+01	2.700477e-02	-9.154757e-03	2.700303e-02	-1.479244e+00	8.763389e-01	8.877552e-02	6.707357e-01	1.382823e+01
19	1.698084e-02	2.094381e+00	1.688281e-02	2.205680e+01	2.498996e-02	2.000000e-01	2.499782e-02	2.176008e+00	8.761684e-01	8.741083e-02	6.636809e-01	1.377177e+01
20	4.305629e-02	2.203652e+00	4.295405e-02	2.314245e+01	2.607544e-02	1.092707e-01	2.607123e-02	1.085655e+00	8.760906e-01	8.708451e-02	6.583084e-01	1.374926e+01
21	6.144877e-02	2.304315e+00	6.137653e-02	2.425295e+01	1.839249e-02	1.006628e-01	1.842248e-02	1.110496e+00	8.760344e-01	8.677737e-02	6.558258e-01	1.373567e+01
22	7.298444e-02	2.364376e+00	7.293910e-02	2.593199e+01	1.153567e-02	6.006125e-02	1.156257e-02	1.679038e+00	8.760139e-01	8.667044e-02	6.604554e-01	1.375977e+01
23	8.393742e-02	2.248480e+00	8.389445e-02	2.468087e+01	1.095297e-02	-1.158956e-01	1.095535e-02	-1.251113e+00	8.760728e-01	8.604681e-02	6.621936e-01	1.374138e+01
24	9.296351e-02	2.403411e+00	9.292808e-02	2.709417e+01	9.026090e-03	1.549301e-01	9.033627e-03	2.413296e+00	8.760211e-01	8.515930e-02	6.633728e-01	1.376162e+01
25	9.366883e-02	2.321675e+00	9.366594e-02	2.734137e+01	7.053262e-04	-8.173539e-02	7.378587e-04	2.472051e-01	8.760235e-01	8.488532e-02	6.638308e-01	1.370855e+01
26	8.818390e-02	2.243609e+00	8.820531e-02	2.818867e+01	-5.484933e-03	-7.806574e-02	-5.460626e-03	8.472944e-01	8.760080e-01	8.466459e-02	6.588410e-01	1.363753e+01
27	8.380171e-02	2.087428e+00	8.381891e-02	2.502235e+01	-4.382191e-03	-1.561818e-01	-4.386403e-03	-3.166317e+00	8.759819e-01	8.373558e-02	6.609663e-01	1.371328e+01
28	7.688244e-02	2.287428e+00	7.690954e-02	2.786049e+01	-6.919267e-03	2.000000e-01	-6.909373e-03	2.838137e+00	8.760386e-01	8.209683e-02	6.606439e-01	1.372260e+01
29	6.569540e-02	2.321039e+00	6.573920e-02	2.759729e+01	-1.118704e-02	3.361181e-02	-1.117033e-02	-2.631954e-01	8.760605e-01	8.203095e-02	6.644518e-01	1.371116e+01
30	5.409434e-02	2.521039e+00	5.413982e-02	2.924042e+01	-1.160106e-02	2.000000e-01	-1.159938e-02	1.643129e+00	8.761569e-01	8.036927e-02	6.703476e-01	1.360951e+01
31	4.810435e-02	2.621035e+00	4.812792e-02	3.044001e+01	-5.989990e-03	9.999583e-02	-6.011901e-03	1.199587e+00	8.761818e-01	7.995336e-02	6.707929e-01	1.360208e+01
32	3.247407e-02	2.595602e+00	3.253522e-02	2.990785e+01	-1.563027e-02	-2.543377e-02	-1.559270e-02	-5.321549e-01	8.761808e-01	7.995172e-02	6.720969e-01	1.360420e+01
33	1.510639e-02	2.666542e+00	1.517447e-02	3.042456e+01	-1.736769e-02	7.094057e-02	-1.736075e-02	5.167102e-01	8.762451e-01	7.968907e-02	6.756900e-01	1.358952e+01
34	9.040344e-03	2.714833e+00	9.064306e-03	3.121709e+01	-6.066044e-03	4.829115e-02	-6.110164e-03	7.925263e-01	8.762585e-01	7.958269e-02	6.752860e-01	1.359274e+01
35	5.697772e-03	2.669046e+00	5.710923e-03	3.067524e+01	-3.342572e-03	-4.578703e-02	-3.353383e-03	-5.418459e-01	8.762534e-01	7.951274e-02	6.751547e-01	1.359094e+01
36	-5.374499e-03	2.703830e+00	-5.331197e-03	3.126211e+01	-1.107227e-02	3.478346e-02	-1.104212e-02	5.868672e-01	8.762750e-01	7.944495e-02	6.745156e-01	1.359295e+01
37	1.451393e-04	2.678087e+00	1.237474e-04	3.228830e+01	5.519639e-03	-2.574253e-02	5.454944e-03	1.026190e+00	8.762820e-01	7.941240e-02	6.781125e-01	1.357617e+01
38	4.079322e-03	2.478956e+00	4.063870e-03	2.839385e+01	3.934182e-03	-1.991307e-01	3.940123e-03	-3.894446e+00	8.763118e-01	7.790005e-02	6.759252e-01	1.368689e+01
39	-2.358060e-03	2.678956e+00	-2.332974e-03	3.084196e+01	-6.437381e-03	2.000000e-01	-6.396844e-03	2.448106e+00	8.763608e-01	7.637862e-02	6.767793e-01	1.366035e+01
40	-1.899773e-03	2.681647e+00	-1.901465e-03	3.250646e+01	4.582864e-04	2.690890e-03	4.315086e-04	1.664504e+00	8.763608e-01	7.637839e-02	6.771336e-01	1.366243e+01
41	3.634754e-03	2.481647e+00	3.613128e-03	2.910207e+01	5.534527e-03	-2.000000e-01	5.514594e-03	-3.404393e+00	8.764019e-01	7.489380e-02	6.753922e-01	1.372536e+01
42	-6.593435e-04	2.681647e+00	-6.426541e-04	3.306285e+01	-4.294098e-03	2.000000e-01	-4.255782e-03	3.960774e+00	8.764328e-01	7.345287e-02	6.729554e-01	1.383885e+01
43	-1.922696e-03	2.481647e+00	-1.917696e-03	2.931633e+01	-1.263352e-03	-2.000000e-01	-1.275042e-03	-3.746518e+00	8.764242e-01	7.210026e-02	6.735307e-01	1.392993e+01
44	1.777250e-03	2.681647e+00	1.762817e-03	3.150234e+01	3.699946e-03	2.000000e-01	3.680513e-03	2.186014e+00	8.764002e-01	7.079800e-02	6.724927e-01	1.387382e+01
45	8.208286e-04	2.600813e+00	8.245083e-04	3.040740e+01	-9.564217e-04	-8.083415e-02	-9.383087e-04	-1.094941e+00	8.763976e-01	7.058281e-02	6.724804e-01	1.387278e+01
46	-1.913372e-03	2.593675e+00	-1.902677e-03	3.042842e+01	-2.734201e-03	-7.138117e-03	-2.727185e-03	2.101944e-02	8.763974e-01	7.058222e-02	6.723221e-01	1.387237e+01
47	3.747035e-04	2.533655e+00	3.658075e-04	2.773121e+01	2.288075e-03	-6.001960e-02	2.268485e-03	-2.697207e+00	8.764023e-01	7.045418e-02	6.702976e-01	1.392547e+01
48	1.051694e-03	2.733655e+00	1.049015e-03	3.199382e+01	6.769907e-04	2.000000e-01	6.832075e-04	4.262610e+00	8.763979e-01	6.915017e-02	6.707632e-01	1.406304e+01
49	-8.023603e-04	2.533655e+00	-7.951284e-04	3.016431e+01	-1.854055e-03	-2.000000e-01	-1.844143e-03	-1.829511e+00	8.763861e-01	6.788250e-02	6.699133e-01	1.397136e+01
50	-5.141600e-04	2.374981e+00	-5.152575e-04	2.743252e+01	2.882003e-04	-1.586747e-01	2.798709e-04	-2.731796e+00	8.763876e-01	6.707873e-02	6.698437e-01	1.400970e+01
51	7.942832e-04	2.503483e+00	7.891678e-04	2.885894e+01	1.308443e-03	1.285025e-01	1.304425e-03	1.426424e+00	8.763823e-01	6.656644e-02	6.696127e-01	1.398702e+01
52	1.464837e-04	2.401112e+00	1.489942e-04	2.652472e+01	-6.477995e-04	-1.023713e-01	-6.401736e-04	-2.334217e+00	8.763803e-01	6.624031e-02	6.698888e-01	1.403065e+01
53	-7.536747e-04	2.536402e+00	-7.501486e-04	2.855543e+01	-9.001584e-04	1.352901e-01	-8.991428e-04	2.030707e+00	8.763841e-01	6.566261e-02	6.698324e-01	1.403912e+01
54	5.519824e-05	2.336402e+00	5.205236e-05	2.514024e+01	8.088729e-04	-2.000000e-01	8.022010e-04	-3.415194e+00	8.763891e-01	6.443079e-02	6.696034e-01	1.409574e+01
55	5.992456e-04	2.482653e+00	5.971081e-04	2.661460e+01	5.440473e-04	1.462506e-01	5.450558e-04	1.474365e+00	8.763867e-01	6.378780e-02	6.694532e-01	1.405536e+01
56	-2.083382e-04	2.373963e+00	-2.051919e-04	2.613831e+01	-8.075838e-04	-1.086896e-01	-8.023000e-04	-4.762894e-01	8.763841e-01	6.343682e-02	6.690520e-01	1.400137e+01
57	-3.692149e-04	2.173963e+00	-3.685742e-04	2.346102e+01	-1.608768e-04	-2.000000e-01	-1.633823e-04	-2.677297e+00	8.763832e-01	6.225724e-02	6.690428e-01	1.398991e+01
58	2.479811e-04	2.221703e+00	2.455726e-04	2.548526e+01	6.171960e-04	4.773957e-02	6.141468e-04	2.024240e+00	8.763823e-01	6.219158e-02	6.694399e-01	1.402062e+01
59	2.186178e-04	2.021703e+00	2.187231e-04	2.218980e+01	-2.936322e-05	-2.000000e-01	-2.684951e-05	-3.295458e+00	8.763821e-01	6.103321e-02	6.694466e-01	1.406638e+01
60	-2.572111e-03	2.102918e+00	-2.561209e-03	2.369208e+01	-2.790729e-03	8.121547e-02	-2.779933e-03	1.502284e+00	8.763891e-01	6.082977e-02	6.689687e-01	1.408029e+01
61	-8.889967e-03	1.902918e+00	-8.865245e-03	2.103484e+01	-6.317855e-03	-2.000000e-01	-6.304035e-03	-2.657238e+00	8.763556e-01	5.976813e-02	6.684890e-01	1.406510e+01
62	-1.869585e-02	1.886124e+00	-1.865745e-02	1.975638e+01	-9.805880e-03	-1.679400e-02	-9.792201e-03	-1.278465e+00	8.763565e-01	5.976969e-02	6.733121e-01	1.407336e+01
63	-2.107847e-02	1.956301e+00	-2.106901e-02	2.128860e+01	-2.382625e-03	7.017642e-02	-2.411568e-03	1.532222e+00	8.763616e-01	5.961946e-02	6.726955e-01	1.409153e+01
64	-2.747548e-02	1.756301e+00	-2.745045e-02	1.854289e+01	-6.397007e-03	-2.000000e-01	-6.381439e-03	-2.745709e+00	8.763284e-01	5.858113e-02	6.724664e-01	1.408436e+01
65	-3.968333e-02	1.728735e+00	-3.963555e-02	1.883952e+01	-1.220786e-02	-2.756527e-02	-1.218510e-02	2.966301e-01	8.763277e-01	5.857946e-02	6.684492e-01	1.407529e+01
66	-4.883715e-02	1.528735e+00	-4.880121e-02	1.473176e+01	-9.153820e-03	-2.000000e-01	-9.165661e-03	-4.107758e+00	8.762826e-01	5.759486e-02	6.739335e-01	1.419512e+01
67	-5.388482e-02	1.728735e+00	-5.386496e-02	1.736204e+01	-5.047662e-03	2.000000e-01	-5.063748e-03	2.630278e+00	8.763112e-01	5.646237e-02	6.744161e-01	1.417599e+01
68	-5.778974e-02	1.528735e+00	-5.777441e-02	1.457323e+01	-3.904922e-03	-2.000000e-01	-3.909448e-03	-2.788814e+00	8.762915e-01	5.545603e-02	6.743270e-01	1.417143e+01
69	-6.358401e-02	1.503319e+00	-6.356132e-02	1.449540e+01	-5.794275e-03	-2.541613e-02	-5.786913e-03	-7.783051e-02	8.762896e-01	5.544758e-02	6.735394e-01	1.416797e+01
70	-6.769245e-02	1.338327e+00	-6.767631e-02	1.175641e+01	-4.108435e-03	-1.649920e-01	-4.114992e-03	-2.738990e+00	8.762730e-01	5.478005e-02	6.743069e-01	1.419879e+01
71	-6.852885e-02	1.394586e+00	-6.852552e-02	1.186364e+01	-8.364001e-04	5.625898e-02	-8.492071e-04	1.072320e-01	8.762742e-01	5.469472e-02	6.745810e-01	1.418036e+01
72	-6.906673e-02	1.332851e+00	-6.906462e-02	1.179380e+01	-5.378847e-04	-6.173539e-02	-5.391008e-04	-6.984375e-02	8.762734e-01	5.459787e-02	6.743754e-01	1.415677e+01
73	-7.094109e-02	1.132851e+00	-7.093376e-02	9.607856e+00	-1.874352e-03	-2.000000e-01	-1.869137e-03	-2.185939e+00	8.762641e-01	5.360197e-02	6.738110e-01	1.409654e+01
74	-7.095769e-02	1.023100e+00	-7.095759e-02	8.688559e+00	-1.660065e-05	-1.097509e-01	-2.383712e-05	-9.192972e-01	8.762640e-01	5.329760e-02	6.738061e-01	1.406400e+01
75	-6.941819e-02	8.792498e-01	-6.942420e-02	6.954171e+00	1.539499e-03	-1.438501e-01	1.533392e-03	-1.734388e+00	8.762697e-01	5.276663e-02	6.740143e-01	1.404455e+01
76	-6.851279e-02	8.165722e-01	-6.851635e-02	5.916649e+00	9.053949e-04	-6.267761e-02	9.078480e-04	-1.037522e+00	8.762712e-01	5.266496e-02	6.739465e-01	1.404924e+01
77	-6.808116e-02	7.688173e-01	-6.808286e-02	5.111958e+00	4.316344e-04	-4.775485e-02	4.334946e-04	-8.046917e-01	8.762717e-01	5.260672e-02	6.739191e-01	1.405228e+01
78	-6.746214e-02	6.937941e-01	-6.746457e-02	4.469612e+00	6.190168e-04	-7.502327e-02	6.182921e-04	-6.423457e-01	8.762729e-01	5.246378e-02	6.740397e-01	1.403765e+01
79	-6.622138e-02	5.444138e-01	-6.622623e-02	1.153510e+00	1.240766e-03	-1.493803e-01	1.238335e-03	-3.316102e+00	8.762775e-01	5.190323e-02	6.733286e-01	1.412326e+01
