#sequence delta(k-1),f(k-1),theta(k),v(k),delta_diff(k-1),f_diff(k-1),theta_diff(k),v_diff(k),phi(1,1;k),phi(1,2;k),phi(2,1;k),phi(2,2;k)
1	3.113535e+00	0.000000e+00	3.113317e+00	1.801287e-01	3.113535e+00	0.000000e+00	5.561521e-02	1.709538e-01	2.265421e-01	1.000000e-01	1.000000e+00	7.000000e+00
2	3.116718e+00	2.000000e-01	3.116704e+00	2.896852e+00	3.182199e-03	2.000000e-01	3.387015e-03	2.716723e+00	2.265165e-01	9.838558e-02	1.001947e+00	7.122339e+00
3	2.968463e+00	2.199597e-01	2.969043e+00	4.478419e+00	-1.482541e-01	1.995969e-02	-1.476618e-01	1.581567e+00	2.345979e-01	9.729756e-02	8.913593e-01	7.137228e+00
4	3.058585e+00	1.284128e-01	3.058235e+00	2.339797e+00	9.012168e-02	-9.154686e-02	8.919283e-02	-2.138622e+00	2.378653e-01	9.397846e-02	8.248895e-01	7.204748e+00
5	3.108261e+00	2.782024e-01	3.108066e+00	3.321186e+00	4.967587e-02	1.497896e-01	4.983024e-02	9.813888e-01	2.384232e-01	9.566063e-02	8.216550e-01	7.194995e+00
6	3.109166e+00	4.782024e-01	3.109161e+00	5.773170e+00	9.047204e-04	2.000000e-01	1.095836e-03	2.451984e+00	2.384155e-01	9.396069e-02	8.220815e-01	7.289273e+00
7	3.113716e+00	5.343547e-01	3.113699e+00	6.100889e+00	4.550728e-03	5.615225e-02	4.537233e-03	3.277189e-01	2.384116e-01	9.391212e-02	8.218973e-01	7.287000e+00
8	3.123572e+00	6.618913e-01	3.123534e+00	8.035278e+00	9.855769e-03	1.275366e-01	9.834994e-03	1.934390e+00	2.383907e-01	9.364221e-02	8.265266e-01	7.346904e+00
9	3.141049e+00	6.372721e-01	3.140981e+00	8.816352e+00	1.747716e-02	-2.461913e-02	1.744731e-02	7.810742e-01	2.385201e-01	9.346003e-02	8.343888e-01	7.335829e+00
10	-3.129848e+00	5.663376e-01	-3.105352e+00	9.083671e+00	-6.270897e+00	-7.093453e-02	-6.246333e+00	2.673186e-01	9.223346e-01	1.011951e-01	-3.336487e-02	7.326013e+00
11	1.375985e+00	5.251499e-01	1.383023e+00	7.936459e+00	4.505832e+00	-4.118773e-02	4.488375e+00	-1.147212e+00	9.869448e-01	1.006045e-01	-1.667722e-01	7.327233e+00
12	-1.980619e+00	7.251499e-01	-1.967480e+00	8.668346e+00	-3.356603e+00	2.000000e-01	-3.350503e+00	7.318869e-01	1.000806e+00	9.977865e-02	1.431593e-01	7.308766e+00
13	2.189115e+00	9.251499e-01	2.197422e+00	1.233147e+01	4.169733e+00	2.000000e-01	4.164901e+00	3.663122e+00	9.950662e-01	9.950336e-02	4.703153e-01	7.324458e+00
14	-1.814614e+00	8.201637e-01	-1.798942e+00	1.225767e+01	-4.003728e+00	-1.049862e-01	-3.996363e+00	-7.379953e-02	9.954757e-01	9.951410e-02	-7.324097e-02	7.310205e+00
15	2.061727e+00	7.534487e-01	2.071190e+00	1.072426e+01	3.876341e+00	-6.671493e-02	3.870132e+00	-1.533413e+00	9.993609e-01	9.944723e-02	-2.379674e-01	7.313040e+00
16	-1.960200e+00	9.534487e-01	-1.944452e+00	1.046448e+01	-4.021927e+00	2.000000e-01	-4.015642e+00	-2.597800e-01	1.002754e+00	9.927851e-02	3.240594e-01	7.285091e+00
17	1.927596e+00	1.153449e+00	1.937014e+00	1.233982e+01	3.887796e+00	2.000000e-01	3.881466e+00	1.875348e+00	9.948113e-01	9.886993e-02	1.428771e-01	7.275771e+00
18	-1.973711e+00	1.353449e+00	-1.958435e+00	1.300486e+01	-3.901307e+00	2.000000e-01	-3.895449e+00	6.650321e-01	1.002146e+00	9.849391e-02	1.928474e-01	7.273209e+00
19	2.025618e+00	1.553449e+00	2.034599e+00	1.471761e+01	3.999329e+00	2.000000e-01	3.993033e+00	1.712758e+00	9.948618e-01	9.812963e-02	8.474314e-02	7.267803e+00
20	-1.913745e+00	1.684036e+00	-1.898322e+00	1.565607e+01	-3.939363e+00	1.305872e-01	-3.932920e+00	9.384594e-01	1.000542e+00	9.794135e-02	1.576448e-02	7.270090e+00
21	2.002559e+00	1.792699e+00	2.011865e+00	1.600089e+01	3.916304e+00	1.086628e-01	3.910187e+00	3.448124e-01	9.964926e-01	9.782900e-02	-9.294166e-02	7.267073e+00
22	-1.918769e+00	1.964899e+00	-1.903415e+00	1.604176e+01	-3.921328e+00	1.721999e-01	-3.915280e+00	4.087030e-02	1.001747e+00	9.759826e-02	2.441279e-01	7.252271e+00
23	1.997579e+00	2.164899e+00	2.006885e+00	1.785529e+01	3.916349e+00	2.000000e-01	3.910300e+00	1.813537e+00	9.948081e-01	9.724390e-02	1.171669e-01	7.245788e+00
24	-1.891024e+00	2.170036e+00	-1.875797e+00	1.866883e+01	-3.888603e+00	5.137352e-03	-3.882682e+00	8.135358e-01	9.979945e-01	9.723969e-02	-1.486402e-01	7.246139e+00
25	2.014302e+00	2.071686e+00	2.023650e+00	1.805763e+01	3.905326e+00	-9.835025e-02	3.899447e+00	-6.112025e-01	1.000470e+00	9.717735e-02	-2.065673e-03	7.242448e+00
26	-1.913289e+00	2.165807e+00	-1.897911e+00	1.796057e+01	-3.927591e+00	9.412109e-02	-3.921561e+00	-9.705353e-02	1.000742e+00	9.717084e-02	1.663239e-01	7.238412e+00
27	2.044936e+00	2.365807e+00	2.054078e+00	1.964214e+01	3.958225e+00	2.000000e-01	3.951989e+00	1.681569e+00	9.946669e-01	9.686389e-02	7.618687e-02	7.233858e+00
28	-1.898698e+00	2.387744e+00	-1.883258e+00	1.917062e+01	-3.943634e+00	2.193759e-02	-3.937336e+00	-4.715200e-01	9.982651e-01	9.684388e-02	1.465709e-01	7.233466e+00
29	2.002697e+00	2.587744e+00	2.012062e+00	2.087137e+01	3.901396e+00	2.000000e-01	3.895319e+00	1.700752e+00	9.942548e-01	9.663829e-02	7.833763e-02	7.229969e+00
30	-1.885959e+00	2.556857e+00	-1.870732e+00	1.896701e+01	-3.888656e+00	-3.088758e-02	-3.882794e+00	-1.904370e+00	9.971661e-01	9.666142e-02	3.753032e-01	7.232327e+00
31	2.088796e+00	2.756857e+00	2.097872e+00	2.078674e+01	3.974754e+00	2.000000e-01	3.968604e+00	1.819733e+00	9.941565e-01	9.650998e-02	1.385499e-01	7.220415e+00
32	-1.633462e+00	2.794602e+00	-1.618886e+00	2.163337e+01	-3.722257e+00	3.774559e-02	-3.716759e+00	8.466358e-01	9.985933e-01	9.646499e-02	-1.044870e-01	7.222879e+00
33	2.265489e+00	2.748035e+00	2.274859e+00	2.095099e+01	3.898951e+00	-4.656715e-02	3.893745e+00	-6.823829e-01	9.996206e-01	9.645272e-02	-9.127719e-02	7.222721e+00
34	-1.615646e+00	2.948035e+00	-1.600448e+00	2.269510e+01	-3.881134e+00	2.000000e-01	-3.875308e+00	1.744110e+00	1.002841e+00	9.628679e-02	-7.948644e-02	7.222114e+00
35	2.233599e+00	2.880834e+00	2.243166e+00	2.275685e+01	3.849245e+00	-6.720167e-02	3.843615e+00	6.174644e-02	1.000646e+00	9.632510e-02	1.059586e-01	7.218876e+00
36	-1.597682e+00	2.815192e+00	-1.582679e+00	2.177385e+01	-3.831282e+00	-6.564135e-02	-3.825845e+00	-9.829951e-01	9.975406e-01	9.627189e-02	1.284695e-01	7.219262e+00
37	2.200946e+00	3.015192e+00	2.210710e+00	2.300455e+01	3.798628e+00	2.000000e-01	3.793389e+00	1.230703e+00	9.942207e-01	9.609710e-02	-2.516321e-02	7.211173e+00
38	-1.683167e+00	3.076892e+00	-1.667957e+00	2.432252e+01	-3.884113e+00	6.169983e-02	-3.878667e+00	1.317970e+00	9.991715e-01	9.601846e-02	-1.925583e-01	7.213832e+00
39	2.210189e+00	2.876892e+00	2.219584e+00	2.184447e+01	3.893356e+00	-2.000000e-01	3.887541e+00	-2.478056e+00	1.002744e+00	9.583491e-02	-2.539782e-01	7.216987e+00
40	-1.624285e+00	3.076892e+00	-1.609270e+00	2.282100e+01	-3.834474e+00	2.000000e-01	-3.828854e+00	9.765298e-01	1.003402e+00	9.580061e-02	5.947804e-02	7.200638e+00
41	2.267868e+00	3.270316e+00	2.277267e+00	2.426822e+01	3.892154e+00	1.934241e-01	3.886537e+00	1.447225e+00	9.953582e-01	9.540086e-02	2.138668e-02	7.198745e+00
42	-1.561692e+00	3.232178e+00	-1.546697e+00	2.383631e+01	-3.829561e+00	-3.813870e-02	-3.823963e+00	-4.319167e-01	9.972224e-01	9.541942e-02	3.785909e-02	7.198909e+00
43	2.329522e+00	3.311217e+00	2.338924e+00	2.411694e+01	3.891214e+00	7.903909e-02	3.885620e+00	2.806304e-01	9.967207e-01	9.540923e-02	-5.606365e-02	7.197001e+00
44	-1.499648e+00	3.382636e+00	-1.484653e+00	2.493580e+01	-3.829169e+00	7.141967e-02	-3.823577e+00	8.188668e-01	9.997279e-01	9.535314e-02	-7.574590e-02	7.197368e+00
45	2.369725e+00	3.278115e+00	2.379213e+00	2.399038e+01	3.869373e+00	-1.045210e-01	3.863866e+00	-9.454283e-01	1.000921e+00	9.532091e-02	-5.411482e-02	7.196784e+00
46	-1.448899e+00	3.390865e+00	-1.433946e+00	2.469759e+01	-3.818624e+00	1.127495e-01	-3.813158e+00	7.072173e-01	1.001307e+00	9.530953e-02	1.384136e-02	7.194777e+00
47	2.403130e+00	3.392413e+00	2.412685e+00	2.563097e+01	3.852029e+00	1.548269e-03	3.846631e+00	9.333762e-01	9.990075e-01	9.530860e-02	2.026835e-01	7.194853e+00
48	-1.395483e+00	3.192413e+00	-1.380608e+00	2.514352e+01	-3.798613e+00	-2.000000e-01	-3.793292e+00	-4.874452e-01	9.944911e-01	9.507081e-02	-1.745077e-01	7.174994e+00
49	2.542272e+00	3.017371e+00	2.551492e+00	2.441437e+01	3.937755e+00	-1.750421e-01	3.932099e+00	-7.291547e-01	1.001462e+00	9.476094e-02	8.444779e-02	7.163483e+00
50	-1.386843e+00	2.995316e+00	-1.371459e+00	2.474632e+01	-3.929114e+00	-2.205453e-02	-3.922950e+00	3.319542e-01	9.984657e-01	9.474412e-02	-9.144532e-02	7.162495e+00
51	2.450865e+00	2.925162e+00	2.460478e+00	2.370650e+01	3.837708e+00	-7.015464e-02	3.831936e+00	-1.039827e+00	9.999394e-01	9.471718e-02	-1.320596e-01	7.163238e+00
52	-1.293340e+00	3.125162e+00	-1.278676e+00	2.491213e+01	-3.744205e+00	2.000000e-01	-3.739154e+00	1.205638e+00	1.003067e+00	9.455012e-02	2.774150e-02	7.154702e+00
53	2.572444e+00	3.118819e+00	2.581944e+00	2.463384e+01	3.865784e+00	-6.342449e-03	3.860621e+00	-2.782969e-01	9.995082e-01	9.455596e-02	-4.598468e-02	7.154823e+00
54	-1.211484e+00	3.154745e+00	-1.196666e+00	2.526774e+01	-3.783928e+00	3.592602e-02	-3.778610e+00	6.338982e-01	9.994950e-01	9.455609e-02	-9.066740e-02	7.155247e+00
55	2.532298e+00	3.010523e+00	2.542276e+00	2.451431e+01	3.743783e+00	-1.442226e-01	3.738942e+00	-7.534266e-01	1.001865e+00	9.446478e-02	4.638292e-02	7.149968e+00
56	-1.298226e+00	2.972832e+00	-1.283224e+00	2.535282e+01	-3.830524e+00	-3.769067e-02	-3.825499e+00	8.385096e-01	9.984324e-01	9.443101e-02	-2.342005e-01	7.147207e+00
57	2.556838e+00	2.772832e+00	2.566381e+00	2.445053e+01	3.855063e+00	-2.000000e-01	3.849605e+00	-9.022882e-01	1.002651e+00	9.421212e-02	7.566191e-02	7.131131e+00
58	-1.200144e+00	2.679161e+00	-1.185431e+00	2.272496e+01	-3.756982e+00	-9.367150e-02	-3.751812e+00	-1.725566e+00	9.973486e-01	9.407990e-02	2.468442e-01	7.135399e+00
59	2.561376e+00	2.879161e+00	2.571284e+00	2.449886e+01	3.761520e+00	2.000000e-01	3.756715e+00	1.773896e+00	9.943360e-01	9.391973e-02	1.184456e-01	7.128572e+00
60	-1.233641e+00	2.749299e+00	-1.218778e+00	2.429407e+01	-3.795017e+00	-1.298612e-01	-3.790061e+00	-2.047861e-01	9.952897e-01	9.395236e-02	-1.385584e-01	7.119778e+00
61	2.572929e+00	2.582930e+00	2.582661e+00	2.327426e+01	3.806570e+00	-1.663689e-01	3.801439e+00	-1.019810e+00	1.001514e+00	9.368032e-02	1.297124e-02	7.113155e+00
62	-1.302447e+00	2.597252e+00	-1.287271e+00	2.330134e+01	-3.875376e+00	1.432177e-02	-3.869933e+00	2.707942e-02	9.993573e-01	9.368829e-02	1.827667e-02	7.113135e+00
63	2.593199e+00	2.610659e+00	2.602585e+00	2.449048e+01	3.895646e+00	1.340715e-02	3.889856e+00	1.189132e+00	9.983785e-01	9.368493e-02	2.386028e-01	7.113894e+00
64	-1.173938e+00	2.410659e+00	-1.159186e+00	2.292468e+01	-3.767137e+00	-2.000000e-01	-3.761771e+00	-1.565795e+00	9.944108e-01	9.347428e-02	7.195213e-02	7.105046e+00
65	2.596295e+00	2.428447e+00	2.606169e+00	2.263152e+01	3.770233e+00	1.778724e-02	3.765355e+00	-2.931595e-01	9.976207e-01	9.348943e-02	-8.064181e-02	7.104326e+00
66	-1.193030e+00	2.483082e+00	-1.178189e+00	2.298624e+01	-3.789325e+00	5.463512e-02	-3.784358e+00	3.547175e-01	9.996354e-01	9.346038e-02	-6.055767e-03	7.103251e+00
67	2.583081e+00	2.405990e+00	2.592933e+00	2.194124e+01	3.776111e+00	-7.709211e-02	3.771122e+00	-1.044994e+00	1.000428e+00	9.344420e-02	-1.107137e-01	7.105387e+00
68	-1.179914e+00	2.487600e+00	-1.165176e+00	2.343877e+01	-3.762995e+00	8.161019e-02	-3.758109e+00	1.497530e+00	1.000678e+00	9.343878e-02	-2.215056e-01	7.107790e+00
69	2.573078e+00	2.287600e+00	2.583019e+00	2.076756e+01	3.752991e+00	-2.000000e-01	3.748195e+00	-2.671216e+00	1.003187e+00	9.330507e-02	-3.140057e-01	7.112720e+00
70	-1.149636e+00	2.487600e+00	-1.135055e+00	2.310824e+01	-3.722713e+00	2.000000e-01	-3.718074e+00	2.340681e+00	1.003667e+00	9.327928e-02	-2.582127e-01	7.109722e+00
71	2.667706e+00	2.287600e+00	2.677395e+00	2.034080e+01	3.817342e+00	-2.000000e-01	3.812450e+00	-2.767433e+00	1.003616e+00	9.328194e-02	-3.367588e-01	7.113837e+00
72	-1.457124e+00	2.487600e+00	-1.440973e+00	2.035806e+01	-4.124829e+00	2.000000e-01	-4.118368e+00	1.725374e-02	1.003057e+00	9.330907e-02	2.379608e-01	7.085971e+00
73	2.376024e+00	2.677923e+00	2.385658e+00	2.306575e+01	3.833148e+00	1.903233e-01	3.826631e+00	2.707690e+00	9.952221e-01	9.292007e-02	3.352442e-01	7.090801e+00
74	-1.283334e+00	2.477923e+00	-1.269002e+00	2.135310e+01	-3.659358e+00	-2.000000e-01	-3.654659e+00	-1.712645e+00	9.939158e-01	9.284867e-02	1.252099e-01	7.079322e+00
75	2.557063e+00	2.306886e+00	2.566661e+00	1.983560e+01	3.840397e+00	-1.710369e-01	3.835663e+00	-1.517502e+00	1.001421e+00	9.251444e-02	-4.604016e-02	7.086949e+00
76	-1.297122e+00	2.265953e+00	-1.282029e+00	1.955161e+01	-3.854185e+00	-4.093272e-02	-3.848690e+00	-2.839954e-01	9.982152e-01	9.248040e-02	-8.819292e-03	7.087344e+00
77	2.496887e+00	2.161025e+00	2.506669e+00	1.905459e+01	3.794009e+00	-1.049284e-01	3.788698e+00	-4.970203e-01	1.000668e+00	9.241256e-02	5.271983e-02	7.085642e+00
78	-1.200096e+00	2.028738e+00	-1.185617e+00	1.923779e+01	-3.696983e+00	-1.322872e-01	-3.692286e+00	1.831997e-01	9.963259e-01	9.225718e-02	-2.418266e-01	7.075103e+00
79	2.630176e+00	1.828738e+00	2.639814e+00	1.878380e+01	3.830272e+00	-2.000000e-01	3.825431e+00	-4.539828e-01	1.002354e+00	9.194243e-02	1.691263e-01	7.053645e+00
80	-1.186876e+00	1.628738e+00	-1.171928e+00	1.827570e+01	-3.817052e+00	-2.000000e-01	-3.811742e+00	-5.080988e-01	9.952186e-01	9.156858e-02	-1.688688e-01	7.035935e+00
81	2.574790e+00	1.428738e+00	2.584698e+00	1.630741e+01	3.761666e+00	-2.000000e-01	3.756626e+00	-1.968295e+00	1.002118e+00	9.120173e-02	-1.525086e-01	7.035065e+00
82	-1.317627e+00	1.512394e+00	-1.302384e+00	1.539527e+01	-3.892417e+00	8.365571e-02	-3.887082e+00	-9.121426e-01	1.000836e+00	9.122930e-02	2.988441e-01	7.025365e+00
83	2.455376e+00	1.712394e+00	2.465241e+00	1.607068e+01	3.773003e+00	2.000000e-01	3.767624e+00	6.754105e-01	9.949385e-01	9.091669e-02	-1.101662e-01	7.003684e+00
84	-1.315990e+00	1.718480e+00	-1.301220e+00	1.522536e+01	-3.771366e+00	6.086509e-03	-3.766460e+00	-8.453126e-01	9.981930e-01	9.091144e-02	1.776852e-01	7.003219e+00
85	2.524089e+00	1.787665e+00	2.533690e+00	1.557549e+01	3.840079e+00	6.918496e-02	3.834910e+00	3.501300e-01	9.972086e-01	9.089371e-02	-1.806141e-04	7.000015e+00
86	-1.112149e+00	1.640098e+00	-1.097908e+00	1.478167e+01	-3.636239e+00	-1.475672e-01	-3.631598e+00	-7.938252e-01	9.954177e-01	9.082103e-02	-5.422470e-02	6.997821e+00
87	2.621487e+00	1.469116e+00	2.631502e+00	1.449262e+01	3.733636e+00	-1.709823e-01	3.729410e+00	-2.890470e-01	1.001728e+00	9.053204e-02	1.922992e-01	6.986532e+00
88	-1.226385e+00	1.269116e+00	-1.211315e+00	1.360607e+01	-3.847872e+00	-2.000000e-01	-3.842817e+00	-8.865555e-01	9.952593e-01	9.019582e-02	-7.909171e-02	6.972426e+00
89	2.584225e+00	1.069116e+00	2.593942e+00	1.258002e+01	3.810610e+00	-2.000000e-01	3.805257e+00	-1.026043e+00	1.001981e+00	8.984301e-02	6.732909e-02	6.964741e+00
90	-1.257461e+00	9.328599e-01	-1.242416e+00	1.137737e+01	-3.841686e+00	-1.362556e-01	-3.836359e+00	-1.202653e+00	9.965037e-01	8.964873e-02	6.624380e-02	6.964702e+00
91	2.599849e+00	9.574555e-01	2.609383e+00	1.238271e+01	3.857309e+00	2.459556e-02	3.851800e+00	1.005341e+00	9.977567e-01	8.965672e-02	1.918372e-01	6.965503e+00
92	-1.289208e+00	7.574555e-01	-1.273979e+00	1.070170e+01	-3.889056e+00	-2.000000e-01	-3.883362e+00	-1.681016e+00	9.945493e-01	8.949178e-02	9.322340e-02	6.960432e+00
93	2.626952e+00	7.213414e-01	2.636258e+00	9.776904e+00	3.916160e+00	-3.611413e-02	3.910237e+00	-9.247917e-01	9.985522e-01	8.945486e-02	-1.296207e-01	6.962487e+00
94	-1.272512e+00	7.726214e-01	-1.257243e+00	1.007864e+01	-3.899464e+00	5.128002e-02	-3.893501e+00	3.017315e-01	9.994714e-01	8.944278e-02	-8.905784e-03	6.960899e+00
95	2.601736e+00	6.159014e-01	2.611206e+00	7.766270e+00	3.874248e+00	-1.567200e-01	3.868449e+00	-2.312366e+00	1.001690e+00	8.935305e-02	-2.653648e-01	6.971274e+00
96	-1.186509e+00	8.159014e-01	-1.171674e+00	9.459037e+00	-3.788246e+00	2.000000e-01	-3.782880e+00	1.692768e+00	1.003030e+00	8.928228e-02	-1.101869e-01	6.963081e+00
97	2.564697e+00	6.159014e-01	2.574646e+00	8.471398e+00	3.751207e+00	-2.000000e-01	3.746320e+00	-9.876396e-01	1.003385e+00	8.926337e-02	7.081174e-02	6.953431e+00
98	-1.113593e+00	4.159014e-01	-1.099186e+00	7.049039e+00	-3.678290e+00	-2.000000e-01	-3.673831e+00	-1.422358e+00	9.955831e-01	8.883917e-02	1.946291e-02	6.950639e+00
99	2.496058e+00	3.039120e-01	2.506558e+00	6.549267e+00	3.609651e+00	-1.119894e-01	3.605744e+00	-4.997720e-01	1.000595e+00	8.868367e-02	6.696557e-02	6.949165e+00
100	-1.264485e+00	1.205816e-01	-1.249754e+00	5.347144e+00	-3.760543e+00	-1.833305e-01	-3.756312e+00	-1.202124e+00	9.955755e-01	8.843896e-02	-4.526979e-03	6.945680e+00
101	2.465614e+00	3.013745e-02	2.475645e+00	4.309835e+00	3.730099e+00	-9.044410e-02	3.725399e+00	-1.037308e+00	9.999828e-01	8.833210e-02	-9.182175e-02	6.947796e+00
102	-8.224572e-01	4.791536e-02	-8.095740e-01	3.433956e+00	-3.288072e+00	1.777791e-02	-3.285219e+00	-8.758797e-01	9.996839e-01	8.833371e-02	2.254555e-01	6.946081e+00
103	2.954710e+00	1.690757e-01	2.964550e+00	4.899676e+00	3.777168e+00	1.211603e-01	3.774124e+00	1.465721e+00	9.969175e-01	8.824498e-02	1.753275e-01	6.944473e+00
104	-1.479673e+00	0.000000e+00	-1.462313e+00	4.141394e+00	-4.434384e+00	-1.690757e-01	-4.426863e+00	-7.582826e-01	9.952140e-01	8.818002e-02	-5.641747e-02	6.935637e+00
105	2.090798e+00	0.000000e+00	2.101462e+00	2.480945e+00	3.570471e+00	0.000000e+00	3.563775e+00	-1.660448e+00	9.976041e-01	8.818002e-02	1.000000e+00	7.000000e+00
106	-5.986185e-01	0.000000e+00	-5.880713e-01	1.538039e+00	-2.689416e+00	0.000000e+00	-2.689534e+00	-9.429059e-01	9.994196e-01	8.818002e-02	1.000000e+00	7.000000e+00
107	-3.103244e+00	0.000000e+00	-3.093419e+00	1.184485e+00	-2.504625e+00	0.000000e+00	-2.505348e+00	-3.535541e-01	1.000045e+00	8.818002e-02	1.000000e+00	7.000000e+00
108	2.947796e+00	0.000000e+00	2.948741e+00	0.000000e+00	6.051040e+00	0.000000e+00	6.042160e+00	-1.184485e+00	9.986826e-01	8.818002e-02	1.000000e+00	7.000000e+00
109	-1.896930e+00	0.000000e+00	-1.878002e+00	0.000000e+00	-4.844726e+00	0.000000e+00	-4.826743e+00	0.000000e+00	9.965864e-01	8.818002e-02	1.000000e+00	7.000000e+00
110	5.302313e-01	0.000000e+00	5.453678e-01	0.000000e+00	2.427162e+00	0.000000e+00	2.423370e+00	0.000000e+00	9.978994e-01	8.818002e-02	1.000000e+00	7.000000e+00
111	4.524156e-01	0.000000e+00	4.527787e-01	7.915448e-01	-7.781570e-02	0.000000e+00	-9.258913e-02	7.915448e-01	9.984499e-01	8.818002e-02	1.000000e+00	7.000000e+00
112	-1.946019e+00	0.000000e+00	-1.936648e+00	0.000000e+00	-2.398434e+00	0.000000e+00	-2.389427e+00	-7.915448e-01	9.968953e-01	8.818002e-02	1.000000e+00	7.000000e+00
113	1.035356e+00	0.000000e+00	1.048290e+00	8.452937e-01	2.981375e+00	0.000000e+00	2.984939e+00	8.452937e-01	1.000230e+00	8.818002e-02	1.000000e+00	7.000000e+00
114	-1.105223e+00	0.000000e+00	-1.096811e+00	0.000000e+00	-2.140579e+00	0.000000e+00	-2.145101e+00	-8.452937e-01	1.001475e+00	8.818002e-02	1.000000e+00	7.000000e+00
115	1.429395e+00	0.000000e+00	1.444070e+00	0.000000e+00	2.534618e+00	0.000000e+00	2.540882e+00	0.000000e+00	1.002197e+00	8.818002e-02	1.000000e+00	7.000000e+00
116	6.930786e-01	0.000000e+00	6.960122e-01	0.000000e+00	-7.363159e-01	0.000000e+00	-7.480580e-01	0.000000e+00	1.004983e+00	8.818002e-02	1.000000e+00	7.000000e+00
117	-3.735887e-01	0.000000e+00	-3.694106e-01	0.000000e+00	-1.066667e+00	0.000000e+00	-1.065423e+00	0.000000e+00	1.002864e+00	8.818002e-02	1.000000e+00	7.000000e+00
118	-2.795991e+00	0.000000e+00	-2.786513e+00	2.419768e-01	-2.422403e+00	0.000000e+00	-2.417102e+00	2.419768e-01	9.992845e-01	8.818002e-02	1.000000e+00	7.000000e+00
119	-2.968714e+00	0.000000e+00	-2.968002e+00	2.031308e+00	-1.727224e-01	0.000000e+00	-1.814895e-01	1.789331e+00	1.000003e+00	8.818002e-02	1.000000e+00	7.000000e+00
120	-2.533801e+00	0.000000e+00	-2.535497e+00	4.516043e-01	4.349128e-01	0.000000e+00	4.325050e-01	-1.579703e+00	9.995485e-01	8.818002e-02	1.000000e+00	7.000000e+00
121	-2.300046e+00	0.000000e+00	-2.300966e+00	1.990015e-01	2.337551e-01	0.000000e+00	2.345315e-01	-2.526028e-01	9.996438e-01	8.818002e-02	1.000000e+00	7.000000e+00
122	-2.288640e+00	0.000000e+00	-2.288688e+00	1.175167e+00	1.140614e-02	0.000000e+00	1.227773e-02	9.761650e-01	9.996486e-01	8.818002e-02	1.000000e+00	7.000000e+00
123	-2.703080e+00	0.000000e+00	-2.701461e+00	1.016509e+00	-4.144401e-01	0.000000e+00	-4.127733e-01	-1.586574e-01	9.993728e-01	8.818002e-02	1.000000e+00	7.000000e+00
124	-2.551226e+00	0.000000e+00	-2.551813e+00	5.575829e-01	1.518534e-01	0.000000e+00	1.496478e-01	-4.589262e-01	9.992223e-01	8.818002e-02	1.000000e+00	7.000000e+00
125	-2.365055e+00	0.000000e+00	-2.365785e+00	6.095498e-02	1.861712e-01	0.000000e+00	1.860286e-01	-4.966279e-01	9.992225e-01	8.818002e-02	1.000000e+00	7.000000e+00
126	-2.251492e+00	0.000000e+00	-2.251939e+00	0.000000e+00	1.135630e-01	0.000000e+00	1.138460e-01	-6.095498e-02	9.992424e-01	8.818002e-02	1.000000e+00	7.000000e+00
127	2.766291e+00	0.000000e+00	2.771232e+00	0.000000e+00	5.017784e+00	0.000000e+00	5.023171e+00	0.000000e+00	1.000854e+00	8.818002e-02	1.000000e+00	7.000000e+00
128	-1.056105e+00	0.000000e+00	-1.041154e+00	3.527284e-01	-3.822396e+00	0.000000e+00	-3.812387e+00	3.527284e-01	9.979523e-01	8.818002e-02	1.000000e+00	7.000000e+00
129	2.980599e+00	0.000000e+00	2.989433e+00	0.000000e+00	4.036704e+00	0.000000e+00	4.030587e+00	-3.527284e-01	9.984028e-01	8.818002e-02	1.000000e+00	7.000000e+00
130	-1.700730e+00	0.000000e+00	-1.682409e+00	0.000000e+00	-4.681329e+00	0.000000e+00	-4.671842e+00	0.000000e+00	9.980290e-01	8.818002e-02	1.000000e+00	7.000000e+00
131	1.386689e+00	0.000000e+00	1.399244e+00	0.000000e+00	3.087419e+00	0.000000e+00	3.081653e+00	0.000000e+00	9.981102e-01	8.818002e-02	1.000000e+00	7.000000e+00
132	-5.666014e-03	0.000000e+00	-1.780834e-04	0.000000e+00	-1.392355e+00	0.000000e+00	-1.399422e+00	0.000000e+00	1.001367e+00	8.818002e-02	1.000000e+00	7.000000e+00
133	-1.838379e+00	0.000000e+00	-1.831199e+00	0.000000e+00	-1.832713e+00	0.000000e+00	-1.831021e+00	0.000000e+00	1.000003e+00	8.818002e-02	1.000000e+00	7.000000e+00
134	2.126927e+00	0.000000e+00	2.136009e+00	0.000000e+00	3.965306e+00	0.000000e+00	3.967208e+00	0.000000e+00	1.000405e+00	8.818002e-02	1.000000e+00	7.000000e+00
135	-3.624221e-01	0.000000e+00	-3.526626e-01	0.000000e+00	-2.489349e+00	0.000000e+00	-2.488672e+00	0.000000e+00	9.999187e-01	8.818002e-02	1.000000e+00	7.000000e+00
136	-2.503075e+00	0.000000e+00	-2.494675e+00	0.000000e+00	-2.140653e+00	0.000000e+00	-2.142013e+00	0.000000e+00	1.000392e+00	8.818002e-02	1.000000e+00	7.000000e+00
137	2.002409e+00	0.000000e+00	2.009386e+00	0.000000e+00	4.505484e+00	0.000000e+00	4.504061e+00	0.000000e+00	9.997799e-01	8.818002e-02	1.000000e+00	7.000000e+00
138	-3.089575e-01	0.000000e+00	-2.999015e-01	0.000000e+00	-2.311367e+00	0.000000e+00	-2.309287e+00	0.000000e+00	9.993103e-01	8.818002e-02	1.000000e+00	7.000000e+00
139	2.420730e+00	0.000000e+00	2.434646e+00	0.000000e+00	2.729687e+00	0.000000e+00	2.734547e+00	0.000000e+00	1.001160e+00	8.818002e-02	1.000000e+00	7.000000e+00
140	-6.451752e-02	0.000000e+00	-5.475516e-02	0.000000e+00	-2.485247e+00	0.000000e+00	-2.489401e+00	0.000000e+00	1.001527e+00	8.818002e-02	1.000000e+00	7.000000e+00
141	2.854655e+00	0.000000e+00	2.867834e+00	7.081007e-01	2.919173e+00	0.000000e+00	2.922589e+00	7.081007e-01	1.001253e+00	8.818002e-02	1.000000e+00	7.000000e+00
142	-1.423235e+00	0.000000e+00	-1.406473e+00	0.000000e+00	-4.277890e+00	0.000000e+00	-4.274307e+00	-7.081007e-01	9.994625e-01	8.818002e-02	1.000000e+00	7.000000e+00
143	1.235017e+00	0.000000e+00	1.249243e+00	0.000000e+00	2.658252e+00	0.000000e+00	2.655716e+00	0.000000e+00	9.991539e-01	8.818002e-02	1.000000e+00	7.000000e+00
144	-1.548199e-02	0.000000e+00	-1.054166e-02	5.001935e-01	-1.250499e+00	0.000000e+00	-1.259784e+00	5.001935e-01	1.002602e+00	8.818002e-02	1.000000e+00	7.000000e+00
145	-2.632305e+00	0.000000e+00	-2.622063e+00	0.000000e+00	-2.616823e+00	0.000000e+00	-2.611522e+00	-5.001935e-01	9.991994e-01	8.818002e-02	1.000000e+00	7.000000e+00
146	1.975749e+00	0.000000e+00	1.982333e+00	0.000000e+00	4.608054e+00	0.000000e+00	4.604396e+00	0.000000e+00	9.992053e-01	8.818002e-02	1.000000e+00	7.000000e+00
147	-2.449722e-01	0.000000e+00	-2.362718e-01	0.000000e+00	-2.220722e+00	0.000000e+00	-2.218605e+00	0.000000e+00	9.990981e-01	8.818002e-02	1.000000e+00	7.000000e+00
148	-2.382377e+00	0.000000e+00	-2.373994e+00	0.000000e+00	-2.137405e+00	0.000000e+00	-2.137722e+00	0.000000e+00	9.997921e-01	8.818002e-02	1.000000e+00	7.000000e+00
149	2.124255e+00	0.000000e+00	2.131227e+00	0.000000e+00	4.506632e+00	0.000000e+00	4.505221e+00	0.000000e+00	9.997012e-01	8.818002e-02	1.000000e+00	7.000000e+00
150	-3.553973e-01	0.000000e+00	-3.456839e-01	0.000000e+00	-2.479652e+00	0.000000e+00	-2.476911e+00	0.000000e+00	9.991230e-01	8.818002e-02	1.000000e+00	7.000000e+00
151	-2.742752e+00	0.000000e+00	-2.733388e+00	0.000000e+00	-2.387354e+00	0.000000e+00	-2.387704e+00	0.000000e+00	9.998428e-01	8.818002e-02	1.000000e+00	7.000000e+00
152	2.325031e+00	0.000000e+00	2.329815e+00	0.000000e+00	5.067783e+00	0.000000e+00	5.063204e+00	0.000000e+00	9.991849e-01	8.818002e-02	1.000000e+00	7.000000e+00
153	-2.496751e-01	0.000000e+00	-2.395989e-01	0.000000e+00	-2.574706e+00	0.000000e+00	-2.569414e+00	0.000000e+00	9.982798e-01	8.818002e-02	1.000000e+00	7.000000e+00
154	-2.661946e+00	0.000000e+00	-2.652484e+00	9.539631e-01	-2.412271e+00	0.000000e+00	-2.412885e+00	9.539631e-01	9.996759e-01	8.818002e-02	1.000000e+00	7.000000e+00
155	-3.034537e+00	0.000000e+00	-3.033045e+00	0.000000e+00	-3.725913e-01	0.000000e+00	-3.805612e-01	-9.539631e-01	1.001015e+00	8.818002e-02	1.000000e+00	7.000000e+00
156	2.876474e+00	0.000000e+00	2.877934e+00	0.000000e+00	5.911012e+00	0.000000e+00	5.910979e+00	0.000000e+00	1.000098e+00	8.818002e-02	1.000000e+00	7.000000e+00
157	2.228211e-01	0.000000e+00	2.331926e-01	3.411549e-01	-2.653653e+00	0.000000e+00	-2.644741e+00	3.411549e-01	9.975407e-01	8.818002e-02	1.000000e+00	7.000000e+00
158	-2.871230e+00	0.000000e+00	-2.859104e+00	0.000000e+00	-3.094052e+00	0.000000e+00	-3.092296e+00	-3.411549e-01	9.990275e-01	8.818002e-02	1.000000e+00	7.000000e+00
159	2.172037e+00	0.000000e+00	2.176928e+00	4.914175e-01	5.043267e+00	0.000000e+00	5.036031e+00	4.914175e-01	9.986204e-01	8.818002e-02	1.000000e+00	7.000000e+00
160	-9.414432e-01	0.000000e+00	-9.292621e-01	0.000000e+00	-3.113480e+00	0.000000e+00	-3.106190e+00	-4.914175e-01	9.978628e-01	8.818002e-02	1.000000e+00	7.000000e+00
161	2.548939e+00	0.000000e+00	2.559896e+00	0.000000e+00	3.490382e+00	0.000000e+00	3.489158e+00	0.000000e+00	9.993206e-01	8.818002e-02	1.000000e+00	7.000000e+00
162	-8.931966e-01	0.000000e+00	-8.797079e-01	0.000000e+00	-3.442136e+00	0.000000e+00	-3.439604e+00	0.000000e+00	9.992750e-01	8.818002e-02	1.000000e+00	7.000000e+00
163	2.248901e+00	0.000000e+00	2.261224e+00	0.000000e+00	3.142098e+00	0.000000e+00	3.140931e+00	0.000000e+00	9.995546e-01	8.818002e-02	1.000000e+00	7.000000e+00
164	-5.788469e-01	0.000000e+00	-5.677529e-01	0.000000e+00	-2.827748e+00	0.000000e+00	-2.828976e+00	0.000000e+00	1.000223e+00	8.818002e-02	1.000000e+00	7.000000e+00
165	2.821583e+00	0.000000e+00	2.832887e+00	0.000000e+00	3.400430e+00	0.000000e+00	3.400640e+00	0.000000e+00	1.000092e+00	8.818002e-02	1.000000e+00	7.000000e+00
166	-1.402782e+00	0.000000e+00	-1.386237e+00	0.000000e+00	-4.224365e+00	0.000000e+00	-4.219124e+00	0.000000e+00	9.989535e-01	8.818002e-02	1.000000e+00	7.000000e+00
167	1.826990e+00	0.000000e+00	1.838982e+00	0.000000e+00	3.229772e+00	0.000000e+00	3.225218e+00	0.000000e+00	9.986638e-01	8.818002e-02	1.000000e+00	7.000000e+00
168	-3.967586e-01	0.000000e+00	-3.880252e-01	0.000000e+00	-2.223748e+00	0.000000e+00	-2.227007e+00	0.000000e+00	1.000559e+00	8.818002e-02	1.000000e+00	7.000000e+00
169	-2.905243e+00	0.000000e+00	-2.895410e+00	0.000000e+00	-2.508484e+00	0.000000e+00	-2.507385e+00	0.000000e+00	9.998400e-01	8.818002e-02	1.000000e+00	7.000000e+00
170	2.898400e+00	0.000000e+00	2.900312e+00	1.563115e+00	5.803643e+00	0.000000e+00	5.795722e+00	1.563115e+00	9.987595e-01	8.818002e-02	1.000000e+00	7.000000e+00
171	-7.984850e-01	0.000000e+00	-7.840366e-01	0.000000e+00	-3.696885e+00	0.000000e+00	-3.684348e+00	-1.563115e+00	9.969772e-01	8.818002e-02	1.000000e+00	7.000000e+00
172	2.716383e+00	4.026735e-03	2.727253e+00	2.168126e-01	3.514868e+00	4.026735e-03	3.511290e+00	2.168126e-01	9.985338e-01	8.818181e-02	2.262438e-01	6.999114e+00
173	-1.397028e+00	0.000000e+00	-1.380917e+00	0.000000e+00	-4.113411e+00	-4.026735e-03	-4.108170e+00	-2.168126e-01	9.986238e-01	8.818190e-02	7.299135e-02	6.998964e+00
174	2.570259e+00	0.000000e+00	2.579368e+00	3.373096e-01	3.967287e+00	0.000000e+00	3.960286e+00	3.373096e-01	9.982963e-01	8.818190e-02	1.000000e+00	7.000000e+00
175	-1.279022e+00	0.000000e+00	-1.263950e+00	0.000000e+00	-3.849280e+00	0.000000e+00	-3.843318e+00	-3.373096e-01	9.984258e-01	8.818190e-02	1.000000e+00	7.000000e+00
176	2.759230e+00	0.000000e+00	2.768058e+00	0.000000e+00	4.038251e+00	0.000000e+00	4.032007e+00	0.000000e+00	9.984496e-01	8.818190e-02	1.000000e+00	7.000000e+00
177	-1.117839e+00	0.000000e+00	-1.102660e+00	0.000000e+00	-3.877069e+00	0.000000e+00	-3.870717e+00	0.000000e+00	9.983760e-01	8.818190e-02	1.000000e+00	7.000000e+00
178	2.795891e+00	0.000000e+00	2.805206e+00	5.642187e-01	3.913730e+00	0.000000e+00	3.907866e+00	5.642187e-01	9.984816e-01	8.818190e-02	1.000000e+00	7.000000e+00
179	-1.125156e+00	0.000000e+00	-1.109803e+00	0.000000e+00	-3.921046e+00	0.000000e+00	-3.915008e+00	-5.642187e-01	9.984635e-01	8.818190e-02	1.000000e+00	7.000000e+00
180	1.554150e+00	0.000000e+00	1.568288e+00	0.000000e+00	2.679306e+00	0.000000e+00	2.678091e+00	0.000000e+00	9.992681e-01	8.818190e-02	1.000000e+00	7.000000e+00
181	-5.255187e-01	0.000000e+00	-5.173397e-01	0.000000e+00	-2.079669e+00	0.000000e+00	-2.085628e+00	0.000000e+00	1.001605e+00	8.818190e-02	1.000000e+00	7.000000e+00
182	1.922571e+00	0.000000e+00	1.937584e+00	0.000000e+00	2.448090e+00	0.000000e+00	2.454924e+00	0.000000e+00	1.002450e+00	8.818190e-02	1.000000e+00	7.000000e+00
183	-2.178350e-01	0.000000e+00	-2.094154e-01	5.131253e-01	-2.140406e+00	0.000000e+00	-2.146999e+00	5.131253e-01	1.002867e+00	8.818190e-02	1.000000e+00	7.000000e+00
184	-2.830411e+00	0.000000e+00	-2.820173e+00	0.000000e+00	-2.612576e+00	0.000000e+00	-2.610758e+00	-5.131253e-01	1.000249e+00	8.818190e-02	1.000000e+00	7.000000e+00
185	-3.012918e+00	0.000000e+00	-3.012165e+00	0.000000e+00	-1.825064e-01	0.000000e+00	-1.919918e-01	0.000000e+00	1.001054e+00	8.818190e-02	1.000000e+00	7.000000e+00
186	-2.309825e+00	0.000000e+00	-2.312568e+00	0.000000e+00	7.030933e-01	0.000000e+00	6.995969e-01	0.000000e+00	9.999193e-01	8.818190e-02	1.000000e+00	7.000000e+00
187	-2.474215e+00	0.000000e+00	-2.473583e+00	0.000000e+00	-1.643902e-01	0.000000e+00	-1.610153e-01	0.000000e+00	9.996603e-01	8.818190e-02	1.000000e+00	7.000000e+00
188	-2.590530e+00	0.000000e+00	-2.590073e+00	0.000000e+00	-1.163154e-01	0.000000e+00	-1.164900e-01	0.000000e+00	9.996721e-01	8.818190e-02	1.000000e+00	7.000000e+00
189	-2.469912e+00	0.000000e+00	-2.470382e+00	0.000000e+00	1.206180e-01	0.000000e+00	1.196918e-01	0.000000e+00	9.996216e-01	8.818190e-02	1.000000e+00	7.000000e+00
190	-2.546137e+00	0.000000e+00	-2.545841e+00	2.455806e-01	-7.622440e-02	0.000000e+00	-7.545911e-02	2.455806e-01	9.995950e-01	8.818190e-02	1.000000e+00	7.000000e+00
191	-2.312642e+00	0.000000e+00	-2.313553e+00	0.000000e+00	2.334945e-01	0.000000e+00	2.322876e-01	-2.455806e-01	9.994749e-01	8.818190e-02	1.000000e+00	7.000000e+00
192	-2.636731e+00	0.000000e+00	-2.635469e+00	0.000000e+00	-3.240893e-01	0.000000e+00	-3.219160e-01	0.000000e+00	9.991820e-01	8.818190e-02	1.000000e+00	7.000000e+00
193	-2.520983e+00	0.000000e+00	-2.521430e+00	0.000000e+00	1.157485e-01	0.000000e+00	1.140389e-01	0.000000e+00	9.990938e-01	8.818190e-02	1.000000e+00	7.000000e+00
194	-2.510386e+00	0.000000e+00	-2.510429e+00	8.279126e-01	1.059697e-02	0.000000e+00	1.100104e-02	8.279126e-01	9.990958e-01	8.818190e-02	1.000000e+00	7.000000e+00
195	-2.328298e+00	0.000000e+00	-2.329009e+00	0.000000e+00	1.820883e-01	0.000000e+00	1.814200e-01	-8.279126e-01	9.990530e-01	8.818190e-02	1.000000e+00	7.000000e+00
196	-2.459823e+00	0.000000e+00	-2.459312e+00	2.235570e-01	-1.315255e-01	0.000000e+00	-1.303031e-01	2.235570e-01	9.989850e-01	8.818190e-02	1.000000e+00	7.000000e+00
197	-2.316135e+00	0.000000e+00	-2.316694e+00	0.000000e+00	1.436884e-01	0.000000e+00	1.426181e-01	-2.235570e-01	9.989225e-01	8.818190e-02	1.000000e+00	7.000000e+00
198	-2.451729e+00	0.000000e+00	-2.451202e+00	1.144418e-01	-1.355946e-01	0.000000e+00	-1.345078e-01	1.144418e-01	9.988625e-01	8.818190e-02	1.000000e+00	7.000000e+00
199	-2.317736e+00	0.000000e+00	-2.318257e+00	0.000000e+00	1.339936e-01	0.000000e+00	1.329447e-01	-1.144418e-01	9.988060e-01	8.818190e-02	1.000000e+00	7.000000e+00
200	-2.430248e+00	0.000000e+00	-2.429811e+00	0.000000e+00	-1.125126e-01	0.000000e+00	-1.115538e-01	0.000000e+00	9.987622e-01	8.818190e-02	1.000000e+00	7.000000e+00
201	-2.312803e+00	0.000000e+00	-2.313260e+00	0.000000e+00	1.174458e-01	0.000000e+00	1.165513e-01	0.000000e+00	9.987207e-01	8.818190e-02	1.000000e+00	7.000000e+00
202	-2.450906e+00	0.000000e+00	-2.450368e+00	4.977213e-01	-1.381034e-01	0.000000e+00	-1.371086e-01	4.977213e-01	9.986675e-01	8.818190e-02	1.000000e+00	7.000000e+00
203	-2.313777e+00	0.000000e+00	-2.314311e+00	0.000000e+00	1.371287e-01	0.000000e+00	1.360575e-01	-4.977213e-01	9.986102e-01	8.818190e-02	1.000000e+00	7.000000e+00
204	-2.395381e+00	0.000000e+00	-2.395064e+00	0.000000e+00	-8.160343e-02	0.000000e+00	-8.075319e-02	0.000000e+00	9.985817e-01	8.818190e-02	1.000000e+00	7.000000e+00
205	-2.324401e+00	0.000000e+00	-2.324678e+00	2.482640e-01	7.097931e-02	0.000000e+00	7.038660e-02	2.482640e-01	9.985652e-01	8.818190e-02	1.000000e+00	7.000000e+00
206	-2.272875e+00	0.000000e+00	-2.273077e+00	0.000000e+00	5.152637e-02	0.000000e+00	5.160005e-02	-2.482640e-01	9.985688e-01	8.818190e-02	1.000000e+00	7.000000e+00
207	-2.463635e+00	0.000000e+00	-2.462891e+00	1.132442e+00	-1.907602e-01	0.000000e+00	-1.898135e-01	1.132442e+00	9.985088e-01	8.818190e-02	1.000000e+00	7.000000e+00
208	-2.314409e+00	0.000000e+00	-2.314989e+00	0.000000e+00	1.492268e-01	0.000000e+00	1.479025e-01	-1.132442e+00	9.984316e-01	8.818190e-02	1.000000e+00	7.000000e+00
209	-2.262560e+00	0.000000e+00	-2.262765e+00	0.000000e+00	5.184813e-02	0.000000e+00	5.222335e-02	0.000000e+00	9.984428e-01	8.818190e-02	1.000000e+00	7.000000e+00
210	-2.316989e+00	0.000000e+00	-2.316778e+00	3.172788e-01	-5.442896e-02	0.000000e+00	-5.401235e-02	3.172788e-01	9.984342e-01	8.818190e-02	1.000000e+00	7.000000e+00
211	-2.297582e+00	0.000000e+00	-2.297657e+00	6.093400e-01	1.940702e-02	0.000000e+00	1.912023e-02	2.920612e-01	9.984319e-01	8.818190e-02	1.000000e+00	7.000000e+00
212	-2.278525e+00	0.000000e+00	-2.278600e+00	0.000000e+00	1.905755e-02	0.000000e+00	1.905779e-02	-6.093400e-01	9.984321e-01	8.818190e-02	1.000000e+00	7.000000e+00
213	-2.302750e+00	0.000000e+00	-2.302655e+00	0.000000e+00	-2.422479e-02	0.000000e+00	-2.405572e-02	0.000000e+00	9.984306e-01	8.818190e-02	1.000000e+00	7.000000e+00
214	-2.268432e+00	0.000000e+00	-2.268566e+00	2.992956e-01	3.431716e-02	0.000000e+00	3.408914e-02	2.992956e-01	9.984278e-01	8.818190e-02	1.000000e+00	7.000000e+00
215	-2.278609e+00	0.000000e+00	-2.278570e+00	0.000000e+00	-1.017650e-02	0.000000e+00	-1.000358e-02	-2.992956e-01	9.984270e-01	8.818190e-02	1.000000e+00	7.000000e+00
216	-2.309311e+00	0.000000e+00	-2.309191e+00	0.000000e+00	-3.070213e-02	0.000000e+00	-3.062127e-02	0.000000e+00	9.984266e-01	8.818190e-02	1.000000e+00	7.000000e+00
217	-2.268636e+00	0.000000e+00	-2.268795e+00	0.000000e+00	4.067494e-02	0.000000e+00	4.039643e-02	0.000000e+00	9.984224e-01	8.818190e-02	1.000000e+00	7.000000e+00
218	-2.323335e+00	0.000000e+00	-2.323122e+00	0.000000e+00	-5.469939e-02	0.000000e+00	-5.432792e-02	0.000000e+00	9.984150e-01	8.818190e-02	1.000000e+00	7.000000e+00
219	-2.307623e+00	0.000000e+00	-2.307684e+00	0.000000e+00	1.571248e-02	0.000000e+00	1.543889e-02	0.000000e+00	9.984132e-01	8.818190e-02	1.000000e+00	7.000000e+00
220	-2.294887e+00	0.000000e+00	-2.294937e+00	0.000000e+00	1.273551e-02	0.000000e+00	1.274607e-02	0.000000e+00	9.984134e-01	8.818190e-02	1.000000e+00	7.000000e+00
221	-2.302491e+00	0.000000e+00	-2.302461e+00	0.000000e+00	-7.603486e-03	0.000000e+00	-7.523995e-03	0.000000e+00	9.984131e-01	8.818190e-02	1.000000e+00	7.000000e+00
222	-2.302820e+00	0.000000e+00	-2.302819e+00	0.000000e+00	-3.291503e-04	0.000000e+00	-3.572551e-04	0.000000e+00	9.984131e-01	8.818190e-02	1.000000e+00	7.000000e+00
223	-2.300817e+00	0.000000e+00	-2.300825e+00	0.000000e+00	2.002759e-03	0.000000e+00	1.993540e-03	0.000000e+00	9.984131e-01	8.818190e-02	1.000000e+00	7.000000e+00
224	-2.301370e+00	0.000000e+00	-2.301368e+00	0.000000e+00	-5.523268e-04	0.000000e+00	-5.423820e-04	0.000000e+00	9.984131e-01	8.818190e-02	1.000000e+00	7.000000e+00
225	-2.301594e+00	0.000000e+00	-2.301593e+00	0.000000e+00	-2.238050e-04	0.000000e+00	-2.250494e-04	0.000000e+00	9.984131e-01	8.818190e-02	1.000000e+00	7.000000e+00
226	-2.301317e+00	0.000000e+00	-2.301318e+00	7.431638e-01	2.760901e-04	0.000000e+00	2.741325e-04	7.431638e-01	9.984131e-01	8.818190e-02	1.000000e+00	7.000000e+00
227	-2.286701e+00	0.000000e+00	-2.286758e+00	0.000000e+00	1.461663e-02	0.000000e+00	1.456060e-02	-7.431638e-01	9.984129e-01	8.818190e-02	1.000000e+00	7.000000e+00
228	-2.300858e+00	0.000000e+00	-2.300803e+00	0.000000e+00	-1.415746e-02	0.000000e+00	-1.404528e-02	0.000000e+00	9.984123e-01	8.818190e-02	1.000000e+00	7.000000e+00
229	-2.302777e+00	0.000000e+00	-2.302769e+00	0.000000e+00	-1.918360e-03	0.000000e+00	-1.965730e-03	0.000000e+00	9.984123e-01	8.818190e-02	1.000000e+00	7.000000e+00
230	-2.298593e+00	0.000000e+00	-2.298610e+00	0.000000e+00	4.183354e-03	0.000000e+00	4.159334e-03	0.000000e+00	9.984123e-01	8.818190e-02	1.000000e+00	7.000000e+00
231	-2.299500e+00	0.000000e+00	-2.299497e+00	0.000000e+00	-9.068835e-04	0.000000e+00	-8.870936e-04	0.000000e+00	9.984123e-01	8.818190e-02	1.000000e+00	7.000000e+00
232	-2.300077e+00	0.000000e+00	-2.300075e+00	0.000000e+00	-5.771914e-04	0.000000e+00	-5.784019e-04	0.000000e+00	9.984123e-01	8.818190e-02	1.000000e+00	7.000000e+00
233	-2.299413e+00	0.000000e+00	-2.299416e+00	0.000000e+00	6.641893e-04	0.000000e+00	6.593354e-04	0.000000e+00	9.984123e-01	8.818190e-02	1.000000e+00	7.000000e+00
234	-2.299975e+00	0.000000e+00	-2.299972e+00	0.000000e+00	-5.615176e-04	0.000000e+00	-5.567486e-04	0.000000e+00	9.984123e-01	8.818190e-02	1.000000e+00	7.000000e+00
235	-2.299406e+00	0.000000e+00	-2.299409e+00	0.000000e+00	5.683081e-04	0.000000e+00	5.639134e-04	0.000000e+00	9.984123e-01	8.818190e-02	1.000000e+00	7.000000e+00
236	-2.300060e+00	0.000000e+00	-2.300058e+00	1.365884e-01	-6.540433e-04	0.000000e+00	-6.492857e-04	1.365884e-01	9.984123e-01	8.818190e-02	1.000000e+00	7.000000e+00
237	-2.284528e+00	0.000000e+00	-2.284589e+00	1.953688e-01	1.553195e-02	0.000000e+00	1.546875e-02	5.878041e-02	9.984120e-01	8.818190e-02	1.000000e+00	7.000000e+00
238	-2.281712e+00	0.000000e+00	-2.281723e+00	8.608327e-02	2.816532e-03	0.000000e+00	2.865954e-03	-1.092855e-01	9.984121e-01	8.818190e-02	1.000000e+00	7.000000e+00
239	-2.284011e+00	0.000000e+00	-2.284002e+00	0.000000e+00	-2.298948e-03	0.000000e+00	-2.278772e-03	-8.608327e-02	9.984120e-01	8.818190e-02	1.000000e+00	7.000000e+00
240	-2.326583e+00	0.000000e+00	-2.326417e+00	0.000000e+00	-4.257228e-02	0.000000e+00	-4.241488e-02	0.000000e+00	9.984102e-01	8.818190e-02	1.000000e+00	7.000000e+00
241	-2.289135e+00	0.000000e+00	-2.289280e+00	1.397003e+00	3.744836e-02	0.000000e+00	3.713640e-02	1.397003e+00	9.984057e-01	8.818190e-02	1.000000e+00	7.000000e+00
242	-2.284618e+00	0.000000e+00	-2.284636e+00	5.499384e-01	4.516589e-03	0.000000e+00	4.644010e-03	-8.470645e-01	9.984060e-01	8.818190e-02	1.000000e+00	7.000000e+00
243	-2.287575e+00	0.000000e+00	-2.287563e+00	0.000000e+00	-2.956340e-03	0.000000e+00	-2.926651e-03	-5.499384e-01	9.984060e-01	8.818190e-02	1.000000e+00	7.000000e+00
244	-2.313377e+00	0.000000e+00	-2.313277e+00	0.000000e+00	-2.580283e-02	0.000000e+00	-2.571347e-02	0.000000e+00	9.984054e-01	8.818190e-02	1.000000e+00	7.000000e+00
245	-2.319325e+00	0.000000e+00	-2.319301e+00	0.000000e+00	-5.947662e-03	0.000000e+00	-6.024873e-03	0.000000e+00	9.984057e-01	8.818190e-02	1.000000e+00	7.000000e+00
246	-2.311300e+00	0.000000e+00	-2.311332e+00	0.000000e+00	8.024560e-03	0.000000e+00	7.969679e-03	0.000000e+00	9.984055e-01	8.818190e-02	1.000000e+00	7.000000e+00
247	-2.312318e+00	0.000000e+00	-2.312314e+00	0.000000e+00	-1.017214e-03	0.000000e+00	-9.821086e-04	0.000000e+00	9.984055e-01	8.818190e-02	1.000000e+00	7.000000e+00
248	-2.313774e+00	0.000000e+00	-2.313768e+00	0.000000e+00	-1.456020e-03	0.000000e+00	-1.454169e-03	0.000000e+00	9.984055e-01	8.818190e-02	1.000000e+00	7.000000e+00
249	-2.312049e+00	0.000000e+00	-2.312056e+00	0.000000e+00	1.724772e-03	0.000000e+00	1.712355e-03	0.000000e+00	9.984055e-01	8.818190e-02	1.000000e+00	7.000000e+00
250	-2.313531e+00	0.000000e+00	-2.313525e+00	4.752253e-01	-1.482164e-03	0.000000e+00	-1.469685e-03	4.752253e-01	9.984055e-01	8.818190e-02	1.000000e+00	7.000000e+00
251	-2.287142e+00	0.000000e+00	-2.287246e+00	0.000000e+00	2.638862e-02	0.000000e+00	2.627980e-02	-4.752253e-01	9.984046e-01	8.818190e-02	1.000000e+00	7.000000e+00
252	-2.331842e+00	0.000000e+00	-2.331668e+00	0.000000e+00	-4.469932e-02	0.000000e+00	-4.442205e-02	0.000000e+00	9.984003e-01	8.818190e-02	1.000000e+00	7.000000e+00
253	-2.296619e+00	0.000000e+00	-2.296756e+00	0.000000e+00	3.522251e-02	0.000000e+00	3.491139e-02	0.000000e+00	9.983960e-01	8.818190e-02	1.000000e+00	7.000000e+00
254	-2.330104e+00	0.000000e+00	-2.329974e+00	1.193095e+00	-3.348504e-02	0.000000e+00	-3.321786e-02	1.193095e+00	9.983926e-01	8.818190e-02	1.000000e+00	7.000000e+00
255	-2.294919e+00	0.000000e+00	-2.295056e+00	1.921842e-01	3.518497e-02	0.000000e+00	3.491777e-02	-1.000910e+00	9.983891e-01	8.818190e-02	1.000000e+00	7.000000e+00
256	-2.276455e+00	0.000000e+00	-2.276527e+00	3.038169e-01	1.846458e-02	0.000000e+00	1.852886e-02	1.116327e-01	9.983899e-01	8.818190e-02	1.000000e+00	7.000000e+00
257	-2.283564e+00	0.000000e+00	-2.283536e+00	3.014714e-01	-7.109170e-03	0.000000e+00	-7.009022e-03	-2.345481e-03	9.983896e-01	8.818190e-02	1.000000e+00	7.000000e+00
258	-2.289182e+00	0.000000e+00	-2.289160e+00	0.000000e+00	-5.618229e-03	0.000000e+00	-5.623662e-03	-3.014714e-01	9.983896e-01	8.818190e-02	1.000000e+00	7.000000e+00
259	-2.318035e+00	0.000000e+00	-2.317922e+00	0.000000e+00	-2.885302e-02	0.000000e+00	-2.876228e-02	0.000000e+00	9.983890e-01	8.818190e-02	1.000000e+00	7.000000e+00
260	-2.273573e+00	0.000000e+00	-2.273746e+00	7.692375e-01	4.446193e-02	0.000000e+00	4.417589e-02	7.692375e-01	9.983845e-01	8.818190e-02	1.000000e+00	7.000000e+00
261	-2.281695e+00	0.000000e+00	-2.281663e+00	1.980859e-01	-8.121303e-03	0.000000e+00	-7.917017e-03	-5.711516e-01	9.983838e-01	8.818190e-02	1.000000e+00	7.000000e+00
262	-2.288555e+00	0.000000e+00	-2.288528e+00	0.000000e+00	-6.860398e-03	0.000000e+00	-6.864526e-03	-1.980859e-01	9.983838e-01	8.818190e-02	1.000000e+00	7.000000e+00
263	-2.322883e+00	0.000000e+00	-2.322749e+00	0.000000e+00	-3.432791e-02	0.000000e+00	-3.422063e-02	0.000000e+00	9.983830e-01	8.818190e-02	1.000000e+00	7.000000e+00
264	-2.294058e+00	0.000000e+00	-2.294170e+00	0.000000e+00	2.882512e-02	0.000000e+00	2.857885e-02	0.000000e+00	9.983803e-01	8.818190e-02	1.000000e+00	7.000000e+00
265	-2.302550e+00	0.000000e+00	-2.302518e+00	0.000000e+00	-8.492555e-03	0.000000e+00	-8.347745e-03	0.000000e+00	9.983797e-01	8.818190e-02	1.000000e+00	7.000000e+00
266	-2.305020e+00	0.000000e+00	-2.305011e+00	0.000000e+00	-2.470203e-03	0.000000e+00	-2.493162e-03	0.000000e+00	9.983798e-01	8.818190e-02	1.000000e+00	7.000000e+00
267	-2.300920e+00	0.000000e+00	-2.300936e+00	0.000000e+00	4.100076e-03	0.000000e+00	4.074321e-03	0.000000e+00	9.983797e-01	8.818190e-02	1.000000e+00	7.000000e+00
268	-2.304775e+00	0.000000e+00	-2.304760e+00	0.000000e+00	-3.854481e-03	0.000000e+00	-3.823509e-03	0.000000e+00	9.983797e-01	8.818190e-02	1.000000e+00	7.000000e+00
269	-2.301008e+00	0.000000e+00	-2.301023e+00	0.000000e+00	3.766788e-03	0.000000e+00	3.737139e-03	0.000000e+00	9.983796e-01	8.818190e-02	1.000000e+00	7.000000e+00
270	-2.334832e+00	0.000000e+00	-2.334700e+00	0.000000e+00	-3.382403e-02	0.000000e+00	-3.367731e-02	0.000000e+00	9.983782e-01	8.818190e-02	1.000000e+00	7.000000e+00
271	-2.337662e+00	0.000000e+00	-2.337650e+00	0.000000e+00	-2.829558e-03	0.000000e+00	-2.950057e-03	0.000000e+00	9.983783e-01	8.818190e-02	1.000000e+00	7.000000e+00
272	-2.329221e+00	0.000000e+00	-2.329254e+00	6.849455e-01	8.440433e-03	0.000000e+00	8.395939e-03	6.849455e-01	9.983782e-01	8.818190e-02	1.000000e+00	7.000000e+00
273	-2.277782e+00	0.000000e+00	-2.277983e+00	0.000000e+00	5.143883e-02	0.000000e+00	5.127070e-02	-6.849455e-01	9.983761e-01	8.818190e-02	1.000000e+00	7.000000e+00
274	-2.317553e+00	0.000000e+00	-2.317398e+00	0.000000e+00	-3.977019e-02	0.000000e+00	-3.941456e-02	0.000000e+00	9.983706e-01	8.818190e-02	1.000000e+00	7.000000e+00
275	-2.324611e+00	0.000000e+00	-2.324583e+00	9.979509e-01	-7.058398e-03	0.000000e+00	-7.184789e-03	9.979509e-01	9.983711e-01	8.818190e-02	1.000000e+00	7.000000e+00
276	-2.277156e+00	0.000000e+00	-2.277342e+00	0.000000e+00	4.745456e-02	0.000000e+00	4.724112e-02	-9.979509e-01	9.983680e-01	8.818190e-02	1.000000e+00	7.000000e+00
277	-2.297635e+00	0.000000e+00	-2.297556e+00	3.320201e-01	-2.047881e-02	0.000000e+00	-2.021428e-02	3.320201e-01	9.983658e-01	8.818190e-02	1.000000e+00	7.000000e+00
278	-2.289473e+00	0.000000e+00	-2.289504e+00	0.000000e+00	8.162590e-03	0.000000e+00	8.051743e-03	-3.320201e-01	9.983654e-01	8.818190e-02	1.000000e+00	7.000000e+00
279	-2.286177e+00	0.000000e+00	-2.286190e+00	4.895573e-01	3.295219e-03	0.000000e+00	3.313799e-03	4.895573e-01	9.983654e-01	8.818190e-02	1.000000e+00	7.000000e+00
280	-2.284938e+00	0.000000e+00	-2.284943e+00	0.000000e+00	1.239719e-03	0.000000e+00	1.247821e-03	-4.895573e-01	9.983655e-01	8.818190e-02	1.000000e+00	7.000000e+00
281	-2.293885e+00	0.000000e+00	-2.293850e+00	0.000000e+00	-8.947304e-03	0.000000e+00	-8.907480e-03	0.000000e+00	9.983653e-01	8.818190e-02	1.000000e+00	7.000000e+00
282	-2.287000e+00	0.000000e+00	-2.287027e+00	0.000000e+00	6.885049e-03	0.000000e+00	6.823360e-03	0.000000e+00	9.983652e-01	8.818190e-02	1.000000e+00	7.000000e+00
283	-2.288982e+00	0.000000e+00	-2.288974e+00	0.000000e+00	-1.981958e-03	0.000000e+00	-1.947562e-03	0.000000e+00	9.983652e-01	8.818190e-02	1.000000e+00	7.000000e+00
284	-2.289289e+00	0.000000e+00	-2.289288e+00	0.000000e+00	-3.070490e-04	0.000000e+00	-3.134572e-04	0.000000e+00	9.983652e-01	8.818190e-02	1.000000e+00	7.000000e+00
285	-2.288473e+00	0.000000e+00	-2.288476e+00	1.612166e-01	8.159889e-04	0.000000e+00	8.115770e-04	1.612166e-01	9.983652e-01	8.818190e-02	1.000000e+00	7.000000e+00
286	-2.284897e+00	0.000000e+00	-2.284911e+00	6.250465e-01	3.575922e-03	0.000000e+00	3.565124e-03	4.638298e-01	9.983651e-01	8.818190e-02	1.000000e+00	7.000000e+00
287	-2.285317e+00	0.000000e+00	-2.285316e+00	0.000000e+00	-4.200961e-04	0.000000e+00	-4.045288e-04	-6.250465e-01	9.983651e-01	8.818190e-02	1.000000e+00	7.000000e+00
288	-2.294189e+00	0.000000e+00	-2.294154e+00	0.000000e+00	-8.871388e-03	0.000000e+00	-8.838314e-03	0.000000e+00	9.983651e-01	8.818190e-02	1.000000e+00	7.000000e+00
289	-2.289803e+00	0.000000e+00	-2.289820e+00	7.899835e-02	4.385388e-03	0.000000e+00	4.333733e-03	7.899835e-02	9.983650e-01	8.818190e-02	1.000000e+00	7.000000e+00
290	-2.283934e+00	0.000000e+00	-2.283957e+00	0.000000e+00	5.869488e-03	0.000000e+00	5.863489e-03	-7.899835e-02	9.983650e-01	8.818190e-02	1.000000e+00	7.000000e+00
291	-2.295069e+00	0.000000e+00	-2.295025e+00	4.595943e-02	-1.113504e-02	0.000000e+00	-1.106864e-02	4.595943e-02	9.983647e-01	8.818190e-02	1.000000e+00	7.000000e+00
292	-2.288948e+00	0.000000e+00	-2.288972e+00	0.000000e+00	6.120905e-03	0.000000e+00	6.053759e-03	-4.595943e-02	9.983646e-01	8.818190e-02	1.000000e+00	7.000000e+00
293	-2.284834e+00	0.000000e+00	-2.284850e+00	0.000000e+00	4.114062e-03	0.000000e+00	4.121638e-03	0.000000e+00	9.983646e-01	8.818190e-02	1.000000e+00	7.000000e+00
294	-2.291913e+00	0.000000e+00	-2.291885e+00	0.000000e+00	-7.079233e-03	0.000000e+00	-7.035479e-03	0.000000e+00	9.983645e-01	8.818190e-02	1.000000e+00	7.000000e+00
295	-2.280947e+00	0.000000e+00	-2.280989e+00	0.000000e+00	1.096624e-02	0.000000e+00	1.089592e-02	0.000000e+00	9.983642e-01	8.818190e-02	1.000000e+00	7.000000e+00
296	-2.297231e+00	0.000000e+00	-2.297167e+00	0.000000e+00	-1.628375e-02	0.000000e+00	-1.617758e-02	0.000000e+00	9.983636e-01	8.818190e-02	1.000000e+00	7.000000e+00
297	-2.272655e+00	0.000000e+00	-2.272751e+00	0.000000e+00	2.457524e-02	0.000000e+00	2.441604e-02	0.000000e+00	9.983622e-01	8.818190e-02	1.000000e+00	7.000000e+00
298	-2.306228e+00	0.000000e+00	-2.306097e+00	0.000000e+00	-3.357298e-02	0.000000e+00	-3.334646e-02	0.000000e+00	9.983595e-01	8.818190e-02	1.000000e+00	7.000000e+00
299	-2.261545e+00	0.000000e+00	-2.261719e+00	5.076031e-01	4.468322e-02	0.000000e+00	4.437842e-02	5.076031e-01	9.983546e-01	8.818190e-02	1.000000e+00	7.000000e+00
300	-2.279906e+00	0.000000e+00	-2.279835e+00	7.737402e-01	-1.836086e-02	0.000000e+00	-1.811578e-02	2.661370e-01	9.983527e-01	8.818190e-02	1.000000e+00	7.000000e+00
301	-2.294453e+00	0.000000e+00	-2.294396e+00	0.000000e+00	-1.454674e-02	0.000000e+00	-1.456068e-02	-7.737402e-01	9.983529e-01	8.818190e-02	1.000000e+00	7.000000e+00
302	-2.301709e+00	0.000000e+00	-2.301681e+00	0.000000e+00	-7.256723e-03	0.000000e+00	-7.285254e-03	0.000000e+00	9.983531e-01	8.818190e-02	1.000000e+00	7.000000e+00
303	-2.292798e+00	0.000000e+00	-2.292833e+00	0.000000e+00	8.911441e-03	0.000000e+00	8.848173e-03	0.000000e+00	9.983529e-01	8.818190e-02	1.000000e+00	7.000000e+00
304	-2.300157e+00	0.000000e+00	-2.300128e+00	0.000000e+00	-7.358728e-03	0.000000e+00	-7.295419e-03	0.000000e+00	9.983527e-01	8.818190e-02	1.000000e+00	7.000000e+00
305	-2.294496e+00	0.000000e+00	-2.294518e+00	0.000000e+00	5.660469e-03	0.000000e+00	5.609860e-03	0.000000e+00	9.983526e-01	8.818190e-02	1.000000e+00	7.000000e+00
306	-2.300763e+00	0.000000e+00	-2.300739e+00	5.011901e-01	-6.267257e-03	0.000000e+00	-6.220862e-03	5.011901e-01	9.983525e-01	8.818190e-02	1.000000e+00	7.000000e+00
307	-2.288518e+00	0.000000e+00	-2.288566e+00	0.000000e+00	1.224509e-02	0.000000e+00	1.217296e-02	-5.011901e-01	9.983522e-01	8.818190e-02	1.000000e+00	7.000000e+00
308	-2.303920e+00	0.000000e+00	-2.303860e+00	0.000000e+00	-1.540152e-02	0.000000e+00	-1.529380e-02	0.000000e+00	9.983516e-01	8.818190e-02	1.000000e+00	7.000000e+00
309	-2.291037e+00	0.000000e+00	-2.291087e+00	7.445087e-01	1.288253e-02	0.000000e+00	1.277247e-02	7.445087e-01	9.983510e-01	8.818190e-02	1.000000e+00	7.000000e+00
310	-2.285401e+00	0.000000e+00	-2.285423e+00	0.000000e+00	5.636467e-03	0.000000e+00	5.664342e-03	-7.445087e-01	9.983511e-01	8.818190e-02	1.000000e+00	7.000000e+00
311	-2.302021e+00	0.000000e+00	-2.301956e+00	0.000000e+00	-1.661970e-02	0.000000e+00	-1.653265e-02	0.000000e+00	9.983507e-01	8.818190e-02	1.000000e+00	7.000000e+00
312	-2.297549e+00	0.000000e+00	-2.297567e+00	6.721800e-01	4.471111e-03	0.000000e+00	4.389065e-03	6.721800e-01	9.983505e-01	8.818190e-02	1.000000e+00	7.000000e+00
313	-2.286743e+00	0.000000e+00	-2.286786e+00	0.000000e+00	1.080610e-02	0.000000e+00	1.078103e-02	-6.721800e-01	9.983505e-01	8.818190e-02	1.000000e+00	7.000000e+00
314	-2.297622e+00	0.000000e+00	-2.297580e+00	0.000000e+00	-1.087895e-02	0.000000e+00	-1.079434e-02	0.000000e+00	9.983501e-01	8.818190e-02	1.000000e+00	7.000000e+00
315	-2.300438e+00	0.000000e+00	-2.300427e+00	0.000000e+00	-2.815473e-03	0.000000e+00	-2.846641e-03	0.000000e+00	9.983502e-01	8.818190e-02	1.000000e+00	7.000000e+00
316	-2.297284e+00	0.000000e+00	-2.297296e+00	5.633315e-03	3.153885e-03	0.000000e+00	3.130446e-03	5.633315e-03	9.983501e-01	8.818190e-02	1.000000e+00	7.000000e+00
317	-2.285494e+00	0.000000e+00	-2.285540e+00	0.000000e+00	1.179008e-02	0.000000e+00	1.175625e-02	-5.633315e-03	9.983501e-01	8.818190e-02	1.000000e+00	7.000000e+00
318	-2.297717e+00	0.000000e+00	-2.297669e+00	1.957343e-01	-1.222270e-02	0.000000e+00	-1.212904e-02	1.957343e-01	9.983496e-01	8.818190e-02	1.000000e+00	7.000000e+00
319	-2.290694e+00	0.000000e+00	-2.290721e+00	0.000000e+00	7.022668e-03	0.000000e+00	6.947857e-03	-1.957343e-01	9.983494e-01	8.818190e-02	1.000000e+00	7.000000e+00
320	-2.292654e+00	0.000000e+00	-2.292646e+00	0.000000e+00	-1.959884e-03	0.000000e+00	-1.925088e-03	0.000000e+00	9.983494e-01	8.818190e-02	1.000000e+00	7.000000e+00
321	-2.291443e+00	0.000000e+00	-2.291448e+00	0.000000e+00	1.210605e-03	0.000000e+00	1.198356e-03	0.000000e+00	9.983494e-01	8.818190e-02	1.000000e+00	7.000000e+00
322	-2.292758e+00	0.000000e+00	-2.292752e+00	0.000000e+00	-1.314369e-03	0.000000e+00	-1.304554e-03	0.000000e+00	9.983494e-01	8.818190e-02	1.000000e+00	7.000000e+00
323	-2.297777e+00	0.000000e+00	-2.297757e+00	0.000000e+00	-5.019223e-03	0.000000e+00	-5.004713e-03	0.000000e+00	9.983494e-01	8.818190e-02	1.000000e+00	7.000000e+00
324	-2.296221e+00	0.000000e+00	-2.296227e+00	0.000000e+00	1.555850e-03	0.000000e+00	1.530223e-03	0.000000e+00	9.983494e-01	8.818190e-02	1.000000e+00	7.000000e+00
325	-2.295246e+00	0.000000e+00	-2.295249e+00	5.141858e-01	9.752359e-04	0.000000e+00	9.774038e-04	5.141858e-01	9.983494e-01	8.818190e-02	1.000000e+00	7.000000e+00
326	-2.287260e+00	0.000000e+00	-2.287291e+00	4.499825e-01	7.985976e-03	0.000000e+00	7.958599e-03	-6.420331e-02	9.983493e-01	8.818190e-02	1.000000e+00	7.000000e+00
327	-2.286766e+00	0.000000e+00	-2.286768e+00	0.000000e+00	4.933515e-04	0.000000e+00	5.225126e-04	-4.499825e-01	9.983493e-01	8.818190e-02	1.000000e+00	7.000000e+00
328	-2.297395e+00	0.000000e+00	-2.297354e+00	0.000000e+00	-1.062917e-02	0.000000e+00	-1.058561e-02	0.000000e+00	9.983492e-01	8.818190e-02	1.000000e+00	7.000000e+00
329	-2.285098e+00	0.000000e+00	-2.285146e+00	0.000000e+00	1.229738e-02	0.000000e+00	1.220799e-02	0.000000e+00	9.983488e-01	8.818190e-02	1.000000e+00	7.000000e+00
330	-2.298254e+00	0.000000e+00	-2.298203e+00	2.408560e-01	-1.315624e-02	0.000000e+00	-1.305716e-02	2.408560e-01	9.983483e-01	8.818190e-02	1.000000e+00	7.000000e+00
331	-2.290804e+00	0.000000e+00	-2.290833e+00	0.000000e+00	7.450659e-03	0.000000e+00	7.370551e-03	-2.408560e-01	9.983481e-01	8.818190e-02	1.000000e+00	7.000000e+00
332	-2.287819e+00	0.000000e+00	-2.287831e+00	0.000000e+00	2.984794e-03	0.000000e+00	3.001926e-03	0.000000e+00	9.983481e-01	8.818190e-02	1.000000e+00	7.000000e+00
333	-2.292784e+00	0.000000e+00	-2.292764e+00	0.000000e+00	-4.964942e-03	0.000000e+00	-4.933822e-03	0.000000e+00	9.983480e-01	8.818190e-02	1.000000e+00	7.000000e+00
334	-2.287705e+00	0.000000e+00	-2.287724e+00	0.000000e+00	5.079167e-03	0.000000e+00	5.040053e-03	0.000000e+00	9.983480e-01	8.818190e-02	1.000000e+00	7.000000e+00
335	-2.292309e+00	0.000000e+00	-2.292291e+00	0.000000e+00	-4.604021e-03	0.000000e+00	-4.566349e-03	0.000000e+00	9.983479e-01	8.818190e-02	1.000000e+00	7.000000e+00
336	-2.288888e+00	0.000000e+00	-2.288902e+00	0.000000e+00	3.420397e-03	0.000000e+00	3.389198e-03	0.000000e+00	9.983478e-01	8.818190e-02	1.000000e+00	7.000000e+00
337	-2.291232e+00	0.000000e+00	-2.291223e+00	0.000000e+00	-2.343685e-03	0.000000e+00	-2.321291e-03	0.000000e+00	9.983478e-01	8.818190e-02	1.000000e+00	7.000000e+00
338	-2.288358e+00	0.000000e+00	-2.288369e+00	0.000000e+00	2.873679e-03	0.000000e+00	2.853386e-03	0.000000e+00	9.983478e-01	8.818190e-02	1.000000e+00	7.000000e+00
339	-2.292260e+00	0.000000e+00	-2.292245e+00	0.000000e+00	-3.902123e-03	0.000000e+00	-3.875734e-03	0.000000e+00	9.983478e-01	8.818190e-02	1.000000e+00	7.000000e+00
340	-2.292759e+00	0.000000e+00	-2.292757e+00	0.000000e+00	-4.985642e-04	0.000000e+00	-5.117563e-04	0.000000e+00	9.983478e-01	8.818190e-02	1.000000e+00	7.000000e+00
341	-2.291762e+00	0.000000e+00	-2.291766e+00	3.200136e-01	9.971585e-04	0.000000e+00	9.912644e-04	3.200136e-01	9.983478e-01	8.818190e-02	1.000000e+00	7.000000e+00
342	-2.287581e+00	0.000000e+00	-2.287597e+00	0.000000e+00	4.181035e-03	0.000000e+00	4.168575e-03	-3.200136e-01	9.983478e-01	8.818190e-02	1.000000e+00	7.000000e+00
343	-2.293403e+00	0.000000e+00	-2.293380e+00	0.000000e+00	-5.821874e-03	0.000000e+00	-5.782849e-03	0.000000e+00	9.983477e-01	8.818190e-02	1.000000e+00	7.000000e+00
344	-2.285939e+00	0.000000e+00	-2.285968e+00	6.574551e-01	7.464051e-03	0.000000e+00	7.412305e-03	6.574551e-01	9.983475e-01	8.818190e-02	1.000000e+00	7.000000e+00
345	-2.287306e+00	0.000000e+00	-2.287300e+00	0.000000e+00	-1.366959e-03	0.000000e+00	-1.332665e-03	-6.574551e-01	9.983475e-01	8.818190e-02	1.000000e+00	7.000000e+00
346	-2.295304e+00	0.000000e+00	-2.295273e+00	0.000000e+00	-7.998858e-03	0.000000e+00	-7.972818e-03	0.000000e+00	9.983475e-01	8.818190e-02	1.000000e+00	7.000000e+00
347	-2.293062e+00	0.000000e+00	-2.293071e+00	0.000000e+00	2.242019e-03	0.000000e+00	2.202117e-03	0.000000e+00	9.983474e-01	8.818190e-02	1.000000e+00	7.000000e+00
348	-2.291629e+00	0.000000e+00	-2.291634e+00	0.000000e+00	1.433756e-03	0.000000e+00	1.436757e-03	0.000000e+00	9.983474e-01	8.818190e-02	1.000000e+00	7.000000e+00
349	-2.293067e+00	0.000000e+00	-2.293062e+00	4.747546e-01	-1.438664e-03	0.000000e+00	-1.427432e-03	4.747546e-01	9.983474e-01	8.818190e-02	1.000000e+00	7.000000e+00
350	-2.287250e+00	0.000000e+00	-2.287273e+00	0.000000e+00	5.816967e-03	0.000000e+00	5.788668e-03	-4.747546e-01	9.983474e-01	8.818190e-02	1.000000e+00	7.000000e+00
351	-2.293258e+00	0.000000e+00	-2.293235e+00	0.000000e+00	-6.008058e-03	0.000000e+00	-5.961977e-03	0.000000e+00	9.983473e-01	8.818190e-02	1.000000e+00	7.000000e+00
352	-2.290554e+00	0.000000e+00	-2.290564e+00	0.000000e+00	2.704543e-03	0.000000e+00	2.670690e-03	0.000000e+00	9.983472e-01	8.818190e-02	1.000000e+00	7.000000e+00
353	-2.291559e+00	0.000000e+00	-2.291556e+00	0.000000e+00	-1.005588e-03	0.000000e+00	-9.912276e-04	0.000000e+00	9.983472e-01	8.818190e-02	1.000000e+00	7.000000e+00
354	-2.290911e+00	0.000000e+00	-2.290913e+00	0.000000e+00	6.486055e-04	0.000000e+00	6.421999e-04	0.000000e+00	9.983472e-01	8.818190e-02	1.000000e+00	7.000000e+00
355	-2.291402e+00	0.000000e+00	-2.291400e+00	0.000000e+00	-4.914310e-04	0.000000e+00	-4.870028e-04	0.000000e+00	9.983472e-01	8.818190e-02	1.000000e+00	7.000000e+00
356	-2.290977e+00	0.000000e+00	-2.290979e+00	0.000000e+00	4.248166e-04	0.000000e+00	4.212548e-04	0.000000e+00	9.983472e-01	8.818190e-02	1.000000e+00	7.000000e+00
357	-2.298554e+00	0.000000e+00	-2.298524e+00	0.000000e+00	-7.576150e-03	0.000000e+00	-7.544911e-03	0.000000e+00	9.983472e-01	8.818190e-02	1.000000e+00	7.000000e+00
358	-2.297786e+00	0.000000e+00	-2.297789e+00	0.000000e+00	7.675895e-04	0.000000e+00	7.351188e-04	0.000000e+00	9.983471e-01	8.818190e-02	1.000000e+00	7.000000e+00
359	-2.296009e+00	0.000000e+00	-2.296016e+00	3.537455e-01	1.776694e-03	0.000000e+00	1.772625e-03	3.537455e-01	9.983471e-01	8.818190e-02	1.000000e+00	7.000000e+00
360	-2.285397e+00	0.000000e+00	-2.285439e+00	0.000000e+00	1.061215e-02	0.000000e+00	1.057762e-02	-3.537455e-01	9.983471e-01	8.818190e-02	1.000000e+00	7.000000e+00
361	-2.296152e+00	0.000000e+00	-2.296110e+00	0.000000e+00	-1.075474e-02	0.000000e+00	-1.067141e-02	0.000000e+00	9.983467e-01	8.818190e-02	1.000000e+00	7.000000e+00
362	-2.295996e+00	0.000000e+00	-2.295997e+00	2.845152e-01	1.557949e-04	0.000000e+00	1.135011e-04	2.845152e-01	9.983467e-01	8.818190e-02	1.000000e+00	7.000000e+00
363	-2.285410e+00	0.000000e+00	-2.285451e+00	0.000000e+00	1.058661e-02	0.000000e+00	1.054570e-02	-2.845152e-01	9.983466e-01	8.818190e-02	1.000000e+00	7.000000e+00
364	-2.295798e+00	0.000000e+00	-2.295757e+00	2.153123e-01	-1.038804e-02	0.000000e+00	-1.030626e-02	2.153123e-01	9.983463e-01	8.818190e-02	1.000000e+00	7.000000e+00
365	-2.288542e+00	0.000000e+00	-2.288571e+00	0.000000e+00	7.255122e-03	0.000000e+00	7.186523e-03	-2.153123e-01	9.983461e-01	8.818190e-02	1.000000e+00	7.000000e+00
366	-2.292363e+00	0.000000e+00	-2.292348e+00	0.000000e+00	-3.820593e-03	0.000000e+00	-3.777596e-03	0.000000e+00	9.983460e-01	8.818190e-02	1.000000e+00	7.000000e+00
367	-2.284618e+00	0.000000e+00	-2.284648e+00	0.000000e+00	7.745127e-03	0.000000e+00	7.700116e-03	0.000000e+00	9.983459e-01	8.818190e-02	1.000000e+00	7.000000e+00
368	-2.293086e+00	0.000000e+00	-2.293053e+00	0.000000e+00	-8.468006e-03	0.000000e+00	-8.404850e-03	0.000000e+00	9.983457e-01	8.818190e-02	1.000000e+00	7.000000e+00
369	-2.292854e+00	0.000000e+00	-2.292855e+00	2.313220e-01	2.321004e-04	0.000000e+00	1.983623e-04	2.313220e-01	9.983457e-01	8.818190e-02	1.000000e+00	7.000000e+00
370	-2.285174e+00	0.000000e+00	-2.285204e+00	0.000000e+00	7.679921e-03	0.000000e+00	7.650696e-03	-2.313220e-01	9.983456e-01	8.818190e-02	1.000000e+00	7.000000e+00
371	-2.291626e+00	0.000000e+00	-2.291601e+00	0.000000e+00	-6.452090e-03	0.000000e+00	-6.397001e-03	0.000000e+00	9.983455e-01	8.818190e-02	1.000000e+00	7.000000e+00
372	-2.293179e+00	0.000000e+00	-2.293173e+00	4.454685e-01	-1.553473e-03	0.000000e+00	-1.572393e-03	4.454685e-01	9.983455e-01	8.818190e-02	1.000000e+00	7.000000e+00
373	-2.286042e+00	0.000000e+00	-2.286070e+00	0.000000e+00	7.137690e-03	0.000000e+00	7.103666e-03	-4.454685e-01	9.983454e-01	8.818190e-02	1.000000e+00	7.000000e+00
374	-2.290120e+00	0.000000e+00	-2.290105e+00	0.000000e+00	-4.078714e-03	0.000000e+00	-4.035032e-03	0.000000e+00	9.983454e-01	8.818190e-02	1.000000e+00	7.000000e+00
375	-2.291174e+00	0.000000e+00	-2.291170e+00	0.000000e+00	-1.054016e-03	0.000000e+00	-1.065660e-03	0.000000e+00	9.983454e-01	8.818190e-02	1.000000e+00	7.000000e+00
376	-2.289714e+00	0.000000e+00	-2.289720e+00	0.000000e+00	1.460130e-03	0.000000e+00	1.450263e-03	0.000000e+00	9.983454e-01	8.818190e-02	1.000000e+00	7.000000e+00
377	-2.290624e+00	0.000000e+00	-2.290621e+00	0.000000e+00	-9.096890e-04	0.000000e+00	-9.004704e-04	0.000000e+00	9.983454e-01	8.818190e-02	1.000000e+00	7.000000e+00
378	-2.289905e+00	0.000000e+00	-2.289908e+00	9.245873e-01	7.185935e-04	0.000000e+00	7.122691e-04	9.245873e-01	9.983454e-01	8.818190e-02	1.000000e+00	7.000000e+00
379	-2.285928e+00	0.000000e+00	-2.285944e+00	0.000000e+00	3.977378e-03	0.000000e+00	3.964624e-03	-9.245873e-01	9.983454e-01	8.818190e-02	1.000000e+00	7.000000e+00
380	-2.292663e+00	0.000000e+00	-2.292637e+00	2.674390e-01	-6.735263e-03	0.000000e+00	-6.693466e-03	2.674390e-01	9.983453e-01	8.818190e-02	1.000000e+00	7.000000e+00
381	-2.286825e+00	0.000000e+00	-2.286848e+00	0.000000e+00	5.838087e-03	0.000000e+00	5.789135e-03	-2.674390e-01	9.983452e-01	8.818190e-02	1.000000e+00	7.000000e+00
382	-2.289755e+00	0.000000e+00	-2.289744e+00	0.000000e+00	-2.930076e-03	0.000000e+00	-2.896016e-03	0.000000e+00	9.983451e-01	8.818190e-02	1.000000e+00	7.000000e+00
383	-2.286123e+00	0.000000e+00	-2.286137e+00	8.467337e-01	3.632516e-03	0.000000e+00	3.607014e-03	8.467337e-01	9.983451e-01	8.818190e-02	1.000000e+00	7.000000e+00
384	-2.286456e+00	0.000000e+00	-2.286455e+00	0.000000e+00	-3.329547e-04	0.000000e+00	-3.175642e-04	-8.467337e-01	9.983451e-01	8.818190e-02	1.000000e+00	7.000000e+00
385	-2.291830e+00	0.000000e+00	-2.291809e+00	0.000000e+00	-5.374022e-03	0.000000e+00	-5.354270e-03	0.000000e+00	9.983451e-01	8.818190e-02	1.000000e+00	7.000000e+00
386	-2.286039e+00	0.000000e+00	-2.286062e+00	5.028764e-01	5.790609e-03	0.000000e+00	5.747074e-03	5.028764e-01	9.983450e-01	8.818190e-02	1.000000e+00	7.000000e+00
387	-2.285371e+00	0.000000e+00	-2.285374e+00	0.000000e+00	6.681229e-04	0.000000e+00	6.879626e-04	-5.028764e-01	9.983450e-01	8.818190e-02	1.000000e+00	7.000000e+00
388	-2.291826e+00	0.000000e+00	-2.291801e+00	0.000000e+00	-6.455210e-03	0.000000e+00	-6.427307e-03	0.000000e+00	9.983449e-01	8.818190e-02	1.000000e+00	7.000000e+00
389	-2.284297e+00	0.000000e+00	-2.284327e+00	0.000000e+00	7.529044e-03	0.000000e+00	7.474527e-03	0.000000e+00	9.983448e-01	8.818190e-02	1.000000e+00	7.000000e+00
390	-2.293135e+00	0.000000e+00	-2.293100e+00	0.000000e+00	-8.837475e-03	0.000000e+00	-8.773756e-03	0.000000e+00	9.983446e-01	8.818190e-02	1.000000e+00	7.000000e+00
391	-2.280635e+00	0.000000e+00	-2.280684e+00	0.000000e+00	1.249982e-02	0.000000e+00	1.241672e-02	0.000000e+00	9.983442e-01	8.818190e-02	1.000000e+00	7.000000e+00
392	-2.300178e+00	0.000000e+00	-2.300101e+00	0.000000e+00	-1.954263e-02	0.000000e+00	-1.941779e-02	0.000000e+00	9.983433e-01	8.818190e-02	1.000000e+00	7.000000e+00
393	-2.290455e+00	0.000000e+00	-2.290493e+00	6.364275e-01	9.722180e-03	0.000000e+00	9.608352e-03	6.364275e-01	9.983429e-01	8.818190e-02	1.000000e+00	7.000000e+00
394	-2.283534e+00	0.000000e+00	-2.283561e+00	0.000000e+00	6.921136e-03	0.000000e+00	6.931633e-03	-6.364275e-01	9.983429e-01	8.818190e-02	1.000000e+00	7.000000e+00
395	-2.293174e+00	0.000000e+00	-2.293136e+00	0.000000e+00	-9.639845e-03	0.000000e+00	-9.575113e-03	0.000000e+00	9.983427e-01	8.818190e-02	1.000000e+00	7.000000e+00
396	-2.287599e+00	0.000000e+00	-2.287621e+00	0.000000e+00	5.575023e-03	0.000000e+00	5.515842e-03	0.000000e+00	9.983426e-01	8.818190e-02	1.000000e+00	7.000000e+00
397	-2.290847e+00	0.000000e+00	-2.290834e+00	0.000000e+00	-3.247562e-03	0.000000e+00	-3.213330e-03	0.000000e+00	9.983425e-01	8.818190e-02	1.000000e+00	7.000000e+00
398	-2.288576e+00	0.000000e+00	-2.288585e+00	0.000000e+00	2.270310e-03	0.000000e+00	2.248889e-03	0.000000e+00	9.983425e-01	8.818190e-02	1.000000e+00	7.000000e+00
399	-2.290307e+00	0.000000e+00	-2.290300e+00	6.287751e-01	-1.730392e-03	0.000000e+00	-1.714848e-03	6.287751e-01	9.983425e-01	8.818190e-02	1.000000e+00	7.000000e+00
400	-2.285919e+00	0.000000e+00	-2.285936e+00	0.000000e+00	4.387697e-03	0.000000e+00	4.363859e-03	-6.287751e-01	9.983425e-01	8.818190e-02	1.000000e+00	7.000000e+00
401	-2.290631e+00	0.000000e+00	-2.290613e+00	0.000000e+00	-4.712069e-03	0.000000e+00	-4.676616e-03	0.000000e+00	9.983424e-01	8.818190e-02	1.000000e+00	7.000000e+00
402	-2.289439e+00	0.000000e+00	-2.289443e+00	0.000000e+00	1.192133e-03	0.000000e+00	1.169208e-03	0.000000e+00	9.983424e-01	8.818190e-02	1.000000e+00	7.000000e+00
403	-2.288946e+00	0.000000e+00	-2.288948e+00	0.000000e+00	4.931052e-04	0.000000e+00	4.957463e-04	0.000000e+00	9.983424e-01	8.818190e-02	1.000000e+00	7.000000e+00
404	-2.289529e+00	0.000000e+00	-2.289527e+00	0.000000e+00	-5.832681e-04	0.000000e+00	-5.790532e-04	0.000000e+00	9.983424e-01	8.818190e-02	1.000000e+00	7.000000e+00
405	-2.289227e+00	0.000000e+00	-2.289228e+00	0.000000e+00	3.018854e-04	0.000000e+00	2.984442e-04	0.000000e+00	9.983424e-01	8.818190e-02	1.000000e+00	7.000000e+00
406	-2.289385e+00	0.000000e+00	-2.289385e+00	0.000000e+00	-1.582016e-04	0.000000e+00	-1.564178e-04	0.000000e+00	9.983424e-01	8.818190e-02	1.000000e+00	7.000000e+00
407	-2.289275e+00	0.000000e+00	-2.289276e+00	0.000000e+00	1.101195e-04	0.000000e+00	1.090783e-04	0.000000e+00	9.983424e-01	8.818190e-02	1.000000e+00	7.000000e+00
408	-2.289356e+00	0.000000e+00	-2.289355e+00	0.000000e+00	-8.052995e-05	0.000000e+00	-7.978929e-05	0.000000e+00	9.983424e-01	8.818190e-02	1.000000e+00	7.000000e+00
409	-2.296195e+00	0.000000e+00	-2.296168e+00	3.266855e-01	-6.838984e-03	0.000000e+00	-6.812581e-03	3.266855e-01	9.983424e-01	8.818190e-02	1.000000e+00	7.000000e+00
410	-2.286010e+00	0.000000e+00	-2.286049e+00	0.000000e+00	1.018505e-02	0.000000e+00	1.011865e-02	-3.266855e-01	9.983421e-01	8.818190e-02	1.000000e+00	7.000000e+00
411	-2.291004e+00	0.000000e+00	-2.290985e+00	0.000000e+00	-4.994478e-03	0.000000e+00	-4.935442e-03	0.000000e+00	9.983420e-01	8.818190e-02	1.000000e+00	7.000000e+00
412	-2.294984e+00	0.000000e+00	-2.294969e+00	3.567893e-02	-3.980288e-03	0.000000e+00	-3.984019e-03	3.567893e-02	9.983420e-01	8.818190e-02	1.000000e+00	7.000000e+00
413	-2.285872e+00	0.000000e+00	-2.285907e+00	0.000000e+00	9.112680e-03	0.000000e+00	9.061521e-03	-3.567893e-02	9.983419e-01	8.818190e-02	1.000000e+00	7.000000e+00
414	-2.291283e+00	0.000000e+00	-2.291262e+00	0.000000e+00	-5.410891e-03	0.000000e+00	-5.354358e-03	0.000000e+00	9.983417e-01	8.818190e-02	1.000000e+00	7.000000e+00
415	-2.283399e+00	0.000000e+00	-2.283430e+00	0.000000e+00	7.883376e-03	0.000000e+00	7.831666e-03	0.000000e+00	9.983416e-01	8.818190e-02	1.000000e+00	7.000000e+00
416	-2.295411e+00	0.000000e+00	-2.295364e+00	9.530466e-01	-1.201171e-02	0.000000e+00	-1.193420e-02	9.530466e-01	9.983413e-01	8.818190e-02	1.000000e+00	7.000000e+00
417	-2.285930e+00	0.000000e+00	-2.285967e+00	0.000000e+00	9.481157e-03	0.000000e+00	9.397504e-03	-9.530466e-01	9.983410e-01	8.818190e-02	1.000000e+00	7.000000e+00
418	-2.284739e+00	0.000000e+00	-2.284744e+00	2.277765e-01	1.190563e-03	0.000000e+00	1.222621e-03	2.277765e-01	9.983410e-01	8.818190e-02	1.000000e+00	7.000000e+00
419	-2.284794e+00	0.000000e+00	-2.284794e+00	0.000000e+00	-5.455390e-05	0.000000e+00	-4.956494e-05	-2.277765e-01	9.983410e-01	8.818190e-02	1.000000e+00	7.000000e+00
420	-2.288313e+00	0.000000e+00	-2.288299e+00	6.101257e-01	-3.519170e-03	0.000000e+00	-3.505617e-03	6.101257e-01	9.983410e-01	8.818190e-02	1.000000e+00	7.000000e+00
421	-2.286955e+00	0.000000e+00	-2.286960e+00	0.000000e+00	1.358210e-03	0.000000e+00	1.339210e-03	-6.101257e-01	9.983410e-01	8.818190e-02	1.000000e+00	7.000000e+00
422	-2.286766e+00	0.000000e+00	-2.286767e+00	0.000000e+00	1.885863e-04	0.000000e+00	1.930809e-04	0.000000e+00	9.983410e-01	8.818190e-02	1.000000e+00	7.000000e+00
423	-2.287344e+00	0.000000e+00	-2.287342e+00	0.000000e+00	-5.776531e-04	0.000000e+00	-5.746424e-04	0.000000e+00	9.983410e-01	8.818190e-02	1.000000e+00	7.000000e+00
424	-2.286622e+00	0.000000e+00	-2.286625e+00	0.000000e+00	7.217850e-04	0.000000e+00	7.167208e-04	0.000000e+00	9.983410e-01	8.818190e-02	1.000000e+00	7.000000e+00
425	-2.286734e+00	0.000000e+00	-2.286733e+00	0.000000e+00	-1.115350e-04	0.000000e+00	-1.082996e-04	0.000000e+00	9.983410e-01	8.818190e-02	1.000000e+00	7.000000e+00
426	-2.286907e+00	0.000000e+00	-2.286907e+00	0.000000e+00	-1.736859e-04	0.000000e+00	-1.734305e-04	0.000000e+00	9.983410e-01	8.818190e-02	1.000000e+00	7.000000e+00
427	-2.286824e+00	0.000000e+00	-2.286824e+00	0.000000e+00	8.337258e-05	0.000000e+00	8.236944e-05	0.000000e+00	9.983410e-01	8.818190e-02	1.000000e+00	7.000000e+00
428	-2.286805e+00	0.000000e+00	-2.286805e+00	0.000000e+00	1.870465e-05	0.000000e+00	1.895334e-05	0.000000e+00	9.983410e-01	8.818190e-02	1.000000e+00	7.000000e+00
429	-2.286832e+00	0.000000e+00	-2.286832e+00	0.000000e+00	-2.683434e-05	0.000000e+00	-2.665548e-05	0.000000e+00	9.983410e-01	8.818190e-02	1.000000e+00	7.000000e+00
430	-2.286828e+00	0.000000e+00	-2.286828e+00	0.000000e+00	3.979754e-06	0.000000e+00	3.860085e-06	0.000000e+00	1.000000e+00	1.000000e-01	1.000000e+00	7.000000e+00
431	-2.286824e+00	0.000000e+00	-2.286824e+00	0.000000e+00	4.120888e-06	0.000000e+00	4.119870e-06	0.000000e+00	1.000000e+00	1.000000e-01	1.000000e+00	7.000000e+00
432	-2.286830e+00	0.000000e+00	-2.286830e+00	0.000000e+00	-6.133474e-06	0.000000e+00	-6.093422e-06	0.000000e+00	1.000000e+00	1.000000e-01	1.000000e+00	7.000000e+00
433	-2.286823e+00	0.000000e+00	-2.286823e+00	8.052401e-01	7.339134e-06	0.000000e+00	7.286663e-06	8.052401e-01	1.000000e+00	1.000000e-01	1.000003e+00	7.000000e+00
434	-2.285271e+00	0.000000e+00	-2.285278e+00	0.000000e+00	1.551297e-03	0.000000e+00	1.545266e-03	-8.052401e-01	1.000000e+00	1.000000e-01	1.000000e+00	7.000000e+00
435	-2.288291e+00	0.000000e+00	-2.288279e+00	0.000000e+00	-3.019627e-03	0.000000e+00	-3.001795e-03	0.000000e+00	1.000000e+00	1.000000e-01	1.000000e+00	7.000000e+00
436	-2.286176e+00	0.000000e+00	-2.286184e+00	0.000000e+00	2.114881e-03	0.000000e+00	2.094894e-03	0.000000e+00	9.999999e-01	1.000000e-01	1.000000e+00	7.000000e+00
437	-2.287282e+00	0.000000e+00	-2.287278e+00	3.523418e-01	-1.106071e-03	0.000000e+00	-1.093568e-03	3.523418e-01	9.999999e-01	1.000000e-01	1.000000e+00	7.000000e+00
438	-2.285325e+00	0.000000e+00	-2.285333e+00	4.891842e-02	1.957056e-03	0.000000e+00	1.945140e-03	-3.034233e-01	9.999999e-01	1.000000e-01	1.000000e+00	7.000000e+00
439	-2.284485e+00	0.000000e+00	-2.284488e+00	0.000000e+00	8.405120e-04	0.000000e+00	8.448269e-04	-4.891842e-02	9.999999e-01	1.000000e-01	1.000000e+00	7.000000e+00
440	-2.288330e+00	0.000000e+00	-2.288315e+00	0.000000e+00	-3.845462e-03	0.000000e+00	-3.827141e-03	0.000000e+00	9.999999e-01	1.000000e-01	1.000000e+00	7.000000e+00
441	-2.286516e+00	0.000000e+00	-2.286523e+00	0.000000e+00	1.814001e-03	0.000000e+00	1.791965e-03	0.000000e+00	9.999999e-01	1.000000e-01	1.000000e+00	7.000000e+00
442	-2.286183e+00	0.000000e+00	-2.286185e+00	0.000000e+00	3.327878e-04	0.000000e+00	3.384877e-04	0.000000e+00	9.999999e-01	1.000000e-01	1.000000e+00	7.000000e+00
443	-2.286749e+00	0.000000e+00	-2.286747e+00	0.000000e+00	-5.658795e-04	0.000000e+00	-5.623468e-04	0.000000e+00	9.999999e-01	1.000000e-01	1.000000e+00	7.000000e+00
444	-2.286557e+00	0.000000e+00	-2.286557e+00	0.000000e+00	1.925596e-04	0.000000e+00	1.896107e-04	0.000000e+00	9.999999e-01	1.000000e-01	1.000000e+00	7.000000e+00
445	-2.286540e+00	0.000000e+00	-2.286541e+00	0.000000e+00	1.626772e-05	0.000000e+00	1.694484e-05	0.000000e+00	9.999999e-01	1.000000e-01	1.000000e+00	7.000000e+00
446	-2.286599e+00	0.000000e+00	-2.286599e+00	0.000000e+00	-5.900121e-05	0.000000e+00	-5.870455e-05	0.000000e+00	9.999999e-01	1.000000e-01	1.000000e+00	7.000000e+00
447	-2.286548e+00	0.000000e+00	-2.286549e+00	1.094467e+00	5.104153e-05	0.000000e+00	5.061284e-05	1.094467e+00	9.999999e-01	1.000000e-01	1.000000e+00	7.000000e+00
448	-2.285334e+00	0.000000e+00	-2.285338e+00	0.000000e+00	1.214789e-03	0.000000e+00	1.210241e-03	-1.094467e+00	9.999999e-01	1.000000e-01	1.000000e+00	7.000000e+00
449	-2.287171e+00	0.000000e+00	-2.287164e+00	3.419811e-01	-1.837356e-03	0.000000e+00	-1.825451e-03	3.419811e-01	9.999999e-01	1.000000e-01	1.000000e+00	7.000000e+00
450	-2.285447e+00	0.000000e+00	-2.285454e+00	3.234250e-01	1.723618e-03	0.000000e+00	1.709754e-03	-1.855602e-02	9.999999e-01	1.000000e-01	1.000000e+00	7.000000e+00
451	-2.284631e+00	0.000000e+00	-2.284634e+00	0.000000e+00	8.167356e-04	0.000000e+00	8.202240e-04	-3.234250e-01	9.999999e-01	1.000000e-01	1.000000e+00	7.000000e+00
452	-2.291222e+00	0.000000e+00	-2.291196e+00	0.000000e+00	-6.591542e-03	0.000000e+00	-6.562589e-03	0.000000e+00	9.999998e-01	1.000000e-01	1.000000e+00	7.000000e+00
453	-2.281540e+00	0.000000e+00	-2.281578e+00	4.898538e-01	9.681708e-03	0.000000e+00	9.618254e-03	4.898538e-01	9.999995e-01	1.000000e-01	1.000000e+00	7.000000e+00
454	-2.284806e+00	0.000000e+00	-2.284793e+00	0.000000e+00	-3.265468e-03	0.000000e+00	-3.215141e-03	-4.898538e-01	9.999994e-01	1.000000e-01	1.000000e+00	7.000000e+00
455	-2.292586e+00	0.000000e+00	-2.292556e+00	0.000000e+00	-7.780342e-03	0.000000e+00	-7.762509e-03	0.000000e+00	9.999993e-01	1.000000e-01	1.000000e+00	7.000000e+00
456	-2.286395e+00	0.000000e+00	-2.286419e+00	8.424304e-01	6.190971e-03	0.000000e+00	6.136466e-03	8.424304e-01	9.999992e-01	1.000000e-01	1.000000e+00	7.000000e+00
457	-2.287273e+00	0.000000e+00	-2.287270e+00	0.000000e+00	-8.778443e-04	0.000000e+00	-8.504447e-04	-8.424304e-01	9.999992e-01	1.000000e-01	1.000000e+00	7.000000e+00
458	-2.291529e+00	0.000000e+00	-2.291513e+00	0.000000e+00	-4.256089e-03	0.000000e+00	-4.242786e-03	0.000000e+00	9.999991e-01	1.000000e-01	1.000000e+00	7.000000e+00
459	-2.285341e+00	0.000000e+00	-2.285365e+00	0.000000e+00	6.188535e-03	0.000000e+00	6.147788e-03	0.000000e+00	9.999990e-01	1.000000e-01	1.000000e+00	7.000000e+00
460	-2.292295e+00	0.000000e+00	-2.292268e+00	3.155924e-01	-6.954198e-03	0.000000e+00	-6.903019e-03	3.155924e-01	9.999988e-01	1.000000e-01	1.000000e+00	7.000000e+00
461	-2.289393e+00	0.000000e+00	-2.289404e+00	0.000000e+00	2.901677e-03	0.000000e+00	2.863377e-03	-3.155924e-01	9.999988e-01	1.000000e-01	1.000000e+00	7.000000e+00
462	-2.286632e+00	0.000000e+00	-2.286643e+00	0.000000e+00	2.761481e-03	0.000000e+00	2.761879e-03	0.000000e+00	9.999988e-01	1.000000e-01	1.000000e+00	7.000000e+00
463	-2.289579e+00	0.000000e+00	-2.289567e+00	0.000000e+00	-2.946928e-03	0.000000e+00	-2.924628e-03	0.000000e+00	9.999988e-01	1.000000e-01	1.000000e+00	7.000000e+00
464	-2.287377e+00	0.000000e+00	-2.287386e+00	0.000000e+00	2.201694e-03	0.000000e+00	2.181669e-03	0.000000e+00	9.999987e-01	1.000000e-01	1.000000e+00	7.000000e+00
465	-2.289979e+00	0.000000e+00	-2.289969e+00	0.000000e+00	-2.602280e-03	0.000000e+00	-2.583593e-03	0.000000e+00	9.999987e-01	1.000000e-01	1.000000e+00	7.000000e+00
466	-2.288177e+00	0.000000e+00	-2.288184e+00	0.000000e+00	1.802495e-03	0.000000e+00	1.785362e-03	0.000000e+00	9.999987e-01	1.000000e-01	1.000000e+00	7.000000e+00
467	-2.287838e+00	0.000000e+00	-2.287839e+00	4.927807e-02	3.389492e-04	0.000000e+00	3.445993e-04	4.927807e-02	9.999987e-01	1.000000e-01	1.000000e+00	7.000000e+00
468	-2.286199e+00	0.000000e+00	-2.286206e+00	0.000000e+00	1.638627e-03	0.000000e+00	1.633572e-03	-4.927807e-02	9.999987e-01	1.000000e-01	1.000000e+00	7.000000e+00
469	-2.288834e+00	0.000000e+00	-2.288823e+00	1.832930e-01	-2.634317e-03	0.000000e+00	-2.617646e-03	1.832930e-01	9.999987e-01	1.000000e-01	1.000000e+00	7.000000e+00
470	-2.286978e+00	0.000000e+00	-2.286985e+00	7.397805e-01	1.855341e-03	0.000000e+00	1.837869e-03	5.564876e-01	9.999987e-01	1.000000e-01	1.000000e+00	7.000000e+00
471	-2.288087e+00	0.000000e+00	-2.288082e+00	0.000000e+00	-1.108596e-03	0.000000e+00	-1.097086e-03	-7.397805e-01	9.999987e-01	1.000000e-01	1.000000e+00	7.000000e+00
472	-2.290493e+00	0.000000e+00	-2.290483e+00	6.949598e-02	-2.406091e-03	0.000000e+00	-2.400978e-03	6.949598e-02	9.999987e-01	1.000000e-01	1.000000e+00	7.000000e+00
473	-2.288487e+00	0.000000e+00	-2.288495e+00	0.000000e+00	2.005456e-03	0.000000e+00	1.988243e-03	-6.949598e-02	9.999986e-01	1.000000e-01	1.000000e+00	7.000000e+00
474	-2.288656e+00	0.000000e+00	-2.288655e+00	1.157065e+00	-1.687221e-04	0.000000e+00	-1.602965e-04	1.157065e+00	9.999986e-01	1.000000e-01	1.000000e+00	7.000000e+00
475	-2.288224e+00	0.000000e+00	-2.288226e+00	2.635828e-01	4.316978e-04	0.000000e+00	4.293853e-04	-8.934820e-01	9.999986e-01	1.000000e-01	1.000000e+00	7.000000e+00
476	-2.289943e+00	0.000000e+00	-2.289936e+00	0.000000e+00	-1.718388e-03	0.000000e+00	-1.709998e-03	-2.635828e-01	9.999986e-01	1.000000e-01	1.000000e+00	7.000000e+00
477	-2.291609e+00	0.000000e+00	-2.291602e+00	0.000000e+00	-1.666174e-03	0.000000e+00	-1.666345e-03	0.000000e+00	9.999986e-01	1.000000e-01	1.000000e+00	7.000000e+00
478	-2.288270e+00	0.000000e+00	-2.288283e+00	0.000000e+00	3.338976e-03	0.000000e+00	3.319424e-03	0.000000e+00	9.999986e-01	1.000000e-01	1.000000e+00	7.000000e+00
479	-2.293427e+00	0.000000e+00	-2.293407e+00	0.000000e+00	-5.157476e-03	0.000000e+00	-5.124364e-03	0.000000e+00	9.999985e-01	1.000000e-01	1.000000e+00	7.000000e+00
480	-2.289415e+00	0.000000e+00	-2.289431e+00	0.000000e+00	4.011993e-03	0.000000e+00	3.976304e-03	0.000000e+00	9.999984e-01	1.000000e-01	1.000000e+00	7.000000e+00
481	-2.288487e+00	0.000000e+00	-2.288491e+00	0.000000e+00	9.285685e-04	0.000000e+00	9.404737e-04	0.000000e+00	9.999985e-01	1.000000e-01	1.000000e+00	7.000000e+00
482	-2.289600e+00	0.000000e+00	-2.289596e+00	0.000000e+00	-1.112925e-03	0.000000e+00	-1.104904e-03	0.000000e+00	9.999984e-01	1.000000e-01	1.000000e+00	7.000000e+00
483	-2.289625e+00	0.000000e+00	-2.289625e+00	1.733543e+00	-2.526723e-05	0.000000e+00	-2.948456e-05	1.733543e+00	9.999984e-01	1.000000e-01	1.000000e+00	7.000000e+00
484	-2.290687e+00	0.000000e+00	-2.290683e+00	1.021134e+00	-1.062162e-03	0.000000e+00	-1.058128e-03	-7.124093e-01	9.999984e-01	1.000000e-01	1.000000e+00	7.000000e+00
485	-2.290321e+00	0.000000e+00	-2.290323e+00	9.911153e-01	3.659770e-04	0.000000e+00	3.604141e-04	-3.001875e-02	9.999984e-01	1.000000e-01	1.000000e+00	7.000000e+00
486	-2.292969e+00	0.000000e+00	-2.292959e+00	6.668221e-01	-2.647667e-03	0.000000e+00	-2.635916e-03	-3.242932e-01	9.999984e-01	1.000000e-01	1.000000e+00	7.000000e+00
487	-2.292875e+00	0.000000e+00	-2.292875e+00	0.000000e+00	9.421240e-05	0.000000e+00	8.354784e-05	-6.668221e-01	9.999984e-01	1.000000e-01	1.000000e+00	7.000000e+00
488	-2.293480e+00	0.000000e+00	-2.293478e+00	0.000000e+00	-6.057287e-04	0.000000e+00	-6.030362e-04	0.000000e+00	9.999984e-01	1.000000e-01	1.000000e+00	7.000000e+00
489	-2.293131e+00	0.000000e+00	-2.293133e+00	0.000000e+00	3.490963e-04	0.000000e+00	3.453770e-04	0.000000e+00	9.999984e-01	1.000000e-01	1.000000e+00	7.000000e+00
490	-2.293215e+00	0.000000e+00	-2.293214e+00	8.269557e-01	-8.314238e-05	0.000000e+00	-8.146848e-05	8.269557e-01	9.999984e-01	1.000000e-01	1.000000e+00	7.000000e+00
491	-2.292252e+00	0.000000e+00	-2.292255e+00	0.000000e+00	9.628720e-04	0.000000e+00	9.587925e-04	-8.269557e-01	9.999984e-01	1.000000e-01	1.000000e+00	7.000000e+00
492	-2.293255e+00	0.000000e+00	-2.293251e+00	4.375740e-01	-1.003121e-03	0.000000e+00	-9.954568e-04	4.375740e-01	9.999984e-01	1.000000e-01	1.000000e+00	7.000000e+00
493	-2.295184e+00	0.000000e+00	-2.295176e+00	0.000000e+00	-1.929104e-03	0.000000e+00	-1.925457e-03	-4.375740e-01	9.999984e-01	1.000000e-01	1.000000e+00	7.000000e+00
494	-2.293875e+00	0.000000e+00	-2.293880e+00	0.000000e+00	1.308493e-03	0.000000e+00	1.295860e-03	0.000000e+00	9.999984e-01	1.000000e-01	1.000000e+00	7.000000e+00
495	-2.297617e+00	0.000000e+00	-2.297602e+00	0.000000e+00	-3.741655e-03	0.000000e+00	-3.721977e-03	0.000000e+00	9.999984e-01	1.000000e-01	1.000000e+00	7.000000e+00
496	-2.292032e+00	0.000000e+00	-2.292054e+00	0.000000e+00	5.584964e-03	0.000000e+00	5.548609e-03	0.000000e+00	9.999983e-01	1.000000e-01	1.000000e+00	7.000000e+00
497	-2.299686e+00	0.000000e+00	-2.299656e+00	0.000000e+00	-7.654044e-03	0.000000e+00	-7.602471e-03	0.000000e+00	9.999981e-01	1.000000e-01	1.000000e+00	7.000000e+00
498	-2.289195e+00	0.000000e+00	-2.289236e+00	0.000000e+00	1.049137e-02	0.000000e+00	1.042069e-02	0.000000e+00	9.999977e-01	1.000000e-01	1.000000e+00	7.000000e+00
499	-2.303778e+00	0.000000e+00	-2.303721e+00	0.000000e+00	-1.458344e-02	0.000000e+00	-1.448576e-02	0.000000e+00	9.999971e-01	1.000000e-01	1.000000e+00	7.000000e+00
