#sequence delta(k-1),f(k-1),theta(k),v(k),delta_diff(k-1),f_diff(k-1),theta_diff(k),v_diff(k),phi(1,1;k),phi(1,2;k),phi(2,1;k),phi(2,2;k)
1	-5.622217e-01	0.000000e+00	-5.623468e-01	1.038675e+00	-5.622217e-01	0.000000e+00	3.187927e-02	1.037552e+00	8.629953e-01	1.000000e-01	1.000000e+00	1.100000e+01
2	-7.962576e-01	0.000000e+00	-7.953439e-01	0.000000e+00	-2.340359e-01	0.000000e+00	-2.329971e-01	-1.038675e+00	8.663523e-01	1.000000e-01	1.000000e+00	1.100000e+01
3	-1.588168e+00	2.000000e-01	-1.585071e+00	3.402682e-01	-7.919102e-01	2.000000e-01	-7.897269e-01	3.402682e-01	9.012313e-01	9.119118e-02	1.301200e+00	1.092393e+01
4	-8.141576e-01	4.000000e-01	-8.171690e-01	3.435599e+00	7.740102e-01	2.000000e-01	7.679018e-01	3.095330e+00	9.157479e-01	9.494219e-02	1.274286e+00	1.091698e+01
5	-8.262034e-01	2.588455e-01	-8.261681e-01	1.095495e+00	-1.204576e-02	-1.411545e-01	-8.999093e-03	-2.340103e+00	9.156605e-01	9.391769e-02	1.278726e+00	1.096900e+01
6	-8.066054e-01	4.588455e-01	-8.066818e-01	4.557082e+00	1.959797e-02	2.000000e-01	1.948626e-02	3.461587e+00	9.155032e-01	9.231209e-02	1.290066e+00	1.108473e+01
7	-8.183862e-01	3.683066e-01	-8.183405e-01	2.425383e+00	-1.178079e-02	-9.053889e-02	-1.165866e-02	-2.131699e+00	9.154615e-01	9.199154e-02	1.296267e+00	1.113239e+01
8	-8.690912e-01	5.683066e-01	-8.688929e-01	3.499745e+00	-5.070496e-02	2.000000e-01	-5.055244e-02	1.074362e+00	9.159928e-01	8.989559e-02	1.321888e+00	1.103133e+01
9	-7.337889e-01	7.683066e-01	-7.343167e-01	5.784725e+00	1.353023e-01	2.000000e-01	1.345763e-01	2.284981e+00	9.155345e-01	8.921816e-02	1.315634e+00	1.102209e+01
10	-5.608796e-01	9.098715e-01	-5.615571e-01	8.040864e+00	1.729093e-01	1.415650e-01	1.727596e-01	2.256139e+00	9.156808e-01	8.933788e-02	1.353160e+00	1.105281e+01
11	-5.344206e-01	8.443443e-01	-5.345266e-01	6.734089e+00	2.645898e-02	-6.552721e-02	2.703047e-02	-1.306775e+00	9.157893e-01	8.906911e-02	1.345409e+00	1.107201e+01
12	-5.764322e-01	1.044344e+00	-5.762685e-01	9.350337e+00	-4.201151e-02	2.000000e-01	-4.174182e-02	2.616247e+00	9.162014e-01	8.710730e-02	1.336449e+00	1.111467e+01
13	-5.666263e-01	1.004957e+00	-5.666640e-01	9.532615e+00	9.805843e-03	-3.938730e-02	9.604485e-03	1.822780e-01	9.162203e-01	8.703156e-02	1.339274e+00	1.110332e+01
14	-5.161602e-01	1.048559e+00	-5.163575e-01	1.118803e+01	5.046612e-02	4.360216e-02	5.030650e-02	1.655413e+00	9.162268e-01	8.703722e-02	1.365672e+00	1.112613e+01
15	-4.773069e-01	9.243460e-01	-4.774594e-01	1.046225e+01	3.885335e-02	-1.242132e-01	3.889809e-02	-7.257780e-01	9.164850e-01	8.621166e-02	1.376710e+00	1.109084e+01
16	-4.685090e-01	9.890560e-01	-4.685439e-01	1.126090e+01	8.797875e-03	6.471000e-02	8.915454e-03	7.986475e-01	9.164653e-01	8.606669e-02	1.376997e+00	1.109295e+01
17	-4.525867e-01	1.068267e+00	-4.526490e-01	1.260702e+01	1.592232e-02	7.921121e-02	1.589495e-02	1.346126e+00	9.164237e-01	8.585987e-02	1.380356e+00	1.110966e+01
18	-4.022520e-01	1.048559e+00	-4.024489e-01	1.226467e+01	5.033464e-02	-1.970782e-02	5.020011e-02	-3.423547e-01	9.165614e-01	8.580599e-02	1.375751e+00	1.111146e+01
19	-3.544574e-01	1.152354e+00	-3.546448e-01	1.487267e+01	4.779464e-02	1.037943e-01	4.780404e-02	2.607998e+00	9.164506e-01	8.556554e-02	1.407079e+00	1.117949e+01
20	-3.030830e-01	9.661771e-01	-3.032844e-01	1.362818e+01	5.137441e-02	-1.861766e-01	5.136046e-02	-1.244490e+00	9.169348e-01	8.381113e-02	1.425395e+00	1.111312e+01
21	-2.475282e-01	9.460328e-01	-2.477460e-01	1.456936e+01	5.555476e-02	-2.014423e-02	5.553837e-02	9.411809e-01	9.171004e-01	8.375108e-02	1.453999e+00	1.110275e+01
22	-2.135441e-01	8.754492e-01	-2.136777e-01	1.347962e+01	3.398409e-02	-7.058362e-02	3.406829e-02	-1.089739e+00	9.172422e-01	8.345651e-02	1.448278e+00	1.111463e+01
23	-1.745396e-01	1.021555e+00	-1.746925e-01	1.403558e+01	3.900454e-02	1.461061e-01	3.898526e-02	5.559640e-01	9.170776e-01	8.284001e-02	1.427681e+00	1.103747e+01
24	-1.438885e-01	1.221555e+00	-1.440088e-01	1.575143e+01	3.065106e-02	2.000000e-01	3.068361e-02	1.715852e+00	9.168780e-01	8.153727e-02	1.420043e+00	1.098763e+01
25	-1.006775e-01	1.321412e+00	-1.008468e-01	1.594807e+01	4.321098e-02	9.985660e-02	4.316204e-02	1.966367e-01	9.167841e-01	8.132040e-02	1.400415e+00	1.094227e+01
26	-5.751020e-02	1.452297e+00	-5.767949e-02	1.768694e+01	4.316733e-02	1.308852e-01	4.316731e-02	1.738866e+00	9.166409e-01	8.088613e-02	1.405417e+00	1.095744e+01
27	-2.881539e-02	1.408969e+00	-2.892814e-02	1.785042e+01	2.869481e-02	-4.332830e-02	2.875135e-02	1.634830e-01	9.167219e-01	8.076378e-02	1.413555e+00	1.094515e+01
28	7.620452e-03	1.326125e+00	7.477684e-03	1.639758e+01	3.643584e-02	-8.284364e-02	3.640583e-02	-1.452836e+00	9.168890e-01	8.038383e-02	1.403255e+00	1.096857e+01
29	2.573945e-02	1.439045e+00	2.566812e-02	1.652077e+01	1.811900e-02	1.129197e-01	1.819043e-02	1.231899e-01	9.168249e-01	7.998418e-02	1.393500e+00	1.090778e+01
30	3.166011e-02	1.639045e+00	3.163670e-02	1.786901e+01	5.920657e-03	2.000000e-01	5.968585e-03	1.348237e+00	9.167823e-01	7.854464e-02	1.391180e+00	1.082940e+01
31	5.335545e-02	1.767191e+00	5.327061e-02	2.022600e+01	2.169534e-02	1.281464e-01	2.163391e-02	2.356994e+00	9.166973e-01	7.804237e-02	1.400776e+00	1.088608e+01
32	7.524211e-02	1.609329e+00	7.515629e-02	1.832176e+01	2.188666e-02	-1.578624e-01	2.188568e-02	-1.904246e+00	9.168424e-01	7.699522e-02	1.398555e+00	1.090210e+01
33	8.814047e-02	1.643920e+00	8.808975e-02	1.932946e+01	1.289836e-02	3.459101e-02	1.293346e-02	1.007702e+00	9.168329e-01	7.696968e-02	1.402305e+00	1.091216e+01
34	8.714080e-02	1.590320e+00	8.714450e-02	1.868898e+01	-9.996739e-04	-5.360021e-02	-9.452476e-04	-6.404789e-01	9.168310e-01	7.686552e-02	1.402331e+00	1.091354e+01
35	9.047396e-02	1.636670e+00	9.046096e-02	2.019309e+01	3.333168e-03	4.634984e-02	3.316455e-03	1.504108e+00	9.168258e-01	7.679290e-02	1.403902e+00	1.093539e+01
36	9.662430e-02	1.529188e+00	9.660022e-02	2.073390e+01	6.150332e-03	-1.074819e-01	6.139262e-03	5.408117e-01	9.168512e-01	7.634853e-02	1.408862e+00	1.084871e+01
37	9.449009e-02	1.329188e+00	9.449833e-02	1.820233e+01	-2.134208e-03	-2.000000e-01	-2.101890e-03	-2.531568e+00	9.168361e-01	7.493987e-02	1.409218e+00	1.088213e+01
38	8.697510e-02	1.442415e+00	8.700449e-02	1.770827e+01	-7.514987e-03	1.132273e-01	-7.493842e-03	-4.940638e-01	9.168684e-01	7.445416e-02	1.415303e+00	1.079045e+01
39	8.416712e-02	1.642415e+00	8.417820e-02	1.909057e+01	-2.807981e-03	2.000000e-01	-2.826286e-03	1.382297e+00	9.168882e-01	7.304383e-02	1.416313e+00	1.071857e+01
40	8.169961e-02	1.814852e+00	8.170929e-02	2.133513e+01	-2.467513e-03	1.724367e-01	-2.468915e-03	2.244566e+00	9.169030e-01	7.201062e-02	1.415851e+00	1.075083e+01
41	7.155289e-02	1.757093e+00	7.159257e-02	2.055648e+01	-1.014671e-02	-5.775883e-02	-1.011672e-02	-7.786527e-01	9.168869e-01	7.191898e-02	1.416541e+00	1.075476e+01
42	5.493709e-02	1.762273e+00	5.500215e-02	2.138961e+01	-1.661581e-02	5.180638e-03	-1.659042e-02	8.331349e-01	9.169005e-01	7.191473e-02	1.410220e+00	1.075673e+01
43	5.009008e-02	1.656860e+00	5.010926e-02	2.055958e+01	-4.847011e-03	-1.054136e-01	-4.892884e-03	-8.300314e-01	9.168842e-01	7.155959e-02	1.409509e+00	1.074126e+01
44	4.365871e-02	1.628887e+00	4.368390e-02	2.052475e+01	-6.431369e-03	-2.797250e-02	-6.425359e-03	-3.483064e-02	9.168797e-01	7.154002e-02	1.408670e+00	1.073761e+01
45	2.938329e-02	1.622253e+00	2.943915e-02	2.129304e+01	-1.427542e-02	-6.634176e-03	-1.424476e-02	7.682918e-01	9.168843e-01	7.154217e-02	1.402841e+00	1.073490e+01
46	1.753656e-02	1.528792e+00	1.758305e-02	2.061536e+01	-1.184673e-02	-9.346079e-02	-1.185610e-02	-6.776833e-01	9.168524e-01	7.129058e-02	1.400924e+00	1.071978e+01
47	1.145924e-02	1.504517e+00	1.148316e-02	2.085885e+01	-6.077318e-03	-2.427558e-02	-6.099891e-03	2.434882e-01	9.168489e-01	7.127672e-02	1.399446e+00	1.071387e+01
48	4.049026e-03	1.463932e+00	4.078066e-03	2.153095e+01	-7.410214e-03	-4.058444e-02	-7.405095e-03	6.721022e-01	9.168409e-01	7.123277e-02	1.395517e+00	1.069235e+01
49	3.462988e-04	1.332468e+00	3.608760e-04	2.083009e+01	-3.702728e-03	-1.314643e-01	-3.717190e-03	-7.008588e-01	9.168251e-01	7.067296e-02	1.394279e+00	1.064840e+01
50	-6.777330e-04	1.256047e+00	-6.736759e-04	2.063335e+01	-1.024032e-03	-7.642140e-02	-1.034552e-03	-1.967431e-01	9.168226e-01	7.048094e-02	1.393979e+00	1.062601e+01
51	-1.084360e-04	1.206209e+00	-1.106439e-04	2.034531e+01	5.692970e-04	-4.983745e-02	5.630320e-04	-2.880359e-01	9.168235e-01	7.039692e-02	1.394044e+00	1.062032e+01
52	5.196938e-04	1.203987e+00	5.172315e-04	1.988264e+01	6.281297e-04	-2.222000e-03	6.278754e-04	-4.626768e-01	9.168236e-01	7.039670e-02	1.393912e+00	1.062078e+01
53	4.243488e-05	1.286304e+00	4.428955e-05	2.062695e+01	-4.772589e-04	8.231724e-02	-4.729420e-04	7.443150e-01	9.168249e-01	7.016951e-02	1.393942e+00	1.061575e+01
54	-2.243420e-04	1.311979e+00	-2.232926e-04	2.077917e+01	-2.667768e-04	2.567501e-02	-2.675822e-04	1.522151e-01	9.168251e-01	7.014726e-02	1.393957e+00	1.061428e+01
55	-9.518277e-04	1.309676e+00	-9.489818e-04	2.067188e+01	-7.274857e-04	-2.303336e-03	-7.256892e-04	-1.072834e-01	9.168251e-01	7.014715e-02	1.393985e+00	1.061437e+01
56	-6.303757e-03	1.297973e+00	-6.282840e-03	2.057631e+01	-5.351929e-03	-1.170281e-02	-5.333858e-03	-9.557692e-02	9.168241e-01	7.014496e-02	1.393893e+00	1.061417e+01
57	-1.442146e-02	1.273669e+00	-1.438967e-02	1.976237e+01	-8.117708e-03	-2.430464e-02	-8.106833e-03	-8.139361e-01	9.168201e-01	7.013295e-02	1.395993e+00	1.062046e+01
58	-2.263526e-02	1.329600e+00	-2.260305e-02	1.998258e+01	-8.213793e-03	5.593172e-02	-8.213375e-03	2.202095e-01	9.168380e-01	7.001079e-02	1.397404e+00	1.061085e+01
59	-3.153719e-02	1.366529e+00	-3.150229e-02	1.984742e+01	-8.901933e-03	3.692896e-02	-8.899243e-03	-1.351586e-01	9.168521e-01	6.995254e-02	1.399578e+00	1.060183e+01
60	-3.832914e-02	1.407800e+00	-3.830247e-02	2.067853e+01	-6.791948e-03	4.127071e-02	-6.800180e-03	8.311104e-01	9.168632e-01	6.988477e-02	1.398279e+00	1.060972e+01
61	-5.642798e-02	1.321736e+00	-5.635717e-02	1.991815e+01	-1.809884e-02	-8.606420e-02	-1.805470e-02	-7.603774e-01	9.168242e-01	6.969932e-02	1.396754e+00	1.060247e+01
62	-6.662114e-02	1.257145e+00	-6.658104e-02	1.761717e+01	-1.019316e-02	-6.459042e-02	-1.022387e-02	-2.300987e+00	9.168067e-01	6.958839e-02	1.404494e+00	1.065151e+01
63	-6.968034e-02	1.449442e+00	-6.966824e-02	1.985799e+01	-3.059206e-03	1.922967e-01	-3.087193e-03	2.240820e+00	9.168262e-01	6.836296e-02	1.404213e+00	1.066917e+01
64	-8.142484e-02	1.421496e+00	-8.137891e-02	1.868000e+01	-1.174450e-02	-2.794588e-02	-1.171068e-02	-1.177986e+00	9.168208e-01	6.835013e-02	1.409027e+00	1.068062e+01
65	-9.563247e-02	1.476249e+00	-9.557679e-02	1.947298e+01	-1.420763e-02	5.475234e-02	-1.419787e-02	7.929783e-01	9.168539e-01	6.822252e-02	1.407490e+00	1.068655e+01
66	-1.018684e-01	1.407903e+00	-1.018439e-01	1.929660e+01	-6.235968e-03	-6.834531e-02	-6.267069e-03	-1.763761e-01	9.168418e-01	6.808931e-02	1.405827e+00	1.066832e+01
67	-1.072490e-01	1.280626e+00	-1.072278e-01	1.685047e+01	-5.380519e-03	-1.272769e-01	-5.383982e-03	-2.446129e+00	9.168210e-01	6.759664e-02	1.408566e+00	1.073313e+01
68	-1.157712e-01	1.386221e+00	-1.157378e-01	1.949526e+01	-8.522236e-03	1.055944e-01	-8.509977e-03	2.644787e+00	9.168525e-01	6.720587e-02	1.402434e+00	1.080912e+01
69	-1.206171e-01	1.186221e+00	-1.205981e-01	1.707844e+01	-4.845954e-03	-2.000000e-01	-4.860267e-03	-2.416823e+00	9.168231e-01	6.599287e-02	1.402994e+00	1.083224e+01
70	-1.213345e-01	1.165956e+00	-1.213316e-01	1.587267e+01	-7.173482e-04	-2.026458e-02	-7.335315e-04	-1.205766e+00	9.168227e-01	6.598073e-02	1.403330e+00	1.084172e+01
71	-1.195253e-01	1.289463e+00	-1.195324e-01	1.716035e+01	1.809186e-03	1.235064e-01	1.799254e-03	1.287673e+00	9.168158e-01	6.551447e-02	1.403284e+00	1.083858e+01
72	-1.171866e-01	1.279827e+00	-1.171958e-01	1.594477e+01	2.338663e-03	-9.635996e-03	2.336556e-03	-1.215576e+00	9.168168e-01	6.551070e-02	1.402046e+00	1.084368e+01
73	-1.126902e-01	1.368643e+00	-1.127078e-01	1.745329e+01	4.496409e-03	8.881609e-02	4.487972e-03	1.508518e+00	9.168052e-01	6.528156e-02	1.403193e+00	1.086634e+01
74	-1.050018e-01	1.247649e+00	-1.050319e-01	1.682413e+01	7.688421e-03	-1.209942e-01	7.675919e-03	-6.291622e-01	9.168361e-01	6.479514e-02	1.405639e+00	1.082784e+01
75	-7.297438e-02	1.085965e+00	-7.309961e-02	1.634330e+01	3.202743e-02	-1.616833e-01	3.193231e-02	-4.808284e-01	9.170319e-01	6.380674e-02	1.424023e+00	1.073503e+01
76	-3.786511e-02	8.859652e-01	-3.800275e-02	1.443142e+01	3.510927e-02	-2.000000e-01	3.509686e-02	-1.911880e+00	9.172878e-01	6.234891e-02	1.427048e+00	1.071780e+01
77	3.609464e-03	8.330026e-01	3.446916e-03	1.362439e+01	4.147458e-02	-5.296264e-02	4.144966e-02	-8.070276e-01	9.174196e-01	6.218055e-02	1.421179e+00	1.072529e+01
78	5.454081e-02	8.702507e-01	5.434122e-02	1.438177e+01	5.093134e-02	3.724813e-02	5.089430e-02	7.573787e-01	9.174644e-01	6.221326e-02	1.428072e+00	1.073033e+01
79	1.083150e-01	8.114845e-01	1.081041e-01	1.447048e+01	5.377417e-02	-5.876620e-02	5.376292e-02	8.871064e-02	9.176702e-01	6.198835e-02	1.444432e+00	1.071245e+01
80	1.669288e-01	6.733411e-01	1.666990e-01	1.233272e+01	5.861383e-02	-1.381434e-01	5.859488e-02	-2.137755e+00	9.180383e-01	6.112080e-02	1.423988e+00	1.076064e+01
81	2.347185e-01	7.250984e-01	2.344528e-01	1.123915e+01	6.778974e-02	5.175727e-02	6.775382e-02	-1.093570e+00	9.181139e-01	6.117853e-02	1.367936e+00	1.071784e+01
82	2.715866e-01	9.250984e-01	2.714416e-01	1.455436e+01	3.686809e-02	2.000000e-01	3.698874e-02	3.315206e+00	9.179578e-01	6.033191e-02	1.387174e+00	1.082220e+01
83	2.960632e-01	7.250984e-01	2.959670e-01	1.331562e+01	2.447654e-02	-2.000000e-01	2.452542e-02	-1.238745e+00	9.181187e-01	5.901689e-02	1.397335e+00	1.073917e+01
84	3.305939e-01	5.250984e-01	3.304586e-01	9.966675e+00	3.453070e-02	-2.000000e-01	3.449162e-02	-3.348941e+00	9.183532e-01	5.765865e-02	1.377256e+00	1.085546e+01
85	3.392282e-01	6.410885e-01	3.391940e-01	1.096928e+01	8.634362e-03	1.159901e-01	8.735367e-03	1.002604e+00	9.183293e-01	5.733676e-02	1.376163e+00	1.084077e+01
86	3.314709e-01	6.435727e-01	3.315011e-01	1.162804e+01	-7.757337e-03	2.484181e-03	-7.692912e-03	6.587653e-01	9.183319e-01	5.733592e-02	1.373796e+00	1.084153e+01
87	3.290430e-01	4.838792e-01	3.290526e-01	1.094611e+01	-2.427953e-03	-1.596934e-01	-2.448519e-03	-6.819367e-01	9.183217e-01	5.666653e-02	1.372597e+00	1.076268e+01
88	3.250646e-01	2.838792e-01	3.250802e-01	9.452762e+00	-3.978358e-03	-2.000000e-01	-3.972382e-03	-1.493346e+00	9.183013e-01	5.564069e-02	1.371365e+00	1.070078e+01
89	3.127874e-01	1.631292e-01	3.128354e-01	9.959116e+00	-1.227722e-02	-1.207501e-01	-1.224478e-02	5.063536e-01	9.182680e-01	5.531341e-02	1.360857e+00	1.059742e+01
90	2.968361e-01	0.000000e+00	2.968986e-01	7.514704e+00	-1.595125e-02	-1.631292e-01	-1.593677e-02	-2.444412e+00	9.182102e-01	5.472208e-02	1.366045e+00	1.065048e+01
91	2.895326e-01	2.445564e-02	2.895614e-01	8.861589e+00	-7.303474e-03	2.445564e-02	-7.337198e-03	1.346885e+00	9.182171e-01	5.469921e-02	1.362243e+00	1.066321e+01
92	2.875288e-01	0.000000e+00	2.875367e-01	7.272525e+00	-2.003846e-03	-2.445564e-02	-2.024680e-03	-1.589064e+00	9.182160e-01	5.468582e-02	1.363504e+00	1.067861e+01
93	2.788415e-01	0.000000e+00	2.788755e-01	7.656948e+00	-8.687314e-03	0.000000e+00	-8.661288e-03	3.844230e-01	9.182188e-01	5.468582e-02	1.000000e+00	1.100000e+01
94	2.682694e-01	0.000000e+00	2.683108e-01	3.647648e+00	-1.057210e-02	0.000000e+00	-1.056463e-02	-4.009300e+00	9.182231e-01	5.468582e-02	1.000000e+00	1.100000e+01
95	2.625361e-01	2.000000e-01	2.625586e-01	5.911716e+00	-5.733309e-03	2.000000e-01	-5.752181e-03	2.264068e+00	9.182536e-01	5.362176e-02	9.998136e-01	1.100650e+01
96	2.642594e-01	1.140959e-01	2.642527e-01	4.791139e+00	1.723311e-03	-8.590411e-02	1.694109e-03	-1.120577e+00	9.182574e-01	5.342995e-02	9.996695e-01	1.101369e+01
97	2.624650e-01	9.360884e-02	2.624720e-01	4.676466e+00	-1.794412e-03	-2.048706e-02	-1.780785e-03	-1.146730e-01	9.182566e-01	5.342059e-02	9.995734e-01	1.101259e+01
98	2.563274e-01	9.152406e-03	2.563514e-01	4.115623e+00	-6.137542e-03	-8.445643e-02	-6.120523e-03	-5.608424e-01	9.182449e-01	5.325962e-02	9.984829e-01	1.099759e+01
