#sequence delta(k-1),f(k-1),theta(k),v(k),delta_diff(k-1),f_diff(k-1),theta_diff(k),v_diff(k),phi(1,1;k),phi(1,2;k),phi(2,1;k),phi(2,2;k)
1	7.570882e-01	0.000000e+00	7.569411e-01	3.148802e-01	7.570882e-01	0.000000e+00	3.751871e-02	3.125187e-01	7.988721e-01	1.000000e-01	1.000000e+00	6.000000e+00
2	7.660687e-01	2.000000e-01	7.660330e-01	2.871582e+00	8.980424e-03	2.000000e-01	9.091902e-03	2.556701e+00	7.987965e-01	9.831593e-02	1.005636e+00	6.125518e+00
3	7.525851e-01	3.226003e-01	7.526376e-01	5.820356e+00	-1.348357e-02	1.226003e-01	-1.339538e-02	2.948774e+00	7.988898e-01	9.746759e-02	9.915800e-01	6.253324e+00
4	7.506018e-01	2.854159e-01	7.506098e-01	6.470863e+00	-1.983255e-03	-3.718436e-02	-2.027834e-03	6.505074e-01	7.988868e-01	9.741145e-02	9.907468e-01	6.237703e+00
5	7.558226e-01	2.576808e-01	7.558022e-01	7.685851e+00	5.220727e-03	-2.773515e-02	5.192413e-03	1.214989e+00	7.988960e-01	9.736241e-02	9.941746e-01	6.219493e+00
6	7.542367e-01	2.172317e-01	7.542428e-01	7.015889e+00	-1.585847e-03	-4.044910e-02	-1.559370e-03	-6.699621e-01	7.988933e-01	9.729242e-02	9.944884e-01	6.227495e+00
7	7.484616e-01	3.238611e-01	7.484842e-01	8.526063e+00	-5.775115e-03	1.066294e-01	-5.758647e-03	1.510174e+00	7.989247e-01	9.671230e-02	9.921647e-01	6.270397e+00
8	7.415188e-01	4.686954e-01	7.415460e-01	9.331637e+00	-6.942832e-03	1.448344e-01	-6.938206e-03	8.055735e-01	7.989750e-01	9.566395e-02	9.924771e-01	6.263881e+00
9	7.366591e-01	6.686954e-01	7.366782e-01	9.953490e+00	-4.859643e-03	2.000000e-01	-4.867763e-03	6.218530e-01	7.990205e-01	9.379025e-02	9.938940e-01	6.205569e+00
10	7.294535e-01	8.686954e-01	7.294817e-01	1.067995e+01	-7.205651e-03	2.000000e-01	-7.196519e-03	7.264562e-01	7.990883e-01	9.190919e-02	9.955969e-01	6.158303e+00
11	7.182622e-01	1.068695e+00	7.183060e-01	1.095111e+01	-1.119131e-02	2.000000e-01	-1.117570e-02	2.711638e-01	7.991957e-01	8.998931e-02	1.000544e+00	6.069888e+00
12	7.041636e-01	1.268695e+00	7.042188e-01	1.247881e+01	-1.409860e-02	2.000000e-01	-1.408718e-02	1.527701e+00	7.993324e-01	8.805062e-02	9.983921e-01	6.100419e+00
13	6.876474e-01	1.468695e+00	6.877121e-01	1.288493e+01	-1.651620e-02	2.000000e-01	-1.650671e-02	4.061219e-01	7.994932e-01	8.610292e-02	1.004525e+00	6.026154e+00
14	6.649577e-01	1.668695e+00	6.650466e-01	1.282275e+01	-2.268968e-02	2.000000e-01	-2.266552e-02	-6.218280e-02	7.997229e-01	8.407808e-02	1.017673e+00	5.910263e+00
15	6.353783e-01	1.868695e+00	6.354942e-01	1.357513e+01	-2.957944e-02	2.000000e-01	-2.955243e-02	7.523786e-01	8.000356e-01	8.196359e-02	1.023174e+00	5.873064e+00
16	6.010351e-01	2.068695e+00	6.011697e-01	1.523170e+01	-3.434315e-02	2.000000e-01	-3.432443e-02	1.656569e+00	8.004071e-01	7.980020e-02	1.014909e+00	5.921197e+00
17	5.565887e-01	2.268695e+00	5.567628e-01	1.524471e+01	-4.444643e-02	2.000000e-01	-4.440689e-02	1.301448e-02	8.009198e-01	7.749341e-02	1.038195e+00	5.816415e+00
18	4.913561e-01	2.468695e+00	4.916116e-01	1.632877e+01	-6.523257e-02	2.000000e-01	-6.515122e-02	1.084060e+00	8.017808e-01	7.485346e-02	1.038544e+00	5.815346e+00
19	4.057890e-01	2.668695e+00	4.061242e-01	1.866016e+01	-8.556716e-02	2.000000e-01	-8.548741e-02	2.331386e+00	8.030455e-01	7.189746e-02	9.886272e-01	5.932018e+00
20	2.759207e-01	2.868695e+00	2.764293e-01	1.954093e+01	-1.298682e-01	2.000000e-01	-1.296949e-01	8.807721e-01	8.054319e-01	6.822245e-02	9.992584e-01	5.915646e+00
21	2.080292e-01	3.068695e+00	2.082964e-01	2.218535e+01	-6.789155e-02	2.000000e-01	-6.813297e-02	2.644420e+00	8.062866e-01	6.570454e-02	9.510221e-01	6.057744e+00
22	1.059086e-01	3.268695e+00	1.063086e-01	2.353464e+01	-1.021205e-01	2.000000e-01	-1.019878e-01	1.349288e+00	8.078380e-01	6.266608e-02	9.399100e-01	6.079506e+00
23	-6.878399e-03	3.468695e+00	-6.436262e-03	2.487559e+01	-1.127870e-01	2.000000e-01	-1.127449e-01	1.340954e+00	8.096213e-01	5.950382e-02	9.278490e-01	6.100894e+00
24	-3.717590e-02	3.668695e+00	-3.705583e-02	2.457570e+01	-3.029750e-02	2.000000e-01	-3.061956e-02	-2.998959e-01	8.098751e-01	5.782895e-02	9.488898e-01	5.961999e+00
25	8.650601e-03	3.868695e+00	8.472060e-03	2.504927e+01	4.582650e-02	2.000000e-01	4.552789e-02	4.735758e-01	8.098079e-01	5.753572e-02	9.326383e-01	5.891072e+00
26	2.221348e-02	4.068695e+00	2.215981e-02	2.604242e+01	1.356288e-02	2.000000e-01	1.368775e-02	9.931471e-01	8.097523e-01	5.671593e-02	9.313896e-01	5.872659e+00
27	-1.471869e-02	4.268695e+00	-1.457463e-02	2.753949e+01	-3.693217e-02	2.000000e-01	-3.673444e-02	1.497071e+00	8.100646e-01	5.502460e-02	9.252548e-01	5.905881e+00
28	-8.340240e-03	4.384625e+00	-8.364593e-03	2.676132e+01	6.378449e-03	1.159300e-01	6.210040e-03	-7.781702e-01	8.100485e-01	5.473274e-02	9.208347e-01	5.825544e+00
29	1.122778e-02	4.584625e+00	1.115125e-02	2.874196e+01	1.956802e-02	2.000000e-01	1.951584e-02	1.980644e+00	8.099822e-01	5.405466e-02	9.281008e-01	5.899809e+00
30	1.342104e-03	4.533462e+00	1.380421e-03	2.866633e+01	-9.885679e-03	-5.116386e-02	-9.770829e-03	-7.563048e-02	8.099775e-01	5.403034e-02	9.269969e-01	5.894095e+00
31	-9.058692e-03	4.657665e+00	-9.017914e-03	3.049908e+01	-1.040080e-02	1.242036e-01	-1.039833e-02	1.832748e+00	8.100201e-01	5.352192e-02	9.215537e-01	5.959096e+00
32	6.774311e-03	4.457665e+00	6.712623e-03	2.954141e+01	1.583300e-02	-2.000000e-01	1.573054e-02	-9.576749e-01	8.101204e-01	5.225449e-02	9.231724e-01	5.938650e+00
33	5.842224e-03	4.516794e+00	5.845623e-03	2.927427e+01	-9.320876e-04	5.912874e-02	-8.669992e-04	-2.671419e-01	8.101218e-01	5.216473e-02	9.234452e-01	5.921339e+00
34	-1.114736e-02	4.716794e+00	-1.108098e-02	2.984947e+01	-1.698958e-02	2.000000e-01	-1.692660e-02	5.752055e-01	8.102294e-01	5.089862e-02	9.281392e-01	5.866082e+00
35	-8.745776e-04	4.877236e+00	-9.144464e-04	3.123642e+01	1.027278e-02	1.604419e-01	1.016653e-02	1.386949e+00	8.101989e-01	5.042289e-02	9.302408e-01	5.898904e+00
36	1.810780e-02	4.677236e+00	1.803349e-02	2.863837e+01	1.898238e-02	-2.000000e-01	1.894794e-02	-2.598053e+00	8.103196e-01	4.915151e-02	9.175496e-01	6.032619e+00
37	-9.285843e-03	4.877236e+00	-9.179127e-03	2.879329e+01	-2.739364e-02	2.000000e-01	-2.721262e-02	1.549270e-01	8.105089e-01	4.776937e-02	9.306392e-01	5.937052e+00
38	-4.037051e-02	5.000000e+00	-4.024867e-02	3.003471e+01	-3.108467e-02	1.227642e-01	-3.106954e-02	1.241418e+00	8.106808e-01	4.709024e-02	9.227076e-01	5.968377e+00
39	-3.925859e-02	4.966028e+00	-3.926246e-02	2.968336e+01	1.111923e-03	-3.397207e-02	9.862139e-04	-3.513529e-01	8.106817e-01	4.706308e-02	9.226287e-01	5.970790e+00
40	-6.131895e-02	5.000000e+00	-6.123279e-02	2.964960e+01	-2.206036e-02	3.397207e-02	-2.197033e-02	-3.375864e-02	8.107413e-01	4.697141e-02	9.248928e-01	5.967303e+00
41	-9.825493e-02	5.000000e+00	-9.811031e-02	2.963570e+01	-3.693598e-02	0.000000e+00	-3.687752e-02	-1.390088e-02	8.108628e-01	4.697141e-02	1.000000e+00	6.000000e+00
42	-9.214183e-02	4.985115e+00	-9.216514e-02	2.999551e+01	6.113104e-03	-1.488473e-02	5.945172e-03	3.598062e-01	8.108677e-01	4.695948e-02	1.001286e+00	5.996868e+00
43	-5.939595e-02	4.785115e+00	-5.952395e-02	2.992095e+01	3.274588e-02	-2.000000e-01	3.264119e-02	-7.455072e-02	8.111036e-01	4.551843e-02	1.017930e+00	5.895213e+00
44	-3.200164e-02	4.585115e+00	-3.210915e-02	3.011061e+01	2.739431e-02	-2.000000e-01	2.741480e-02	1.896557e-01	8.112860e-01	4.418716e-02	1.035029e+00	5.770379e+00
45	2.576920e-02	4.385115e+00	2.554311e-02	3.005251e+01	5.777084e-02	-2.000000e-01	5.765226e-02	-5.809914e-02	8.118130e-01	4.236270e-02	1.062860e+00	5.674029e+00
46	1.326775e-02	4.185115e+00	1.331570e-02	2.838980e+01	-1.250145e-02	-2.000000e-01	-1.222741e-02	-1.662708e+00	8.117758e-01	4.176723e-02	1.065856e+00	5.721956e+00
47	-8.386396e-03	4.090673e+00	-8.301622e-03	2.761991e+01	-2.165415e-02	-9.444260e-02	-2.161732e-02	-7.698943e-01	8.117767e-01	4.177144e-02	1.067969e+00	5.731172e+00
48	1.215167e-02	3.965207e+00	1.207177e-02	2.710880e+01	2.053807e-02	-1.254657e-01	2.037340e-02	-5.111107e-01	8.118633e-01	4.124281e-02	1.069769e+00	5.720175e+00
49	1.536463e-02	3.765207e+00	1.535177e-02	2.650664e+01	3.212963e-03	-2.000000e-01	3.279996e-03	-6.021605e-01	8.118766e-01	4.041202e-02	1.070575e+00	5.670027e+00
50	-4.500668e-03	3.565207e+00	-4.423119e-03	2.556373e+01	-1.986530e-02	-2.000000e-01	-1.977489e-02	-9.429069e-01	8.118356e-01	3.999897e-02	1.068610e+00	5.650251e+00
51	-7.282829e-03	3.376089e+00	-7.271659e-03	2.365573e+01	-2.782162e-03	-1.891175e-01	-2.848539e-03	-1.907997e+00	8.118265e-01	3.938345e-02	1.069696e+00	5.724071e+00
52	-6.577106e-04	3.551272e+00	-6.835464e-04	2.589402e+01	6.625119e-03	1.751830e-01	6.588112e-03	2.238289e+00	8.118089e-01	3.891716e-02	1.073504e+00	5.824745e+00
53	-2.027175e-03	3.351272e+00	-2.021927e-03	2.472313e+01	-1.369464e-03	-2.000000e-01	-1.338380e-03	-1.170895e+00	8.118041e-01	3.821335e-02	1.073507e+00	5.825162e+00
54	1.440281e-03	3.151272e+00	1.426757e-03	2.356963e+01	3.467456e-03	-2.000000e-01	3.448683e-03	-1.153501e+00	8.118174e-01	3.744250e-02	1.073519e+00	5.824435e+00
55	1.417361e-03	2.951272e+00	1.417398e-03	2.202831e+01	-2.291992e-05	-2.000000e-01	-9.358971e-06	-1.541314e+00	8.118174e-01	3.674418e-02	1.073523e+00	5.859492e+00
56	-1.178559e-02	2.787091e+00	-1.173401e-02	2.177096e+01	-1.320295e-02	-1.641817e-01	-1.315141e-02	-2.573472e-01	8.117951e-01	3.646721e-02	1.069075e+00	5.804182e+00
57	-2.956622e-02	2.587091e+00	-2.949656e-02	2.173008e+01	-1.778063e-02	-2.000000e-01	-1.776255e-02	-4.088620e-02	8.117623e-01	3.609797e-02	1.059646e+00	5.698119e+00
58	-4.186669e-02	2.387091e+00	-4.181837e-02	2.090222e+01	-1.230048e-02	-2.000000e-01	-1.232181e-02	-8.278585e-01	8.117343e-01	3.564323e-02	1.057786e+00	5.667870e+00
59	-5.184176e-02	2.187091e+00	-5.180260e-02	1.900242e+01	-9.975066e-03	-2.000000e-01	-9.984233e-03	-1.899797e+00	8.117100e-01	3.515507e-02	1.061296e+00	5.738248e+00
60	-5.824970e-02	1.987091e+00	-5.822452e-02	1.710213e+01	-6.407940e-03	-2.000000e-01	-6.421910e-03	-1.900296e+00	8.116926e-01	3.461391e-02	1.063521e+00	5.807712e+00
61	-5.559730e-02	1.890613e+00	-5.560756e-02	1.654834e+01	2.652402e-03	-9.647772e-02	2.616956e-03	-5.537899e-01	8.116974e-01	3.444042e-02	1.063526e+00	5.807543e+00
62	-4.483170e-02	1.690613e+00	-4.487380e-02	1.527805e+01	1.076559e-02	-2.000000e-01	1.073376e-02	-1.270285e+00	8.117419e-01	3.361308e-02	1.062923e+00	5.818740e+00
63	-3.444735e-02	1.490613e+00	-3.448808e-02	1.321599e+01	1.038435e-02	-2.000000e-01	1.038572e-02	-2.062062e+00	8.117839e-01	3.280480e-02	1.058526e+00	5.903430e+00
64	-2.095529e-02	1.520722e+00	-2.100816e-02	1.298135e+01	1.349206e-02	3.010866e-02	1.347992e-02	-2.346401e-01	8.117937e-01	3.282680e-02	1.055793e+00	5.897332e+00
65	-3.662267e-03	1.320722e+00	-3.730024e-03	1.126187e+01	1.729303e-02	-2.000000e-01	1.727813e-02	-1.719483e+00	8.118727e-01	3.191371e-02	1.051298e+00	5.949320e+00
66	1.536364e-02	1.239434e+00	1.528906e-02	1.000898e+01	1.902591e-02	-8.128801e-02	1.901908e-02	-1.252883e+00	8.119282e-01	3.167644e-02	1.044190e+00	5.979690e+00
67	3.244644e-02	1.204945e+00	3.237942e-02	1.003040e+01	1.708280e-02	-3.448897e-02	1.709036e-02	2.141961e-02	8.119632e-01	3.160583e-02	1.045891e+00	5.976255e+00
68	4.652748e-02	1.004945e+00	4.647221e-02	8.430973e+00	1.408104e-02	-2.000000e-01	1.409280e-02	-1.599431e+00	8.120221e-01	3.076948e-02	1.043144e+00	6.015267e+00
69	5.495575e-02	8.049447e-01	5.492261e-02	6.697225e+00	8.428272e-03	-2.000000e-01	8.450399e-03	-1.733747e+00	8.120525e-01	3.004673e-02	1.041027e+00	6.065512e+00
70	6.573046e-02	7.081652e-01	6.568824e-02	5.705956e+00	1.077471e-02	-9.677950e-02	1.076563e-02	-9.912692e-01	8.120776e-01	2.982144e-02	1.038911e+00	6.084521e+00
71	7.800785e-02	5.494649e-01	7.795973e-02	4.077287e+00	1.227739e-02	-1.587003e-01	1.227149e-02	-1.628670e+00	8.121181e-01	2.929784e-02	1.035019e+00	6.134828e+00
72	8.286752e-02	5.104388e-01	8.284835e-02	3.605133e+00	4.859667e-03	-3.902601e-02	4.888619e-03	-4.721532e-01	8.121229e-01	2.925921e-02	1.034470e+00	6.139232e+00
73	9.056231e-02	3.104388e-01	9.053218e-02	1.840955e+00	7.694795e-03	-2.000000e-01	7.683833e-03	-1.764179e+00	8.121491e-01	2.858058e-02	1.032520e+00	6.189924e+00
74	8.924580e-02	2.332841e-01	8.925083e-02	1.246061e+00	-1.316510e-03	-7.715477e-02	-1.281352e-03	-5.948941e-01	8.121478e-01	2.850776e-02	1.032592e+00	6.194161e+00
75	9.044911e-02	3.328407e-02	9.044443e-02	1.921310e-01	1.203309e-03	-2.000000e-01	1.193604e-03	-1.053930e+00	8.121511e-01	2.795658e-02	1.032695e+00	6.177055e+00
76	8.893809e-02	0.000000e+00	8.894398e-02	9.532658e-02	-1.511020e-03	-3.328407e-02	-1.500455e-03	-9.680440e-02	8.121507e-01	2.794619e-02	1.032616e+00	6.175312e+00
77	8.811585e-02	0.000000e+00	8.811908e-02	0.000000e+00	-8.222470e-04	0.000000e+00	-8.248963e-04	-9.532658e-02	8.121507e-01	2.794619e-02	1.000000e+00	6.000000e+00
78	9.663787e-02	0.000000e+00	9.660459e-02	7.691498e-01	8.522021e-03	0.000000e+00	8.485510e-03	7.691498e-01	8.121570e-01	2.794619e-02	1.000000e+00	6.000000e+00
79	9.589835e-02	0.000000e+00	9.590111e-02	0.000000e+00	-7.395160e-04	0.000000e+00	-7.034808e-04	-7.691498e-01	8.121571e-01	2.794619e-02	1.000000e+00	6.000000e+00
80	9.853372e-02	0.000000e+00	9.852344e-02	0.000000e+00	2.635372e-03	0.000000e+00	2.622329e-03	0.000000e+00	8.121577e-01	2.794619e-02	1.000000e+00	6.000000e+00
81	9.781848e-02	0.000000e+00	9.782124e-02	0.000000e+00	-7.152379e-04	0.000000e+00	-7.022006e-04	0.000000e+00	8.121577e-01	2.794619e-02	1.000000e+00	6.000000e+00
82	9.756722e-02	1.711621e-02	9.756821e-02	0.000000e+00	-2.512656e-04	1.711621e-02	-2.530271e-04	0.000000e+00	8.121578e-01	2.794191e-02	1.000012e+00	5.999167e+00
83	9.719145e-02	6.245215e-02	9.719292e-02	7.912477e-01	-3.757709e-04	4.533594e-02	-3.752915e-04	7.912477e-01	8.121580e-01	2.791315e-02	9.999196e-01	6.010346e+00
84	8.980866e-02	0.000000e+00	8.983751e-02	0.000000e+00	-7.382783e-03	-6.245215e-02	-7.355410e-03	-7.912477e-01	8.121567e-01	2.790179e-02	1.001349e+00	6.022440e+00
85	9.727102e-02	0.000000e+00	9.724198e-02	7.136690e-04	7.462357e-03	0.000000e+00	7.404475e-03	7.136690e-04	8.121615e-01	2.790179e-02	1.000000e+00	6.000000e+00
86	9.018103e-02	1.989589e-02	9.020861e-02	4.462241e-01	-7.089989e-03	1.989589e-02	-7.033370e-03	4.455104e-01	8.121676e-01	2.788449e-02	9.988780e-01	6.003148e+00
87	9.232067e-02	0.000000e+00	9.231242e-02	6.650678e-01	2.139641e-03	-1.989589e-02	2.103809e-03	2.188437e-01	8.121685e-01	2.787579e-02	9.992196e-01	5.999972e+00
88	9.502521e-02	0.000000e+00	9.501461e-02	0.000000e+00	2.704533e-03	0.000000e+00	2.702187e-03	-6.650678e-01	8.121692e-01	2.787579e-02	1.000000e+00	6.000000e+00
89	1.041986e-01	0.000000e+00	1.041627e-01	0.000000e+00	9.173372e-03	0.000000e+00	9.148094e-03	0.000000e+00	8.121766e-01	2.787579e-02	1.000000e+00	6.000000e+00
90	1.037604e-01	0.000000e+00	1.037619e-01	0.000000e+00	-4.382046e-04	0.000000e+00	-4.007581e-04	0.000000e+00	8.121766e-01	2.787579e-02	1.000000e+00	6.000000e+00
91	1.015464e-01	6.970407e-03	1.015550e-01	5.779326e-01	-2.214009e-03	6.970407e-03	-2.206926e-03	5.779326e-01	8.121772e-01	2.787379e-02	9.994339e-01	6.001782e+00
92	9.351571e-02	0.000000e+00	9.354711e-02	2.607934e-01	-8.030660e-03	-6.970407e-03	-8.007911e-03	-3.171392e-01	8.121822e-01	2.787807e-02	1.000453e+00	6.002667e+00
93	9.610308e-02	0.000000e+00	9.609309e-02	0.000000e+00	2.587373e-03	0.000000e+00	2.545985e-03	-2.607934e-01	8.121827e-01	2.787807e-02	1.000000e+00	6.000000e+00
94	1.107738e-01	0.000000e+00	1.107164e-01	0.000000e+00	1.467069e-02	0.000000e+00	1.462332e-02	0.000000e+00	8.122016e-01	2.787807e-02	1.000000e+00	6.000000e+00
95	1.038420e-01	3.664376e-03	1.038688e-01	1.599555e+00	-6.931808e-03	3.664376e-03	-6.847608e-03	1.599555e+00	8.122059e-01	2.787577e-02	9.947830e-01	6.002758e+00
96	1.019035e-01	0.000000e+00	1.019111e-01	3.967093e-01	-1.938494e-03	-3.664376e-03	-1.957670e-03	-1.202846e+00	8.122062e-01	2.787626e-02	9.958685e-01	6.004810e+00
97	1.018157e-01	0.000000e+00	1.018161e-01	4.004509e-01	-8.778269e-05	0.000000e+00	-9.508694e-05	3.741591e-03	8.122062e-01	2.787626e-02	1.000000e+00	6.000000e+00
98	1.022880e-01	0.000000e+00	1.022862e-01	1.054255e+00	4.723626e-04	0.000000e+00	4.701460e-04	6.538039e-01	8.122062e-01	2.787626e-02	1.000000e+00	6.000000e+00
99	1.082688e-01	0.000000e+00	1.082454e-01	0.000000e+00	5.980710e-03	0.000000e+00	5.959184e-03	-1.054255e+00	8.122093e-01	2.787626e-02	1.000000e+00	6.000000e+00
100	1.211166e-01	0.000000e+00	1.210663e-01	0.000000e+00	1.284785e-02	0.000000e+00	1.282094e-02	0.000000e+00	8.122239e-01	2.787626e-02	1.000000e+00	6.000000e+00
101	1.157332e-01	2.446127e-02	1.157540e-01	0.000000e+00	-5.383426e-03	2.446127e-02	-5.312315e-03	0.000000e+00	8.122280e-01	2.785743e-02	1.000361e+00	5.998358e+00
102	1.132371e-01	7.588753e-02	1.132470e-01	1.393844e-01	-2.496044e-03	5.142626e-02	-2.507045e-03	1.393844e-01	8.122303e-01	2.781078e-02	1.000559e+00	5.994294e+00
103	1.056322e-01	1.134969e-01	1.056619e-01	1.069026e-01	-7.604955e-03	3.760937e-02	-7.585041e-03	-3.248182e-02	8.122392e-01	2.776697e-02	1.001462e+00	5.989825e+00
104	1.043822e-01	1.691478e-01	1.043872e-01	2.092906e+00	-1.249961e-03	5.565085e-02	-1.274707e-03	1.986003e+00	8.122402e-01	2.771934e-02	1.000482e+00	6.033478e+00
105	1.190190e-01	0.000000e+00	1.189619e-01	2.338760e+00	1.463680e-02	-1.691478e-01	1.457465e-02	2.458543e-01	8.122908e-01	2.713523e-02	1.009061e+00	5.934334e+00
106	1.287602e-01	0.000000e+00	1.287219e-01	8.338944e-01	9.741202e-03	0.000000e+00	9.760082e-03	-1.504866e+00	8.122993e-01	2.713523e-02	1.000000e+00	6.000000e+00
107	1.216208e-01	0.000000e+00	1.216486e-01	6.450238e-01	-7.139394e-03	0.000000e+00	-7.073380e-03	-1.888706e-01	8.123036e-01	2.713523e-02	1.000000e+00	6.000000e+00
108	1.207949e-01	0.000000e+00	1.207983e-01	0.000000e+00	-8.258810e-04	0.000000e+00	-8.502853e-04	-6.450238e-01	8.123037e-01	2.713523e-02	1.000000e+00	6.000000e+00
109	1.270316e-01	6.115548e-02	1.270072e-01	0.000000e+00	6.236608e-03	6.115548e-02	6.208925e-03	0.000000e+00	8.123022e-01	2.712025e-02	9.988966e-01	5.989180e+00
110	1.266006e-01	1.490477e-01	1.266022e-01	5.990436e-01	-4.309101e-04	8.789223e-02	-4.049732e-04	5.990436e-01	8.123027e-01	2.701884e-02	9.988817e-01	5.992219e+00
111	1.184607e-01	8.998374e-02	1.184925e-01	0.000000e+00	-8.139950e-03	-5.906397e-02	-8.109736e-03	-5.990436e-01	8.123023e-01	2.701609e-02	9.997964e-01	5.998856e+00
112	1.253893e-01	1.529384e-01	1.253623e-01	0.000000e+00	6.928577e-03	6.295465e-02	6.869834e-03	0.000000e+00	8.123008e-01	2.700239e-02	9.985332e-01	5.987379e+00
113	1.264465e-01	2.425047e-01	1.264423e-01	0.000000e+00	1.057253e-03	8.956631e-02	1.079958e-03	0.000000e+00	8.122997e-01	2.690928e-02	9.982645e-01	5.964610e+00
114	1.297407e-01	3.586314e-01	1.297279e-01	1.136682e+00	3.294225e-03	1.161267e-01	3.285576e-03	1.136682e+00	8.122958e-01	2.677147e-02	9.989495e-01	5.988759e+00
115	1.163098e-01	1.739722e-01	1.163622e-01	0.000000e+00	-1.343098e-02	-1.846592e-01	-1.336568e-02	-1.136682e+00	8.122802e-01	2.655693e-02	9.990586e-01	5.990258e+00
116	1.269282e-01	1.955162e-01	1.268869e-01	0.000000e+00	1.061844e-02	2.154397e-02	1.052475e-02	0.000000e+00	8.122869e-01	2.657051e-02	9.983543e-01	5.988829e+00
117	1.253250e-01	2.434943e-01	1.253311e-01	0.000000e+00	-1.603165e-03	4.797818e-02	-1.555791e-03	0.000000e+00	8.122880e-01	2.653572e-02	9.985717e-01	5.982325e+00
118	1.283390e-01	3.178613e-01	1.283273e-01	2.051684e+00	3.013972e-03	7.436693e-02	2.996121e-03	2.051684e+00	8.122860e-01	2.648550e-02	1.000861e+00	6.038821e+00
119	1.181483e-01	1.178613e-01	1.181880e-01	4.653934e-01	-1.019074e-02	-2.000000e-01	-1.013923e-02	-1.586291e+00	8.122697e-01	2.616553e-02	1.002609e+00	6.073125e+00
120	1.158417e-01	1.338513e-01	1.158508e-01	2.257611e+00	-2.306607e-03	1.599001e-02	-2.337203e-03	1.792217e+00	8.122707e-01	2.615883e-02	1.000750e+00	6.086015e+00
121	1.279218e-01	0.000000e+00	1.278746e-01	0.000000e+00	1.208009e-02	-1.338513e-01	1.202377e-02	-2.257611e+00	8.123032e-01	2.579886e-02	9.924752e-01	6.177700e+00
122	1.342695e-01	1.812091e-01	1.342446e-01	8.384167e-01	6.347787e-03	1.812091e-01	6.369958e-03	8.384167e-01	8.122929e-01	2.550575e-02	9.916228e-01	6.153368e+00
123	1.241441e-01	1.493072e-01	1.241836e-01	3.003009e-01	-1.012540e-02	-3.190188e-02	-1.006096e-02	-5.381158e-01	8.122978e-01	2.552123e-02	9.932176e-01	6.158392e+00
124	1.193982e-01	1.895511e-01	1.194169e-01	7.030757e-01	-4.745922e-03	4.024390e-02	-4.766684e-03	4.027748e-01	8.123022e-01	2.548420e-02	9.928580e-01	6.161442e+00
125	1.219374e-01	1.027540e-01	1.219275e-01	2.999702e-01	2.539163e-03	-8.679704e-02	2.510624e-03	-4.031056e-01	8.123054e-01	2.537495e-02	9.930132e-01	6.156136e+00
126	1.262893e-01	6.687033e-02	1.262723e-01	0.000000e+00	4.351916e-03	-3.588371e-02	4.344723e-03	-2.999702e-01	8.123089e-01	2.534565e-02	9.928409e-01	6.157557e+00
127	1.348409e-01	1.041135e-01	1.348075e-01	1.681923e+00	8.551633e-03	3.724319e-02	8.535199e-03	1.681923e+00	8.123115e-01	2.535704e-02	9.987026e-01	6.183085e+00
128	1.310203e-01	0.000000e+00	1.310351e-01	0.000000e+00	-3.820597e-03	-1.041135e-01	-3.772332e-03	-1.681923e+00	8.123080e-01	2.526009e-02	1.000570e+00	6.233962e+00
129	1.300133e-01	8.910634e-02	1.300172e-01	0.000000e+00	-1.007085e-03	8.910634e-02	-1.017887e-03	0.000000e+00	8.123091e-01	2.515677e-02	1.000834e+00	6.210586e+00
130	1.310720e-01	2.043662e-01	1.310679e-01	8.937741e-01	1.058739e-03	1.152599e-01	1.050627e-03	8.937741e-01	8.123078e-01	2.500944e-02	1.000922e+00	6.220207e+00
131	1.234228e-01	9.215625e-02	1.234527e-01	9.457540e-01	-7.649186e-03	-1.122099e-01	-7.615203e-03	5.197982e-02	8.123027e-01	2.493504e-02	9.981868e-01	6.180080e+00
132	1.250394e-01	0.000000e+00	1.250332e-01	0.000000e+00	1.616546e-03	-9.215625e-02	1.580485e-03	-9.457540e-01	8.123047e-01	2.482323e-02	9.978979e-01	6.196550e+00
133	1.352670e-01	0.000000e+00	1.352270e-01	0.000000e+00	1.022767e-02	0.000000e+00	1.019389e-02	0.000000e+00	8.123138e-01	2.482323e-02	1.000000e+00	6.000000e+00
134	1.326041e-01	0.000000e+00	1.326143e-01	0.000000e+00	-2.662967e-03	0.000000e+00	-2.612745e-03	0.000000e+00	8.123144e-01	2.482323e-02	1.000000e+00	6.000000e+00
135	1.308439e-01	2.571958e-02	1.308508e-01	0.000000e+00	-1.760152e-03	2.571958e-02	-1.763482e-03	0.000000e+00	8.123152e-01	2.481135e-02	1.000128e+00	5.998137e+00
136	1.328163e-01	7.749860e-02	1.328086e-01	7.797609e-01	1.972382e-03	5.177902e-02	1.957789e-03	7.797609e-01	8.123144e-01	2.478853e-02	1.000565e+00	6.009613e+00
137	1.262983e-01	0.000000e+00	1.263237e-01	0.000000e+00	-6.518006e-03	-7.749860e-02	-6.484898e-03	-7.797609e-01	8.123121e-01	2.476171e-02	1.001514e+00	6.020898e+00
138	1.336315e-01	4.554480e-03	1.336029e-01	1.536642e+00	7.333208e-03	4.554480e-03	7.279231e-03	1.536642e+00	8.123163e-01	2.476433e-02	1.006745e+00	6.024147e+00
139	1.311411e-01	0.000000e+00	1.311507e-01	1.367473e+00	-2.490367e-03	-4.554480e-03	-2.452205e-03	-1.691690e-01	8.123167e-01	2.476501e-02	1.006910e+00	6.024448e+00
140	1.321389e-01	0.000000e+00	1.321350e-01	0.000000e+00	9.977599e-04	0.000000e+00	9.842835e-04	-1.367473e+00	8.123168e-01	2.476501e-02	1.000000e+00	6.000000e+00
141	1.357717e-01	3.862284e-02	1.357575e-01	0.000000e+00	3.632866e-03	3.862284e-02	3.622520e-03	0.000000e+00	8.123163e-01	2.475979e-02	9.995941e-01	5.995685e+00
142	1.350152e-01	1.032630e-01	1.350181e-01	1.269350e+00	-7.565924e-04	6.464020e-02	-7.394865e-04	1.269350e+00	8.123169e-01	2.470692e-02	9.992776e-01	6.022726e+00
143	1.350557e-01	0.000000e+00	1.350556e-01	3.519606e-01	4.058665e-05	-1.032630e-01	3.753949e-05	-9.173894e-01	8.123169e-01	2.458222e-02	9.992720e-01	6.037144e+00
144	1.346344e-01	0.000000e+00	1.346361e-01	0.000000e+00	-4.213223e-04	0.000000e+00	-4.195299e-04	-3.519606e-01	8.123170e-01	2.458222e-02	1.000000e+00	6.000000e+00
145	1.372925e-01	4.368445e-03	1.372821e-01	0.000000e+00	2.658072e-03	4.368445e-03	2.646050e-03	0.000000e+00	8.123174e-01	2.458301e-02	9.999636e-01	5.999940e+00
146	1.346510e-01	3.471647e-02	1.346612e-01	0.000000e+00	-2.641532e-03	3.034803e-02	-2.620877e-03	0.000000e+00	8.123190e-01	2.456541e-02	1.000189e+00	5.997355e+00
147	1.344114e-01	9.102978e-02	1.344124e-01	4.274815e-01	-2.395658e-04	5.631331e-02	-2.488678e-04	4.274815e-01	8.123191e-01	2.452702e-02	1.000178e+00	5.999758e+00
148	1.316563e-01	5.283983e-02	1.316671e-01	1.074531e+00	-2.755098e-03	-3.818995e-02	-2.745308e-03	6.470494e-01	8.123186e-01	2.451923e-02	9.990290e-01	5.983825e+00
149	1.354225e-01	0.000000e+00	1.354079e-01	8.689526e-01	3.766253e-03	-5.283983e-02	3.740817e-03	-2.055784e-01	8.123221e-01	2.446968e-02	9.992199e-01	5.981148e+00
150	1.394534e-01	0.000000e+00	1.394376e-01	0.000000e+00	4.030879e-03	0.000000e+00	4.029746e-03	-8.689526e-01	8.123236e-01	2.446968e-02	1.000000e+00	6.000000e+00
151	1.407409e-01	0.000000e+00	1.407358e-01	2.542563e-01	1.287441e-03	0.000000e+00	1.298153e-03	2.542563e-01	8.123237e-01	2.446968e-02	1.000000e+00	6.000000e+00
152	1.349983e-01	0.000000e+00	1.350207e-01	0.000000e+00	-5.742582e-03	0.000000e+00	-5.715079e-03	-2.542563e-01	8.123266e-01	2.446968e-02	1.000000e+00	6.000000e+00
153	1.387302e-01	0.000000e+00	1.387157e-01	0.000000e+00	3.731915e-03	0.000000e+00	3.695013e-03	0.000000e+00	8.123277e-01	2.446968e-02	1.000000e+00	6.000000e+00
154	1.392213e-01	6.066182e-03	1.392193e-01	0.000000e+00	4.911260e-04	6.066182e-03	5.036412e-04	0.000000e+00	8.123277e-01	2.446956e-02	9.999914e-01	5.999894e+00
155	1.382919e-01	3.803138e-02	1.382955e-01	5.351667e-01	-9.294593e-04	3.196519e-02	-9.238613e-04	5.351667e-01	8.123282e-01	2.445513e-02	9.998395e-01	6.005119e+00
156	1.319719e-01	0.000000e+00	1.319966e-01	4.428044e-02	-6.319995e-03	-3.803138e-02	-6.298916e-03	-4.908862e-01	8.123289e-01	2.445937e-02	1.000608e+00	6.009743e+00
157	1.298808e-01	3.564660e-03	1.298890e-01	4.756789e-01	-2.091089e-03	3.564660e-03	-2.107526e-03	4.313984e-01	8.123294e-01	2.445853e-02	1.000199e+00	6.010441e+00
158	1.351858e-01	0.000000e+00	1.351651e-01	6.705698e-01	5.305002e-03	-3.564660e-03	5.276047e-03	1.948909e-01	8.123320e-01	2.445674e-02	1.000730e+00	6.010084e+00
159	1.371979e-01	0.000000e+00	1.371900e-01	0.000000e+00	2.012129e-03	0.000000e+00	2.024879e-03	-6.705698e-01	8.123324e-01	2.445674e-02	1.000000e+00	6.000000e+00
160	1.447841e-01	0.000000e+00	1.447544e-01	0.000000e+00	7.586177e-03	0.000000e+00	7.564453e-03	0.000000e+00	8.123374e-01	2.445674e-02	1.000000e+00	6.000000e+00
161	1.469935e-01	0.000000e+00	1.469847e-01	9.508674e-01	2.209406e-03	0.000000e+00	2.230324e-03	9.508674e-01	8.123379e-01	2.445674e-02	1.000000e+00	6.000000e+00
162	1.362093e-01	0.000000e+00	1.362514e-01	4.724191e-01	-1.078419e-02	0.000000e+00	-1.073335e-02	-4.784483e-01	8.123480e-01	2.445674e-02	1.000000e+00	6.000000e+00
163	1.353347e-01	0.000000e+00	1.353383e-01	8.618345e-01	-8.746299e-04	0.000000e+00	-9.131405e-04	3.894154e-01	8.123481e-01	2.445674e-02	1.000000e+00	6.000000e+00
164	1.416290e-01	0.000000e+00	1.416044e-01	0.000000e+00	6.294279e-03	0.000000e+00	6.266125e-03	-8.618345e-01	8.123515e-01	2.445674e-02	1.000000e+00	6.000000e+00
165	1.509466e-01	0.000000e+00	1.509101e-01	0.000000e+00	9.317619e-03	0.000000e+00	9.305699e-03	0.000000e+00	8.123592e-01	2.445674e-02	1.000000e+00	6.000000e+00
166	1.484753e-01	0.000000e+00	1.484848e-01	1.350087e+00	-2.471255e-03	0.000000e+00	-2.425251e-03	1.350087e+00	8.123597e-01	2.445674e-02	1.000000e+00	6.000000e+00
167	1.433125e-01	0.000000e+00	1.433327e-01	0.000000e+00	-5.162802e-03	0.000000e+00	-5.152108e-03	-1.350087e+00	8.123621e-01	2.445674e-02	1.000000e+00	6.000000e+00
168	1.459831e-01	3.411849e-02	1.459728e-01	0.000000e+00	2.670621e-03	3.411849e-02	2.640063e-03	0.000000e+00	8.123616e-01	2.445085e-02	9.997371e-01	5.996641e+00
169	1.470525e-01	9.406151e-02	1.470483e-01	6.142974e-02	1.069353e-03	5.994302e-02	1.075488e-03	6.142974e-02	8.123610e-01	2.441507e-02	9.995854e-01	5.988140e+00
170	1.402011e-01	1.626007e-01	1.402278e-01	0.000000e+00	-6.851394e-03	6.853921e-02	-6.820429e-03	-6.142974e-02	8.123705e-01	2.431997e-02	1.001095e+00	5.973037e+00
171	1.445811e-01	2.663997e-01	1.445641e-01	1.354753e+00	4.379971e-03	1.037989e-01	4.336220e-03	1.354753e+00	8.123668e-01	2.423433e-02	1.002607e+00	6.008855e+00
172	1.451382e-01	6.639965e-02	1.451359e-01	9.367952e-01	5.570854e-04	-2.000000e-01	5.718477e-04	-4.179581e-01	8.123681e-01	2.377180e-02	1.002810e+00	5.935905e+00
173	1.466238e-01	0.000000e+00	1.466180e-01	0.000000e+00	1.485691e-03	-6.639965e-02	1.482121e-03	-9.367952e-01	8.123694e-01	2.371346e-02	1.002427e+00	5.953029e+00
174	1.498358e-01	0.000000e+00	1.498233e-01	3.722753e-02	3.211977e-03	0.000000e+00	3.205220e-03	3.722753e-02	8.123703e-01	2.371346e-02	1.000000e+00	6.000000e+00
175	1.463874e-01	0.000000e+00	1.464008e-01	0.000000e+00	-3.448439e-03	0.000000e+00	-3.422448e-03	-3.722753e-02	8.123714e-01	2.371346e-02	1.000000e+00	6.000000e+00
176	1.461559e-01	1.683122e-02	1.461568e-01	4.929806e-01	-2.315009e-04	1.683122e-02	-2.439656e-04	4.929806e-01	8.123714e-01	2.370982e-02	9.999569e-01	6.003135e+00
177	1.459360e-01	0.000000e+00	1.459369e-01	0.000000e+00	-2.198590e-04	-1.683122e-02	-2.199531e-04	-4.929806e-01	8.123714e-01	2.370696e-02	9.999978e-01	6.006267e+00
178	1.497067e-01	6.277047e-03	1.496920e-01	3.175430e-01	3.770667e-03	6.277047e-03	3.755079e-03	3.175430e-01	8.123724e-01	2.370858e-02	1.000492e+00	6.007090e+00
179	1.466738e-01	0.000000e+00	1.466856e-01	0.000000e+00	-3.032864e-03	-6.277047e-03	-3.006348e-03	-3.175430e-01	8.123729e-01	2.370976e-02	1.000891e+00	6.007915e+00
180	1.483713e-01	1.780669e-02	1.483647e-01	1.365471e+00	1.697500e-03	1.780669e-02	1.679125e-03	1.365471e+00	8.123728e-01	2.370873e-02	1.001904e+00	6.018543e+00
181	1.489125e-01	0.000000e+00	1.489104e-01	9.296590e-01	5.411856e-04	-1.780669e-02	5.456307e-04	-4.358117e-01	8.123730e-01	2.370426e-02	1.001820e+00	6.021327e+00
182	1.507371e-01	0.000000e+00	1.507299e-01	0.000000e+00	1.824542e-03	0.000000e+00	1.819546e-03	-9.296590e-01	8.123732e-01	2.370426e-02	1.000000e+00	6.000000e+00
183	1.534724e-01	0.000000e+00	1.534617e-01	0.000000e+00	2.735385e-03	0.000000e+00	2.731808e-03	0.000000e+00	8.123739e-01	2.370426e-02	1.000000e+00	6.000000e+00
184	1.522447e-01	0.000000e+00	1.522495e-01	6.251599e-01	-1.227691e-03	0.000000e+00	-1.212224e-03	6.251599e-01	8.123740e-01	2.370426e-02	1.000000e+00	6.000000e+00
185	1.461266e-01	0.000000e+00	1.461505e-01	0.000000e+00	-6.118148e-03	0.000000e+00	-6.098985e-03	-6.251599e-01	8.123773e-01	2.370426e-02	1.000000e+00	6.000000e+00
186	1.536255e-01	0.000000e+00	1.535963e-01	0.000000e+00	7.498906e-03	0.000000e+00	7.445790e-03	0.000000e+00	8.123821e-01	2.370426e-02	1.000000e+00	6.000000e+00
187	1.535445e-01	0.000000e+00	1.535447e-01	8.653061e-01	-8.102071e-05	0.000000e+00	-5.161911e-05	8.653061e-01	8.123821e-01	2.370426e-02	1.000000e+00	6.000000e+00
188	1.482406e-01	0.000000e+00	1.482613e-01	0.000000e+00	-5.303893e-03	0.000000e+00	-5.283377e-03	-8.653061e-01	8.123846e-01	2.370426e-02	1.000000e+00	6.000000e+00
189	1.503959e-01	0.000000e+00	1.503875e-01	0.000000e+00	2.155282e-03	0.000000e+00	2.126225e-03	0.000000e+00	8.123850e-01	2.370426e-02	1.000000e+00	6.000000e+00
190	1.517688e-01	0.000000e+00	1.517634e-01	0.000000e+00	1.372876e-03	0.000000e+00	1.375818e-03	0.000000e+00	8.123851e-01	2.370426e-02	1.000000e+00	6.000000e+00
191	1.510617e-01	1.001953e-02	1.510644e-01	5.872646e-01	-7.070691e-04	1.001953e-02	-6.989328e-04	5.872646e-01	8.123853e-01	2.370254e-02	9.998227e-01	6.002512e+00
192	1.479094e-01	0.000000e+00	1.479217e-01	0.000000e+00	-3.152274e-03	-1.001953e-02	-3.142691e-03	-5.872646e-01	8.123858e-01	2.370417e-02	1.000607e+00	6.005006e+00
193	1.511249e-01	0.000000e+00	1.511124e-01	0.000000e+00	3.215456e-03	0.000000e+00	3.190619e-03	0.000000e+00	8.123867e-01	2.370417e-02	1.000000e+00	6.000000e+00
194	1.511683e-01	1.334165e-02	1.511680e-01	0.000000e+00	4.339040e-05	1.334165e-02	5.568426e-05	0.000000e+00	8.123867e-01	2.370230e-02	9.999983e-01	5.999492e+00
195	1.504083e-01	5.236916e-02	1.504113e-01	4.399662e-01	-7.599563e-04	3.902751e-02	-7.567702e-04	4.399662e-01	8.123870e-01	2.368258e-02	9.999238e-01	6.003319e+00
196	1.458646e-01	0.000000e+00	1.458823e-01	0.000000e+00	-4.543743e-03	-5.236916e-02	-4.528950e-03	-4.399662e-01	8.123862e-01	2.367258e-02	1.000185e+00	6.006326e+00
197	1.494044e-01	3.516545e-02	1.493906e-01	0.000000e+00	3.539848e-03	3.516545e-02	3.508329e-03	0.000000e+00	8.123858e-01	2.366925e-02	9.998238e-01	6.002741e+00
198	1.505055e-01	9.599994e-02	1.505011e-01	1.029390e+00	1.101069e-03	6.083449e-02	1.110472e-03	1.029390e+00	8.123852e-01	2.363394e-02	1.000170e+00	6.021867e+00
199	1.443038e-01	0.000000e+00	1.443280e-01	0.000000e+00	-6.201668e-03	-9.599994e-02	-6.173105e-03	-1.029390e+00	8.123819e-01	2.358248e-02	1.001475e+00	6.042070e+00
200	1.480930e-01	0.000000e+00	1.480783e-01	1.190319e+00	3.789240e-03	0.000000e+00	3.750324e-03	1.190319e+00	8.123831e-01	2.358248e-02	1.000000e+00	6.000000e+00
201	1.500551e-01	0.000000e+00	1.500474e-01	1.320675e-01	1.962055e-03	0.000000e+00	1.969040e-03	-1.058251e+00	8.123834e-01	2.358248e-02	1.000000e+00	6.000000e+00
202	1.482628e-01	0.000000e+00	1.482698e-01	0.000000e+00	-1.792307e-03	0.000000e+00	-1.777614e-03	-1.320675e-01	8.123837e-01	2.358248e-02	1.000000e+00	6.000000e+00
203	1.507772e-01	1.716290e-02	1.507674e-01	1.985256e-01	2.514387e-03	1.716290e-02	2.497621e-03	1.985256e-01	8.123838e-01	2.358289e-02	1.000111e+00	6.000758e+00
204	1.463682e-01	4.684767e-03	1.463854e-01	0.000000e+00	-4.409007e-03	-1.247813e-02	-4.382028e-03	-1.985256e-01	8.123848e-01	2.358589e-02	1.000361e+00	6.001465e+00
205	1.488425e-01	4.825921e-02	1.488329e-01	0.000000e+00	2.474363e-03	4.357444e-02	2.447581e-03	0.000000e+00	8.123841e-01	2.357368e-02	1.000051e+00	5.996006e+00
206	1.494783e-01	1.174741e-01	1.494758e-01	3.612869e-01	6.357478e-04	6.921488e-02	6.428253e-04	3.612869e-01	8.123837e-01	2.352431e-02	1.000034e+00	5.994223e+00
207	1.433426e-01	1.117705e-01	1.433666e-01	0.000000e+00	-6.135664e-03	-5.703573e-03	-6.109186e-03	-3.612869e-01	8.123866e-01	2.352699e-02	1.000970e+00	5.995093e+00
208	1.483856e-01	1.869762e-01	1.483660e-01	0.000000e+00	5.043017e-03	7.520569e-02	4.999454e-03	0.000000e+00	8.123845e-01	2.349611e-02	9.998808e-01	5.978852e+00
209	1.501353e-01	2.877958e-01	1.501284e-01	2.073471e-01	1.749654e-03	1.008196e-01	1.762349e-03	2.073471e-01	8.123828e-01	2.339949e-02	9.995524e-01	5.959928e+00
210	1.381610e-01	3.565801e-01	1.382077e-01	0.000000e+00	-1.197429e-02	6.878430e-02	-1.192063e-02	-2.073471e-01	8.124044e-01	2.327556e-02	1.002987e+00	5.940198e+00
211	1.501482e-01	4.826377e-01	1.501016e-01	0.000000e+00	1.198720e-02	1.260576e-01	1.189381e-02	0.000000e+00	8.124000e-01	2.322930e-02	9.986893e-01	5.895004e+00
212	1.569728e-01	6.342711e-01	1.569459e-01	4.106585e-01	6.824575e-03	1.516334e-01	6.844377e-03	4.106585e-01	8.123929e-01	2.307106e-02	9.971189e-01	5.860111e+00
213	1.349360e-01	6.974810e-01	1.350220e-01	1.765223e+00	-2.203674e-02	6.320990e-02	-2.192392e-02	1.354565e+00	8.124501e-01	2.290690e-02	9.866109e-01	5.890252e+00
214	1.388363e-01	4.974810e-01	1.388214e-01	5.186518e-01	3.900221e-03	-2.000000e-01	3.799345e-03	-1.246572e+00	8.124596e-01	2.242148e-02	9.864795e-01	5.896992e+00
215	1.407324e-01	4.484688e-01	1.407249e-01	0.000000e+00	1.896117e-03	-4.901214e-02	1.903552e-03	-5.186518e-01	8.124609e-01	2.238748e-02	9.862712e-01	5.902375e+00
216	1.587115e-01	5.040787e-01	1.586412e-01	2.116113e-01	1.797913e-02	5.560987e-02	1.791633e-02	2.116113e-01	8.124785e-01	2.244191e-02	9.851258e-01	5.898832e+00
217	1.395516e-01	5.265705e-01	1.396261e-01	1.417989e+00	-1.915993e-02	2.249179e-02	-1.901510e-02	1.206378e+00	8.125144e-01	2.239970e-02	9.751866e-01	5.910500e+00
218	1.392448e-01	3.265705e-01	1.392463e-01	3.696902e-01	-3.068009e-04	-2.000000e-01	-3.798802e-04	-1.048299e+00	8.125138e-01	2.199461e-02	9.751675e-01	5.898010e+00
219	1.387721e-01	2.656707e-01	1.387739e-01	0.000000e+00	-4.727059e-04	-6.089981e-02	-4.723433e-04	-3.696902e-01	8.125135e-01	2.195849e-02	9.751697e-01	5.898300e+00
220	1.580223e-01	2.865478e-01	1.579471e-01	5.036507e-01	1.925020e-02	2.087709e-02	1.917315e-02	5.036507e-01	8.125416e-01	2.198895e-02	9.784761e-01	5.901886e+00
221	1.456019e-01	1.935454e-01	1.456501e-01	0.000000e+00	-1.242035e-02	-9.300242e-02	-1.229693e-02	-5.036507e-01	8.125426e-01	2.199599e-02	9.781390e-01	5.899361e+00
222	1.512062e-01	2.026423e-01	1.511845e-01	1.055694e+00	5.604307e-03	9.096968e-03	5.534380e-03	1.055694e+00	8.125447e-01	2.199936e-02	9.807917e-01	5.903667e+00
223	1.460789e-01	2.642339e-03	1.460989e-01	6.063881e-01	-5.127317e-03	-2.000000e-01	-5.085670e-03	-4.493056e-01	8.125363e-01	2.167521e-02	9.790332e-01	5.835077e+00
224	1.455221e-01	0.000000e+00	1.455244e-01	1.876187e-01	-5.567972e-04	-2.642339e-03	-5.744881e-04	-4.187694e-01	8.125364e-01	2.167529e-02	9.791398e-01	5.835582e+00
225	1.479144e-01	0.000000e+00	1.479050e-01	0.000000e+00	2.392260e-03	0.000000e+00	2.380671e-03	-1.876187e-01	8.125369e-01	2.167529e-02	1.000000e+00	6.000000e+00
226	1.579628e-01	0.000000e+00	1.579236e-01	0.000000e+00	1.004847e-02	0.000000e+00	1.001852e-02	0.000000e+00	8.125457e-01	2.167529e-02	1.000000e+00	6.000000e+00
227	1.584363e-01	0.000000e+00	1.584343e-01	0.000000e+00	4.734304e-04	0.000000e+00	5.107159e-04	0.000000e+00	8.125457e-01	2.167529e-02	1.000000e+00	6.000000e+00
228	1.558787e-01	0.000000e+00	1.558887e-01	1.158784e+00	-2.557578e-03	0.000000e+00	-2.545593e-03	1.158784e+00	8.125463e-01	2.167529e-02	1.000000e+00	6.000000e+00
229	1.487851e-01	0.000000e+00	1.488129e-01	0.000000e+00	-7.093567e-03	0.000000e+00	-7.075802e-03	-1.158784e+00	8.125507e-01	2.167529e-02	1.000000e+00	6.000000e+00
230	1.541689e-01	1.688567e-03	1.541480e-01	0.000000e+00	5.383801e-03	1.688567e-03	5.335131e-03	0.000000e+00	8.125531e-01	2.167603e-02	9.999603e-01	5.999988e+00
231	1.562674e-01	2.884074e-02	1.562591e-01	0.000000e+00	2.098438e-03	2.715217e-02	2.111081e-03	0.000000e+00	8.125529e-01	2.167368e-02	9.997959e-01	5.997860e+00
232	1.546080e-01	8.145276e-02	1.546144e-01	0.000000e+00	-1.659378e-03	5.261202e-02	-1.644650e-03	0.000000e+00	8.125540e-01	2.163783e-02	1.000043e+00	5.990026e+00
233	1.558692e-01	1.595191e-01	1.558643e-01	7.527943e-01	1.261178e-03	7.806637e-02	1.249827e-03	7.527943e-01	8.125532e-01	2.158370e-02	1.000213e+00	6.000522e+00
234	1.490264e-01	5.501614e-02	1.490531e-01	0.000000e+00	-6.842798e-03	-1.045030e-01	-6.811187e-03	-7.527943e-01	8.125499e-01	2.153411e-02	1.000597e+00	6.006391e+00
235	1.550014e-01	9.035002e-02	1.549782e-01	6.460293e-01	5.975035e-03	3.533389e-02	5.925088e-03	6.460293e-01	8.125508e-01	2.153929e-02	1.001810e+00	6.013567e+00
236	1.500863e-01	0.000000e+00	1.501054e-01	0.000000e+00	-4.915152e-03	-9.035002e-02	-4.872807e-03	-6.460293e-01	8.125483e-01	2.149369e-02	1.002038e+00	6.017746e+00
237	1.536289e-01	5.897873e-03	1.536151e-01	3.586925e-01	3.542632e-03	5.897873e-03	3.509760e-03	3.586925e-01	8.125492e-01	2.149510e-02	1.002576e+00	6.018642e+00
238	1.489686e-01	0.000000e+00	1.489868e-01	7.843626e-02	-4.660240e-03	-5.897873e-03	-4.628326e-03	-2.802562e-01	8.125507e-01	2.149710e-02	1.003107e+00	6.019314e+00
239	1.466143e-01	0.000000e+00	1.466236e-01	1.526290e+00	-2.354326e-03	0.000000e+00	-2.363209e-03	1.447854e+00	8.125512e-01	2.149710e-02	1.000000e+00	6.000000e+00
240	1.562818e-01	0.000000e+00	1.562441e-01	1.630272e+00	9.667478e-03	0.000000e+00	9.620483e-03	1.039815e-01	8.125593e-01	2.149710e-02	1.000000e+00	6.000000e+00
