#sequence delta(k-1),f(k-1),theta(k),v(k),delta_diff(k-1),f_diff(k-1),theta_diff(k),v_diff(k),phi(1,1;k),phi(1,2;k),phi(2,1;k),phi(2,2;k)
1	-7.909411e-01	0.000000e+00	-7.909400e-01	1.275290e+00	-7.909411e-01	0.000000e+00	-2.739737e-04	1.267791e+00	7.737259e-01	1.000000e-01	1.000000e+00	1.300000e+01
2	-1.189683e+00	6.324868e-02	-1.188125e+00	2.932429e+00	-3.987417e-01	6.324868e-02	-3.971851e-01	1.657140e+00	7.903620e-01	9.736116e-02	7.839516e-01	1.303427e+01
3	-1.359647e+00	1.084974e-01	-1.358977e+00	2.992378e+00	-1.699641e-01	4.524868e-02	-1.708517e-01	5.994894e-02	7.936156e-01	9.649498e-02	8.154818e-01	1.302588e+01
4	-1.066990e+00	2.312405e-01	-1.068130e+00	5.620421e+00	2.926571e-01	1.227431e-01	2.908465e-01	2.628043e+00	7.998022e-01	9.908970e-02	9.201091e-01	1.306976e+01
5	-7.934325e-01	2.650308e-01	-7.945056e-01	5.639985e+00	2.735572e-01	3.379032e-02	2.736248e-01	1.956389e-02	8.062473e-01	9.988581e-02	8.357637e-01	1.305934e+01
6	-7.893622e-01	3.824584e-01	-7.893823e-01	8.004118e+00	4.070319e-03	1.174276e-01	5.123266e-03	2.364133e+00	8.062283e-01	9.933807e-02	8.373521e-01	1.310516e+01
7	-8.542754e-01	4.064235e-01	-8.540219e-01	9.731068e+00	-6.491319e-02	2.396515e-02	-6.463961e-02	1.726951e+00	8.066800e-01	9.917130e-02	7.922196e-01	1.312182e+01
8	-8.427197e-01	3.479938e-01	-8.427639e-01	8.370332e+00	1.155568e-02	-5.842972e-02	1.125804e-02	-1.360736e+00	8.067224e-01	9.895711e-02	7.889146e-01	1.313854e+01
9	-8.156006e-01	4.527699e-01	-8.157067e-01	9.391951e+00	2.711911e-02	1.047761e-01	2.705715e-02	1.021619e+00	8.066559e-01	9.870038e-02	7.840945e-01	1.311991e+01
10	-8.239266e-01	6.057233e-01	-8.238944e-01	1.063144e+01	-8.325949e-03	1.529534e-01	-8.187734e-03	1.239484e+00	8.067207e-01	9.751062e-02	7.870681e-01	1.306529e+01
11	-8.639660e-01	7.875189e-01	-8.638094e-01	1.237549e+01	-4.003941e-02	1.817956e-01	-3.991499e-02	1.744053e+00	8.071945e-01	9.535958e-02	7.982784e-01	1.301439e+01
12	-8.834492e-01	9.281967e-01	-8.833725e-01	1.451148e+01	-1.948323e-02	1.406778e-01	-1.956305e-02	2.135992e+00	8.073525e-01	9.421833e-02	7.953400e-01	1.303560e+01
13	-9.106253e-01	9.305781e-01	-9.105189e-01	1.552795e+01	-2.717613e-02	2.381361e-03	-2.714639e-02	1.016468e+00	8.074226e-01	9.421219e-02	7.823453e-01	1.303674e+01
14	-9.894147e-01	8.615323e-01	-9.891065e-01	1.422416e+01	-7.878941e-02	-6.904577e-02	-7.858768e-02	-1.303789e+00	8.077377e-01	9.448835e-02	7.950754e-01	1.304790e+01
15	-1.042163e+00	9.959860e-01	-1.041956e+00	1.765777e+01	-5.274818e-02	1.344537e-01	-5.284911e-02	3.433606e+00	8.083067e-01	9.303797e-02	7.523951e-01	1.315669e+01
16	-1.152883e+00	8.739493e-01	-1.152449e+00	1.684457e+01	-1.107197e-01	-1.220366e-01	-1.104936e-01	-8.131949e-01	8.088071e-01	9.358953e-02	7.069568e-01	1.310661e+01
17	-1.305521e+00	8.589261e-01	-1.304923e+00	1.686631e+01	-1.526387e-01	-1.502323e-02	-1.524741e-01	2.174421e-02	8.107859e-01	9.378428e-02	6.835556e-01	1.310430e+01
18	-1.433074e+00	9.332042e-01	-1.432574e+00	1.922379e+01	-1.275531e-01	7.427809e-02	-1.276504e-01	2.357480e+00	8.126557e-01	9.269540e-02	5.953730e-01	1.315565e+01
19	-1.477457e+00	8.690657e-01	-1.477282e+00	1.841331e+01	-4.438283e-02	-6.413848e-02	-4.470810e-02	-8.104886e-01	8.127124e-01	9.277725e-02	5.941179e-01	1.315384e+01
20	-1.498295e+00	9.316734e-01	-1.498213e+00	1.913728e+01	-2.083751e-02	6.260769e-02	-2.093076e-02	7.239708e-01	8.128092e-01	9.248631e-02	5.949789e-01	1.315125e+01
21	-1.504426e+00	1.025380e+00	-1.504402e+00	2.083796e+01	-6.131352e-03	9.370614e-02	-6.189162e-03	1.700685e+00	8.128378e-01	9.204883e-02	5.936103e-01	1.317217e+01
22	-1.455886e+00	1.042932e+00	-1.456075e+00	2.115175e+01	4.854052e-02	1.755290e-02	4.832673e-02	3.137930e-01	8.130049e-01	9.210925e-02	5.948484e-01	1.317262e+01
23	-1.353569e+00	1.076968e+00	-1.353969e+00	2.153880e+01	1.023171e-01	3.403581e-02	1.021062e-01	3.870484e-01	8.137677e-01	9.236300e-02	5.889459e-01	1.317065e+01
24	-1.221718e+00	1.131471e+00	-1.222235e+00	2.274510e+01	1.318503e-01	5.450308e-02	1.317341e-01	1.206296e+00	8.149708e-01	9.286030e-02	6.144147e-01	1.318118e+01
25	-1.159359e+00	1.130945e+00	-1.159605e+00	2.373995e+01	6.235912e-02	-5.263318e-04	6.263012e-02	9.948514e-01	8.153213e-01	9.285734e-02	6.428980e-01	1.318094e+01
26	-1.115248e+00	1.066395e+00	-1.115421e+00	2.428591e+01	4.411150e-02	-6.455009e-02	4.418384e-02	5.459640e-01	8.156182e-01	9.242289e-02	6.714835e-01	1.313911e+01
27	-1.005520e+00	9.604028e-01	-1.005949e+00	2.226755e+01	1.097277e-01	-1.059920e-01	1.094717e-01	-2.018360e+00	8.171521e-01	9.094123e-02	6.354497e-01	1.317392e+01
28	-9.801131e-01	1.054063e+00	-9.802140e-01	2.350995e+01	2.540681e-02	9.366037e-02	2.573519e-02	1.242396e+00	8.171095e-01	9.078432e-02	6.353581e-01	1.317358e+01
29	-9.600370e-01	1.141931e+00	-9.601158e-01	2.446228e+01	2.007612e-02	8.786825e-02	2.009823e-02	9.523262e-01	8.170688e-01	9.060627e-02	6.332879e-01	1.316452e+01
30	-8.893859e-01	1.216082e+00	-8.896622e-01	2.589950e+01	7.065109e-02	7.415071e-02	7.045362e-02	1.437225e+00	8.172694e-01	9.081679e-02	6.471866e-01	1.317911e+01
31	-8.367320e-01	1.208288e+00	-8.369388e-01	2.586079e+01	5.265389e-02	-7.794353e-03	5.272342e-02	-3.871434e-02	8.175291e-01	9.077834e-02	6.479341e-01	1.317900e+01
32	-8.155200e-01	1.209683e+00	-8.156037e-01	2.455539e+01	2.121199e-02	1.395005e-03	2.133509e-02	-1.305398e+00	8.175681e-01	9.078090e-02	6.344606e-01	1.317811e+01
33	-7.742750e-01	1.351074e+00	-7.744364e-01	2.584807e+01	4.124502e-02	1.413914e-01	4.116724e-02	1.292677e+00	8.174637e-01	9.042286e-02	6.228947e-01	1.313846e+01
34	-7.382716e-01	1.461362e+00	-7.384129e-01	2.786413e+01	3.600337e-02	1.102875e-01	3.602355e-02	2.016064e+00	8.174062e-01	9.024695e-02	6.321465e-01	1.316680e+01
35	-6.601204e-01	1.431224e+00	-6.604262e-01	2.724206e+01	7.815123e-02	-3.013754e-02	7.798667e-02	-6.220707e-01	8.180286e-01	9.000693e-02	6.219863e-01	1.317072e+01
36	-6.223324e-01	1.431999e+00	-6.224812e-01	2.894789e+01	3.778795e-02	7.743355e-04	3.794497e-02	1.705833e+00	8.181535e-01	9.000949e-02	6.519784e-01	1.317133e+01
37	-5.741115e-01	1.283153e+00	-5.743005e-01	2.763532e+01	4.822090e-02	-1.488458e-01	4.818076e-02	-1.312571e+00	8.186542e-01	8.846405e-02	6.659282e-01	1.312827e+01
38	-4.748026e-01	1.202274e+00	-4.751912e-01	2.703847e+01	9.930896e-02	-8.087914e-02	9.910924e-02	-5.968495e-01	8.198222e-01	8.751278e-02	6.845883e-01	1.311308e+01
39	-3.695330e-01	1.185230e+00	-3.699457e-01	2.747571e+01	1.052696e-01	-1.704306e-02	1.052455e-01	4.372354e-01	8.208383e-01	8.734829e-02	7.138565e-01	1.310834e+01
40	-2.720795e-01	1.168889e+00	-2.724618e-01	2.652431e+01	9.745347e-02	-1.634132e-02	9.748391e-02	-9.514001e-01	8.217097e-01	8.720216e-02	6.766927e-01	1.311457e+01
41	-1.825132e-01	1.266668e+00	-1.828646e-01	2.621865e+01	8.956631e-02	9.777833e-02	8.959724e-02	-3.056532e-01	8.220249e-01	8.754622e-02	6.071666e-01	1.303867e+01
42	-1.147562e-01	1.463882e+00	-1.150223e-01	2.997743e+01	6.775698e-02	1.972146e-01	6.784230e-02	3.758772e+00	8.218636e-01	8.707671e-02	6.432721e-01	1.314376e+01
43	-6.115498e-02	1.411410e+00	-6.136540e-02	2.881663e+01	5.360124e-02	-5.247168e-02	5.365687e-02	-1.160792e+00	8.222234e-01	8.672445e-02	6.304354e-01	1.315632e+01
44	-1.334376e-03	1.402962e+00	-1.568872e-03	2.882458e+01	5.982060e-02	-8.448125e-03	5.979652e-02	7.941206e-03	8.225451e-01	8.667902e-02	6.327434e-01	1.315600e+01
45	2.834242e-02	1.382981e+00	2.822558e-02	2.827604e+01	2.967679e-02	-1.998173e-02	2.979445e-02	-5.485398e-01	8.226454e-01	8.661152e-02	6.284546e-01	1.315889e+01
46	4.455238e-02	1.402833e+00	4.448860e-02	2.982728e+01	1.620996e-02	1.985290e-02	1.626302e-02	1.551248e+00	8.226547e-01	8.662291e-02	6.383057e-01	1.317095e+01
47	7.434839e-02	1.297575e+00	7.423175e-02	2.819350e+01	2.979601e-02	-1.052584e-01	2.974315e-02	-1.633781e+00	8.228566e-01	8.590976e-02	6.345570e-01	1.318419e+01
48	9.667035e-02	1.289455e+00	9.658270e-02	2.860563e+01	2.232196e-02	-8.120249e-03	2.235095e-02	4.121301e-01	8.229062e-01	8.589171e-02	6.399103e-01	1.318225e+01
49	9.454306e-02	1.261144e+00	9.455102e-02	2.725256e+01	-2.127295e-03	-2.831093e-02	-2.031677e-03	-1.353069e+00	8.229040e-01	8.586280e-02	6.408986e-01	1.319540e+01
50	9.222846e-02	1.351195e+00	9.223753e-02	2.673033e+01	-2.314594e-03	9.005131e-02	-2.313489e-03	-5.222335e-01	8.229129e-01	8.551599e-02	6.427700e-01	1.312259e+01
51	9.733222e-02	1.538109e+00	9.731232e-02	2.998955e+01	5.103757e-03	1.869141e-01	5.074784e-03	3.259217e+00	8.228769e-01	8.419757e-02	6.446836e-01	1.319267e+01
52	9.189872e-02	1.503490e+00	9.191987e-02	3.091731e+01	-5.433499e-03	-3.461903e-02	-5.392451e-03	9.277643e-01	8.228718e-01	8.416481e-02	6.411035e-01	1.316986e+01
53	7.724052e-02	1.321003e+00	7.729787e-02	2.764397e+01	-1.465820e-02	-1.824872e-01	-1.462200e-02	-3.273340e+00	8.227841e-01	8.307367e-02	6.469969e-01	1.324323e+01
54	6.578139e-02	1.323283e+00	6.582638e-02	2.802955e+01	-1.145913e-02	2.279649e-03	-1.147149e-02	3.855732e-01	8.227963e-01	8.307126e-02	6.450222e-01	1.324363e+01
55	5.609503e-02	1.311030e+00	5.613305e-02	2.828309e+01	-9.686358e-03	-1.225287e-02	-9.693331e-03	2.535441e-01	8.227995e-01	8.307536e-02	6.430806e-01	1.324117e+01
56	3.945044e-02	1.275135e+00	3.951561e-02	2.688233e+01	-1.664459e-02	-3.589451e-02	-1.661744e-02	-1.400760e+00	8.227991e-01	8.307435e-02	6.503072e-01	1.325675e+01
57	2.217704e-02	1.345928e+00	2.224477e-02	2.768276e+01	-1.727340e-02	7.079296e-02	-1.727084e-02	8.004293e-01	8.228722e-01	8.277454e-02	6.513451e-01	1.325250e+01
58	1.318073e-02	1.377583e+00	1.321613e-02	2.787968e+01	-8.996311e-03	3.165441e-02	-9.028633e-03	1.969185e-01	8.228903e-01	8.271073e-02	6.522707e-01	1.324924e+01
59	1.856394e-03	1.384309e+00	1.900768e-03	2.720135e+01	-1.132433e-02	6.725924e-03	-1.131536e-02	-6.783282e-01	8.229041e-01	8.270258e-02	6.563587e-01	1.324682e+01
60	-1.251562e-02	1.427977e+00	-1.245930e-02	2.829880e+01	-1.437201e-02	4.366866e-02	-1.436007e-02	1.097448e+00	8.229460e-01	8.257525e-02	6.527552e-01	1.325777e+01
61	-2.368249e-02	1.369308e+00	-2.363865e-02	2.722874e+01	-1.116687e-02	-5.866907e-02	-1.117935e-02	-1.070055e+00	8.229309e-01	8.249583e-02	6.542639e-01	1.326569e+01
62	-3.690111e-02	1.348155e+00	-3.684931e-02	2.566286e+01	-1.321862e-02	-2.115285e-02	-1.321066e-02	-1.565879e+00	8.229346e-01	8.250173e-02	6.622772e-01	1.327852e+01
63	-5.144859e-02	1.442247e+00	-5.139156e-02	2.745182e+01	-1.454748e-02	9.409204e-02	-1.454225e-02	1.788956e+00	8.230056e-01	8.204198e-02	6.584994e-01	1.330295e+01
64	-6.232604e-02	1.404174e+00	-6.228332e-02	2.714767e+01	-1.087745e-02	-3.807336e-02	-1.089176e-02	-3.041519e-01	8.229995e-01	8.202058e-02	6.574178e-01	1.329916e+01
65	-7.442316e-02	1.338573e+00	-7.437574e-02	2.559068e+01	-1.209712e-02	-6.560087e-02	-1.209241e-02	-1.556982e+00	8.229809e-01	8.191972e-02	6.612969e-01	1.332020e+01
66	-8.603409e-02	1.359202e+00	-8.598855e-02	2.438373e+01	-1.161093e-02	2.062897e-02	-1.161282e-02	-1.206954e+00	8.230016e-01	8.188301e-02	6.694244e-01	1.330576e+01
67	-8.889150e-02	1.486277e+00	-8.888016e-02	2.641404e+01	-2.857410e-03	1.270752e-01	-2.891611e-03	2.030310e+00	8.230163e-01	8.122764e-02	6.689647e-01	1.332620e+01
68	-9.217261e-02	1.462736e+00	-9.215974e-02	2.612039e+01	-3.281101e-03	-2.354149e-02	-3.279580e-03	-2.936502e-01	8.230142e-01	8.121274e-02	6.689300e-01	1.332595e+01
69	-9.238627e-02	1.403902e+00	-9.238538e-02	2.461387e+01	-2.136639e-04	-5.883391e-02	-2.256402e-04	-1.506520e+00	8.230138e-01	8.108083e-02	6.690032e-01	1.334611e+01
70	-8.192274e-02	1.419942e+00	-8.196361e-02	2.378344e+01	1.046353e-02	1.603956e-02	1.042177e-02	-8.304328e-01	8.230163e-01	8.108471e-02	6.637780e-01	1.333810e+01
71	-6.494843e-02	1.497498e+00	-6.501490e-02	2.491958e+01	1.697431e-02	7.755639e-02	1.694872e-02	1.136137e+00	8.229897e-01	8.096316e-02	6.645048e-01	1.334142e+01
72	-5.153290e-02	1.473466e+00	-5.158556e-02	2.574443e+01	1.341553e-02	-2.403213e-02	1.342933e-02	8.248544e-01	8.230173e-01	8.091370e-02	6.717446e-01	1.332845e+01
73	-2.888690e-02	1.313306e+00	-2.897556e-02	2.358565e+01	2.264600e-02	-1.601601e-01	2.261000e-02	-2.158777e+00	8.231971e-01	7.964228e-02	6.713273e-01	1.333140e+01
74	-8.169510e-03	1.247596e+00	-8.250783e-03	2.280010e+01	2.071739e-02	-6.571006e-02	2.072478e-02	-7.855490e-01	8.232845e-01	7.936504e-02	6.720788e-01	1.332901e+01
75	1.500070e-02	1.222531e+00	1.490987e-02	2.265761e+01	2.317021e-02	-2.506493e-02	2.316065e-02	-1.424889e-01	8.233513e-01	7.929276e-02	6.740150e-01	1.332692e+01
76	3.956733e-02	1.194405e+00	3.947101e-02	2.300049e+01	2.456663e-02	-2.812526e-02	2.456114e-02	3.428777e-01	8.234278e-01	7.920513e-02	6.821911e-01	1.331756e+01
77	5.747673e-02	1.106651e+00	5.740640e-02	2.099297e+01	1.790940e-02	-8.775469e-02	1.793539e-02	-2.007518e+00	8.235138e-01	7.878419e-02	6.749801e-01	1.335289e+01
78	6.954612e-02	1.149906e+00	6.949870e-02	2.212579e+01	1.206939e-02	4.325558e-02	1.209230e-02	1.132812e+00	8.235066e-01	7.875843e-02	6.781133e-01	1.336412e+01
79	7.893584e-02	1.095187e+00	7.889897e-02	2.210361e+01	9.389713e-03	-5.471961e-02	9.400270e-03	-2.217819e-02	8.235332e-01	7.860331e-02	6.812428e-01	1.334588e+01
80	8.735295e-02	9.858175e-01	8.731993e-02	2.058402e+01	8.417114e-03	-1.093692e-01	8.420954e-03	-1.519590e+00	8.235733e-01	7.808247e-02	6.809817e-01	1.334928e+01
81	9.203286e-02	9.464183e-01	9.201445e-02	1.952962e+01	4.679909e-03	-3.939921e-02	4.694523e-03	-1.054400e+00	8.235820e-01	7.800923e-02	6.798008e-01	1.335922e+01
82	9.109957e-02	9.794130e-01	9.110314e-02	1.989338e+01	-9.332896e-04	3.299477e-02	-9.113060e-04	3.637630e-01	8.235832e-01	7.796668e-02	6.798346e-01	1.335802e+01
83	8.730116e-02	9.769019e-01	8.731601e-02	1.930167e+01	-3.798410e-03	-2.511110e-03	-3.787133e-03	-5.917064e-01	8.235840e-01	7.796723e-02	6.808370e-01	1.335868e+01
84	8.372681e-02	9.950392e-01	8.374083e-02	1.919869e+01	-3.574350e-03	1.813726e-02	-3.575181e-03	-1.029792e-01	8.235875e-01	7.794961e-02	6.814190e-01	1.335573e+01
85	7.915828e-02	9.937383e-01	7.917618e-02	1.933827e+01	-4.568525e-03	-1.300888e-03	-4.564644e-03	1.395801e-01	8.235890e-01	7.795004e-02	6.810717e-01	1.335563e+01
86	7.190728e-02	9.352039e-01	7.193567e-02	1.793337e+01	-7.251004e-03	-5.853440e-02	-7.240510e-03	-1.404902e+00	8.235777e-01	7.785861e-02	6.831972e-01	1.337279e+01
87	6.326215e-02	9.401416e-01	6.329603e-02	1.805463e+01	-8.645132e-03	4.937683e-03	-8.639645e-03	1.212593e-01	8.235855e-01	7.785415e-02	6.829461e-01	1.337293e+01
88	5.523751e-02	9.044451e-01	5.526899e-02	1.798567e+01	-8.024640e-03	-3.569651e-02	-8.027043e-03	-6.896422e-02	8.235803e-01	7.783109e-02	6.813696e-01	1.336592e+01
89	4.658466e-02	8.211840e-01	4.661859e-02	1.669108e+01	-8.652846e-03	-8.326110e-02	-8.650401e-03	-1.294587e+00	8.235600e-01	7.763576e-02	6.820898e-01	1.337285e+01
90	3.626417e-02	7.891942e-01	3.630461e-02	1.684236e+01	-1.032050e-02	-3.198982e-02	-1.031397e-02	1.512821e-01	8.235567e-01	7.762560e-02	6.792181e-01	1.336395e+01
91	2.307467e-02	7.068084e-01	2.312635e-02	1.554647e+01	-1.318949e-02	-8.238578e-02	-1.317826e-02	-1.295889e+00	8.235313e-01	7.746651e-02	6.803789e-01	1.337120e+01
92	1.628391e-02	6.844077e-01	1.631063e-02	1.457548e+01	-6.790767e-03	-2.240064e-02	-6.815719e-03	-9.709986e-01	8.235296e-01	7.746107e-02	6.825293e-01	1.337829e+01
93	1.251280e-02	7.262093e-01	1.252764e-02	1.543694e+01	-3.771102e-03	4.180159e-02	-3.782995e-03	8.614652e-01	8.235366e-01	7.738339e-02	6.819838e-01	1.338434e+01
94	1.585335e-03	6.793791e-01	1.628078e-03	1.530807e+01	-1.092747e-02	-4.683018e-02	-1.089956e-02	-1.288670e-01	8.235277e-01	7.734510e-02	6.793637e-01	1.337311e+01
95	-1.518977e-02	5.805151e-01	-1.512407e-02	1.483262e+01	-1.677510e-02	-9.886401e-02	-1.675215e-02	-4.754539e-01	8.234903e-01	7.712506e-02	6.725607e-01	1.333302e+01
96	-2.233159e-02	4.473294e-01	-2.230343e-02	1.309139e+01	-7.141819e-03	-1.331857e-01	-7.179360e-03	-1.741230e+00	8.234602e-01	7.656235e-02	6.724284e-01	1.333055e+01
97	-2.988220e-02	4.012829e-01	-2.985260e-02	1.288214e+01	-7.550614e-03	-4.604655e-02	-7.549164e-03	-2.092493e-01	8.234523e-01	7.651442e-02	6.709608e-01	1.332160e+01
98	-3.822410e-02	3.492460e-01	-3.819139e-02	1.192297e+01	-8.341892e-03	-5.203685e-02	-8.338796e-03	-9.591684e-01	8.234424e-01	7.645241e-02	6.719910e-01	1.332803e+01
99	-4.625502e-02	3.527995e-01	-4.622352e-02	1.363345e+01	-8.030926e-03	3.553456e-03	-8.032128e-03	1.710480e+00	8.234488e-01	7.644956e-02	6.656264e-01	1.333084e+01
100	-5.505415e-02	1.681383e-01	-5.501966e-02	1.305302e+01	-8.799132e-03	-1.846612e-01	-8.796136e-03	-5.804345e-01	8.233972e-01	7.536580e-02	6.578715e-01	1.316810e+01
101	-6.277484e-02	0.000000e+00	-6.274455e-02	9.912499e+00	-7.720687e-03	-1.681383e-01	-7.724888e-03	-3.140518e+00	8.233563e-01	7.447559e-02	6.612033e-01	1.324066e+01
102	-6.727996e-02	1.134882e-02	-6.726225e-02	9.749506e+00	-4.505123e-03	1.134882e-02	-4.517700e-03	-1.629932e-01	8.233598e-01	7.446668e-02	6.618672e-01	1.323899e+01
103	-6.939530e-02	4.839519e-02	-6.938697e-02	9.399235e+00	-2.115340e-03	3.704637e-02	-2.124724e-03	-3.502715e-01	8.233630e-01	7.441143e-02	6.627100e-01	1.322423e+01
104	-7.154332e-02	1.165176e-01	-7.153490e-02	1.053645e+01	-2.148020e-03	6.812242e-02	-2.147929e-03	1.137220e+00	8.233685e-01	7.423554e-02	6.624680e-01	1.323190e+01
105	-7.370363e-02	4.664214e-02	-7.369516e-02	9.210784e+00	-2.160309e-03	-6.987547e-02	-2.160261e-03	-1.325671e+00	8.233636e-01	7.407642e-02	6.628771e-01	1.324513e+01
106	-7.539504e-02	3.031843e-02	-7.538840e-02	1.079587e+01	-1.691411e-03	-1.632371e-02	-1.693242e-03	1.585087e+00	8.233629e-01	7.406938e-02	6.614292e-01	1.323116e+01
107	-7.642713e-02	0.000000e+00	-7.642307e-02	9.986322e+00	-1.032089e-03	-3.031843e-02	-1.034671e-03	-8.095489e-01	8.233619e-01	7.403971e-02	6.616290e-01	1.323703e+01
108	-7.623389e-02	0.000000e+00	-7.623463e-02	8.755831e+00	1.932368e-04	0.000000e+00	1.884403e-04	-1.230490e+00	8.233619e-01	7.403971e-02	1.000000e+00	1.300000e+01
109	-7.486622e-02	0.000000e+00	-7.487157e-02	6.788949e+00	1.367672e-03	0.000000e+00	1.363066e-03	-1.966883e+00	8.233620e-01	7.403971e-02	1.000000e+00	1.300000e+01
110	-7.353158e-02	0.000000e+00	-7.353681e-02	5.876048e+00	1.334646e-03	0.000000e+00	1.334757e-03	-9.129008e-01	8.233622e-01	7.403971e-02	1.000000e+00	1.300000e+01
111	-7.282479e-02	1.102183e-02	-7.282757e-02	6.141038e+00	7.067850e-04	1.102183e-02	7.092380e-04	2.649905e-01	8.233620e-01	7.403611e-02	1.000041e+00	1.300063e+01
112	-7.217067e-02	0.000000e+00	-7.217324e-02	5.749986e+00	6.541221e-04	-1.102183e-02	6.543374e-04	-3.910524e-01	8.233623e-01	7.403123e-02	9.999634e-01	1.300193e+01
