#sequence delta(k-1),f(k-1),theta(k),v(k),delta_diff(k-1),f_diff(k-1),theta_diff(k),v_diff(k),phi(1,1;k),phi(1,2;k),phi(2,1;k),phi(2,2;k)
1	-2.378564e-01	0.000000e+00	-2.381141e-01	0.000000e+00	-2.378564e-01	0.000000e+00	6.569685e-02	-7.229645e-03	9.666475e-01	1.000000e-01	1.000000e+00	1.400000e+01
2	6.417354e-01	2.000000e-01	6.382985e-01	4.078361e+00	8.795918e-01	2.000000e-01	8.764126e-01	4.078361e+00	9.684761e-01	1.004158e-01	1.118427e+00	1.402693e+01
3	-3.534422e-02	2.215177e-01	-3.271280e-02	4.284664e+00	-6.770796e-01	2.151768e-02	-6.710113e-01	2.063027e-01	9.730373e-01	1.002708e-01	9.453221e-01	1.403243e+01
4	-5.149485e-01	2.965921e-01	-5.130648e-01	4.935161e+00	-4.796043e-01	7.507444e-02	-4.803520e-01	6.504972e-01	9.773593e-01	9.959430e-02	9.350504e-01	1.403404e+01
5	-3.642086e-01	4.320486e-01	-3.647901e-01	7.431654e+00	1.507399e-01	1.354565e-01	1.482747e-01	2.496493e+00	9.764792e-01	9.880350e-02	9.669414e-01	1.406269e+01
6	-1.126833e-01	4.610390e-01	-1.136681e-01	7.278313e+00	2.515253e-01	2.899039e-02	2.511220e-01	-1.533411e-01	9.767858e-01	9.883883e-02	8.738400e-01	1.405196e+01
7	-1.376845e-01	6.014648e-01	-1.375907e-01	8.248452e+00	-2.500119e-02	1.404258e-01	-2.392259e-02	9.701388e-01	9.769431e-01	9.795526e-02	8.853759e-01	1.398717e+01
8	-2.787642e-01	7.954889e-01	-2.782127e-01	1.146612e+01	-1.410797e-01	1.940241e-01	-1.406221e-01	3.217672e+00	9.783632e-01	9.600225e-02	8.444211e-01	1.404349e+01
9	-2.823536e-01	7.587692e-01	-2.823374e-01	1.030564e+01	-3.589359e-03	-3.671971e-02	-4.124643e-03	-1.160485e+00	9.783583e-01	9.595149e-02	8.455146e-01	1.405468e+01
10	-2.160604e-01	9.308950e-01	-2.163193e-01	1.225799e+01	6.629314e-02	1.721258e-01	6.601807e-02	1.952355e+00	9.778828e-01	9.471698e-02	8.293252e-01	1.401265e+01
11	-2.083249e-01	1.018880e+00	-2.083562e-01	1.317838e+01	7.735486e-03	8.798486e-02	7.963153e-03	9.203824e-01	9.778538e-01	9.438665e-02	8.281579e-01	1.399937e+01
12	-2.771401e-01	1.098427e+00	-2.768714e-01	1.476342e+01	-6.881518e-02	7.954706e-02	-6.851527e-02	1.585042e+00	9.781376e-01	9.405852e-02	8.109802e-01	1.401922e+01
13	-3.586621e-01	1.069236e+00	-3.583426e-01	1.434629e+01	-8.152197e-02	-2.919082e-02	-8.147116e-02	-4.171238e-01	9.780985e-01	9.404451e-02	8.087341e-01	1.401842e+01
14	-4.424540e-01	1.166538e+00	-4.421254e-01	1.583451e+01	-8.379188e-02	9.730146e-02	-8.378281e-02	1.488212e+00	9.785318e-01	9.354133e-02	8.011561e-01	1.402722e+01
15	-5.749522e-01	1.193685e+00	-5.744333e-01	1.508951e+01	-1.324982e-01	2.714757e-02	-1.323079e-01	-7.449949e-01	9.788557e-01	9.347496e-02	8.647478e-01	1.401419e+01
16	-6.638418e-01	1.393685e+00	-6.634925e-01	1.695288e+01	-8.888961e-02	2.000000e-01	-8.905921e-02	1.863367e+00	9.797111e-01	9.155037e-02	9.003172e-01	1.393416e+01
17	-6.403599e-01	1.508791e+00	-6.404503e-01	1.734327e+01	2.348190e-02	1.151058e-01	2.304228e-02	3.903887e-01	9.795948e-01	9.098015e-02	8.866404e-01	1.386712e+01
18	-6.224936e-01	1.678253e+00	-6.225637e-01	2.061113e+01	1.786631e-02	1.694625e-01	1.788653e-02	3.267862e+00	9.794690e-01	8.978740e-02	8.941862e-01	1.393869e+01
19	-6.343018e-01	1.478253e+00	-6.342560e-01	1.752126e+01	-1.180821e-02	-2.000000e-01	-1.169222e-02	-3.089874e+00	9.793710e-01	8.812677e-02	8.957894e-01	1.396585e+01
20	-5.592964e-01	1.678253e+00	-5.595892e-01	1.945497e+01	7.500544e-02	2.000000e-01	7.466677e-02	1.933714e+00	9.787991e-01	8.660197e-02	8.635117e-01	1.387978e+01
21	-4.651999e-01	1.773049e+00	-4.655686e-01	2.118479e+01	9.409643e-02	9.479514e-02	9.402053e-02	1.729822e+00	9.785205e-01	8.632123e-02	8.782564e-01	1.389463e+01
22	-2.543991e-01	1.693005e+00	-2.552240e-01	1.968645e+01	2.108009e-01	-8.004349e-02	2.103447e-01	-1.498342e+00	9.795928e-01	8.591407e-02	8.224697e-01	1.391581e+01
23	1.053782e-01	1.866946e+00	1.039696e-01	2.205557e+01	3.597773e-01	1.739404e-01	3.591935e-01	2.369117e+00	9.782973e-01	8.528777e-02	7.675050e-01	1.388924e+01
24	3.552549e-01	1.812851e+00	3.542733e-01	1.980311e+01	2.498767e-01	-5.409404e-02	2.503037e-01	-2.252457e+00	9.795000e-01	8.502742e-02	5.729298e-01	1.393136e+01
25	4.112931e-01	2.012851e+00	4.110703e-01	2.324256e+01	5.603821e-02	2.000000e-01	5.679706e-02	3.439446e+00	9.791066e-01	8.362341e-02	5.891124e-01	1.398912e+01
26	4.601776e-01	1.857186e+00	4.599858e-01	2.130524e+01	4.888450e-02	-1.556657e-01	4.891541e-02	-1.937313e+00	9.794290e-01	8.259676e-02	5.939593e-01	1.397368e+01
27	5.703465e-01	2.008789e+00	5.699154e-01	2.303556e+01	1.101690e-01	1.516029e-01	1.099297e-01	1.730319e+00	9.788892e-01	8.185405e-02	5.706336e-01	1.394159e+01
28	5.885207e-01	2.029863e+00	5.884480e-01	2.343763e+01	1.817416e-02	2.107444e-02	1.853258e-02	4.020653e-01	9.788808e-01	8.184421e-02	5.714783e-01	1.394257e+01
29	5.296535e-01	2.037414e+00	5.298832e-01	2.393499e+01	-5.886718e-02	7.550881e-03	-5.856484e-02	4.973672e-01	9.789243e-01	8.183863e-02	5.595950e-01	1.394409e+01
30	4.839763e-01	2.009146e+00	4.841557e-01	2.282811e+01	-4.567717e-02	-2.826832e-02	-4.572752e-02	-1.106886e+00	9.788961e-01	8.182119e-02	5.744823e-01	1.395330e+01
31	4.075547e-01	2.198494e+00	4.078539e-01	2.579830e+01	-7.642161e-02	1.893485e-01	-7.630172e-02	2.970193e+00	9.795001e-01	8.032470e-02	5.612523e-01	1.398608e+01
32	2.939780e-01	2.027414e+00	2.944229e-01	2.292354e+01	-1.135767e-01	-1.710806e-01	-1.134311e-01	-2.874765e+00	9.788894e-01	7.940475e-02	5.833517e-01	1.401937e+01
33	1.432681e-01	2.227414e+00	1.438585e-01	2.367006e+01	-1.507100e-01	2.000000e-01	-1.505644e-01	7.465241e-01	9.802024e-01	7.766228e-02	7.200515e-01	1.383796e+01
34	4.923491e-02	2.427414e+00	4.960454e-02	2.701086e+01	-9.403315e-02	2.000000e-01	-9.425398e-02	3.340802e+00	9.809704e-01	7.602875e-02	6.921069e-01	1.389740e+01
35	-1.595227e-01	2.227414e+00	-1.587058e-01	2.386976e+01	-2.087576e-01	-2.000000e-01	-2.083103e-01	-3.141105e+00	9.798586e-01	7.496362e-02	7.127750e-01	1.391720e+01
36	-4.307400e-01	2.427414e+00	-4.296774e-01	2.688484e+01	-2.712173e-01	2.000000e-01	-2.709716e-01	3.015085e+00	9.823223e-01	7.314686e-02	6.609694e-01	1.395540e+01
37	-5.824185e-01	2.253279e+00	-5.818219e-01	2.385004e+01	-1.516785e-01	-1.741346e-01	-1.521445e-01	-3.034801e+00	9.816493e-01	7.237422e-02	6.963682e-01	1.399604e+01
38	-6.780578e-01	2.453279e+00	-6.776818e-01	2.646476e+01	-9.563923e-02	2.000000e-01	-9.585995e-02	2.614716e+00	9.823787e-01	7.084890e-02	7.015954e-01	1.398511e+01
39	-8.173366e-01	2.371677e+00	-8.167911e-01	2.416845e+01	-1.392788e-01	-8.160254e-02	-1.391092e-01	-2.296311e+00	9.821504e-01	7.071510e-02	7.706488e-01	1.402557e+01
40	-8.015827e-01	2.571677e+00	-8.016421e-01	2.756310e+01	1.575391e-02	2.000000e-01	1.514898e-02	3.394653e+00	9.820443e-01	6.936787e-02	7.748843e-01	1.407934e+01
41	-5.884272e-01	2.371677e+00	-5.892601e-01	2.377357e+01	2.131555e-01	-2.000000e-01	2.123820e-01	-3.789534e+00	9.836879e-01	6.782564e-02	6.643022e-01	1.418310e+01
42	-4.260302e-01	2.571677e+00	-4.266678e-01	2.602980e+01	1.623970e-01	2.000000e-01	1.625923e-01	2.256230e+00	9.828875e-01	6.683988e-02	6.129154e-01	1.411981e+01
43	2.555317e-01	2.591296e+00	2.528669e-01	2.536790e+01	6.815619e-01	1.961904e-02	6.795347e-01	-6.619003e-01	9.850742e-01	6.690282e-02	2.565482e-01	1.410955e+01
44	7.553799e-01	2.783571e+00	7.534169e-01	2.805616e+01	4.998482e-01	1.922756e-01	5.005501e-01	2.688270e+00	9.840980e-01	6.652730e-02	2.248010e-01	1.409734e+01
45	6.351161e-01	2.593973e+00	6.355783e-01	2.500801e+01	-1.202637e-01	-1.895979e-01	-1.178387e-01	-3.048157e+00	9.833666e-01	6.537425e-02	2.442083e-01	1.412794e+01
46	4.085164e-01	2.793973e+00	4.094033e-01	2.720067e+01	-2.265998e-01	2.000000e-01	-2.261749e-01	2.192665e+00	9.850567e-01	6.388256e-02	3.036611e-01	1.407546e+01
47	5.049362e-01	2.738360e+00	5.045630e-01	2.681011e+01	9.641981e-02	-5.561290e-02	9.515967e-02	-3.905583e-01	9.852266e-01	6.378455e-02	3.201812e-01	1.406593e+01
48	2.866609e-01	2.732207e+00	2.875120e-01	2.724170e+01	-2.182753e-01	-6.153140e-03	-2.170509e-01	4.315805e-01	9.853895e-01	6.378914e-02	2.606348e-01	1.406426e+01
49	-1.800563e-01	2.655487e+00	-1.782299e-01	2.509458e+01	-4.667172e-01	-7.672011e-02	-4.657419e-01	-2.147112e+00	9.855788e-01	6.382027e-02	4.493472e-01	1.409528e+01
50	-2.932281e-01	2.855487e+00	-2.927789e-01	2.875782e+01	-1.131718e-01	2.000000e-01	-1.145491e-01	3.663233e+00	9.864050e-01	6.236035e-02	4.024710e-01	1.417812e+01
51	-3.081393e-01	2.655487e+00	-3.080793e-01	2.597601e+01	-1.491120e-02	-2.000000e-01	-1.530041e-02	-2.781804e+00	9.863225e-01	6.125398e-02	4.020557e-01	1.417255e+01
52	-5.452297e-01	2.842737e+00	-5.443033e-01	2.863317e+01	-2.370904e-01	1.872499e-01	-2.362240e-01	2.657159e+00	9.878137e-01	6.007620e-02	3.914281e-01	1.418094e+01
53	-4.807903e-01	2.642737e+00	-4.810384e-01	2.532593e+01	6.443937e-02	-2.000000e-01	6.326490e-02	-3.307238e+00	9.881619e-01	5.899558e-02	3.765660e-01	1.422707e+01
54	-3.350319e-01	2.842737e+00	-3.356022e-01	2.876624e+01	1.457584e-01	2.000000e-01	1.454362e-01	3.440303e+00	9.874635e-01	5.803732e-02	4.128422e-01	1.427684e+01
55	-1.938804e-01	2.642737e+00	-1.944340e-01	2.624055e+01	1.411515e-01	-2.000000e-01	1.411682e-01	-2.525687e+00	9.883354e-01	5.680193e-02	4.305100e-01	1.425181e+01
56	7.108303e-02	2.778554e+00	7.004586e-02	2.915227e+01	2.649635e-01	1.358174e-01	2.644799e-01	2.911718e+00	9.877199e-01	5.648641e-02	5.343951e-01	1.430506e+01
57	6.683852e-01	2.578554e+00	6.660479e-01	2.762890e+01	5.973021e-01	-2.000000e-01	5.960021e-01	-1.523366e+00	9.918233e-01	5.511243e-02	7.755140e-01	1.422432e+01
58	1.274130e+00	2.474676e+00	1.271754e+00	2.723584e+01	6.057444e-01	-1.038781e-01	6.057064e-01	-3.930597e-01	9.943984e-01	5.467083e-02	9.243020e-01	1.419881e+01
59	1.142140e+00	2.374483e+00	1.142647e+00	2.647190e+01	-1.319893e-01	-1.001934e-01	-1.291076e-01	-7.639384e-01	9.939271e-01	5.431310e-02	8.760198e-01	1.416216e+01
60	8.989681e-01	2.379590e+00	8.999200e-01	2.807836e+01	-2.431723e-01	5.107384e-03	-2.427267e-01	1.606453e+00	9.940739e-01	5.431001e-02	6.800104e-01	1.416627e+01
61	1.049049e+00	2.179590e+00	1.048466e+00	2.474981e+01	1.500806e-01	-2.000000e-01	1.485462e-01	-3.328544e+00	9.947802e-01	5.336882e-02	6.387176e-01	1.422130e+01
62	1.040682e+00	2.379590e+00	1.040713e+00	2.808278e+01	-8.366208e-03	2.000000e-01	-7.753269e-03	3.332971e+00	9.948196e-01	5.242775e-02	6.367929e-01	1.426732e+01
63	6.100555e-01	2.179590e+00	6.117377e-01	2.759348e+01	-4.306270e-01	-2.000000e-01	-4.289752e-01	-4.893016e-01	9.929985e-01	5.158197e-02	1.517873e-01	1.404206e+01
64	1.716440e-01	1.979590e+00	1.733631e-01	2.514802e+01	-4.384115e-01	-2.000000e-01	-4.383746e-01	-2.445463e+00	9.916394e-01	5.096199e-02	7.165102e-02	1.400550e+01
65	2.536252e-01	2.137569e+00	2.533117e-01	2.675394e+01	8.198122e-02	1.579789e-01	7.994858e-02	1.605919e+00	9.912792e-01	5.026775e-02	4.817036e-02	1.396025e+01
66	1.868970e-01	2.072624e+00	1.871564e-01	2.439643e+01	-6.672824e-02	-6.494535e-02	-6.615528e-02	-2.357513e+00	9.911764e-01	5.016775e-02	9.385672e-02	1.400472e+01
67	-2.226074e-01	2.272624e+00	-2.210068e-01	2.712895e+01	-4.095044e-01	2.000000e-01	-4.081632e-01	2.732526e+00	9.933449e-01	4.910870e-02	9.914029e-02	1.400214e+01
68	-3.627707e-01	2.075133e+00	-3.622169e-01	2.438178e+01	-1.401633e-01	-1.974910e-01	-1.412101e-01	-2.747171e+00	9.928456e-01	4.840523e-02	9.706909e-02	1.399922e+01
69	-3.381931e-01	2.275133e+00	-3.382870e-01	2.560691e+01	2.457752e-02	2.000000e-01	2.392991e-02	1.225125e+00	9.927294e-01	4.745991e-02	7.902382e-02	1.385238e+01
70	-4.836105e-01	2.341761e+00	-4.830429e-01	2.684281e+01	-1.454174e-01	6.662803e-02	-1.447559e-01	1.235904e+00	9.929721e-01	4.734873e-02	5.689684e-02	1.386252e+01
71	-7.600085e-01	2.152343e+00	-7.589266e-01	2.546808e+01	-2.763979e-01	-1.894182e-01	-2.758837e-01	-1.374732e+00	9.920347e-01	4.670635e-02	-1.005806e-01	1.375460e+01
72	-8.984326e-01	2.084535e+00	-8.978877e-01	2.543135e+01	-1.384241e-01	-6.780813e-02	-1.389611e-01	-3.672958e-02	9.919355e-01	4.665773e-02	-1.578939e-01	1.372652e+01
73	-9.856800e-01	1.983386e+00	-9.853371e-01	2.371145e+01	-8.724741e-02	-1.011484e-01	-8.744942e-02	-1.719899e+00	9.917788e-01	4.647611e-02	-1.437121e-01	1.374296e+01
74	-1.223079e+00	2.155704e+00	-1.222150e+00	2.665210e+01	-2.373986e-01	1.723177e-01	-2.368129e-01	2.940648e+00	9.927923e-01	4.574045e-02	-2.019172e-01	1.378521e+01
75	-1.488837e+00	1.955704e+00	-1.487795e+00	2.449839e+01	-2.657580e-01	-2.000000e-01	-2.656449e-01	-2.153707e+00	9.919137e-01	4.507918e-02	-2.676684e-01	1.373573e+01
76	-1.624217e+00	1.966518e+00	-1.623685e+00	2.438105e+01	-1.353808e-01	1.081458e-02	-1.358896e-01	-1.173364e-01	9.920469e-01	4.506854e-02	-2.484179e-01	1.373419e+01
77	-1.677706e+00	1.962568e+00	-1.677495e+00	2.607807e+01	-5.348894e-02	-3.950226e-03	-5.381082e-02	1.697012e+00	9.920613e-01	4.506961e-02	-2.925117e-01	1.373093e+01
78	-1.790714e+00	1.762568e+00	-1.790271e+00	2.309572e+01	-1.130074e-01	-2.000000e-01	-1.127762e-01	-2.982352e+00	9.916248e-01	4.429693e-02	-2.784318e-01	1.375585e+01
79	-1.817524e+00	1.911320e+00	-1.817417e+00	2.493156e+01	-2.681003e-02	1.487521e-01	-2.714584e-02	1.835848e+00	9.917148e-01	4.379747e-02	-2.756891e-01	1.374064e+01
80	-1.763671e+00	1.719124e+00	-1.763881e+00	2.331059e+01	5.385272e-02	-1.921959e-01	5.353632e-02	-1.620974e+00	9.919292e-01	4.303238e-02	-2.497367e-01	1.364801e+01
81	-1.702529e+00	1.660995e+00	-1.702769e+00	2.345597e+01	6.114196e-02	-5.812968e-02	6.111225e-02	1.453797e-01	9.920150e-01	4.295080e-02	-2.221284e-01	1.362177e+01
82	-1.709474e+00	1.509305e+00	-1.709448e+00	2.207587e+01	-6.944786e-03	-1.516899e-01	-6.678938e-03	-1.380099e+00	9.919930e-01	4.247172e-02	-2.243611e-01	1.357300e+01
83	-1.788438e+00	1.513804e+00	-1.788129e+00	2.267649e+01	-7.896391e-02	4.499201e-03	-7.868154e-02	6.006198e-01	9.920133e-01	4.247057e-02	-2.438730e-01	1.357411e+01
84	-1.877097e+00	1.379555e+00	-1.876750e+00	2.141902e+01	-8.865967e-02	-1.342486e-01	-8.862069e-02	-1.257473e+00	9.918040e-01	4.215376e-02	-2.664572e-01	1.353991e+01
85	-1.965613e+00	1.379723e+00	-1.965266e+00	2.203011e+01	-8.851598e-02	1.673612e-04	-8.851639e-02	6.110946e-01	9.918347e-01	4.215370e-02	-2.909677e-01	1.353996e+01
86	-2.074545e+00	1.223426e+00	-2.074118e+00	1.935701e+01	-1.089313e-01	-1.562962e-01	-1.088516e-01	-2.673102e+00	9.915410e-01	4.173233e-02	-2.610574e-01	1.358287e+01
87	-2.189918e+00	1.423426e+00	-2.189466e+00	2.225591e+01	-1.153737e-01	2.000000e-01	-1.153482e-01	2.898906e+00	9.920373e-01	4.087205e-02	-2.691824e-01	1.359696e+01
88	-2.271046e+00	1.223426e+00	-2.270727e+00	1.994915e+01	-8.112761e-02	-2.000000e-01	-8.126128e-02	-2.306762e+00	9.917588e-01	4.018554e-02	-2.838990e-01	1.356068e+01
89	-2.303753e+00	1.245302e+00	-2.303624e+00	2.091470e+01	-3.270680e-02	2.187601e-02	-3.289647e-02	9.655522e-01	9.917796e-01	4.017164e-02	-2.941387e-01	1.356753e+01
90	-2.313403e+00	1.045302e+00	-2.313364e+00	1.820590e+01	-9.649812e-03	-2.000000e-01	-9.740619e-03	-2.708808e+00	9.917443e-01	3.943923e-02	-2.941470e-01	1.356735e+01
91	-2.322913e+00	1.177796e+00	-2.322876e+00	2.067690e+01	-9.510607e-03	1.324937e-01	-9.511506e-03	2.471005e+00	9.917680e-01	3.910829e-02	-2.971501e-01	1.360919e+01
92	-2.317597e+00	9.777962e-01	-2.317618e+00	1.804165e+01	5.316259e-03	-2.000000e-01	5.258338e-03	-2.635252e+00	9.917874e-01	3.838113e-02	-2.969318e-01	1.360098e+01
93	-2.287380e+00	1.015233e+00	-2.287498e+00	1.926316e+01	3.021694e-02	3.743653e-02	3.011944e-02	1.221507e+00	9.917689e-01	3.835828e-02	-2.865908e-01	1.361379e+01
94	-2.223526e+00	8.152327e-01	-2.223776e+00	1.506461e+01	6.385423e-02	-2.000000e-01	6.372245e-02	-4.198541e+00	9.920083e-01	3.760859e-02	-3.298441e-01	1.374927e+01
95	-2.185399e+00	1.015233e+00	-2.185549e+00	1.744361e+01	3.812658e-02	2.000000e-01	3.822656e-02	2.378998e+00	9.918820e-01	3.694620e-02	-3.362009e-01	1.371592e+01
96	-2.116561e+00	8.152327e-01	-2.116830e+00	1.483190e+01	6.883831e-02	-2.000000e-01	6.871873e-02	-2.611714e+00	9.921324e-01	3.621876e-02	-3.312559e-01	1.370155e+01
97	-1.972747e+00	9.064302e-01	-1.973310e+00	1.779099e+01	1.438139e-01	9.119747e-02	1.435206e-01	2.959090e+00	9.919664e-01	3.611351e-02	-2.129356e-01	1.377658e+01
98	-1.859994e+00	7.064302e-01	-1.860437e+00	1.491056e+01	1.127527e-01	-2.000000e-01	1.128729e-01	-2.880431e+00	9.923968e-01	3.535001e-02	-2.182115e-01	1.378594e+01
99	-1.748933e+00	6.769206e-01	-1.749369e+00	1.430596e+01	1.110610e-01	-2.950965e-02	1.110681e-01	-6.046012e-01	9.924961e-01	3.532362e-02	-2.273068e-01	1.378836e+01
100	-1.718522e+00	5.241838e-01	-1.718642e+00	1.177745e+01	3.041135e-02	-1.527368e-01	3.072641e-02	-2.528509e+00	9.925809e-01	3.489795e-02	-2.332384e-01	1.381815e+01
101	-1.669806e+00	6.437744e-01	-1.669997e+00	1.325819e+01	4.871562e-02	1.195906e-01	4.864535e-02	1.480739e+00	9.924918e-01	3.467924e-02	-2.369199e-01	1.380911e+01
102	-1.604630e+00	4.437744e-01	-1.604885e+00	1.000809e+01	6.517649e-02	-2.000000e-01	6.511192e-02	-3.250093e+00	9.927147e-01	3.399511e-02	-2.512413e-01	1.385306e+01
103	-1.562854e+00	5.981430e-01	-1.563019e+00	1.096575e+01	4.177536e-02	1.543686e-01	4.186651e-02	9.576569e-01	9.926197e-01	3.364381e-02	-2.741711e-01	1.376833e+01
104	-1.561481e+00	3.981430e-01	-1.561487e+00	7.367682e+00	1.373767e-03	-2.000000e-01	1.531942e-03	-3.598068e+00	9.926241e-01	3.300144e-02	-2.747111e-01	1.384694e+01
105	-1.552123e+00	5.981430e-01	-1.552160e+00	8.981486e+00	9.357322e-03	2.000000e-01	9.326755e-03	1.613804e+00	9.925955e-01	3.239031e-02	-2.797352e-01	1.373955e+01
106	-1.539793e+00	3.981430e-01	-1.539841e+00	5.052406e+00	1.233022e-02	-2.000000e-01	1.231849e-02	-3.929080e+00	9.926331e-01	3.177960e-02	-2.864972e-01	1.384924e+01
107	-1.521442e+00	5.981430e-01	-1.521514e+00	8.792271e+00	1.835143e-02	2.000000e-01	1.832787e-02	3.739864e+00	9.925798e-01	3.119812e-02	-2.781639e-01	1.394006e+01
108	-1.516532e+00	3.981430e-01	-1.516551e+00	5.830175e+00	4.909923e-03	-2.000000e-01	4.962336e-03	-2.962096e+00	9.925943e-01	3.060871e-02	-2.785588e-01	1.395614e+01
109	-1.510609e+00	2.683109e-01	-1.510632e+00	3.544279e+00	5.922951e-03	-1.298321e-01	5.919199e-03	-2.285895e+00	9.926055e-01	3.036323e-02	-2.798764e-01	1.398502e+01
110	-1.506801e+00	2.251833e-01	-1.506816e+00	3.006073e+00	3.807808e-03	-4.312767e-02	3.816056e-03	-5.382061e-01	9.926079e-01	3.033568e-02	-2.797571e-01	1.398367e+01
111	-1.505815e+00	2.518326e-02	-1.505819e+00	0.000000e+00	9.856856e-04	-2.000000e-01	9.967418e-04	-3.006073e+00	9.926107e-01	2.976890e-02	-2.798531e-01	1.400315e+01
112	-1.502832e+00	7.195375e-02	-1.502844e+00	3.453272e-01	2.982865e-03	4.677049e-02	2.975107e-03	3.453272e-01	9.926087e-01	2.973832e-02	-2.802901e-01	1.399629e+01
113	-1.508727e+00	2.467687e-02	-1.508704e+00	6.171427e-01	-5.894166e-03	-4.727688e-02	-5.859521e-03	2.718155e-01	9.926048e-01	2.970698e-02	-2.828961e-01	1.397539e+01
114	-1.509472e+00	0.000000e+00	-1.509469e+00	0.000000e+00	-7.456219e-04	-2.467687e-02	-7.655981e-04	-6.171427e-01	9.926046e-01	2.969869e-02	-2.827996e-01	1.397858e+01
115	-1.503271e+00	0.000000e+00	-1.503295e+00	0.000000e+00	6.201090e-03	0.000000e+00	6.173876e-03	0.000000e+00	9.926046e-01	2.969869e-02	1.000000e+00	1.400000e+01
116	-1.504019e+00	0.000000e+00	-1.504016e+00	0.000000e+00	-7.473417e-04	0.000000e+00	-7.203057e-04	0.000000e+00	9.926046e-01	2.969869e-02	1.000000e+00	1.400000e+01
117	-1.503966e+00	4.150958e-03	-1.503966e+00	6.062319e-01	5.300178e-05	4.150958e-03	4.998105e-05	6.062319e-01	9.926046e-01	2.969844e-02	1.000014e+00	1.400108e+01
118	-1.508423e+00	0.000000e+00	-1.508405e+00	0.000000e+00	-4.457237e-03	-4.150958e-03	-4.439631e-03	-6.062319e-01	9.926044e-01	2.969823e-02	1.001165e+00	1.400215e+01
119	-1.504117e+00	0.000000e+00	-1.504134e+00	9.672311e-02	4.305708e-03	0.000000e+00	4.271546e-03	9.672311e-02	9.926044e-01	2.969823e-02	1.000000e+00	1.400000e+01
120	-1.507778e+00	0.000000e+00	-1.507763e+00	0.000000e+00	-3.660494e-03	0.000000e+00	-3.629510e-03	-9.672311e-02	9.926044e-01	2.969823e-02	1.000000e+00	1.400000e+01
121	-1.504641e+00	8.266970e-03	-1.504653e+00	4.841586e-01	3.136929e-03	8.266970e-03	3.110498e-03	4.841586e-01	9.926040e-01	2.969725e-02	1.000544e+00	1.400143e+01
122	-1.507707e+00	0.000000e+00	-1.507695e+00	0.000000e+00	-3.066727e-03	-8.266970e-03	-3.042598e-03	-4.841586e-01	9.926037e-01	2.969628e-02	1.001076e+00	1.400287e+01
123	-1.505024e+00	0.000000e+00	-1.505034e+00	0.000000e+00	2.683553e-03	0.000000e+00	2.661185e-03	0.000000e+00	9.926036e-01	2.969628e-02	1.000000e+00	1.400000e+01
124	-1.504300e+00	1.536257e-02	-1.504303e+00	0.000000e+00	7.234020e-04	1.536257e-02	7.309715e-04	0.000000e+00	9.926035e-01	2.969305e-02	9.999259e-01	1.399843e+01
125	-1.503913e+00	4.740782e-02	-1.503915e+00	2.037159e-01	3.871148e-04	3.204525e-02	3.884580e-04	2.037159e-01	9.926033e-01	2.967864e-02	9.998808e-01	1.399469e+01
126	-1.509581e+00	5.643021e-02	-1.509559e+00	5.723257e-01	-5.668163e-03	9.022388e-03	-5.644504e-03	3.686097e-01	9.926041e-01	2.967741e-02	9.992131e-01	1.399576e+01
127	-1.509486e+00	0.000000e+00	-1.509487e+00	0.000000e+00	9.495221e-05	-5.643021e-02	7.253246e-05	-5.723257e-01	9.926042e-01	2.963317e-02	9.992229e-01	1.398994e+01
128	-1.501991e+00	1.364844e-02	-1.502020e+00	0.000000e+00	7.495266e-03	1.364844e-02	7.466271e-03	0.000000e+00	9.926028e-01	2.963072e-02	9.985165e-01	1.398865e+01
129	-1.500674e+00	4.373625e-02	-1.500679e+00	6.125837e-01	1.317455e-03	3.008782e-02	1.341474e-03	6.125837e-01	9.926023e-01	2.961847e-02	9.986356e-01	1.399137e+01
130	-1.508669e+00	0.000000e+00	-1.508637e+00	0.000000e+00	-7.994863e-03	-4.373625e-02	-7.958393e-03	-6.125837e-01	9.925975e-01	2.959206e-02	9.986078e-01	1.399122e+01
131	-1.503210e+00	9.706523e-03	-1.503231e+00	5.538747e-01	5.458412e-03	9.706523e-03	5.406003e-03	5.538747e-01	9.925967e-01	2.959068e-02	9.996775e-01	1.399312e+01
132	-1.507929e+00	0.000000e+00	-1.507911e+00	0.000000e+00	-4.718681e-03	-9.706523e-03	-4.679131e-03	-5.538747e-01	9.925960e-01	2.958933e-02	1.000604e+00	1.399503e+01
133	-1.503318e+00	0.000000e+00	-1.503336e+00	0.000000e+00	4.610796e-03	0.000000e+00	4.574507e-03	0.000000e+00	9.925960e-01	2.958933e-02	1.000000e+00	1.400000e+01
134	-1.501878e+00	1.073714e-02	-1.501883e+00	0.000000e+00	1.440344e-03	1.073714e-02	1.452587e-03	0.000000e+00	9.925958e-01	2.958783e-02	9.998962e-01	1.399923e+01
135	-1.500018e+00	3.765265e-02	-1.500025e+00	0.000000e+00	1.859888e-03	2.691550e-02	1.858297e-03	0.000000e+00	9.925951e-01	2.957781e-02	9.995618e-01	1.399439e+01
136	-1.495467e+00	8.070297e-02	-1.495485e+00	1.342568e+00	4.550739e-03	4.305033e-02	4.540222e-03	1.342568e+00	9.925924e-01	2.955227e-02	1.001150e+00	1.400941e+01
137	-1.508616e+00	0.000000e+00	-1.508565e+00	0.000000e+00	-1.314868e-02	-8.070297e-02	-1.307959e-02	-1.342568e+00	9.925778e-01	2.946223e-02	1.002388e+00	1.401701e+01
138	-1.505256e+00	0.000000e+00	-1.505269e+00	0.000000e+00	3.359949e-03	0.000000e+00	3.295732e-03	0.000000e+00	9.925777e-01	2.946223e-02	1.000000e+00	1.400000e+01
139	-1.502221e+00	0.000000e+00	-1.502233e+00	0.000000e+00	3.034540e-03	0.000000e+00	3.035560e-03	0.000000e+00	9.925777e-01	2.946223e-02	1.000000e+00	1.400000e+01
140	-1.503888e+00	0.000000e+00	-1.503882e+00	0.000000e+00	-1.666963e-03	0.000000e+00	-1.648594e-03	0.000000e+00	9.925777e-01	2.946223e-02	1.000000e+00	1.400000e+01
141	-1.500937e+00	8.975068e-03	-1.500948e+00	6.710826e-01	2.951440e-03	8.975068e-03	2.933471e-03	6.710826e-01	9.925774e-01	2.946112e-02	1.000760e+00	1.400231e+01
142	-1.511458e+00	0.000000e+00	-1.511417e+00	2.769542e-02	-1.052151e-02	-8.975068e-03	-1.046895e-02	-6.433872e-01	9.925762e-01	2.946010e-02	1.003295e+00	1.400447e+01
143	-1.514989e+00	0.000000e+00	-1.514975e+00	0.000000e+00	-3.530887e-03	0.000000e+00	-3.557989e-03	-2.769542e-02	9.925763e-01	2.946010e-02	1.000000e+00	1.400000e+01
144	-1.500504e+00	0.000000e+00	-1.500560e+00	0.000000e+00	1.448568e-02	0.000000e+00	1.441520e-02	0.000000e+00	9.925765e-01	2.946010e-02	1.000000e+00	1.400000e+01
145	-1.499103e+00	1.375377e-02	-1.499109e+00	0.000000e+00	1.400312e-03	1.375377e-02	1.451151e-03	0.000000e+00	9.925763e-01	2.945785e-02	9.998710e-01	1.399873e+01
146	-1.496431e+00	4.335855e-02	-1.496442e+00	0.000000e+00	2.671990e-03	2.960479e-02	2.667221e-03	0.000000e+00	9.925752e-01	2.944581e-02	9.993419e-01	1.399287e+01
147	-1.496634e+00	8.878531e-02	-1.496633e+00	7.491730e-01	-2.022932e-04	4.542676e-02	-1.910841e-04	7.491730e-01	9.925753e-01	2.941718e-02	9.993309e-01	1.399532e+01
148	-1.512761e+00	1.139258e-02	-1.512698e+00	0.000000e+00	-1.612703e-02	-7.739273e-02	-1.606478e-02	-7.491730e-01	9.925584e-01	2.933585e-02	9.966576e-01	1.398249e+01
149	-1.495353e+00	2.590137e-02	-1.495420e+00	1.717404e+00	1.740794e-02	1.450879e-02	1.727719e-02	1.717404e+00	9.925548e-01	2.933291e-02	1.009034e+00	1.399281e+01
150	-1.506696e+00	0.000000e+00	-1.506652e+00	0.000000e+00	-1.134305e-02	-2.590137e-02	-1.123125e-02	-1.717404e+00	9.925506e-01	2.932323e-02	1.016270e+00	1.400933e+01
151	-1.506850e+00	0.000000e+00	-1.506849e+00	0.000000e+00	-1.540560e-04	0.000000e+00	-1.973263e-04	0.000000e+00	9.925506e-01	2.932323e-02	1.000000e+00	1.400000e+01
152	-1.501750e+00	5.741317e-03	-1.501770e+00	0.000000e+00	5.100044e-03	5.741317e-03	5.079351e-03	0.000000e+00	9.925502e-01	2.932282e-02	9.997929e-01	1.399977e+01
153	-1.495871e+00	2.719429e-02	-1.495894e+00	0.000000e+00	5.878601e-03	2.145297e-02	5.875478e-03	0.000000e+00	9.925486e-01	2.931683e-02	9.989381e-01	1.399665e+01
154	-1.486583e+00	6.433710e-02	-1.486619e+00	0.000000e+00	9.288584e-03	3.714281e-02	9.275252e-03	0.000000e+00	9.925440e-01	2.929862e-02	9.966051e-01	1.398732e+01
155	-1.488054e+00	1.171451e-01	-1.488049e+00	1.635218e+00	-1.471774e-03	5.280799e-02	-1.429794e-03	1.635218e+00	9.925451e-01	2.926064e-02	9.959782e-01	1.400981e+01
156	-1.513437e+00	0.000000e+00	-1.513338e+00	2.984665e-01	-2.538268e-02	-1.171451e-01	-2.528911e-02	-1.336752e+00	9.925052e-01	2.907655e-02	9.920313e-01	1.399160e+01
157	-1.520782e+00	0.000000e+00	-1.520753e+00	6.760969e-02	-7.344868e-03	0.000000e+00	-7.414963e-03	-2.308568e-01	9.925057e-01	2.907655e-02	1.000000e+00	1.400000e+01
158	-1.515480e+00	0.000000e+00	-1.515500e+00	0.000000e+00	5.302154e-03	0.000000e+00	5.252478e-03	-6.760969e-02	9.925056e-01	2.907655e-02	1.000000e+00	1.400000e+01
159	-1.492267e+00	0.000000e+00	-1.492358e+00	0.000000e+00	2.321223e-02	0.000000e+00	2.314207e-02	0.000000e+00	9.925068e-01	2.907655e-02	1.000000e+00	1.400000e+01
160	-1.490772e+00	0.000000e+00	-1.490778e+00	1.087516e+00	1.495952e-03	0.000000e+00	1.580508e-03	1.087516e+00	9.925068e-01	2.907655e-02	1.000000e+00	1.400000e+01
161	-1.513459e+00	0.000000e+00	-1.513370e+00	0.000000e+00	-2.268724e-02	0.000000e+00	-2.259244e-02	-1.087516e+00	9.925077e-01	2.907655e-02	1.000000e+00	1.400000e+01
162	-1.513486e+00	0.000000e+00	-1.513486e+00	0.000000e+00	-2.738179e-05	0.000000e+00	-1.155265e-04	0.000000e+00	9.925077e-01	2.907655e-02	1.000000e+00	1.400000e+01
163	-1.510029e+00	0.000000e+00	-1.510043e+00	6.352813e-01	3.456988e-03	0.000000e+00	3.443033e-03	6.352813e-01	9.925077e-01	2.907655e-02	1.000000e+00	1.400000e+01
164	-1.509898e+00	0.000000e+00	-1.509898e+00	0.000000e+00	1.314517e-04	0.000000e+00	1.443876e-04	-6.352813e-01	9.925077e-01	2.907655e-02	1.000000e+00	1.400000e+01
165	-1.509520e+00	0.000000e+00	-1.509522e+00	0.000000e+00	3.771904e-04	0.000000e+00	3.762810e-04	0.000000e+00	9.925077e-01	2.907655e-02	1.000000e+00	1.400000e+01
166	-1.509612e+00	0.000000e+00	-1.509611e+00	0.000000e+00	-9.108318e-05	0.000000e+00	-8.925754e-05	0.000000e+00	9.925077e-01	2.907655e-02	1.000000e+00	1.400000e+01
167	-1.509692e+00	0.000000e+00	-1.509692e+00	0.000000e+00	-8.062977e-05	0.000000e+00	-8.066347e-05	0.000000e+00	9.925077e-01	2.907655e-02	1.000000e+00	1.400000e+01
168	-1.509747e+00	0.000000e+00	-1.509747e+00	3.754165e-01	-5.485042e-05	0.000000e+00	-5.495125e-05	3.754165e-01	9.925077e-01	2.907655e-02	1.000000e+00	1.400000e+01
169	-1.513659e+00	0.000000e+00	-1.513644e+00	0.000000e+00	-3.912140e-03	0.000000e+00	-3.897073e-03	-3.754165e-01	9.925077e-01	2.907655e-02	1.000000e+00	1.400000e+01
170	-1.510186e+00	0.000000e+00	-1.510200e+00	0.000000e+00	3.472811e-03	0.000000e+00	3.444022e-03	0.000000e+00	9.925077e-01	2.907655e-02	1.000000e+00	1.400000e+01
171	-1.509207e+00	0.000000e+00	-1.509210e+00	0.000000e+00	9.798492e-04	0.000000e+00	9.894749e-04	0.000000e+00	9.925077e-01	2.907655e-02	1.000000e+00	1.400000e+01
172	-1.510161e+00	1.098823e-02	-1.510158e+00	2.409406e-02	-9.547596e-04	1.098823e-02	-9.471649e-04	2.409406e-02	9.925078e-01	2.907488e-02	1.000058e+00	1.399933e+01
173	-1.514199e+00	3.306235e-02	-1.514183e+00	1.661529e-01	-4.037222e-03	2.207413e-02	-4.025152e-03	1.420588e-01	9.925091e-01	2.906797e-02	1.000371e+00	1.399762e+01
174	-1.514793e+00	4.293475e-02	-1.514791e+00	4.846996e-01	-5.949744e-04	9.872393e-03	-6.083736e-04	3.185467e-01	9.925092e-01	2.906654e-02	1.000320e+00	1.399847e+01
175	-1.513521e+00	0.000000e+00	-1.513526e+00	2.066881e-01	1.272612e-03	-4.293475e-02	1.265264e-03	-2.780115e-01	9.925100e-01	2.904106e-02	1.000514e+00	1.399191e+01
176	-1.511852e+00	0.000000e+00	-1.511858e+00	0.000000e+00	1.669292e-03	0.000000e+00	1.667713e-03	-2.066881e-01	9.925100e-01	2.904106e-02	1.000000e+00	1.400000e+01
177	-1.506611e+00	1.639240e-02	-1.506632e+00	5.367366e-01	5.240265e-03	1.639240e-02	5.226310e-03	5.367366e-01	9.925088e-01	2.903755e-02	1.000752e+00	1.400235e+01
178	-1.510832e+00	0.000000e+00	-1.510816e+00	1.215089e-01	-4.221157e-03	-1.639240e-02	-4.184253e-03	-4.152277e-01	9.925079e-01	2.903381e-02	1.001115e+00	1.400376e+01
179	-1.513390e+00	0.000000e+00	-1.513380e+00	2.187762e-01	-2.557481e-03	0.000000e+00	-2.563836e-03	9.726728e-02	9.925079e-01	2.903381e-02	1.000000e+00	1.400000e+01
180	-1.511498e+00	0.000000e+00	-1.511505e+00	1.736397e+00	1.892048e-03	0.000000e+00	1.874642e-03	1.517621e+00	9.925079e-01	2.903381e-02	1.000000e+00	1.400000e+01
181	-1.505626e+00	0.000000e+00	-1.505649e+00	0.000000e+00	5.871429e-03	0.000000e+00	5.855817e-03	-1.736397e+00	9.925080e-01	2.903381e-02	1.000000e+00	1.400000e+01
182	-1.501748e+00	0.000000e+00	-1.501763e+00	0.000000e+00	3.878953e-03	0.000000e+00	3.886675e-03	0.000000e+00	9.925081e-01	2.903381e-02	1.000000e+00	1.400000e+01
183	-1.503794e+00	2.727863e-03	-1.503786e+00	2.947016e-01	-2.046132e-03	2.727863e-03	-2.022957e-03	2.947016e-01	9.925081e-01	2.903372e-02	9.997487e-01	1.400034e+01
