#sequence delta(k-1),f(k-1),theta(k),v(k),delta_diff(k-1),f_diff(k-1),theta_diff(k),v_diff(k),phi(1,1;k),phi(1,2;k),phi(2,1;k),phi(2,2;k)
1	2.254040e+00	0.000000e+00	2.254232e+00	1.103387e-01	2.254040e+00	0.000000e+00	-4.910006e-02	1.017705e-01	3.034864e-01	1.000000e-01	1.000000e+00	1.200000e+01
2	2.245970e+00	2.000000e-01	2.246003e+00	1.942104e+00	-8.069644e-03	2.000000e-01	-8.229919e-03	1.831766e+00	3.035833e-01	9.759892e-02	1.002105e+00	1.194783e+01
3	2.348821e+00	2.778468e-01	2.348419e+00	2.754347e+00	1.028503e-01	7.784679e-02	1.024164e-01	8.122430e-01	3.066645e-01	9.993108e-02	9.914010e-01	1.193973e+01
4	2.301606e+00	3.409799e-01	2.301789e+00	3.753529e+00	-4.721466e-02	6.313307e-02	-4.663016e-02	9.991811e-01	3.075244e-01	9.878131e-02	9.848682e-01	1.194846e+01
5	2.274201e+00	3.564779e-01	2.274309e+00	4.480009e+00	-2.740471e-02	1.549808e-02	-2.747981e-02	7.264804e-01	3.077922e-01	9.862986e-02	9.774743e-01	1.195264e+01
6	2.261457e+00	3.556276e-01	2.261508e+00	3.939437e+00	-1.274374e-02	-8.503372e-04	-1.280130e-02	-5.405721e-01	3.078454e-01	9.863341e-02	9.806093e-01	1.195285e+01
7	2.261265e+00	5.427788e-01	2.261266e+00	6.347007e+00	-1.921040e-04	1.871512e-01	-2.413586e-04	2.407570e+00	3.078471e-01	9.700475e-02	9.805940e-01	1.196777e+01
8	2.258192e+00	5.442700e-01	2.258204e+00	5.371538e+00	-3.073338e-03	1.491135e-03	-3.062276e-03	-9.754686e-01	3.078504e-01	9.700315e-02	9.820397e-01	1.196707e+01
9	2.256312e+00	7.442700e-01	2.256320e+00	8.091278e+00	-1.879755e-03	2.000000e-01	-1.884374e-03	2.719740e+00	3.078685e-01	9.507462e-02	9.817524e-01	1.199764e+01
10	2.254644e+00	6.939858e-01	2.254651e+00	8.015298e+00	-1.668144e-03	-5.028421e-02	-1.668988e-03	-7.597965e-02	3.078657e-01	9.498814e-02	9.813338e-01	1.198502e+01
11	2.254407e+00	7.033520e-01	2.254408e+00	7.280789e+00	-2.369671e-04	9.366226e-03	-2.425609e-04	-7.345094e-01	3.078658e-01	9.498343e-02	9.814291e-01	1.198125e+01
12	2.254935e+00	9.033520e-01	2.254933e+00	9.785285e+00	5.279119e-04	2.000000e-01	5.249022e-04	2.504496e+00	3.078612e-01	9.324788e-02	9.814556e-01	1.199129e+01
13	2.255081e+00	8.949559e-01	2.255080e+00	1.166411e+01	1.455234e-04	-8.396039e-03	1.470053e-04	1.878829e+00	3.078613e-01	9.324435e-02	9.815924e-01	1.198339e+01
14	2.255123e+00	6.949559e-01	2.255122e+00	9.470592e+00	4.193485e-05	-2.000000e-01	4.234529e-05	-2.193521e+00	3.078616e-01	9.150471e-02	9.815964e-01	1.196447e+01
15	2.255353e+00	8.031262e-01	2.255352e+00	9.499538e+00	2.305480e-04	1.081703e-01	2.298128e-04	2.894579e-02	3.078606e-01	9.100721e-02	9.814586e-01	1.189983e+01
16	2.255456e+00	1.003126e+00	2.255455e+00	1.128063e+01	1.025312e-04	2.000000e-01	1.030284e-04	1.781087e+00	3.078597e-01	8.931863e-02	9.814300e-01	1.184404e+01
17	2.255245e+00	1.134765e+00	2.255246e+00	1.243851e+01	-2.107462e-04	1.316390e-01	-2.095205e-04	1.157887e+00	3.078609e-01	8.858078e-02	9.814698e-01	1.181918e+01
18	2.255260e+00	1.208096e+00	2.255260e+00	1.259529e+01	1.506302e-05	7.333096e-02	1.418574e-05	1.567774e-01	3.078608e-01	8.835546e-02	9.814647e-01	1.179452e+01
19	2.255771e+00	1.337711e+00	2.255769e+00	1.337995e+01	5.106619e-04	1.296153e-01	5.087225e-04	7.846651e-01	3.078582e-01	8.767771e-02	9.812856e-01	1.174906e+01
20	2.255080e+00	1.448371e+00	2.255083e+00	1.328551e+01	-6.906397e-04	1.106592e-01	-6.859547e-04	-9.444903e-02	3.078615e-01	8.714610e-02	9.817401e-01	1.167624e+01
21	2.249676e+00	1.648371e+00	2.249697e+00	1.500412e+01	-5.404071e-03	2.000000e-01	-5.385641e-03	1.718616e+00	3.079147e-01	8.517617e-02	9.832786e-01	1.161930e+01
22	2.241034e+00	1.679067e+00	2.241068e+00	1.454731e+01	-8.642111e-03	3.069598e-02	-8.629390e-03	-4.568155e-01	3.079499e-01	8.505109e-02	9.865813e-01	1.160757e+01
23	2.230429e+00	1.846309e+00	2.230470e+00	1.724106e+01	-1.060522e-02	1.672419e-01	-1.059751e-02	2.693750e+00	3.080570e-01	8.336241e-02	9.827913e-01	1.166734e+01
24	2.215916e+00	1.646309e+00	2.215973e+00	1.423339e+01	-1.451205e-02	-2.000000e-01	-1.449676e-02	-3.007662e+00	3.080121e-01	8.274346e-02	9.872507e-01	1.172880e+01
25	2.192791e+00	1.846309e+00	2.192881e+00	1.725089e+01	-2.312563e-02	2.000000e-01	-2.309192e-02	3.017492e+00	3.083622e-01	7.971565e-02	9.797727e-01	1.179347e+01
26	2.165230e+00	1.672430e+00	2.165338e+00	1.513832e+01	-2.756070e-02	-1.738786e-01	-2.754325e-02	-2.112566e+00	3.084290e-01	8.013725e-02	9.802230e-01	1.179631e+01
27	2.127775e+00	1.872430e+00	2.127922e+00	1.672626e+01	-3.745503e-02	2.000000e-01	-3.741631e-02	1.587937e+00	3.091592e-01	7.623827e-02	9.930275e-01	1.172794e+01
28	2.082102e+00	1.975954e+00	2.082281e+00	1.718405e+01	-4.567352e-02	1.035235e-01	-4.564127e-02	4.577903e-01	3.100088e-01	7.431250e-02	1.008354e+00	1.169320e+01
29	2.026320e+00	2.103497e+00	2.026539e+00	1.894625e+01	-5.578115e-02	1.275433e-01	-5.574155e-02	1.762203e+00	3.112665e-01	7.143680e-02	9.997712e-01	1.171282e+01
30	1.950688e+00	1.969165e+00	1.950984e+00	1.721770e+01	-7.563258e-02	-1.343318e-01	-7.555488e-02	-1.728547e+00	3.127725e-01	7.411153e-02	1.002595e+00	1.171784e+01
31	1.845249e+00	2.169165e+00	1.845662e+00	1.880954e+01	-1.054392e-01	2.000000e-01	-1.053224e-01	1.591832e+00	3.170293e-01	6.603711e-02	1.034143e+00	1.165800e+01
32	1.701766e+00	2.198289e+00	1.702328e+00	1.985623e+01	-1.434827e-01	2.912357e-02	-1.433336e-01	1.046698e+00	3.237568e-01	6.467157e-02	9.764519e-01	1.166971e+01
33	1.632801e+00	2.048298e+00	1.633073e+00	1.757885e+01	-6.896488e-02	-1.499908e-01	-6.925538e-02	-2.277382e+00	3.249599e-01	6.728821e-02	9.913082e-01	1.170202e+01
34	1.789530e+00	2.248298e+00	1.788919e+00	2.079766e+01	1.567290e-01	2.000000e-01	1.558463e-01	3.218812e+00	3.315557e-01	7.570500e-02	1.043453e+00	1.176856e+01
35	2.097364e+00	2.048298e+00	2.096159e+00	1.908833e+01	3.078336e-01	-2.000000e-01	3.072399e-01	-1.709338e+00	3.617370e-01	5.609616e-02	1.087723e+00	1.173979e+01
36	2.174424e+00	2.145562e+00	2.174118e+00	2.086317e+01	7.706022e-02	9.726466e-02	7.795936e-02	1.774841e+00	3.633581e-01	5.814223e-02	1.107670e+00	1.176497e+01
37	2.013276e+00	1.980517e+00	2.013904e+00	1.778362e+01	-1.611483e-01	-1.650458e-01	-1.602143e-01	-3.079552e+00	3.702225e-01	6.517268e-02	1.179197e+00	1.183823e+01
38	1.891242e+00	2.180517e+00	1.891721e+00	2.075890e+01	-1.220340e-01	2.000000e-01	-1.221831e-01	2.975288e+00	3.753022e-01	5.684757e-02	1.136797e+00	1.190772e+01
39	1.818739e+00	2.027626e+00	1.819024e+00	2.044905e+01	-7.250221e-02	-1.528902e-01	-7.269627e-02	-3.098538e-01	3.765515e-01	5.948199e-02	1.082706e+00	1.179365e+01
40	1.666571e+00	1.952087e+00	1.667166e+00	1.792208e+01	-1.521687e-01	-7.553974e-02	-1.518582e-01	-2.526965e+00	3.829688e-01	6.266769e-02	1.187540e+00	1.184569e+01
41	1.439630e+00	2.152087e+00	1.440519e+00	2.085571e+01	-2.269408e-01	2.000000e-01	-2.266475e-01	2.933622e+00	3.986649e-01	4.883493e-02	1.101572e+00	1.192146e+01
42	1.359852e+00	2.045191e+00	1.360167e+00	1.943782e+01	-7.977791e-02	-1.068953e-01	-8.035162e-02	-1.417889e+00	4.002923e-01	5.101546e-02	1.103663e+00	1.192426e+01
43	1.253693e+00	2.245191e+00	1.254109e+00	2.143842e+01	-1.061594e-01	2.000000e-01	-1.060586e-01	2.000599e+00	4.039191e-01	4.418276e-02	1.116794e+00	1.189952e+01
44	1.108396e+00	2.215263e+00	1.108965e+00	2.173870e+01	-1.452971e-01	-2.992852e-02	-1.451438e-01	3.002827e-01	4.097307e-01	4.537985e-02	1.060907e+00	1.188801e+01
45	1.026316e+00	2.131915e+00	1.026639e+00	2.086011e+01	-8.207971e-02	-8.334796e-02	-8.232605e-02	-8.785897e-01	4.114699e-01	4.714589e-02	1.053188e+00	1.188017e+01
46	9.925439e-01	2.218907e+00	9.926771e-01	2.108595e+01	-3.377192e-02	8.699266e-02	-3.396159e-02	2.258429e-01	4.118559e-01	4.615161e-02	1.065520e+00	1.184840e+01
47	9.440341e-01	2.335574e+00	9.442242e-01	2.292865e+01	-4.850980e-02	1.166661e-01	-4.845297e-02	1.842693e+00	4.126299e-01	4.429016e-02	1.053814e+00	1.187656e+01
48	8.856792e-01	2.135574e+00	8.859079e-01	2.115644e+01	-5.835495e-02	-2.000000e-01	-5.831627e-02	-1.772205e+00	4.133184e-01	4.664998e-02	1.035783e+00	1.181476e+01
49	8.478439e-01	2.191172e+00	8.479926e-01	2.199529e+01	-3.783525e-02	5.559866e-02	-3.791525e-02	8.388528e-01	4.137644e-01	4.599463e-02	1.031818e+00	1.182059e+01
50	8.217132e-01	2.133386e+00	8.218159e-01	2.159779e+01	-2.613075e-02	-5.778667e-02	-2.617678e-02	-3.975081e-01	4.139218e-01	4.634272e-02	1.027947e+00	1.181203e+01
51	7.661306e-01	2.137217e+00	7.663481e-01	2.103813e+01	-5.558260e-02	3.831549e-03	-5.546773e-02	-5.596536e-01	4.147821e-01	4.628341e-02	1.042386e+00	1.181103e+01
52	7.449590e-01	2.270412e+00	7.450425e-01	2.238341e+01	-2.117162e-02	1.331950e-01	-2.130559e-02	1.345280e+00	4.149684e-01	4.511168e-02	1.044438e+00	1.179813e+01
53	7.113646e-01	2.196609e+00	7.114962e-01	2.169734e+01	-3.359435e-02	-7.380301e-02	-3.354635e-02	-6.860671e-01	4.152273e-01	4.568040e-02	1.040942e+00	1.179045e+01
54	6.488013e-01	2.199376e+00	6.490463e-01	2.133969e+01	-6.256329e-02	2.766845e-03	-6.244994e-02	-3.576530e-01	4.163127e-01	4.563240e-02	1.050586e+00	1.179002e+01
55	5.867442e-01	2.269435e+00	5.869876e-01	2.231970e+01	-6.205713e-02	7.005939e-02	-6.205867e-02	9.800113e-01	4.174697e-01	4.432627e-02	1.044153e+00	1.179728e+01
56	5.354309e-01	2.164271e+00	5.356323e-01	2.229149e+01	-5.131333e-02	-1.051645e-01	-5.135531e-02	-2.821005e-02	4.180815e-01	4.558011e-02	1.013505e+00	1.173447e+01
57	4.295747e-01	1.989955e+00	4.299890e-01	1.990310e+01	-1.058562e-01	-1.743160e-01	-1.056433e-01	-2.388392e+00	4.207139e-01	4.991492e-02	1.025110e+00	1.175358e+01
58	3.742647e-01	2.189955e+00	3.744824e-01	2.205034e+01	-5.530998e-02	2.000000e-01	-5.550659e-02	2.147234e+00	4.217997e-01	4.598856e-02	1.028885e+00	1.173993e+01
59	2.742421e-01	2.085315e+00	2.746337e-01	2.195288e+01	-1.000226e-01	-1.046400e-01	-9.984869e-02	-9.745133e-02	4.242844e-01	4.858803e-02	9.708679e-01	1.167924e+01
60	1.673879e-01	1.918644e+00	1.678068e-01	1.879909e+01	-1.068542e-01	-1.666705e-01	-1.068269e-01	-3.153792e+00	4.269423e-01	5.273375e-02	1.025799e+00	1.176492e+01
61	2.024429e-01	2.118644e+00	2.023076e-01	2.172506e+01	3.505501e-02	2.000000e-01	3.450079e-02	2.925966e+00	4.270889e-01	5.357032e-02	1.034560e+00	1.181490e+01
62	2.784077e-01	1.921731e+00	2.781104e-01	1.998705e+01	7.596476e-02	-1.969132e-01	7.580279e-02	-1.738010e+00	4.289917e-01	4.863798e-02	1.052558e+00	1.176825e+01
63	3.269035e-01	1.972854e+00	3.267129e-01	2.099445e+01	4.849582e-02	5.112292e-02	4.860249e-02	1.007398e+00	4.295734e-01	4.925111e-02	1.060709e+00	1.177684e+01
64	4.171132e-01	1.868883e+00	4.167600e-01	1.970109e+01	9.020967e-02	-1.039713e-01	9.004714e-02	-1.293353e+00	4.319681e-01	4.649107e-02	1.053723e+00	1.178489e+01
65	5.882922e-01	1.954915e+00	5.876221e-01	2.069690e+01	1.711790e-01	8.603231e-02	1.708621e-01	9.958082e-01	4.393871e-01	5.021979e-02	1.037878e+00	1.177693e+01
66	6.768430e-01	1.877237e+00	6.764945e-01	1.809482e+01	8.855087e-02	-7.767779e-02	8.887240e-02	-2.602084e+00	4.416372e-01	4.824602e-02	9.635583e-01	1.184213e+01
67	6.697337e-01	2.077237e+00	6.697601e-01	2.165091e+01	-7.109329e-03	2.000000e-01	-6.734401e-03	3.556096e+00	4.416810e-01	4.701255e-02	9.596036e-01	1.195338e+01
68	7.336538e-01	1.877237e+00	7.334042e-01	1.883033e+01	6.392011e-02	-2.000000e-01	6.364412e-02	-2.820587e+00	4.430123e-01	4.284701e-02	9.450100e-01	1.199904e+01
69	7.844209e-01	2.024399e+00	7.842216e-01	2.069129e+01	5.076710e-02	1.471615e-01	5.081740e-02	1.860966e+00	4.435370e-01	4.436792e-02	9.461344e-01	1.200230e+01
70	8.098708e-01	1.829158e+00	8.097706e-01	1.943941e+01	2.544993e-02	-1.952411e-01	2.554902e-02	-1.251885e+00	4.438089e-01	4.228244e-02	9.587923e-01	1.190519e+01
71	8.335809e-01	1.710637e+00	8.334878e-01	1.881719e+01	2.371002e-02	-1.185208e-01	2.371720e-02	-6.222160e-01	4.440124e-01	4.126493e-02	9.673573e-01	1.186238e+01
72	8.499467e-01	1.630176e+00	8.498824e-01	1.803806e+01	1.636587e-02	-8.046079e-02	1.639459e-02	-7.791301e-01	4.441089e-01	4.079077e-02	9.685930e-01	1.185630e+01
73	8.632505e-01	1.646062e+00	8.631983e-01	1.832237e+01	1.330379e-02	1.588576e-02	1.331586e-02	2.843098e-01	4.441516e-01	4.084177e-02	9.691179e-01	1.185693e+01
74	8.742172e-01	1.591565e+00	8.741742e-01	1.633696e+01	1.096670e-02	-5.449706e-02	1.097588e-02	-1.985407e+00	4.441949e-01	4.062645e-02	9.620971e-01	1.189182e+01
75	8.790770e-01	1.791565e+00	8.790578e-01	1.892179e+01	4.859731e-03	2.000000e-01	4.883622e-03	2.584831e+00	4.441827e-01	4.012348e-02	9.625537e-01	1.191061e+01
76	8.846319e-01	1.591565e+00	8.846101e-01	1.704273e+01	5.554925e-03	-2.000000e-01	5.552302e-03	-1.879063e+00	4.442114e-01	3.908878e-02	9.638412e-01	1.186426e+01
77	8.896113e-01	1.574892e+00	8.895918e-01	1.660282e+01	4.979438e-03	-1.667306e-02	4.981675e-03	-4.399156e-01	4.442195e-01	3.906169e-02	9.632573e-01	1.186621e+01
78	8.894747e-01	1.593894e+00	8.894751e-01	1.679022e+01	-1.366622e-04	1.900178e-02	-1.166687e-04	1.874043e-01	4.442196e-01	3.905448e-02	9.632598e-01	1.186587e+01
79	8.855229e-01	1.531826e+00	8.855384e-01	1.590079e+01	-3.951706e-03	-6.206785e-02	-3.936725e-03	-8.894260e-01	4.442191e-01	3.904734e-02	9.635392e-01	1.187026e+01
80	8.814255e-01	1.547850e+00	8.814416e-01	1.463825e+01	-4.097461e-03	1.602473e-02	-4.096833e-03	-1.262547e+00	4.442247e-01	3.902525e-02	9.663586e-01	1.185923e+01
81	8.783650e-01	1.747850e+00	8.783770e-01	1.826305e+01	-3.060480e-03	2.000000e-01	-3.064528e-03	3.624804e+00	4.442383e-01	3.813952e-02	9.645687e-01	1.197620e+01
82	8.709357e-01	1.547850e+00	8.709648e-01	1.528849e+01	-7.429321e-03	-2.000000e-01	-7.412271e-03	-2.974558e+00	4.442261e-01	3.781205e-02	9.665481e-01	1.202949e+01
83	8.547762e-01	1.594528e+00	8.548394e-01	1.562037e+01	-1.615951e-02	4.667759e-02	-1.612534e-02	3.318764e-01	4.443083e-01	3.757484e-02	9.681888e-01	1.202475e+01
84	8.487036e-01	1.466825e+00	8.487275e-01	1.388675e+01	-6.072615e-03	-1.277028e-01	-6.111884e-03	-1.733619e+00	4.443043e-01	3.749153e-02	9.687386e-01	1.203631e+01
85	8.398211e-01	1.498751e+00	8.398558e-01	1.425786e+01	-8.882501e-03	3.192578e-02	-8.871678e-03	3.711068e-01	4.443301e-01	3.739874e-02	9.687578e-01	1.203624e+01
86	8.236394e-01	1.392806e+00	8.237028e-01	1.337321e+01	-1.618161e-02	-1.059452e-01	-1.615305e-02	-8.846482e-01	4.443683e-01	3.764897e-02	9.656534e-01	1.201592e+01
87	8.071808e-01	1.320061e+00	8.072453e-01	1.273627e+01	-1.645868e-02	-7.274535e-02	-1.645748e-02	-6.369402e-01	4.444183e-01	3.786967e-02	9.636805e-01	1.200720e+01
88	7.939237e-01	1.268189e+00	7.939757e-01	1.337230e+01	-1.325708e-02	-5.187121e-02	-1.326958e-02	6.360354e-01	4.444523e-01	3.800287e-02	9.556843e-01	1.197591e+01
89	7.755948e-01	1.068189e+00	7.756666e-01	1.055462e+01	-1.832891e-02	-2.000000e-01	-1.830915e-02	-2.817679e+00	4.444742e-01	3.824147e-02	9.591405e-01	1.201362e+01
90	7.654829e-01	1.227260e+00	7.655226e-01	1.259696e+01	-1.011193e-02	1.590703e-01	-1.014395e-02	2.042332e+00	4.445298e-01	3.736609e-02	9.584716e-01	1.202415e+01
91	7.530133e-01	1.027260e+00	7.530621e-01	1.197033e+01	-1.246958e-02	-2.000000e-01	-1.246049e-02	-6.266288e-01	4.445266e-01	3.731433e-02	9.480771e-01	1.185743e+01
92	7.290412e-01	8.272596e-01	7.291350e-01	1.015696e+01	-2.397212e-02	-2.000000e-01	-2.392715e-02	-1.813366e+00	4.445914e-01	3.785512e-02	9.415947e-01	1.180335e+01
93	7.125045e-01	7.801146e-01	7.125695e-01	9.047411e+00	-1.653664e-02	-4.714493e-02	-1.656551e-02	-1.109551e+00	4.446497e-01	3.802127e-02	9.458115e-01	1.181537e+01
94	7.072811e-01	8.612480e-01	7.073018e-01	1.014107e+01	-5.223414e-03	8.113337e-02	-5.267719e-03	1.093658e+00	4.446646e-01	3.778966e-02	9.454654e-01	1.182074e+01
95	6.967381e-01	6.887473e-01	6.967794e-01	8.326451e+00	-1.054299e-02	-1.725007e-01	-1.052238e-02	-1.814617e+00	4.446612e-01	3.773440e-02	9.443086e-01	1.180182e+01
96	6.794997e-01	6.888471e-01	6.795672e-01	8.756680e+00	-1.723843e-02	9.975705e-05	-1.721219e-02	4.302287e-01	4.447394e-01	3.773395e-02	9.406627e-01	1.180184e+01
97	6.668111e-01	5.308298e-01	6.668610e-01	7.397003e+00	-1.268855e-02	-1.580172e-01	-1.270622e-02	-1.359677e+00	4.447460e-01	3.781552e-02	9.375845e-01	1.176350e+01
98	6.582993e-01	4.799044e-01	6.583328e-01	5.496046e+00	-8.511839e-03	-5.092545e-02	-8.528224e-03	-1.900957e+00	4.447573e-01	3.788357e-02	9.428089e-01	1.179476e+01
99	6.543947e-01	6.799044e-01	6.544101e-01	8.169320e+00	-3.904621e-03	2.000000e-01	-3.922682e-03	2.673275e+00	4.447751e-01	3.697430e-02	9.422307e-01	1.182438e+01
100	6.458487e-01	4.799044e-01	6.458822e-01	7.030103e+00	-8.545972e-03	-2.000000e-01	-8.527912e-03	-1.139218e+00	4.447645e-01	3.672582e-02	9.373210e-01	1.170948e+01
101	6.308453e-01	2.799044e-01	6.309041e-01	4.768822e+00	-1.500338e-02	-2.000000e-01	-1.497809e-02	-2.261281e+00	4.447712e-01	3.681522e-02	9.366596e-01	1.170066e+01
102	6.234669e-01	3.127837e-01	6.234960e-01	6.155051e+00	-7.378419e-03	3.287931e-02	-7.408106e-03	1.386229e+00	4.447899e-01	3.673191e-02	9.331273e-01	1.171640e+01
103	6.197578e-01	1.127837e-01	6.197724e-01	2.480073e+00	-3.709140e-03	-2.000000e-01	-3.723589e-03	-3.674978e+00	4.447808e-01	3.624084e-02	9.354216e-01	1.184011e+01
104	6.146059e-01	3.127837e-01	6.146261e-01	5.459895e+00	-5.151829e-03	2.000000e-01	-5.146250e-03	2.979822e+00	4.448050e-01	3.529989e-02	9.339422e-01	1.189754e+01
105	6.114219e-01	1.127837e-01	6.114344e-01	9.041637e-01	-3.184067e-03	-2.000000e-01	-3.191732e-03	-4.555732e+00	4.447972e-01	3.480771e-02	9.371647e-01	1.209995e+01
106	6.127239e-01	3.127837e-01	6.127189e-01	2.073632e+00	1.302018e-03	2.000000e-01	1.284464e-03	1.169469e+00	4.447934e-01	3.422502e-02	9.364057e-01	1.198337e+01
107	6.120866e-01	3.360224e-01	6.120891e-01	3.900031e+00	-6.372656e-04	2.323877e-02	-6.297588e-04	1.826398e+00	4.447937e-01	3.421242e-02	9.359371e-01	1.200045e+01
