#sequence delta(k-1),f(k-1),theta(k),v(k),delta_diff(k-1),f_diff(k-1),theta_diff(k),v_diff(k),phi(1,1;k),phi(1,2;k),phi(2,1;k),phi(2,2;k)
1	-7.492233e-01	0.000000e+00	-7.491952e-01	0.000000e+00	-7.492233e-01	0.000000e+00	-7.143018e-03	-2.878384e-03	7.937855e-01	1.000000e-01	1.000000e+00	8.000000e+00
2	-1.590399e+00	2.000000e-01	-1.587113e+00	1.098069e+00	-8.411757e-01	2.000000e-01	-8.379177e-01	1.098069e+00	8.491054e-01	8.684699e-02	9.013326e-01	8.023459e+00
3	-1.098884e+00	4.000000e-01	-1.100791e+00	1.380307e+00	4.915149e-01	2.000000e-01	4.863218e-01	2.822381e-01	8.596665e-01	9.114437e-02	5.400191e-01	7.876439e+00
4	-8.860742e-01	6.000000e-01	-8.869129e-01	2.907026e+00	2.128098e-01	2.000000e-01	2.138782e-01	1.526718e+00	8.608982e-01	9.230188e-02	5.241686e-01	7.861543e+00
5	-1.067694e+00	8.000000e-01	-1.066988e+00	4.380617e+00	-1.816200e-01	2.000000e-01	-1.800751e-01	1.473591e+00	8.644089e-01	8.843594e-02	5.244614e-01	7.861220e+00
6	-9.461112e-01	9.444267e-01	-9.465834e-01	3.986896e+00	1.215830e-01	1.444267e-01	1.204046e-01	-3.937210e-01	8.645527e-01	8.860678e-02	4.340815e-01	7.753859e+00
7	-8.487650e-01	1.144427e+00	-8.491471e-01	4.313136e+00	9.734619e-02	2.000000e-01	9.743626e-02	3.262396e-01	8.643521e-01	8.819461e-02	3.769200e-01	7.636420e+00
8	-8.124831e-01	1.344427e+00	-8.126263e-01	6.474845e+00	3.628195e-02	2.000000e-01	3.652083e-02	2.161709e+00	8.641414e-01	8.703315e-02	3.874014e-01	7.694197e+00
9	-7.727937e-01	1.401699e+00	-7.729493e-01	7.847394e+00	3.968937e-02	5.727226e-02	3.967699e-02	1.372549e+00	8.641488e-01	8.704387e-02	4.046380e-01	7.719070e+00
10	-7.527304e-01	1.392788e+00	-7.528093e-01	7.658962e+00	2.006336e-02	-8.910901e-03	2.013997e-02	-1.884318e-01	8.641829e-01	8.702873e-02	4.034207e-01	7.719611e+00
11	-7.546609e-01	1.592788e+00	-7.546537e-01	8.587304e+00	-1.930556e-03	2.000000e-01	-1.844343e-03	9.283424e-01	8.641987e-01	8.539122e-02	4.039734e-01	7.662350e+00
12	-7.588917e-01	1.792788e+00	-7.588751e-01	1.073512e+01	-4.230753e-03	2.000000e-01	-4.221431e-03	2.147820e+00	8.642334e-01	8.374797e-02	4.027577e-01	7.719820e+00
13	-7.562683e-01	1.704394e+00	-7.562785e-01	8.996337e+00	2.623391e-03	-8.839376e-02	2.596654e-03	-1.738787e+00	8.642430e-01	8.342458e-02	4.014451e-01	7.764047e+00
14	-7.548602e-01	1.904394e+00	-7.548658e-01	1.249496e+01	1.408071e-03	2.000000e-01	1.412714e-03	3.498620e+00	8.642322e-01	8.188883e-02	4.027206e-01	7.945222e+00
15	-7.592193e-01	1.704394e+00	-7.592023e-01	1.133952e+01	-4.359078e-03	-2.000000e-01	-4.336532e-03	-1.155433e+00	8.642001e-01	8.041649e-02	4.018368e-01	7.904673e+00
16	-7.637756e-01	1.904394e+00	-7.637578e-01	1.332132e+01	-4.556355e-03	2.000000e-01	-4.555496e-03	1.981797e+00	8.642356e-01	7.886100e-02	4.009824e-01	7.942179e+00
17	-7.661044e-01	1.895254e+00	-7.660952e-01	1.254884e+01	-2.328769e-03	-9.140578e-03	-2.337467e-03	-7.724816e-01	8.642351e-01	7.885928e-02	4.017555e-01	7.945213e+00
18	-7.688915e-01	2.095254e+00	-7.688806e-01	1.456423e+01	-2.787092e-03	2.000000e-01	-2.785336e-03	2.015394e+00	8.642561e-01	7.735526e-02	4.012007e-01	7.985027e+00
19	-7.732376e-01	2.091005e+00	-7.732206e-01	1.448239e+01	-4.346086e-03	-4.249088e-03	-4.339989e-03	-8.184435e-02	8.642566e-01	7.735578e-02	4.012960e-01	7.985120e+00
20	-7.799556e-01	2.270508e+00	-7.799293e-01	1.512722e+01	-6.718048e-03	1.795034e-01	-6.708759e-03	6.448314e-01	8.643031e-01	7.611489e-02	4.037638e-01	7.919181e+00
21	-7.821228e-01	2.470508e+00	-7.821142e-01	1.633736e+01	-2.167128e-03	2.000000e-01	-2.184868e-03	1.210139e+00	8.643187e-01	7.466802e-02	4.041401e-01	7.884457e+00
22	-7.851252e-01	2.581360e+00	-7.851134e-01	1.782629e+01	-3.002400e-03	1.108520e-01	-2.999206e-03	1.488936e+00	8.643310e-01	7.421371e-02	4.032668e-01	7.916701e+00
23	-7.927107e-01	2.455148e+00	-7.926810e-01	1.581597e+01	-7.585538e-03	-1.262121e-01	-7.567623e-03	-2.010327e+00	8.643012e-01	7.371676e-02	4.068702e-01	7.976658e+00
24	-7.968516e-01	2.655148e+00	-7.968353e-01	1.716410e+01	-4.140864e-03	2.000000e-01	-4.154249e-03	1.348131e+00	8.643307e-01	7.229004e-02	4.073437e-01	7.953791e+00
25	-7.967915e-01	2.828898e+00	-7.967917e-01	1.695991e+01	6.004217e-05	1.737497e-01	4.358010e-05	-2.041866e-01	8.643304e-01	7.126816e-02	4.072991e-01	7.824829e+00
26	-7.993601e-01	3.028898e+00	-7.993501e-01	1.767046e+01	-2.568571e-03	2.000000e-01	-2.558367e-03	7.105464e-01	8.643478e-01	6.990911e-02	4.083198e-01	7.745348e+00
27	-8.020491e-01	3.228898e+00	-8.020385e-01	1.823988e+01	-2.688964e-03	2.000000e-01	-2.688454e-03	5.694164e-01	8.643658e-01	6.857296e-02	4.095452e-01	7.654208e+00
28	-8.028306e-01	3.428898e+00	-8.028275e-01	1.961281e+01	-7.815178e-04	2.000000e-01	-7.889668e-04	1.372938e+00	8.643708e-01	6.728506e-02	4.096026e-01	7.639532e+00
29	-8.006255e-01	3.511052e+00	-8.006341e-01	2.098557e+01	2.205117e-03	8.215466e-02	2.193421e-03	1.372755e+00	8.643653e-01	6.708124e-02	4.103795e-01	7.668476e+00
30	-7.965251e-01	3.349983e+00	-7.965412e-01	1.945830e+01	4.100321e-03	-1.610698e-01	4.092872e-03	-1.527267e+00	8.643872e-01	6.622374e-02	4.098146e-01	7.690665e+00
31	-7.897539e-01	3.549983e+00	-7.897804e-01	2.168657e+01	6.771279e-03	2.000000e-01	6.760817e-03	2.228270e+00	8.643483e-01	6.507474e-02	4.119820e-01	7.754683e+00
32	-7.771369e-01	3.373400e+00	-7.771863e-01	2.017612e+01	1.261696e-02	-1.765823e-01	1.259409e-02	-1.510455e+00	8.644260e-01	6.398633e-02	4.111187e-01	7.766766e+00
33	-7.693706e-01	3.573400e+00	-7.694011e-01	2.339875e+01	7.766334e-03	2.000000e-01	7.785193e-03	3.222634e+00	8.643836e-01	6.289428e-02	4.171442e-01	7.921936e+00
34	-7.444604e-01	3.373400e+00	-7.445579e-01	2.329431e+01	2.491014e-02	-2.000000e-01	2.484324e-02	-1.044440e-01	8.645679e-01	6.141476e-02	4.341863e-01	7.785108e+00
35	-6.588030e-01	3.173400e+00	-6.591379e-01	2.172737e+01	8.565747e-02	-2.000000e-01	8.541991e-02	-1.566942e+00	8.655078e-01	5.922032e-02	4.323137e-01	7.789480e+00
36	-5.653718e-01	3.338034e+00	-5.657381e-01	2.313798e+01	9.343114e-02	1.646338e-01	9.339985e-02	1.410615e+00	8.656292e-01	5.943426e-02	4.361422e-01	7.796226e+00
37	-4.315008e-01	3.270498e+00	-4.320252e-01	2.163174e+01	1.338710e-01	-6.753596e-02	1.337129e-01	-1.506244e+00	8.670028e-01	5.874129e-02	3.708642e-01	7.829158e+00
38	-1.635859e-01	3.470498e+00	-1.646345e-01	2.267899e+01	2.679149e-01	2.000000e-01	2.673906e-01	1.047249e+00	8.698181e-01	6.084298e-02	2.963875e-01	7.773561e+00
39	9.837266e-02	3.609403e+00	9.734529e-02	2.481673e+01	2.619586e-01	1.389051e-01	2.619798e-01	2.137743e+00	8.728780e-01	6.246550e-02	4.132321e-01	7.835518e+00
40	1.061630e-01	3.409403e+00	1.061285e-01	2.154494e+01	7.790333e-03	-2.000000e-01	8.783261e-03	-3.271789e+00	8.729305e-01	6.111725e-02	4.070363e-01	7.994583e+00
41	2.683243e-02	3.609403e+00	2.714218e-02	2.245577e+01	-7.933056e-02	2.000000e-01	-7.898636e-02	9.108281e-01	8.737393e-01	5.907827e-02	4.311890e-01	7.933691e+00
42	2.738327e-03	3.809403e+00	2.833655e-03	2.394350e+01	-2.409411e-02	2.000000e-01	-2.430853e-02	1.487730e+00	8.739084e-01	5.767488e-02	4.321831e-01	7.925440e+00
43	-1.366153e-01	3.817156e+00	-1.360706e-01	2.306857e+01	-1.393536e-01	7.752730e-03	-1.389042e-01	-8.749311e-01	8.750601e-01	5.761081e-02	4.896185e-01	7.922245e+00
44	-3.897190e-01	4.017156e+00	-3.887281e-01	2.406305e+01	-2.531037e-01	2.000000e-01	-2.526576e-01	9.944832e-01	8.799397e-01	5.375504e-02	5.428769e-01	7.880160e+00
45	-4.396838e-01	4.114825e+00	-4.394847e-01	2.428901e+01	-4.996480e-02	9.766859e-02	-5.075657e-02	2.259604e-01	8.802237e-01	5.319978e-02	5.550632e-01	7.856339e+00
46	-4.757186e-01	4.211555e+00	-4.755770e-01	2.471800e+01	-3.603483e-02	9.673023e-02	-3.609233e-02	4.289889e-01	8.803858e-01	5.276470e-02	5.603575e-01	7.842128e+00
47	-6.149985e-01	4.232876e+00	-6.144539e-01	2.421507e+01	-1.392799e-01	2.132104e-02	-1.388768e-01	-5.029256e-01	8.815244e-01	5.259040e-02	5.991434e-01	7.836190e+00
48	-7.162336e-01	4.395943e+00	-7.158360e-01	2.564934e+01	-1.012351e-01	1.630671e-01	-1.013822e-01	1.434261e+00	8.825026e-01	5.101477e-02	5.888930e-01	7.852701e+00
49	-7.085344e-01	4.220776e+00	-7.085629e-01	2.506152e+01	7.699186e-03	-1.751665e-01	7.273087e-03	-5.878171e-01	8.825365e-01	5.024329e-02	5.917138e-01	7.788524e+00
50	-7.460169e-01	4.104710e+00	-7.458706e-01	2.372622e+01	-3.748244e-02	-1.160667e-01	-3.730762e-02	-1.335301e+00	8.825082e-01	5.015554e-02	5.989443e-01	7.810914e+00
51	-7.911203e-01	4.304710e+00	-7.909435e-01	2.512141e+01	-4.510343e-02	2.000000e-01	-4.507298e-02	1.395195e+00	8.828292e-01	4.873196e-02	6.018814e-01	7.797890e+00
52	-8.172615e-01	4.243720e+00	-8.171586e-01	2.517528e+01	-2.614115e-02	-6.098937e-02	-2.621510e-02	5.386317e-02	8.828313e-01	4.873673e-02	5.951267e-01	7.782131e+00
53	-8.186926e-01	4.126210e+00	-8.186866e-01	2.561980e+01	-1.431154e-03	-1.175100e-01	-1.527966e-03	4.445211e-01	8.828276e-01	4.843391e-02	5.942086e-01	7.706748e+00
54	-8.214707e-01	3.926210e+00	-8.214598e-01	2.496733e+01	-2.778109e-03	-2.000000e-01	-2.773226e-03	-6.524632e-01	8.828155e-01	4.756158e-02	5.930565e-01	7.623806e+00
55	-8.411667e-01	3.799340e+00	-8.410897e-01	2.443861e+01	-1.969598e-02	-1.268700e-01	-1.962987e-02	-5.287190e-01	8.827803e-01	4.733492e-02	5.888791e-01	7.596898e+00
56	-8.525991e-01	3.786356e+00	-8.525541e-01	2.434854e+01	-1.143236e-02	-1.298438e-02	-1.146438e-02	-9.007422e-02	8.827844e-01	4.733959e-02	5.887960e-01	7.596804e+00
57	-8.489880e-01	3.818893e+00	-8.490020e-01	2.525506e+01	3.611026e-03	3.253660e-02	3.552138e-03	9.065200e-01	8.827824e-01	4.732143e-02	5.899227e-01	7.606955e+00
58	-8.497959e-01	3.618893e+00	-8.497928e-01	2.408192e+01	-8.078370e-04	-2.000000e-01	-7.908058e-04	-1.173140e+00	8.827788e-01	4.644718e-02	5.897915e-01	7.574476e+00
59	-8.570285e-01	3.642945e+00	-8.570002e-01	2.491337e+01	-7.232635e-03	2.405241e-02	-7.207472e-03	8.314524e-01	8.827855e-01	4.642503e-02	5.875470e-01	7.581940e+00
60	-8.543498e-01	3.451977e+00	-8.543602e-01	2.390248e+01	2.678652e-03	-1.909679e-01	2.640035e-03	-1.010890e+00	8.827969e-01	4.561070e-02	5.880911e-01	7.543149e+00
61	-8.452496e-01	3.446928e+00	-8.452852e-01	2.272785e+01	9.100233e-03	-5.048968e-03	9.074998e-03	-1.174637e+00	8.828024e-01	4.560765e-02	5.831554e-01	7.545887e+00
62	-8.423977e-01	3.646928e+00	-8.424090e-01	2.399273e+01	2.851875e-03	2.000000e-01	2.876184e-03	1.264883e+00	8.827908e-01	4.479149e-02	5.828288e-01	7.522979e+00
63	-8.361516e-01	3.623083e+00	-8.361760e-01	2.454198e+01	6.246161e-03	-2.384522e-02	6.232997e-03	5.492497e-01	8.827961e-01	4.477126e-02	5.849791e-01	7.514770e+00
64	-8.233511e-01	3.423083e+00	-8.234012e-01	2.348438e+01	1.280052e-02	-2.000000e-01	1.277486e-02	-1.057604e+00	8.828582e-01	4.380002e-02	5.875890e-01	7.473992e+00
65	-8.100275e-01	3.376783e+00	-8.100798e-01	2.275696e+01	1.332353e-02	-4.629963e-02	1.332139e-02	-7.274200e-01	8.828809e-01	4.372123e-02	5.851287e-01	7.482542e+00
66	-7.962246e-01	3.497624e+00	-7.962787e-01	2.345799e+01	1.380293e-02	1.208412e-01	1.380105e-02	7.010290e-01	8.828570e-01	4.351220e-02	5.837539e-01	7.470505e+00
67	-7.764462e-01	3.445572e+00	-7.765237e-01	2.260544e+01	1.977838e-02	-5.205205e-02	1.975503e-02	-8.525441e-01	8.828998e-01	4.339967e-02	5.792961e-01	7.482237e+00
68	-7.476634e-01	3.538458e+00	-7.477762e-01	2.294401e+01	2.878278e-02	9.288526e-02	2.874752e-02	3.385729e-01	8.828903e-01	4.336911e-02	5.742192e-01	7.465854e+00
69	-7.122273e-01	3.516001e+00	-7.123662e-01	2.249893e+01	3.543610e-02	-2.245674e-02	3.540997e-02	-4.450865e-01	8.829761e-01	4.331478e-02	5.692114e-01	7.469027e+00
70	-6.659260e-01	3.521224e+00	-6.661074e-01	2.299373e+01	4.630130e-02	5.223311e-03	4.625876e-02	4.947995e-01	8.830892e-01	4.332754e-02	5.786457e-01	7.470091e+00
71	-6.017284e-01	3.321224e+00	-6.019799e-01	2.143804e+01	6.419763e-02	-2.000000e-01	6.412756e-02	-1.555689e+00	8.835696e-01	4.183098e-02	5.756974e-01	7.479277e+00
72	-5.131460e-01	3.380199e+00	-5.134930e-01	2.182764e+01	8.858244e-02	5.897451e-02	8.848691e-02	3.896042e-01	8.838939e-01	4.204689e-02	5.714097e-01	7.476422e+00
73	-4.453291e-01	3.308411e+00	-4.455953e-01	1.894425e+01	6.781689e-02	-7.178748e-02	6.789763e-02	-2.883388e+00	8.842456e-01	4.167453e-02	4.949408e-01	7.557368e+00
74	-3.012063e-01	3.508411e+00	-3.017703e-01	1.980711e+01	1.441227e-01	2.000000e-01	1.438250e-01	8.628566e-01	8.847805e-01	4.241674e-02	4.471077e-01	7.490990e+00
75	-2.440217e-01	3.675083e+00	-2.442473e-01	2.019477e+01	5.718461e-02	1.666719e-01	5.752305e-02	3.876581e-01	8.847767e-01	4.240564e-02	4.233975e-01	7.421883e+00
76	-1.830867e-01	3.787702e+00	-1.833256e-01	1.990030e+01	6.093498e-02	1.126188e-01	6.092166e-02	-2.944701e-01	8.848408e-01	4.252407e-02	3.902070e-01	7.360541e+00
77	-1.270070e-01	3.943245e+00	-1.272269e-01	2.093093e+01	5.607978e-02	1.555427e-01	5.609870e-02	1.030632e+00	8.848371e-01	4.251407e-02	3.866297e-01	7.350619e+00
78	-5.161929e-02	3.751821e+00	-5.191464e-02	1.942759e+01	7.538766e-02	-1.914236e-01	7.531231e-02	-1.503339e+00	8.854243e-01	4.102309e-02	3.822321e-01	7.361786e+00
79	-7.116163e-03	3.755883e+00	-7.291157e-03	1.982129e+01	4.450313e-02	4.061956e-03	4.462348e-02	3.936945e-01	8.855310e-01	4.103283e-02	3.895554e-01	7.362454e+00
80	1.766378e-03	3.555883e+00	1.730997e-03	1.826813e+01	8.882541e-03	-2.000000e-01	9.022154e-03	-1.553151e+00	8.855698e-01	4.016082e-02	3.892075e-01	7.370288e+00
81	1.378011e-02	3.604512e+00	1.373304e-02	1.713532e+01	1.201373e-02	4.862920e-02	1.200205e-02	-1.132813e+00	8.855664e-01	4.014721e-02	3.806818e-01	7.335778e+00
82	2.840965e-02	3.804512e+00	2.835232e-02	1.728354e+01	1.462954e-02	2.000000e-01	1.461928e-02	1.482195e-01	8.855230e-01	3.955440e-02	3.716592e-01	7.212430e+00
83	3.918873e-02	3.996450e+00	3.914640e-02	1.961356e+01	1.077907e-02	1.919380e-01	1.079407e-02	2.330023e+00	8.854912e-01	3.898659e-02	3.763931e-01	7.296726e+00
84	4.980720e-02	3.796450e+00	4.976556e-02	1.852583e+01	1.061848e-02	-2.000000e-01	1.061916e-02	-1.087731e+00	8.855357e-01	3.814711e-02	3.782108e-01	7.262489e+00
85	5.872355e-02	3.596450e+00	5.868855e-02	1.684638e+01	8.916345e-03	-2.000000e-01	8.922997e-03	-1.679458e+00	8.855717e-01	3.734088e-02	3.772545e-01	7.283941e+00
86	6.364308e-02	3.559397e+00	6.362373e-02	1.415480e+01	4.919536e-03	-3.705302e-02	4.935174e-03	-2.691573e+00	8.855762e-01	3.730637e-02	3.715952e-01	7.326566e+00
87	6.449505e-02	3.759397e+00	6.449165e-02	1.641548e+01	8.519698e-04	2.000000e-01	8.679198e-04	2.260681e+00	8.855733e-01	3.662201e-02	3.719106e-01	7.400614e+00
88	6.594232e-02	3.559397e+00	6.593665e-02	1.386244e+01	1.447267e-03	-2.000000e-01	1.445004e-03	-2.553046e+00	8.855784e-01	3.592463e-02	3.711871e-01	7.500594e+00
89	6.774556e-02	3.759397e+00	6.773849e-02	1.632804e+01	1.803242e-03	2.000000e-01	1.801842e-03	2.465608e+00	8.855725e-01	3.527453e-02	3.719973e-01	7.590454e+00
90	6.839639e-02	3.559397e+00	6.839382e-02	1.458469e+01	6.508266e-04	-2.000000e-01	6.553228e-04	-1.743357e+00	8.855747e-01	3.461010e-02	3.719290e-01	7.611457e+00
91	6.729494e-02	3.497875e+00	6.729923e-02	1.451388e+01	-1.101448e-03	-6.152202e-02	-1.094586e-03	-7.080766e-02	8.855736e-01	3.455147e-02	3.717212e-01	7.599852e+00
92	6.561354e-02	3.297875e+00	6.562012e-02	1.288214e+01	-1.681401e-03	-2.000000e-01	-1.679109e-03	-1.631743e+00	8.855684e-01	3.392557e-02	3.718082e-01	7.610204e+00
93	6.407649e-02	3.303056e+00	6.408252e-02	1.320998e+01	-1.537051e-03	5.180745e-03	-1.537606e-03	3.278422e-01	8.855686e-01	3.392470e-02	3.715973e-01	7.610915e+00
94	6.298187e-02	3.103056e+00	6.298617e-02	1.208748e+01	-1.094614e-03	-2.000000e-01	-1.096345e-03	-1.122494e+00	8.855652e-01	3.330460e-02	3.713933e-01	7.573652e+00
95	6.051717e-02	2.973679e+00	6.052681e-02	1.133332e+01	-2.464703e-03	-1.293768e-01	-2.459358e-03	-7.541670e-01	8.855606e-01	3.305887e-02	3.711302e-01	7.559842e+00
96	5.757455e-02	2.875830e+00	5.758608e-02	1.061188e+01	-2.942617e-03	-9.784919e-02	-2.940730e-03	-7.214330e-01	8.855565e-01	3.292473e-02	3.711033e-01	7.558945e+00
97	5.626320e-02	2.821931e+00	5.626837e-02	9.546543e+00	-1.311353e-03	-5.389928e-02	-1.317718e-03	-1.065341e+00	8.855555e-01	3.288336e-02	3.715122e-01	7.575752e+00
98	5.504700e-02	2.935154e+00	5.505178e-02	1.100901e+01	-1.216194e-03	1.132229e-01	-1.216591e-03	1.462468e+00	8.855577e-01	3.267694e-02	3.711648e-01	7.608092e+00
99	5.232611e-02	2.735154e+00	5.233676e-02	9.672381e+00	-2.720894e-03	-2.000000e-01	-2.715017e-03	-1.336631e+00	8.855498e-01	3.209671e-02	3.709291e-01	7.590768e+00
100	5.040793e-02	2.559355e+00	5.041546e-02	9.144883e+00	-1.918181e-03	-1.757989e-01	-1.921294e-03	-5.274981e-01	8.855450e-01	3.165101e-02	3.702044e-01	7.524351e+00
101	4.842645e-02	2.359355e+00	4.843422e-02	6.503638e+00	-1.981484e-03	-2.000000e-01	-1.981249e-03	-2.641245e+00	8.855393e-01	3.108253e-02	3.712523e-01	7.630122e+00
102	4.699155e-02	2.559355e+00	4.699718e-02	7.445283e+00	-1.434899e-03	2.000000e-01	-1.437033e-03	9.416446e-01	8.855436e-01	3.048805e-02	3.716425e-01	7.575744e+00
103	4.672611e-02	2.446461e+00	4.672717e-02	7.851802e+00	-2.654320e-04	-1.128932e-01	-2.700086e-04	4.065194e-01	8.855432e-01	3.030651e-02	3.714844e-01	7.508505e+00
104	4.505842e-02	2.246461e+00	4.506494e-02	6.363117e+00	-1.667693e-03	-2.000000e-01	-1.662233e-03	-1.488685e+00	8.855386e-01	2.975925e-02	3.714738e-01	7.507235e+00
105	4.349176e-02	2.106449e+00	4.349790e-02	4.633602e+00	-1.566665e-03	-1.400128e-01	-1.567039e-03	-1.729515e+00	8.855357e-01	2.949666e-02	3.719733e-01	7.551877e+00
106	4.305119e-02	2.206669e+00	4.305294e-02	5.046342e+00	-4.405627e-04	1.002204e-01	-4.449630e-04	4.127399e-01	8.855363e-01	2.935404e-02	3.720449e-01	7.535585e+00
107	4.293741e-02	2.054540e+00	4.293786e-02	3.485711e+00	-1.137854e-04	-1.521294e-01	-1.150790e-04	-1.560631e+00	8.855361e-01	2.903606e-02	3.720671e-01	7.565174e+00
108	4.231137e-02	2.083355e+00	4.231382e-02	4.092008e+00	-6.260376e-04	2.881543e-02	-6.240417e-04	6.062969e-01	8.855363e-01	2.902366e-02	3.719516e-01	7.570490e+00
109	4.176536e-02	1.883355e+00	4.176750e-02	2.724109e+00	-5.460102e-04	-2.000000e-01	-5.463150e-04	-1.367899e+00	8.855349e-01	2.848888e-02	3.719143e-01	7.556854e+00
110	4.124983e-02	1.750026e+00	4.125185e-02	1.911301e+00	-5.155306e-04	-1.333287e-01	-5.156509e-04	-8.128078e-01	8.855340e-01	2.825415e-02	3.718670e-01	7.544618e+00
111	4.118192e-02	1.610274e+00	4.118219e-02	1.060513e+00	-6.790956e-05	-1.397518e-01	-6.965855e-05	-8.507882e-01	8.855338e-01	2.799520e-02	3.718605e-01	7.531233e+00
112	4.120394e-02	1.487542e+00	4.120385e-02	0.000000e+00	2.201742e-05	-1.227320e-01	2.165931e-05	-1.060513e+00	8.855339e-01	2.779627e-02	3.718591e-01	7.539113e+00
113	4.090937e-02	1.455863e+00	4.091052e-02	4.648737e-01	-2.945676e-04	-3.167981e-02	-2.933324e-04	4.648737e-01	8.855338e-01	2.778351e-02	3.717607e-01	7.528528e+00
114	4.121484e-02	1.286627e+00	4.121365e-02	0.000000e+00	3.054673e-04	-1.692360e-01	3.031283e-04	-4.648737e-01	8.855344e-01	2.740828e-02	3.718764e-01	7.464404e+00
115	4.081082e-02	1.201758e+00	4.081240e-02	0.000000e+00	-4.040127e-04	-8.486848e-02	-4.012504e-04	0.000000e+00	8.855340e-01	2.731659e-02	3.717553e-01	7.438952e+00
116	4.090363e-02	1.132239e+00	4.090328e-02	0.000000e+00	9.280873e-05	-6.951951e-02	9.087881e-05	0.000000e+00	8.855341e-01	2.725375e-02	3.717780e-01	7.421917e+00
117	4.100468e-02	1.077954e+00	4.100428e-02	2.745844e-01	1.010428e-04	-5.428497e-02	1.010031e-04	2.745844e-01	8.855342e-01	2.721536e-02	3.718105e-01	7.404474e+00
118	4.132175e-02	9.664524e-01	4.132051e-02	0.000000e+00	3.170749e-04	-1.115013e-01	3.162308e-04	-2.745844e-01	8.855346e-01	2.705377e-02	3.718929e-01	7.375477e+00
119	4.093933e-02	9.096304e-01	4.094082e-02	1.212452e-02	-3.824220e-04	-5.682200e-02	-3.796929e-04	1.212452e-02	8.855343e-01	2.701345e-02	3.718147e-01	7.363853e+00
120	4.102463e-02	8.646555e-01	4.102430e-02	0.000000e+00	8.530164e-05	-4.497481e-02	8.348526e-05	-1.212452e-02	8.855344e-01	2.698735e-02	3.718276e-01	7.357045e+00
121	4.089445e-02	8.363873e-01	4.089496e-02	0.000000e+00	-1.301780e-04	-2.826822e-02	-1.293434e-04	0.000000e+00	8.855343e-01	2.697730e-02	3.718148e-01	7.354252e+00
122	4.085693e-02	8.230517e-01	4.085708e-02	7.305967e-01	-3.751909e-05	-1.333560e-02	-3.787778e-05	7.305967e-01	8.855343e-01	2.697505e-02	3.718000e-01	7.349004e+00
123	4.106575e-02	6.349502e-01	4.106493e-02	0.000000e+00	2.088125e-04	-1.881015e-01	2.078488e-04	-7.305967e-01	8.855348e-01	2.652756e-02	3.718635e-01	7.291789e+00
124	4.080671e-02	5.661382e-01	4.080772e-02	0.000000e+00	-2.590368e-04	-6.881200e-02	-2.572131e-04	0.000000e+00	8.855346e-01	2.646895e-02	3.718019e-01	7.275424e+00
125	4.088298e-02	5.122711e-01	4.088269e-02	0.000000e+00	7.627276e-05	-5.386703e-02	7.497008e-05	0.000000e+00	8.855347e-01	2.643233e-02	3.718161e-01	7.265412e+00
126	4.089729e-02	4.733778e-01	4.089723e-02	2.764801e-01	1.430482e-05	-3.889330e-02	1.454180e-05	2.764801e-01	8.855347e-01	2.641331e-02	3.718199e-01	7.255092e+00
127	4.149280e-02	3.772583e-01	4.149048e-02	0.000000e+00	5.955180e-04	-9.611950e-02	5.932486e-04	-2.764801e-01	8.855354e-01	2.629494e-02	3.719383e-01	7.235974e+00
128	4.069779e-02	3.360808e-01	4.070089e-02	1.626192e-01	-7.950122e-04	-4.117750e-02	-7.895893e-04	1.626192e-01	8.855350e-01	2.627545e-02	3.717644e-01	7.226967e+00
129	4.110590e-02	2.672175e-01	4.110432e-02	0.000000e+00	4.081097e-04	-6.886338e-02	4.034311e-04	-1.626192e-01	8.855354e-01	2.621503e-02	3.718292e-01	7.216039e+00
130	4.087650e-02	2.372116e-01	4.087739e-02	1.416999e+00	-2.294035e-04	-3.000585e-02	-2.269315e-04	1.416999e+00	8.855353e-01	2.620416e-02	3.716513e-01	7.192766e+00
131	4.074547e-02	3.721161e-02	4.074598e-02	0.000000e+00	-1.310303e-04	-2.000000e-01	-1.314049e-04	-1.416999e+00	8.855350e-01	2.571748e-02	3.716499e-01	7.190754e+00
132	4.054470e-02	6.176517e-02	4.054549e-02	1.475291e-01	-2.007673e-04	2.455357e-02	-2.004964e-04	1.475291e-01	8.855350e-01	2.570985e-02	3.716527e-01	7.190416e+00
133	4.087257e-02	6.199288e-02	4.087129e-02	5.015499e-02	3.278647e-04	2.277095e-04	3.258007e-04	-9.737413e-02	8.855351e-01	2.570986e-02	3.716373e-01	7.190405e+00
134	4.100935e-02	8.625549e-02	4.100881e-02	4.318955e-01	1.367803e-04	2.426261e-02	1.375186e-04	3.817405e-01	8.855350e-01	2.570286e-02	3.716507e-01	7.192793e+00
135	4.092831e-02	1.572112e-02	4.092862e-02	0.000000e+00	-8.104047e-05	-7.053438e-02	-8.018672e-05	-4.318955e-01	8.855349e-01	2.564255e-02	3.716478e-01	7.190271e+00
136	4.050569e-02	2.627913e-02	4.050734e-02	7.438991e-01	-4.226205e-04	1.055802e-02	-4.212829e-04	7.438991e-01	8.855350e-01	2.564096e-02	3.715137e-01	7.193621e+00
137	4.061428e-02	0.000000e+00	4.061387e-02	0.000000e+00	1.085980e-04	-2.627913e-02	1.065281e-04	-7.438991e-01	8.855350e-01	2.563242e-02	3.714851e-01	7.200545e+00
138	4.063508e-02	0.000000e+00	4.063499e-02	0.000000e+00	2.079269e-05	0.000000e+00	2.112760e-05	0.000000e+00	8.855350e-01	2.563242e-02	1.000000e+00	8.000000e+00
139	4.060841e-02	0.000000e+00	4.060852e-02	3.339137e-02	-2.666212e-05	0.000000e+00	-2.647544e-05	3.339137e-02	8.855350e-01	2.563242e-02	1.000000e+00	8.000000e+00
140	4.074428e-02	0.000000e+00	4.074375e-02	0.000000e+00	1.358630e-04	0.000000e+00	1.352289e-04	-3.339137e-02	8.855350e-01	2.563242e-02	1.000000e+00	8.000000e+00
141	4.062087e-02	0.000000e+00	4.062135e-02	0.000000e+00	-1.234104e-04	0.000000e+00	-1.224001e-04	0.000000e+00	8.855350e-01	2.563242e-02	1.000000e+00	8.000000e+00
142	4.065653e-02	1.088486e-02	4.065639e-02	8.100216e-02	3.566255e-05	1.088486e-02	3.504512e-05	8.100216e-02	8.855350e-01	2.563099e-02	9.999999e-01	7.999968e+00
143	4.112197e-02	1.508205e-02	4.112016e-02	5.058746e-01	4.654453e-04	4.197184e-03	4.637640e-04	4.248725e-01	8.855350e-01	2.563088e-02	1.000086e+00	8.000748e+00
144	4.098007e-02	0.000000e+00	4.098062e-02	0.000000e+00	-1.419060e-04	-1.508205e-02	-1.395401e-04	-5.058746e-01	8.855350e-01	2.562821e-02	1.000112e+00	8.003506e+00
145	4.033804e-02	0.000000e+00	4.034055e-02	0.000000e+00	-6.420239e-04	0.000000e+00	-6.400610e-04	0.000000e+00	8.855350e-01	2.562821e-02	1.000000e+00	8.000000e+00
146	4.047715e-02	1.590179e-03	4.047662e-02	0.000000e+00	1.391085e-04	1.590179e-03	1.360648e-04	0.000000e+00	8.855350e-01	2.562819e-02	9.999992e-01	7.999990e+00
147	4.064326e-02	1.974331e-02	4.064261e-02	0.000000e+00	1.661112e-04	1.815314e-02	1.659938e-04	0.000000e+00	8.855350e-01	2.562434e-02	9.999877e-01	7.998737e+00
148	4.058609e-02	5.450571e-02	4.058631e-02	1.420755e+00	-5.717121e-05	3.476240e-02	-5.629947e-05	1.420755e+00	8.855350e-01	2.560955e-02	9.999567e-01	8.017595e+00
149	4.079779e-02	0.000000e+00	4.079697e-02	0.000000e+00	2.117021e-04	-5.450571e-02	2.106552e-04	-1.420755e+00	8.855352e-01	2.557287e-02	9.998579e-01	8.043032e+00
150	4.063352e-02	4.409095e-02	4.063415e-02	3.138284e-01	-1.642783e-04	4.409095e-02	-1.628137e-04	3.138284e-01	8.855352e-01	2.554891e-02	9.998610e-01	8.042182e+00
151	4.104642e-02	1.339743e-02	4.104480e-02	0.000000e+00	4.128986e-04	-3.069352e-02	4.106498e-04	-3.138284e-01	8.855354e-01	2.553683e-02	9.998478e-01	8.043164e+00
152	4.063873e-02	4.997861e-02	4.064032e-02	0.000000e+00	-4.076810e-04	3.658118e-02	-4.044844e-04	0.000000e+00	8.855356e-01	2.551985e-02	9.999047e-01	8.038062e+00
153	4.053658e-02	1.033970e-01	4.053699e-02	1.665360e+00	-1.021512e-04	5.341844e-02	-1.033322e-04	1.665360e+00	8.855357e-01	2.548498e-02	9.998448e-01	8.069381e+00
154	4.084352e-02	0.000000e+00	4.084232e-02	3.468569e-02	3.069324e-04	-1.033970e-01	3.053298e-04	-1.630674e+00	8.855361e-01	2.535462e-02	9.997293e-01	8.108299e+00
155	4.100625e-02	7.653142e-02	4.100561e-02	1.366189e+00	1.627304e-04	7.653142e-02	1.632874e-04	1.331503e+00	8.855359e-01	2.528498e-02	9.997840e-01	8.134063e+00
156	4.065994e-02	0.000000e+00	4.066130e-02	4.767651e-01	-3.463007e-04	-7.653142e-02	-3.443101e-04	-8.894237e-01	8.855356e-01	2.521620e-02	9.998278e-01	8.143725e+00
157	4.045072e-02	0.000000e+00	4.045154e-02	4.560053e-01	-2.092251e-04	0.000000e+00	-2.097528e-04	-2.075979e-02	8.855356e-01	2.521620e-02	1.000000e+00	8.000000e+00
158	4.032522e-02	0.000000e+00	4.032572e-02	0.000000e+00	-1.254959e-04	0.000000e+00	-1.258250e-04	-4.560053e-01	8.855356e-01	2.521620e-02	1.000000e+00	8.000000e+00
159	3.993985e-02	0.000000e+00	3.994135e-02	0.000000e+00	-3.853767e-04	0.000000e+00	-3.843629e-04	0.000000e+00	8.855356e-01	2.521620e-02	1.000000e+00	8.000000e+00
160	3.995708e-02	0.000000e+00	3.995702e-02	1.476470e-01	1.723601e-05	0.000000e+00	1.566726e-05	1.476470e-01	8.855356e-01	2.521620e-02	1.000000e+00	8.000000e+00
161	4.041567e-02	0.000000e+00	4.041388e-02	0.000000e+00	4.585919e-04	0.000000e+00	4.568617e-04	-1.476470e-01	8.855356e-01	2.521620e-02	1.000000e+00	8.000000e+00
162	4.013975e-02	0.000000e+00	4.014082e-02	3.805542e-01	-2.759290e-04	0.000000e+00	-2.730665e-04	3.805542e-01	8.855356e-01	2.521620e-02	1.000000e+00	8.000000e+00
163	4.032434e-02	0.000000e+00	4.032362e-02	0.000000e+00	1.845892e-04	0.000000e+00	1.828015e-04	-3.805542e-01	8.855356e-01	2.521620e-02	1.000000e+00	8.000000e+00
164	4.001441e-02	0.000000e+00	4.001562e-02	0.000000e+00	-3.099250e-04	0.000000e+00	-3.080003e-04	0.000000e+00	8.855356e-01	2.521620e-02	1.000000e+00	8.000000e+00
165	3.998288e-02	0.000000e+00	3.998301e-02	7.149221e-01	-3.152527e-05	0.000000e+00	-3.260525e-05	7.149221e-01	8.855356e-01	2.521620e-02	1.000000e+00	8.000000e+00
166	4.023152e-02	0.000000e+00	4.023055e-02	1.748765e-02	2.486318e-04	0.000000e+00	2.475332e-04	-6.974345e-01	8.855356e-01	2.521620e-02	1.000000e+00	8.000000e+00
167	4.019449e-02	0.000000e+00	4.019463e-02	7.035626e-02	-3.702591e-05	0.000000e+00	-3.591435e-05	5.286861e-02	8.855356e-01	2.521620e-02	1.000000e+00	8.000000e+00
168	4.012026e-02	0.000000e+00	4.012055e-02	4.425310e-01	-7.422917e-05	0.000000e+00	-7.407950e-05	3.721748e-01	8.855356e-01	2.521620e-02	1.000000e+00	8.000000e+00
169	3.995033e-02	0.000000e+00	3.995099e-02	0.000000e+00	-1.699350e-04	0.000000e+00	-1.695605e-04	-4.425310e-01	8.855356e-01	2.521620e-02	1.000000e+00	8.000000e+00
170	3.973784e-02	0.000000e+00	3.973867e-02	0.000000e+00	-2.124863e-04	0.000000e+00	-2.123187e-04	0.000000e+00	8.855356e-01	2.521620e-02	1.000000e+00	8.000000e+00
171	3.978676e-02	0.000000e+00	3.978657e-02	1.238656e+00	4.892029e-05	0.000000e+00	4.789982e-05	1.238656e+00	8.855356e-01	2.521620e-02	1.000000e+00	8.000000e+00
172	3.984889e-02	0.000000e+00	3.984865e-02	0.000000e+00	6.213058e-05	0.000000e+00	6.207499e-05	-1.238656e+00	8.855356e-01	2.521620e-02	1.000000e+00	8.000000e+00
173	3.980870e-02	2.461253e-02	3.980886e-02	8.499107e-01	-4.019077e-05	2.461253e-02	-3.979129e-05	8.499107e-01	8.855356e-01	2.520890e-02	9.999875e-01	8.007632e+00
174	3.984174e-02	0.000000e+00	3.984161e-02	0.000000e+00	3.304090e-05	-2.461253e-02	3.275640e-05	-8.499107e-01	8.855357e-01	2.520161e-02	9.999773e-01	8.015263e+00
175	3.970819e-02	0.000000e+00	3.970871e-02	0.000000e+00	-1.335519e-04	0.000000e+00	-1.329023e-04	0.000000e+00	8.855357e-01	2.520161e-02	1.000000e+00	8.000000e+00
176	3.970437e-02	0.000000e+00	3.970439e-02	0.000000e+00	-3.820361e-06	0.000000e+00	-4.324587e-06	0.000000e+00	1.000000e+00	1.000000e-01	1.000000e+00	8.000000e+00
177	3.973748e-02	0.000000e+00	3.973735e-02	0.000000e+00	3.311349e-05	0.000000e+00	3.296724e-05	0.000000e+00	1.000000e+00	1.000000e-01	1.000000e+00	8.000000e+00
178	3.973615e-02	1.268315e-02	3.973616e-02	1.117798e+00	-1.328147e-06	1.268315e-02	-1.194181e-06	1.117798e+00	1.000000e+00	1.000000e-01	9.999994e-01	8.006122e+00
179	3.973759e-02	0.000000e+00	3.973758e-02	0.000000e+00	1.432016e-06	-1.268315e-02	1.421757e-06	-1.117798e+00	1.000000e+00	1.000000e-01	9.999987e-01	8.012244e+00
180	3.963006e-02	6.055667e-03	3.963048e-02	0.000000e+00	-1.075279e-04	6.055667e-03	-1.071023e-04	0.000000e+00	1.000000e+00	9.999826e-02	1.000001e+00	8.012105e+00
181	3.964699e-02	2.974098e-02	3.964693e-02	0.000000e+00	1.693574e-05	2.368531e-02	1.645122e-05	0.000000e+00	1.000000e+00	9.997161e-02	9.999996e-01	8.009971e+00
182	3.972736e-02	7.106810e-02	3.972704e-02	1.074582e+00	8.036214e-05	4.132712e-02	8.011249e-05	1.074582e+00	9.999999e-01	9.989058e-02	1.000028e+00	8.024553e+00
183	3.975577e-02	0.000000e+00	3.975566e-02	0.000000e+00	2.841833e-05	-7.106810e-02	2.862026e-05	-1.074582e+00	9.999999e-01	9.965153e-02	1.000021e+00	8.041534e+00
184	3.961468e-02	0.000000e+00	3.961523e-02	0.000000e+00	-1.410996e-04	0.000000e+00	-1.404367e-04	0.000000e+00	9.999999e-01	9.965153e-02	1.000000e+00	8.000000e+00
185	3.966130e-02	1.716299e-02	3.966112e-02	7.277002e-01	4.662808e-05	1.716299e-02	4.589736e-05	7.277002e-01	9.999999e-01	9.963758e-02	1.000013e+00	8.004812e+00
186	3.997146e-02	0.000000e+00	3.997024e-02	0.000000e+00	3.101519e-04	-1.716299e-02	3.091196e-04	-7.277002e-01	1.000000e+00	9.962365e-02	9.999261e-01	8.009626e+00
187	3.974903e-02	0.000000e+00	3.974989e-02	0.000000e+00	-2.224266e-04	0.000000e+00	-2.203503e-04	0.000000e+00	1.000000e+00	9.962365e-02	1.000000e+00	8.000000e+00
188	3.969535e-02	0.000000e+00	3.969556e-02	0.000000e+00	-5.368137e-05	0.000000e+00	-5.433242e-05	0.000000e+00	1.000000e+00	9.962365e-02	1.000000e+00	8.000000e+00
189	3.974401e-02	0.000000e+00	3.974382e-02	0.000000e+00	4.866250e-05	0.000000e+00	4.826018e-05	0.000000e+00	1.000000e+00	9.962365e-02	1.000000e+00	8.000000e+00
190	3.975342e-02	5.012777e-03	3.975338e-02	5.988217e-01	9.410868e-06	5.012777e-03	9.562623e-06	5.988217e-01	1.000000e+00	1.000000e-01	1.000002e+00	8.001330e+00
191	4.008541e-02	0.000000e+00	4.008411e-02	7.494206e-03	3.319871e-04	-5.012777e-03	3.307277e-04	-5.913275e-01	1.000000e+00	9.999881e-02	9.999155e-01	8.002644e+00
192	4.008616e-02	0.000000e+00	4.008615e-02	0.000000e+00	7.481467e-07	0.000000e+00	2.037129e-06	-7.494206e-03	1.000000e+00	1.000000e-01	9.999155e-01	8.002644e+00
193	3.955527e-02	0.000000e+00	3.955734e-02	0.000000e+00	-5.308879e-04	0.000000e+00	-5.288061e-04	0.000000e+00	1.000000e+00	1.000000e-01	1.000000e+00	8.000000e+00
194	3.953263e-02	0.000000e+00	3.953273e-02	0.000000e+00	-2.263431e-05	0.000000e+00	-2.461154e-05	0.000000e+00	1.000000e+00	1.000000e-01	1.000000e+00	8.000000e+00
195	3.966258e-02	9.676070e-03	3.966208e-02	0.000000e+00	1.299514e-04	9.676070e-03	1.293477e-04	0.000000e+00	9.999999e-01	9.999555e-02	9.999952e-01	7.999644e+00
196	3.955611e-02	3.718427e-02	3.955652e-02	0.000000e+00	-1.064766e-04	2.750820e-02	-1.055554e-04	0.000000e+00	1.000000e+00	9.995963e-02	1.000006e+00	7.996771e+00
197	3.952162e-02	8.253217e-02	3.952175e-02	2.071986e+00	-3.449183e-05	4.534790e-02	-3.476943e-05	2.071986e+00	1.000000e+00	9.986209e-02	9.999784e-01	8.033554e+00
198	3.989434e-02	0.000000e+00	3.989288e-02	0.000000e+00	3.727223e-04	-8.253217e-02	3.711305e-04	-2.071986e+00	1.000002e+00	9.954014e-02	9.997297e-01	8.088616e+00
199	3.979276e-02	1.723278e-01	3.979316e-02	2.244872e+00	-1.015744e-04	1.723278e-01	-9.972794e-05	2.244872e+00	1.000002e+00	9.815672e-02	9.996892e-01	8.157262e+00
200	3.972456e-02	0.000000e+00	3.972483e-02	0.000000e+00	-6.819964e-05	-1.723278e-01	-6.832280e-05	-2.244872e+00	1.000002e+00	9.679239e-02	9.997160e-01	8.224941e+00
201	3.952453e-02	2.000000e-01	3.952531e-02	7.240050e-01	-2.000353e-04	2.000000e-01	-1.995208e-04	7.240050e-01	1.000004e+00	9.498944e-02	9.998018e-01	8.139182e+00
202	3.979842e-02	1.922989e-01	3.979735e-02	1.344476e+00	2.738899e-04	-7.701056e-03	2.720407e-04	6.204707e-01	1.000004e+00	9.498677e-02	9.998906e-01	8.136684e+00
203	3.975516e-02	0.000000e+00	3.975533e-02	0.000000e+00	-4.325702e-05	-1.922989e-01	-4.202539e-05	-1.344476e+00	1.000003e+00	9.334851e-02	9.998862e-01	8.116932e+00
204	3.934158e-02	4.859015e-02	3.934320e-02	0.000000e+00	-4.135790e-04	4.859015e-02	-4.121276e-04	0.000000e+00	1.000004e+00	9.324398e-02	9.999635e-01	8.107849e+00
205	3.942733e-02	1.151124e-01	3.942700e-02	2.438374e-01	8.574795e-05	6.652229e-02	8.380312e-05	2.438374e-01	1.000004e+00	9.304836e-02	9.999515e-01	8.098529e+00
206	3.978116e-02	1.234707e-01	3.977978e-02	1.587589e+00	3.538272e-04	8.358227e-03	3.527724e-04	1.343752e+00	1.000004e+00	9.304526e-02	1.000166e+00	8.103594e+00
207	3.960893e-02	0.000000e+00	3.960960e-02	8.647990e-01	-1.722272e-04	-1.234707e-01	-1.701764e-04	-7.227900e-01	1.000003e+00	9.237647e-02	1.000143e+00	8.087416e+00
208	3.933359e-02	0.000000e+00	3.933467e-02	2.663593e-01	-2.753441e-04	0.000000e+00	-2.749333e-04	-5.984398e-01	1.000003e+00	9.237647e-02	1.000000e+00	8.000000e+00
209	3.922773e-02	0.000000e+00	3.922815e-02	0.000000e+00	-1.058544e-04	0.000000e+00	-1.065149e-04	-2.663593e-01	1.000003e+00	9.237647e-02	1.000000e+00	8.000000e+00
210	3.887630e-02	0.000000e+00	3.887768e-02	0.000000e+00	-3.514298e-04	0.000000e+00	-3.504731e-04	0.000000e+00	1.000003e+00	9.237647e-02	1.000000e+00	8.000000e+00
211	3.892741e-02	0.000000e+00	3.892721e-02	0.000000e+00	5.110582e-05	0.000000e+00	4.953715e-05	0.000000e+00	1.000003e+00	9.237647e-02	1.000000e+00	8.000000e+00
212	3.900922e-02	3.861649e-03	3.900890e-02	0.000000e+00	8.181582e-05	3.861649e-03	8.168973e-05	0.000000e+00	1.000003e+00	9.237581e-02	9.999988e-01	7.999943e+00
213	3.891412e-02	2.573058e-02	3.891449e-02	1.054005e+00	-9.510107e-05	2.186893e-02	-9.441048e-05	1.054005e+00	1.000003e+00	9.235484e-02	9.999591e-01	8.009073e+00
214	3.927858e-02	0.000000e+00	3.927716e-02	0.000000e+00	3.644550e-04	-2.573058e-02	3.626626e-04	-1.054005e+00	1.000003e+00	9.232583e-02	9.998123e-01	8.019438e+00
215	3.905101e-02	0.000000e+00	3.905189e-02	0.000000e+00	-2.275705e-04	0.000000e+00	-2.252649e-04	0.000000e+00	1.000003e+00	9.232583e-02	1.000000e+00	8.000000e+00
216	3.892402e-02	1.792856e-02	3.892452e-02	5.221758e-01	-1.269852e-04	1.792856e-02	-1.273691e-04	5.221758e-01	1.000004e+00	9.231173e-02	9.999772e-01	8.003226e+00
217	3.926603e-02	0.000000e+00	3.926469e-02	0.000000e+00	3.420033e-04	-1.792856e-02	3.401698e-04	-5.221758e-01	1.000004e+00	9.229765e-02	9.999156e-01	8.006453e+00
218	3.906899e-02	0.000000e+00	3.906976e-02	1.083871e+00	-1.970339e-04	0.000000e+00	-1.949355e-04	1.083871e+00	1.000004e+00	9.229765e-02	1.000000e+00	8.000000e+00
219	3.915097e-02	0.000000e+00	3.915066e-02	0.000000e+00	8.198079e-05	0.000000e+00	8.089908e-05	-1.083871e+00	1.000004e+00	9.229765e-02	1.000000e+00	8.000000e+00
220	3.896858e-02	5.562236e-03	3.896930e-02	1.026283e-01	-1.823890e-04	5.562236e-03	-1.813606e-04	1.026283e-01	1.000004e+00	9.229630e-02	9.999949e-01	8.000154e+00
221	3.913087e-02	0.000000e+00	3.913024e-02	4.081578e-01	1.622851e-04	-5.562236e-03	1.609427e-04	3.055296e-01	1.000004e+00	9.229495e-02	1.000022e+00	7.999230e+00
