#sequence delta(k-1),f(k-1),theta(k),v(k),delta_diff(k-1),f_diff(k-1),theta_diff(k),v_diff(k),phi(1,1;k),phi(1,2;k),phi(2,1;k),phi(2,2;k)
1	-6.879440e-01	0.000000e+00	-6.878024e-01	2.430045e-01	-6.879440e-01	0.000000e+00	-3.609309e-02	2.386382e-01	8.277521e-01	1.000000e-01	1.000000e+00	9.000000e+00
2	-6.999722e-01	2.000000e-01	-6.999247e-01	1.836186e+00	-1.202830e-02	2.000000e-01	-1.212230e-02	1.593182e+00	8.278763e-01	9.793568e-02	1.001091e+00	8.981859e+00
3	-7.152378e-01	4.000000e-01	-7.151780e-01	5.675911e+00	-1.526559e-02	2.000000e-01	-1.525331e-02	3.839724e+00	8.280341e-01	9.586804e-02	9.864579e-01	9.173573e+00
4	-6.942848e-01	2.788777e-01	-6.943664e-01	5.803437e+00	2.095303e-02	-1.211223e-01	2.081160e-02	1.275267e-01	8.281830e-01	9.500732e-02	9.984892e-01	9.104024e+00
5	-6.799266e-01	1.706499e-01	-6.799830e-01	4.811463e+00	1.435821e-02	-1.082278e-01	1.438342e-02	-9.919745e-01	8.282696e-01	9.435449e-02	9.983468e-01	9.105097e+00
6	-6.875756e-01	2.621238e-01	-6.875460e-01	6.047371e+00	-7.649025e-03	9.147386e-02	-7.562961e-03	1.235908e+00	8.283052e-01	9.392793e-02	9.968610e-01	9.122866e+00
7	-6.963744e-01	3.973613e-01	-6.963399e-01	5.411709e+00	-8.798807e-03	1.352375e-01	-8.793980e-03	-6.356613e-01	8.283641e-01	9.302352e-02	1.004567e+00	9.004430e+00
8	-6.959435e-01	5.973613e-01	-6.959450e-01	7.903151e+00	4.309588e-04	2.000000e-01	3.949239e-04	2.491441e+00	8.283604e-01	9.129426e-02	1.004705e+00	9.068706e+00
9	-6.944023e-01	7.733152e-01	-6.944083e-01	9.763667e+00	1.541202e-03	1.759540e-01	1.536725e-03	1.860516e+00	8.283490e-01	8.999357e-02	1.004895e+00	9.090376e+00
10	-6.981193e-01	9.196768e-01	-6.981049e-01	1.217594e+01	-3.717077e-03	1.463615e-01	-3.696554e-03	2.412271e+00	8.283731e-01	8.904509e-02	1.002999e+00	9.165043e+00
11	-7.083957e-01	8.969348e-01	-7.083555e-01	1.271927e+01	-1.027639e-02	-2.274199e-02	-1.025069e-02	5.433353e-01	8.283717e-01	8.904199e-02	9.992800e-01	9.156814e+00
12	-7.154799e-01	8.884742e-01	-7.154521e-01	1.365661e+01	-7.084156e-03	-8.460581e-03	-7.096526e-03	9.373376e-01	8.283733e-01	8.904390e-02	9.958415e-01	9.152707e+00
13	-7.219566e-01	8.652687e-01	-7.219311e-01	1.447757e+01	-6.476655e-03	-2.320544e-02	-6.479077e-03	8.209613e-01	8.283703e-01	8.903340e-02	9.926436e-01	9.141249e+00
14	-7.331769e-01	8.435711e-01	-7.331330e-01	1.341429e+01	-1.122035e-02	-2.169768e-02	-1.120183e-02	-1.063279e+00	8.283702e-01	8.903315e-02	9.971927e-01	9.150046e+00
15	-7.479717e-01	1.043571e+00	-7.479137e-01	1.516653e+01	-1.479477e-02	2.000000e-01	-1.478073e-02	1.752235e+00	8.285103e-01	8.713970e-02	9.976268e-01	9.144177e+00
16	-7.555498e-01	1.243571e+00	-7.555199e-01	1.776181e+01	-7.578085e-03	2.000000e-01	-7.606220e-03	2.595284e+00	8.285764e-01	8.539290e-02	9.948954e-01	9.216264e+00
17	-7.698714e-01	1.281511e+00	-7.698154e-01	1.725964e+01	-1.432169e-02	3.793987e-02	-1.429546e-02	-5.021756e-01	8.286150e-01	8.529083e-02	1.000589e+00	9.201182e+00
18	-7.929022e-01	1.460766e+00	-7.928120e-01	1.901083e+01	-2.303078e-02	1.792546e-01	-2.299665e-02	1.751190e+00	8.288217e-01	8.368215e-02	9.992445e-01	9.211644e+00
19	-8.122115e-01	1.558099e+00	-8.121358e-01	2.012290e+01	-1.930932e-02	9.733312e-02	-1.932372e-02	1.112075e+00	8.289263e-01	8.315469e-02	9.971018e-01	9.222445e+00
20	-8.299551e-01	1.600070e+00	-8.298855e-01	2.054259e+01	-1.774359e-02	4.197099e-02	-1.774976e-02	4.196878e-01	8.289813e-01	8.302461e-02	9.966782e-01	9.223447e+00
21	-8.544784e-01	1.661026e+00	-8.543824e-01	2.037343e+01	-2.452329e-02	6.095608e-02	-2.449683e-02	-1.691638e-01	8.290886e-01	8.275799e-02	1.004895e+00	9.203022e+00
22	-8.821726e-01	1.846634e+00	-8.820641e-01	2.243840e+01	-2.769421e-02	1.856083e-01	-2.768172e-02	2.064978e+00	8.293482e-01	8.101817e-02	9.999230e-01	9.236347e+00
23	-9.056297e-01	1.886799e+00	-9.055377e-01	2.312425e+01	-2.345711e-02	4.016543e-02	-2.347362e-02	6.858465e-01	8.294291e-01	8.087955e-02	9.961575e-01	9.242795e+00
24	-9.324274e-01	1.892178e+00	-9.323223e-01	2.246276e+01	-2.679763e-02	5.379030e-03	-2.678464e-02	-6.614890e-01	8.294926e-01	8.086680e-02	1.004867e+00	9.241047e+00
25	-9.646101e-01	2.064378e+00	-9.644840e-01	2.407958e+01	-3.218274e-02	1.722000e-01	-3.216165e-02	1.616824e+00	8.297846e-01	7.930464e-02	1.003996e+00	9.245708e+00
26	-9.922346e-01	2.141836e+00	-9.921262e-01	2.539269e+01	-2.762452e-02	7.745760e-02	-2.764225e-02	1.313108e+00	8.299267e-01	7.890632e-02	9.958268e-01	9.268614e+00
27	-1.020486e+00	2.098161e+00	-1.020375e+00	2.432764e+01	-2.825155e-02	-4.367534e-02	-2.824917e-02	-1.065054e+00	8.299448e-01	7.893442e-02	1.004298e+00	9.281710e+00
28	-1.054248e+00	2.254720e+00	-1.054116e+00	2.367805e+01	-3.376214e-02	1.565592e-01	-3.374061e-02	-6.495895e-01	8.302311e-01	7.760708e-02	1.037056e+00	9.129809e+00
29	-1.069947e+00	2.454720e+00	-1.069886e+00	2.417886e+01	-1.569905e-02	2.000000e-01	-1.576952e-02	5.008098e-01	8.303645e-01	7.590687e-02	1.046623e+00	9.007919e+00
30	-1.030634e+00	2.654720e+00	-1.030787e+00	2.526858e+01	3.931322e-02	2.000000e-01	3.909805e-02	1.089725e+00	8.302049e-01	7.509461e-02	1.032848e+00	8.937839e+00
31	-9.734549e-01	2.854720e+00	-9.736788e-01	2.598276e+01	5.717928e-02	2.000000e-01	5.710865e-02	7.141737e-01	8.300618e-01	7.459426e-02	1.002742e+00	8.832535e+00
32	-8.399391e-01	3.054720e+00	-8.404615e-01	2.758113e+01	1.335157e-01	2.000000e-01	1.332173e-01	1.598374e+00	8.305224e-01	7.528417e-02	9.841263e-01	8.804650e+00
33	-7.256170e-01	3.133921e+00	-7.260656e-01	2.882632e+01	1.143221e-01	7.920089e-02	1.143960e-01	1.245185e+00	8.312477e-01	7.578667e-02	1.007540e+00	8.820871e+00
34	-6.313731e-01	3.049406e+00	-6.317430e-01	2.815798e+01	9.424383e-02	-8.451461e-02	9.432255e-02	-6.683330e-01	8.322420e-01	7.489507e-02	1.006750e+00	8.821579e+00
35	-4.559751e-01	3.102252e+00	-4.566617e-01	2.984576e+01	1.753980e-01	5.284541e-02	1.750813e-01	1.687778e+00	8.343027e-01	7.551595e-02	1.092378e+00	8.847378e+00
36	-2.153379e-01	2.902831e+00	-2.162805e-01	2.758811e+01	2.406372e-01	-1.994210e-01	2.403812e-01	-2.257651e+00	8.402614e-01	7.057790e-02	1.009971e+00	8.915670e+00
37	-3.722114e-02	3.102831e+00	-3.792059e-02	2.818225e+01	1.781167e-01	2.000000e-01	1.783599e-01	5.941379e-01	8.414522e-01	7.191503e-02	8.981648e-01	8.790128e+00
38	-8.367910e-02	3.302831e+00	-8.350036e-02	2.922460e+01	-4.645796e-02	2.000000e-01	-4.557976e-02	1.042352e+00	8.419032e-01	6.997325e-02	9.127301e-01	8.727425e+00
39	-1.248683e-01	3.445875e+00	-1.247067e-01	3.000787e+01	-4.118920e-02	1.430446e-01	-4.120636e-02	7.832731e-01	8.422233e-01	6.886185e-02	9.210033e-01	8.698693e+00
40	-1.422165e-01	3.503665e+00	-1.421481e-01	3.053094e+01	-1.734823e-02	5.779000e-02	-1.744142e-02	5.230642e-01	8.422793e-01	6.867525e-02	9.207044e-01	8.699689e+00
41	-3.140094e-01	3.470006e+00	-3.133381e-01	3.019863e+01	-1.717929e-01	-3.365957e-02	-1.711899e-01	-3.323051e-01	8.442227e-01	6.905603e-02	9.111650e-01	8.697820e+00
42	-5.828778e-01	3.493649e+00	-5.818249e-01	3.101575e+01	-2.688684e-01	2.364363e-02	-2.684869e-01	8.171217e-01	8.495379e-01	6.858862e-02	8.056288e-01	8.707101e+00
43	-7.645028e-01	3.360908e+00	-7.637893e-01	3.186367e+01	-1.816250e-01	-1.327409e-01	-1.819643e-01	8.479166e-01	8.510998e-01	6.973013e-02	6.247196e-01	8.574883e+00
44	-7.312559e-01	3.160908e+00	-7.313830e-01	2.957866e+01	3.324696e-02	-2.000000e-01	3.240629e-02	-2.285013e+00	8.513792e-01	6.804937e-02	6.155773e-01	8.629879e+00
45	-7.087740e-01	3.340424e+00	-7.088623e-01	3.147670e+01	2.248189e-02	1.795156e-01	2.252066e-02	1.898043e+00	8.512864e-01	6.730807e-02	6.190972e-01	8.657985e+00
46	-7.496716e-01	3.193395e+00	-7.495122e-01	3.037104e+01	-4.089761e-02	-1.470287e-01	-4.064988e-02	-1.105659e+00	8.512084e-01	6.702766e-02	6.153981e-01	8.644687e+00
47	-6.304371e-01	3.198152e+00	-6.309023e-01	3.168133e+01	1.192345e-01	4.756622e-03	1.186099e-01	1.310292e+00	8.521530e-01	6.706534e-02	6.826449e-01	8.647370e+00
48	-3.350327e-01	2.998152e+00	-3.361884e-01	3.046301e+01	2.954045e-01	-2.000000e-01	2.947139e-01	-1.218320e+00	8.595931e-01	6.202814e-02	7.234747e-01	8.619726e+00
49	2.078621e-01	2.938682e+00	2.057369e-01	2.936623e+01	5.428948e-01	-5.947037e-02	5.419254e-01	-1.096781e+00	8.773091e-01	6.008748e-02	5.042433e-01	8.643742e+00
50	4.505522e-01	3.102363e+00	4.495959e-01	3.233439e+01	2.426901e-01	1.636811e-01	2.438590e-01	2.968159e+00	8.796426e-01	6.166128e-02	6.624248e-01	8.750426e+00
51	7.537449e-02	2.902363e+00	7.683629e-02	3.083936e+01	-3.751777e-01	-2.000000e-01	-3.727596e-01	-1.495035e+00	8.846119e-01	6.431035e-02	5.801211e-01	8.706552e+00
52	-1.891721e-01	2.793418e+00	-1.881330e-01	2.982062e+01	-2.645466e-01	-1.089448e-01	-2.649693e-01	-1.018734e+00	8.875022e-01	6.550060e-02	5.700689e-01	8.702412e+00
53	-1.912276e-01	2.797857e+00	-1.912155e-01	2.996630e+01	-2.055530e-03	4.438737e-03	-3.082537e-03	1.456769e-01	8.875037e-01	6.549733e-02	5.699633e-01	8.702640e+00
54	-4.518925e-01	2.737786e+00	-4.508742e-01	2.983820e+01	-2.606648e-01	-6.007086e-02	-2.596586e-01	-1.281064e-01	8.904184e-01	6.616904e-02	5.050251e-01	8.687675e+00
55	-8.073286e-01	2.632825e+00	-8.059362e-01	3.003654e+01	-3.554361e-01	-1.049608e-01	-3.550620e-01	1.983450e-01	8.954154e-01	6.764466e-02	3.012726e-01	8.627507e+00
56	-8.120090e-01	2.432825e+00	-8.119853e-01	2.810012e+01	-4.680442e-03	-2.000000e-01	-6.049120e-03	-1.936421e+00	8.953900e-01	6.655769e-02	3.017293e-01	8.647020e+00
57	-6.277556e-01	2.513101e+00	-6.284752e-01	2.907714e+01	1.842535e-01	8.027641e-02	1.835101e-01	9.770228e-01	8.965214e-01	6.705062e-02	3.212268e-01	8.655514e+00
58	-6.479904e-01	2.398022e+00	-6.479142e-01	2.677484e+01	-2.023485e-02	-1.150798e-01	-1.943897e-02	-2.302302e+00	8.964601e-01	6.670217e-02	3.336345e-01	8.726079e+00
59	-6.085714e-01	2.598022e+00	-6.087251e-01	3.064392e+01	3.941901e-02	2.000000e-01	3.918910e-02	3.869084e+00	8.962860e-01	6.581907e-02	3.723512e-01	8.922516e+00
60	-1.981562e-01	2.398022e+00	-1.997600e-01	2.877990e+01	4.104152e-01	-2.000000e-01	4.089651e-01	-1.864020e+00	9.058689e-01	6.114921e-02	3.313331e-01	8.942505e+00
61	3.936889e-01	2.251198e+00	3.913707e-01	2.691334e+01	5.918451e-01	-1.468232e-01	5.911307e-01	-1.866561e+00	9.210344e-01	5.738701e-02	1.536158e-01	8.986592e+00
62	4.491236e-01	2.293810e+00	4.488980e-01	2.707093e+01	5.543467e-02	4.261169e-02	5.752724e-02	1.575857e-01	9.211401e-01	5.746827e-02	1.474728e-01	8.981870e+00
63	9.186882e-02	2.225980e+00	9.326347e-02	2.520170e+01	-3.572547e-01	-6.783038e-02	-3.556345e-01	-1.869233e+00	9.247461e-01	5.815293e-02	3.396420e-01	9.018357e+00
64	1.665824e-02	2.417325e+00	1.695748e-02	2.664468e+01	-7.521058e-02	1.913452e-01	-7.630599e-02	1.442985e+00	9.253717e-01	5.656124e-02	3.486364e-01	8.995474e+00
65	5.949190e-02	2.288554e+00	5.932575e-02	2.520033e+01	4.283366e-02	-1.287707e-01	4.236827e-02	-1.444346e+00	9.255736e-01	5.595427e-02	3.425696e-01	9.013712e+00
66	-1.806620e-01	2.264461e+00	-1.797246e-01	2.591330e+01	-2.401539e-01	-2.409356e-02	-2.390503e-01	7.129677e-01	9.272831e-01	5.612577e-02	2.303496e-01	9.002454e+00
67	-4.886902e-01	2.064461e+00	-4.874834e-01	2.323862e+01	-3.080282e-01	-2.000000e-01	-3.077588e-01	-2.674687e+00	9.287777e-01	5.709623e-02	3.404495e-01	9.073941e+00
68	-5.662285e-01	2.188556e+00	-5.659209e-01	2.519428e+01	-7.753827e-02	1.240949e-01	-7.843757e-02	1.955661e+00	9.292699e-01	5.630849e-02	3.092553e-01	9.123865e+00
69	-4.985980e-01	1.988556e+00	-4.988610e-01	2.301164e+01	6.763047e-02	-2.000000e-01	6.705990e-02	-2.182638e+00	9.297562e-01	5.487045e-02	2.973524e-01	9.159065e+00
70	-5.818685e-01	1.954524e+00	-5.815443e-01	2.237029e+01	-8.327047e-02	-3.403128e-02	-8.268325e-02	-6.413502e-01	9.298899e-01	5.492510e-02	3.093635e-01	9.163973e+00
71	-7.314691e-01	1.902910e+00	-7.308834e-01	2.223022e+01	-1.496006e-01	-5.161394e-02	-1.493392e-01	-1.400716e-01	9.304087e-01	5.510409e-02	2.827508e-01	9.154792e+00
72	-7.364464e-01	1.722038e+00	-7.364247e-01	1.955433e+01	-4.977309e-03	-1.808720e-01	-5.541223e-03	-2.675888e+00	9.303877e-01	5.433854e-02	2.851203e-01	9.240897e+00
73	-6.769190e-01	1.898896e+00	-6.771515e-01	2.254096e+01	5.952735e-02	1.768581e-01	5.927318e-02	2.986630e+00	9.302287e-01	5.386619e-02	3.222312e-01	9.351155e+00
74	-7.188936e-01	1.698896e+00	-7.187305e-01	2.109714e+01	-4.197453e-02	-2.000000e-01	-4.157903e-02	-1.443820e+00	9.300678e-01	5.309939e-02	3.136393e-01	9.310216e+00
75	-8.216312e-01	1.498896e+00	-8.212293e-01	1.916178e+01	-1.027376e-01	-2.000000e-01	-1.024987e-01	-1.935355e+00	9.298929e-01	5.275896e-02	3.155950e-01	9.314024e+00
76	-8.229504e-01	1.392021e+00	-8.229437e-01	1.771161e+01	-1.319178e-03	-1.068750e-01	-1.714410e-03	-1.450175e+00	9.298897e-01	5.249896e-02	3.158780e-01	9.336956e+00
77	-8.022832e-01	1.385470e+00	-8.023639e-01	1.686040e+01	2.066717e-02	-6.551452e-03	2.057974e-02	-8.512068e-01	9.299064e-01	5.249365e-02	3.080601e-01	9.339435e+00
78	-8.601928e-01	1.413471e+00	-8.599669e-01	1.800685e+01	-5.790956e-02	2.800111e-02	-5.760296e-02	1.146448e+00	9.300498e-01	5.242433e-02	2.832787e-01	9.351417e+00
79	-9.303216e-01	1.213471e+00	-9.300468e-01	1.659257e+01	-7.012883e-02	-2.000000e-01	-7.007990e-02	-1.414283e+00	9.298664e-01	5.190139e-02	2.677753e-01	9.307203e+00
80	-9.721100e-01	1.013471e+00	-9.719457e-01	1.656830e+01	-4.178836e-02	-2.000000e-01	-4.189888e-02	-2.426849e-02	9.297237e-01	5.121844e-02	2.318364e-01	9.135199e+00
81	-1.034188e+00	8.134711e-01	-1.033945e+00	1.576773e+01	-6.207788e-02	-2.000000e-01	-6.199906e-02	-8.005644e-01	9.295517e-01	5.066440e-02	2.018029e-01	9.038438e+00
82	-1.128475e+00	6.134711e-01	-1.128105e+00	1.489902e+01	-9.428672e-02	-2.000000e-01	-9.416059e-02	-8.687108e-01	9.293936e-01	5.032902e-02	1.599213e-01	8.949599e+00
83	-1.218394e+00	4.134711e-01	-1.218042e+00	1.214143e+01	-8.991991e-02	-2.000000e-01	-8.993648e-02	-2.757589e+00	9.292393e-01	4.998574e-02	1.996822e-01	9.038036e+00
84	-1.304809e+00	4.426545e-01	-1.304470e+00	1.172763e+01	-8.641471e-02	2.918344e-02	-8.642847e-02	-4.138035e-01	9.295494e-01	4.988100e-02	2.266737e-01	9.028920e+00
85	-1.342210e+00	3.656942e-01	-1.342062e+00	1.115490e+01	-3.740046e-02	-7.696036e-02	-3.759198e-02	-5.727335e-01	9.295315e-01	4.984412e-02	2.243617e-01	9.024163e+00
86	-1.365412e+00	1.676170e-01	-1.365321e+00	7.963880e+00	-2.320270e-02	-1.980771e-01	-2.325891e-02	-3.191015e+00	9.294431e-01	4.908934e-02	2.394726e-01	9.153162e+00
87	-1.402578e+00	3.676170e-01	-1.402432e+00	8.147250e+00	-3.716533e-02	2.000000e-01	-3.711101e-02	1.833698e-01	9.296573e-01	4.793654e-02	2.678092e-01	9.000672e+00
88	-1.414494e+00	4.705972e-01	-1.414447e+00	8.187024e+00	-1.191668e-02	1.029802e-01	-1.201510e-02	3.977415e-02	9.296904e-01	4.765079e-02	2.727859e-01	8.957666e+00
89	-1.428921e+00	3.955710e-01	-1.428864e+00	9.168637e+00	-1.442660e-02	-7.502622e-02	-1.441718e-02	9.816127e-01	9.296728e-01	4.755946e-02	2.614599e-01	8.898765e+00
