#sequence delta(k-1),f(k-1),theta(k),v(k),delta_diff(k-1),f_diff(k-1),theta_diff(k),v_diff(k),phi(1,1;k),phi(1,2;k),phi(2,1;k),phi(2,2;k)
1	2.175218e+00	0.000000e+00	2.174979e+00	0.000000e+00	2.175218e+00	0.000000e+00	6.104016e-02	-6.057879e-03	3.509901e-01	1.000000e-01	1.000000e+00	1.200000e+01
2	3.095150e+00	2.000000e-01	3.091556e+00	2.490637e+00	9.199319e-01	2.000000e-01	9.165769e-01	2.490637e+00	5.246977e-01	1.377653e-01	7.488977e-01	1.194541e+01
3	2.636931e+00	2.160567e-01	2.638707e+00	2.299333e+00	-4.582186e-01	1.605666e-02	-4.528484e-01	-1.913042e-01	5.669703e-01	1.362840e-01	7.567657e-01	1.194513e+01
4	2.206949e+00	3.341536e-01	2.208636e+00	3.127640e+00	-4.299824e-01	1.180969e-01	-4.300717e-01	8.283076e-01	6.045669e-01	1.259579e-01	8.045056e-01	1.193202e+01
5	2.179169e+00	4.638540e-01	2.179284e+00	2.706336e+00	-2.777973e-02	1.297005e-01	-2.935118e-02	-4.213042e-01	6.049448e-01	1.241934e-01	8.299670e-01	1.181314e+01
6	2.294038e+00	6.638540e-01	2.293590e+00	4.718620e+00	1.148689e-01	2.000000e-01	1.143055e-01	2.012283e+00	6.060066e-01	1.260421e-01	8.062793e-01	1.177190e+01
7	2.243938e+00	6.923908e-01	2.244132e+00	5.632721e+00	-5.010003e-02	2.853680e-02	-4.945782e-02	9.141015e-01	6.065457e-01	1.257350e-01	7.915835e-01	1.178027e+01
8	2.160309e+00	6.929551e-01	2.160637e+00	6.335633e+00	-8.362871e-02	5.642098e-04	-8.349523e-02	7.029115e-01	6.078458e-01	1.257262e-01	7.614012e-01	1.178048e+01
9	2.146088e+00	6.953500e-01	2.146145e+00	5.956613e+00	-1.422132e-02	2.394921e-03	-1.449192e-02	-3.790195e-01	6.078873e-01	1.257192e-01	7.640787e-01	1.178002e+01
10	2.172656e+00	8.953500e-01	2.172552e+00	9.738588e+00	2.656770e-02	2.000000e-01	2.640731e-02	3.781975e+00	6.077032e-01	1.243332e-01	7.814639e-01	1.191090e+01
11	2.171637e+00	6.953500e-01	2.171641e+00	7.148149e+00	-1.018878e-03	-2.000000e-01	-9.117447e-04	-2.590439e+00	6.076915e-01	1.220444e-01	7.815624e-01	1.193022e+01
12	2.147246e+00	8.953500e-01	2.147341e+00	9.059184e+00	-2.439092e-02	2.000000e-01	-2.429920e-02	1.911035e+00	6.080763e-01	1.188893e-01	7.867397e-01	1.188777e+01
13	2.138819e+00	9.647235e-01	2.138852e+00	1.003041e+01	-8.427230e-03	6.937356e-02	-8.489230e-03	9.712299e-01	6.081227e-01	1.185076e-01	7.861281e-01	1.189280e+01
14	2.131690e+00	9.734186e-01	2.131718e+00	1.044030e+01	-7.128554e-03	8.695060e-03	-7.133869e-03	4.098812e-01	6.081356e-01	1.184918e-01	7.850715e-01	1.189409e+01
15	2.103025e+00	9.935551e-01	2.103137e+00	9.433804e+00	-2.866497e-02	2.013655e-02	-2.858086e-02	-1.006491e+00	6.083198e-01	1.183624e-01	8.017202e-01	1.188240e+01
16	2.088622e+00	1.193555e+00	2.088679e+00	1.188151e+01	-1.440325e-02	2.000000e-01	-1.445863e-02	2.447702e+00	6.085168e-01	1.156273e-01	8.011651e-01	1.189011e+01
17	2.090357e+00	1.182511e+00	2.090350e+00	1.157028e+01	1.734580e-03	-1.104404e-02	1.671325e-03	-3.112283e-01	6.085183e-01	1.156174e-01	8.010157e-01	1.189106e+01
18	2.092391e+00	1.299866e+00	2.092383e+00	1.264550e+01	2.034331e-03	1.173548e-01	2.032913e-03	1.075225e+00	6.085061e-01	1.149102e-01	8.007068e-01	1.187324e+01
19	2.092928e+00	1.366319e+00	2.092926e+00	1.343615e+01	5.375044e-04	6.645349e-02	5.433458e-04	7.906488e-01	6.085042e-01	1.146765e-01	8.007071e-01	1.187327e+01
20	2.102158e+00	1.388022e+00	2.102122e+00	1.296580e+01	9.229190e-03	2.170254e-02	9.195261e-03	-4.703501e-01	6.085090e-01	1.146878e-01	7.974840e-01	1.186570e+01
21	2.124916e+00	1.569095e+00	2.124827e+00	1.432253e+01	2.275855e-02	1.810731e-01	2.270557e-02	1.356724e+00	6.083823e-01	1.136801e-01	7.888712e-01	1.179717e+01
22	2.155002e+00	1.655193e+00	2.154884e+00	1.361247e+01	3.008577e-02	8.609789e-02	3.005694e-02	-7.100577e-01	6.084103e-01	1.137602e-01	7.639731e-01	1.172592e+01
23	2.170146e+00	1.855193e+00	2.170086e+00	1.723602e+01	1.514355e-02	2.000000e-01	1.520180e-02	3.623551e+00	6.082921e-01	1.121991e-01	7.729057e-01	1.184389e+01
24	2.198889e+00	1.655193e+00	2.198776e+00	1.537651e+01	2.874325e-02	-2.000000e-01	2.869036e-02	-1.859511e+00	6.087423e-01	1.090666e-01	7.794224e-01	1.179855e+01
25	2.227347e+00	1.724140e+00	2.227236e+00	1.686804e+01	2.845858e-02	6.894742e-02	2.845949e-02	1.491537e+00	6.087910e-01	1.091847e-01	7.882639e-01	1.181997e+01
26	2.249074e+00	1.614753e+00	2.248988e+00	1.517921e+01	2.172622e-02	-1.093877e-01	2.175252e-02	-1.688830e+00	6.090010e-01	1.081277e-01	7.840281e-01	1.184129e+01
27	2.269694e+00	1.814753e+00	2.269613e+00	1.656293e+01	2.062082e-02	2.000000e-01	2.062524e-02	1.383717e+00	6.088708e-01	1.068652e-01	7.744205e-01	1.174811e+01
28	2.287893e+00	1.942417e+00	2.287822e+00	1.854721e+01	1.819879e-02	1.276646e-01	1.820827e-02	1.984281e+00	6.088149e-01	1.064734e-01	7.784530e-01	1.177640e+01
29	2.302285e+00	1.795634e+00	2.302228e+00	1.672107e+01	1.439172e-02	-1.467831e-01	1.440663e-02	-1.826143e+00	6.089588e-01	1.050061e-01	7.777175e-01	1.178390e+01
30	2.318537e+00	1.965983e+00	2.318473e+00	1.906228e+01	1.625183e-02	1.703492e-01	1.624462e-02	2.341212e+00	6.088710e-01	1.040858e-01	7.801612e-01	1.180951e+01
31	2.329940e+00	1.841777e+00	2.329895e+00	1.721475e+01	1.140354e-02	-1.242059e-01	1.142245e-02	-1.847536e+00	6.089646e-01	1.030668e-01	7.780670e-01	1.183232e+01
32	2.341724e+00	2.041777e+00	2.341678e+00	1.988717e+01	1.178412e-02	2.000000e-01	1.178271e-02	2.672423e+00	6.088767e-01	1.015760e-01	7.796956e-01	1.185996e+01
33	2.362584e+00	1.898295e+00	2.362503e+00	1.760912e+01	2.085995e-02	-1.434824e-01	2.082449e-02	-2.278047e+00	6.090993e-01	1.000452e-01	7.738848e-01	1.189993e+01
34	2.389620e+00	2.098295e+00	2.389514e+00	1.813990e+01	2.703572e-02	2.000000e-01	2.701146e-02	5.307739e-01	6.089802e-01	9.916396e-02	7.503479e-01	1.172582e+01
35	2.412319e+00	2.298295e+00	2.412230e+00	2.126794e+01	2.269885e-02	2.000000e-01	2.271570e-02	3.128048e+00	6.088645e-01	9.814528e-02	7.584413e-01	1.179713e+01
36	2.434619e+00	2.098295e+00	2.434531e+00	1.926182e+01	2.229975e-02	-2.000000e-01	2.230138e-02	-2.006124e+00	6.091589e-01	9.550521e-02	7.619338e-01	1.176581e+01
37	2.475198e+00	2.198741e+00	2.475039e+00	2.024245e+01	4.057954e-02	1.004462e-01	4.050814e-02	9.806278e-01	6.092776e-01	9.579909e-02	7.574856e-01	1.175479e+01
38	2.529859e+00	2.216381e+00	2.529645e+00	1.955528e+01	5.466086e-02	1.763982e-02	5.460557e-02	-6.871688e-01	6.097860e-01	9.596315e-02	7.332254e-01	1.174697e+01
39	2.590611e+00	2.410339e+00	2.590373e+00	2.225581e+01	6.075228e-02	1.939577e-01	6.072827e-02	2.700531e+00	6.099293e-01	9.642075e-02	7.439005e-01	1.178105e+01
40	2.662635e+00	2.210339e+00	2.662353e+00	1.859832e+01	7.202391e-02	-2.000000e-01	7.197978e-02	-3.657485e+00	6.115129e-01	9.202334e-02	6.985733e-01	1.190691e+01
41	2.774344e+00	2.410339e+00	2.773906e+00	2.050907e+01	1.117083e-01	2.000000e-01	1.115531e-01	1.910744e+00	6.127971e-01	9.432256e-02	6.702041e-01	1.185612e+01
42	2.834948e+00	2.472703e+00	2.834710e+00	2.108736e+01	6.060474e-02	6.236409e-02	6.080376e-02	5.782915e-01	6.133071e-01	9.484736e-02	6.644190e-01	1.185017e+01
43	2.932364e+00	2.506596e+00	2.931983e+00	2.213161e+01	9.741616e-02	3.389275e-02	9.727314e-02	1.044247e+00	6.148865e-01	9.539683e-02	6.910179e-01	1.185942e+01
44	3.044086e+00	2.379318e+00	3.043648e+00	2.003207e+01	1.117214e-01	-1.272772e-01	1.116650e-01	-2.099542e+00	6.177697e-01	9.211212e-02	6.561060e-01	1.189920e+01
45	3.111944e+00	2.579318e+00	3.111677e+00	2.190618e+01	6.785803e-02	2.000000e-01	6.802915e-02	1.874118e+00	6.180121e-01	9.282637e-02	6.387572e-01	1.184806e+01
46	3.126784e+00	2.567786e+00	3.126725e+00	2.142396e+01	1.484040e-02	-1.153256e-02	1.504817e-02	-4.822210e-01	6.180610e-01	9.278832e-02	6.362547e-01	1.185001e+01
47	-3.138971e+00	2.666022e+00	-3.139040e+00	2.238435e+01	-6.265756e+00	9.823622e-02	-6.265765e+00	9.603853e-01	9.645502e-01	8.735597e-02	9.062936e-02	1.185856e+01
48	1.581773e+00	2.629226e+00	1.587876e+00	2.221436e+01	4.720744e+00	-3.679584e-02	4.726916e+00	-1.699897e-01	9.971854e-01	8.710159e-02	6.081072e-02	1.185880e+01
49	-1.804250e+00	2.610793e+00	-1.791000e+00	2.235228e+01	-3.386023e+00	-1.843303e-02	-3.378876e+00	1.379174e-01	9.973711e-01	8.710260e-02	-7.354313e-02	1.185806e+01
50	2.324176e+00	2.569104e+00	2.332645e+00	2.219637e+01	4.128426e+00	-4.168911e-02	4.123644e+00	-1.559021e-01	9.993692e-01	8.708243e-02	5.867567e-02	1.185673e+01
51	-1.642077e+00	2.558489e+00	-1.651095e+00	2.188634e+01	-3.966253e+00	-1.061541e-02	-3.983739e+00	-3.100321e-01	1.003420e+00	8.709327e-02	4.835772e-02	1.185670e+01
52	1.993574e+00	2.630741e+00	2.003880e+00	2.326135e+01	3.635651e+00	7.225206e-02	3.654975e+00	1.375008e+00	1.003556e+00	8.709596e-02	1.260705e-01	1.185825e+01
53	-2.044519e+00	2.463043e+00	-2.028705e+00	2.203010e+01	-4.038093e+00	-1.676974e-01	-4.032585e+00	-1.231247e+00	9.963431e-01	8.679643e-02	-1.389124e-01	1.184724e+01
54	1.790068e+00	2.476406e+00	1.775151e+00	2.342045e+01	3.834587e+00	1.336296e-02	3.803856e+00	1.390352e+00	9.924464e-01	8.678285e-02	2.459353e-01	1.184858e+01
55	-1.967821e+00	2.276406e+00	-1.953200e+00	2.262759e+01	-3.757889e+00	-2.000000e-01	-3.728351e+00	-7.928639e-01	9.883579e-01	8.656525e-02	-3.065263e-01	1.181918e+01
56	1.920233e+00	2.149497e+00	1.929646e+00	1.984369e+01	3.888054e+00	-1.269090e-01	3.882846e+00	-2.783897e+00	9.993621e-01	8.620607e-02	-3.263918e-01	1.181983e+01
57	-1.937934e+00	2.349497e+00	-1.947370e+00	2.166830e+01	-3.858167e+00	2.000000e-01	-3.877016e+00	1.824605e+00	1.007711e+00	8.577330e-02	6.310814e-02	1.179964e+01
58	1.876667e+00	2.407801e+00	1.886273e+00	2.176553e+01	3.814601e+00	5.830369e-02	3.833643e+00	9.723687e-02	1.004346e+00	8.572187e-02	-1.189017e-01	1.179686e+01
59	-1.947526e+00	2.509207e+00	-1.932550e+00	2.182699e+01	-3.824193e+00	1.014056e-01	-3.818823e+00	6.145804e-02	1.001442e+00	8.579887e-02	2.282437e-01	1.178765e+01
60	1.855707e+00	2.646905e+00	1.865452e+00	2.434099e+01	3.803232e+00	1.376988e-01	3.798002e+00	2.513999e+00	9.965039e-01	8.562008e-02	2.332391e-01	1.178783e+01
61	-1.965171e+00	2.446905e+00	-1.974752e+00	2.166862e+01	-3.820878e+00	-2.000000e-01	-3.840204e+00	-2.672369e+00	9.998984e-01	8.579777e-02	1.075023e-01	1.178125e+01
62	1.993187e+00	2.597226e+00	2.002231e+00	2.405975e+01	3.958358e+00	1.503206e-01	3.976983e+00	2.391122e+00	1.001201e+00	8.584724e-02	1.488720e-01	1.178282e+01
63	-1.856697e+00	2.397226e+00	-1.866167e+00	2.289099e+01	-3.849884e+00	-2.000000e-01	-3.868398e+00	-1.168760e+00	1.000490e+00	8.581028e-02	-2.330880e-01	1.176298e+01
64	1.951402e+00	2.242224e+00	1.936490e+00	2.134710e+01	3.808099e+00	-1.550020e-01	3.802657e+00	-1.543890e+00	1.001802e+00	8.575688e-02	2.238831e-02	1.175258e+01
65	-1.939572e+00	2.307754e+00	-1.948975e+00	2.166395e+01	-3.890975e+00	6.552998e-02	-3.885465e+00	3.168521e-01	1.000314e+00	8.578193e-02	1.013411e-01	1.175125e+01
66	1.949476e+00	2.340795e+00	1.958792e+00	2.300452e+01	3.889049e+00	3.304139e-02	3.907767e+00	1.340568e+00	1.003477e+00	8.580881e-02	2.217567e-01	1.175227e+01
67	-2.000570e+00	2.140795e+00	-2.009647e+00	2.080139e+01	-3.950046e+00	-2.000000e-01	-3.968439e+00	-2.203128e+00	1.000818e+00	8.567415e-02	4.111349e-03	1.174125e+01
68	1.895935e+00	2.246410e+00	1.880679e+00	2.342647e+01	3.896505e+00	1.056143e-01	3.890326e+00	2.625084e+00	9.968535e-01	8.556670e-02	2.988480e-01	1.174924e+01
69	-1.808292e+00	2.046410e+00	-1.818426e+00	2.135200e+01	-3.704227e+00	-2.000000e-01	-3.699105e+00	-2.074474e+00	9.944912e-01	8.543915e-02	-9.794086e-03	1.173258e+01
70	1.945285e+00	2.054208e+00	1.955127e+00	2.042914e+01	3.753577e+00	7.798523e-03	3.773553e+00	-9.228587e-01	1.003353e+00	8.545757e-02	-2.264582e-01	1.173213e+01
71	-1.828036e+00	2.208045e+00	-1.813258e+00	2.169852e+01	-3.773321e+00	1.538371e-01	-3.768385e+00	1.269381e+00	1.002374e+00	8.549750e-02	7.993848e-02	1.171964e+01
72	2.035983e+00	2.127590e+00	2.045491e+00	2.082212e+01	3.864019e+00	-8.045509e-02	3.858749e+00	-8.764027e-01	1.000734e+00	8.553164e-02	2.740646e-02	1.172073e+01
73	-1.823267e+00	2.114628e+00	-1.808155e+00	2.002340e+01	-3.859250e+00	-1.296194e-02	-3.853645e+00	-7.987168e-01	9.986624e-01	8.552468e-02	1.448183e-01	1.172112e+01
74	1.972002e+00	2.213585e+00	1.981780e+00	2.201683e+01	3.795269e+00	9.895687e-02	3.789934e+00	1.993425e+00	9.967466e-01	8.547473e-02	2.071838e-01	1.172275e+01
75	-2.033009e+00	2.013585e+00	-2.017326e+00	1.823920e+01	-4.005011e+00	-2.000000e-01	-3.999105e+00	-3.777628e+00	9.946484e-01	8.536995e-02	3.341426e-01	1.172909e+01
76	1.945423e+00	2.213585e+00	1.954488e+00	2.030976e+01	3.978432e+00	2.000000e-01	3.971814e+00	2.070559e+00	9.941404e-01	8.534441e-02	-5.275049e-03	1.171203e+01
77	-1.980377e+00	2.113101e+00	-1.989550e+00	1.899274e+01	-3.925800e+00	-1.004840e-01	-3.944037e+00	-1.317018e+00	1.001133e+00	8.552339e-02	2.915909e-02	1.171291e+01
78	1.967918e+00	2.186940e+00	1.977003e+00	2.003264e+01	3.948295e+00	7.383939e-02	3.966553e+00	1.039903e+00	1.002725e+00	8.555317e-02	4.192890e-02	1.171315e+01
79	-1.991135e+00	2.052050e+00	-1.975635e+00	1.743686e+01	-3.959054e+00	-1.348906e-01	-3.952638e+00	-2.595780e+00	9.966145e-01	8.534496e-02	2.225801e-01	1.171930e+01
80	1.959485e+00	2.252050e+00	1.968657e+00	1.992884e+01	3.950620e+00	2.000000e-01	3.944291e+00	2.491983e+00	9.944830e-01	8.523706e-02	6.707356e-02	1.171143e+01
81	-1.970310e+00	2.052050e+00	-1.979468e+00	1.780429e+01	-3.929795e+00	-2.000000e-01	-3.948124e+00	-2.124550e+00	9.993863e-01	8.548660e-02	-3.570573e-02	1.170620e+01
82	1.951898e+00	2.120985e+00	1.936541e+00	1.873783e+01	3.922208e+00	6.893535e-02	3.916009e+00	9.335387e-01	9.973108e-01	8.545013e-02	2.142559e-02	1.170720e+01
83	-1.936016e+00	2.002456e+00	-1.945432e+00	1.789946e+01	-3.887914e+00	-1.185290e-01	-3.881973e+00	-8.383735e-01	9.961005e-01	8.541323e-02	-1.149680e-01	1.170304e+01
84	1.960176e+00	1.942214e+00	1.969463e+00	1.801054e+01	3.896192e+00	-6.024210e-02	3.914895e+00	1.110769e-01	1.004510e+00	8.528320e-02	1.573013e-01	1.169884e+01
85	-1.899262e+00	1.793368e+00	-1.908694e+00	1.671800e+01	-3.859438e+00	-1.488459e-01	-3.878157e+00	-1.292534e+00	1.002043e+00	8.518806e-02	-7.153768e-02	1.169001e+01
86	1.893288e+00	1.800273e+00	1.878436e+00	1.680309e+01	3.792550e+00	6.905116e-03	3.787130e+00	8.508344e-02	9.990179e-01	8.518255e-02	-1.091396e-02	1.169012e+01
87	-1.838598e+00	1.768695e+00	-1.848622e+00	1.464851e+01	-3.731886e+00	-3.157818e-02	-3.727059e+00	-2.154579e+00	9.981604e-01	8.517530e-02	3.955569e-01	1.169356e+01
88	1.967928e+00	1.968695e+00	1.953019e+00	1.766506e+01	3.806526e+00	2.000000e-01	3.801642e+00	3.016556e+00	9.948970e-01	8.500383e-02	2.144469e-01	1.168404e+01
89	-1.820252e+00	1.768695e+00	-1.830057e+00	1.491666e+01	-3.788180e+00	-2.000000e-01	-3.783076e+00	-2.748406e+00	9.942880e-01	8.497168e-02	1.264519e-01	1.167940e+01
90	2.100149e+00	1.918590e+00	2.084797e+00	1.808267e+01	3.920401e+00	1.498947e-01	3.914853e+00	3.166015e+00	9.951678e-01	8.500532e-02	3.233765e-01	1.168693e+01
91	-1.832738e+00	1.718590e+00	-1.841979e+00	1.590276e+01	-3.932887e+00	-2.000000e-01	-3.926775e+00	-2.179915e+00	9.942911e-01	8.496074e-02	1.835958e-02	1.167142e+01
92	2.043667e+00	1.642559e+00	2.053032e+00	1.524972e+01	3.876405e+00	-7.603100e-02	3.895011e+00	-6.530399e-01	1.004495e+00	8.476059e-02	5.364111e-02	1.167072e+01
93	-1.761789e+00	1.542172e+00	-1.746887e+00	1.281162e+01	-3.805456e+00	-1.003869e-01	-3.799920e+00	-2.438097e+00	9.976664e-01	8.458044e-02	2.865298e-01	1.167687e+01
94	2.185183e+00	1.742172e+00	2.194367e+00	1.581587e+01	3.946972e+00	2.000000e-01	3.941255e+00	3.004251e+00	9.948097e-01	8.443569e-02	1.881958e-01	1.167188e+01
95	-1.820269e+00	1.542172e+00	-1.804587e+00	1.254915e+01	-4.005452e+00	-2.000000e-01	-3.998954e+00	-3.266718e+00	9.942635e-01	8.440842e-02	2.257627e-01	1.167376e+01
96	1.966892e+00	1.740240e+00	1.976703e+00	1.428602e+01	3.787161e+00	1.980683e-01	3.781290e+00	1.736870e+00	9.940737e-01	8.439849e-02	-8.836907e-02	1.165733e+01
97	-1.932475e+00	1.578779e+00	-1.917205e+00	1.252084e+01	-3.899367e+00	-1.614612e-01	-3.893908e+00	-1.765183e+00	9.949385e-01	8.443430e-02	-3.944778e-02	1.165936e+01
98	2.020714e+00	1.568612e+00	2.029875e+00	1.275552e+01	3.953189e+00	-1.016715e-02	3.947080e+00	2.346827e-01	9.980827e-01	8.442621e-02	6.902868e-02	1.165908e+01
99	-1.749567e+00	1.423763e+00	-1.759348e+00	1.047318e+01	-3.770281e+00	-1.448490e-01	-3.789223e+00	-2.282346e+00	1.001158e+00	8.454437e-02	1.425529e-01	1.166190e+01
100	1.833409e+00	1.589070e+00	1.843919e+00	1.269467e+01	3.582977e+00	1.653075e-01	3.603267e+00	2.221493e+00	1.001654e+00	8.456723e-02	9.284751e-02	1.165961e+01
101	-1.846448e+00	1.389070e+00	-1.832033e+00	9.556742e+00	-3.679857e+00	-2.000000e-01	-3.675951e+00	-3.137927e+00	9.956173e-01	8.423915e-02	1.970277e-01	1.166527e+01
102	2.117202e+00	1.588647e+00	2.126319e+00	1.305553e+01	3.963650e+00	1.995769e-01	3.958351e+00	3.498789e+00	9.946119e-01	8.418853e-02	2.797011e-01	1.166943e+01
103	-1.767625e+00	1.388647e+00	-1.776958e+00	9.798682e+00	-3.884827e+00	-2.000000e-01	-3.903277e+00	-3.256849e+00	9.994684e-01	8.443855e-02	2.444519e-01	1.166762e+01
104	1.847644e+00	1.488839e+00	1.833485e+00	9.393570e+00	3.615269e+00	1.001916e-01	3.610443e+00	-4.051124e-01	9.968803e-01	8.436683e-02	-3.153259e-01	1.165211e+01
105	-1.811933e+00	1.566220e+00	-1.822237e+00	1.022453e+01	-3.659577e+00	7.738105e-02	-3.655722e+00	8.309570e-01	1.000062e+00	8.429956e-02	-3.882921e-02	1.164626e+01
106	2.128905e+00	1.366220e+00	2.113471e+00	9.358790e+00	3.940838e+00	-2.000000e-01	3.935708e+00	-8.657364e-01	1.002509e+00	8.417534e-02	3.056163e-01	1.162878e+01
107	-1.669038e+00	1.166220e+00	-1.654262e+00	5.996505e+00	-3.797943e+00	-2.000000e-01	-3.767733e+00	-3.362286e+00	9.901113e-01	8.352247e-02	2.784024e-01	1.162735e+01
108	2.043197e+00	1.366220e+00	2.028753e+00	8.761416e+00	3.712234e+00	2.000000e-01	3.683016e+00	2.764911e+00	9.880574e-01	8.341181e-02	1.459808e-01	1.162021e+01
109	-1.878314e+00	1.166220e+00	-1.887596e+00	6.870773e+00	-3.921510e+00	-2.000000e-01	-3.916349e+00	-1.890643e+00	9.934021e-01	8.368440e-02	-6.915470e-02	1.160924e+01
110	2.057957e+00	1.092703e+00	2.067088e+00	6.874524e+00	3.936271e+00	-7.351708e-02	3.954684e+00	3.751604e-03	1.004201e+00	8.348271e-02	1.721929e-01	1.160473e+01
111	-1.702926e+00	8.940786e-01	-1.688200e+00	4.851626e+00	-3.760883e+00	-1.986240e-01	-3.755288e+00	-2.022898e+00	9.958171e-01	8.303992e-02	-3.305009e-02	1.159389e+01
112	1.828353e+00	9.138653e-01	1.839160e+00	5.545183e+00	3.531279e+00	1.978670e-02	3.527359e+00	6.935567e-01	9.979519e-01	8.305188e-02	1.016133e-01	1.159465e+01
113	-1.950920e+00	7.547253e-01	-1.936115e+00	3.768418e+00	-3.779272e+00	-1.591400e-01	-3.775274e+00	-1.776766e+00	9.958661e-01	8.296405e-02	2.009310e-03	1.159045e+01
114	2.164942e+00	7.813411e-01	2.173466e+00	4.890126e+00	4.115862e+00	2.661577e-02	4.109581e+00	1.121708e+00	9.976260e-01	8.297543e-02	1.681781e-01	1.159153e+01
115	-1.522701e+00	5.813411e-01	-1.508262e+00	1.903529e+00	-3.687643e+00	-2.000000e-01	-3.681728e+00	-2.986597e+00	9.945448e-01	8.280832e-02	1.789554e-01	1.159211e+01
116	1.585584e+00	7.512176e-01	1.598043e+00	3.217069e+00	3.108285e+00	1.698765e-01	3.106305e+00	1.313540e+00	9.947745e-01	8.282087e-02	-1.271686e-01	1.157538e+01
117	-1.805017e+00	6.817365e-01	-1.791724e+00	3.297881e+00	-3.390602e+00	-6.948109e-02	-3.389767e+00	8.081203e-02	9.974295e-01	8.287528e-02	-2.354611e-01	1.157316e+01
118	1.795119e+00	4.817365e-01	1.805651e+00	6.412277e-01	3.600136e+00	-2.000000e-01	3.597376e+00	-2.656653e+00	1.002689e+00	8.258309e-02	-1.201712e-01	1.156676e+01
119	-2.052723e+00	5.672440e-01	-2.037651e+00	2.258750e+00	-3.847842e+00	8.550750e-02	-3.843302e+00	1.617522e+00	1.000988e+00	8.262090e-02	-1.562790e-01	1.156756e+01
120	1.836907e+00	3.672440e-01	1.846316e+00	0.000000e+00	3.889630e+00	-2.000000e-01	3.883967e+00	-2.258750e+00	1.002498e+00	8.254323e-02	-1.366825e-02	1.156023e+01
121	-8.941416e-01	3.610861e-01	-8.834367e-01	4.116492e-02	-2.731049e+00	-6.157870e-03	-2.729753e+00	4.116492e-02	1.000132e+00	8.253789e-02	-3.424683e-02	1.156018e+01
122	2.448583e+00	3.169077e-01	2.460111e+00	0.000000e+00	3.342724e+00	-4.417843e-02	3.343547e+00	-4.116492e-02	1.001103e+00	8.252506e-02	1.065130e-01	1.155832e+01
123	-9.871002e-01	2.774948e-01	-9.736346e-01	5.904802e-01	-3.435683e+00	-3.941292e-02	-3.433745e+00	5.904802e-01	9.989800e-01	8.250070e-02	-2.273065e-01	1.155449e+01
124	2.237544e+00	1.304572e-01	2.249544e+00	0.000000e+00	3.224644e+00	-1.470376e-01	3.223178e+00	-5.904802e-01	1.002422e+00	8.234376e-02	2.268911e-01	1.153378e+01
125	-1.911757e+00	4.363432e-02	-1.895502e+00	0.000000e+00	-4.149301e+00	-8.682287e-02	-4.145046e+00	0.000000e+00	9.980229e-01	8.225172e-02	-1.714778e-01	1.152544e+01
126	1.976168e+00	0.000000e+00	1.985588e+00	0.000000e+00	3.887925e+00	-4.363432e-02	3.881090e+00	0.000000e+00	9.989811e-01	8.224096e-02	8.088679e-02	1.152261e+01
127	-1.620561e+00	0.000000e+00	-1.606475e+00	9.300616e-01	-3.596729e+00	0.000000e+00	-3.592062e+00	9.300616e-01	9.987519e-01	8.224096e-02	1.000000e+00	1.200000e+01
128	2.103842e+00	0.000000e+00	2.113892e+00	0.000000e+00	3.724403e+00	0.000000e+00	3.720367e+00	-9.300616e-01	9.988884e-01	8.224096e-02	1.000000e+00	1.200000e+01
129	-1.951291e+00	0.000000e+00	-1.935411e+00	0.000000e+00	-4.055132e+00	0.000000e+00	-4.049303e+00	0.000000e+00	9.986123e-01	8.224096e-02	1.000000e+00	1.200000e+01
130	1.695262e+00	0.000000e+00	1.705623e+00	0.000000e+00	3.646552e+00	0.000000e+00	3.641034e+00	0.000000e+00	9.985086e-01	8.224096e-02	1.000000e+00	1.200000e+01
131	-2.031819e+00	0.000000e+00	-2.017220e+00	0.000000e+00	-3.727081e+00	0.000000e+00	-3.722843e+00	0.000000e+00	9.988028e-01	8.224096e-02	1.000000e+00	1.200000e+01
132	2.077347e+00	0.000000e+00	2.085896e+00	0.000000e+00	4.109166e+00	0.000000e+00	4.103116e+00	0.000000e+00	9.985691e-01	8.224096e-02	1.000000e+00	1.200000e+01
133	-1.596563e+00	0.000000e+00	-1.582178e+00	0.000000e+00	-3.673910e+00	0.000000e+00	-3.668075e+00	0.000000e+00	9.984389e-01	8.224096e-02	1.000000e+00	1.200000e+01
134	1.443870e+00	0.000000e+00	1.456593e+00	0.000000e+00	3.040433e+00	0.000000e+00	3.038771e+00	0.000000e+00	9.992314e-01	8.224096e-02	1.000000e+00	1.200000e+01
135	-1.582049e+00	0.000000e+00	-1.570179e+00	0.000000e+00	-3.025918e+00	0.000000e+00	-3.026772e+00	0.000000e+00	1.000051e+00	8.224096e-02	1.000000e+00	1.200000e+01
136	1.594296e+00	0.000000e+00	1.606479e+00	0.000000e+00	3.176345e+00	0.000000e+00	3.176658e+00	0.000000e+00	1.000089e+00	8.224096e-02	1.000000e+00	1.200000e+01
137	-1.599207e+00	0.000000e+00	-1.586685e+00	0.000000e+00	-3.193504e+00	0.000000e+00	-3.193164e+00	0.000000e+00	9.999337e-01	8.224096e-02	1.000000e+00	1.200000e+01
138	1.594718e+00	0.000000e+00	1.606834e+00	0.000000e+00	3.193925e+00	0.000000e+00	3.193519e+00	0.000000e+00	9.998854e-01	8.224096e-02	1.000000e+00	1.200000e+01
139	-1.671338e+00	0.000000e+00	-1.658533e+00	0.000000e+00	-3.266056e+00	0.000000e+00	-3.265367e+00	0.000000e+00	9.998083e-01	8.224096e-02	1.000000e+00	1.200000e+01
140	1.749282e+00	0.000000e+00	1.760514e+00	0.000000e+00	3.420621e+00	0.000000e+00	3.419047e+00	0.000000e+00	9.995906e-01	8.224096e-02	1.000000e+00	1.200000e+01
141	-1.688602e+00	0.000000e+00	-1.675129e+00	0.000000e+00	-3.437884e+00	0.000000e+00	-3.435643e+00	0.000000e+00	9.993936e-01	8.224096e-02	1.000000e+00	1.200000e+01
142	1.647521e+00	0.000000e+00	1.659086e+00	0.000000e+00	3.336123e+00	0.000000e+00	3.334215e+00	0.000000e+00	9.994212e-01	8.224096e-02	1.000000e+00	1.200000e+01
143	-1.719648e+00	0.000000e+00	-1.706450e+00	0.000000e+00	-3.367169e+00	0.000000e+00	-3.365536e+00	0.000000e+00	9.994968e-01	8.224096e-02	1.000000e+00	1.200000e+01
144	1.711190e+00	0.000000e+00	1.722383e+00	0.000000e+00	3.430838e+00	0.000000e+00	3.428833e+00	0.000000e+00	9.994310e-01	8.224096e-02	1.000000e+00	1.200000e+01
145	-1.549576e+00	0.000000e+00	-1.536795e+00	0.000000e+00	-3.260766e+00	0.000000e+00	-3.259178e+00	0.000000e+00	9.994967e-01	8.224096e-02	1.000000e+00	1.200000e+01
146	1.487461e+00	0.000000e+00	1.500191e+00	0.000000e+00	3.037036e+00	0.000000e+00	3.036985e+00	0.000000e+00	9.998765e-01	8.224096e-02	1.000000e+00	1.200000e+01
147	-1.431464e+00	0.000000e+00	-1.420012e+00	0.000000e+00	-2.918924e+00	0.000000e+00	-2.920203e+00	0.000000e+00	1.000309e+00	8.224096e-02	1.000000e+00	1.200000e+01
148	1.486219e+00	0.000000e+00	1.499410e+00	0.000000e+00	2.917682e+00	0.000000e+00	2.919422e+00	0.000000e+00	1.000530e+00	8.224096e-02	1.000000e+00	1.200000e+01
149	-1.362725e+00	0.000000e+00	-1.351545e+00	3.087400e-01	-2.848943e+00	0.000000e+00	-2.850954e+00	3.087400e-01	1.000664e+00	8.224096e-02	1.000000e+00	1.200000e+01
150	2.363976e+00	0.000000e+00	2.374006e+00	0.000000e+00	3.726701e+00	0.000000e+00	3.725550e+00	-3.087400e-01	9.998563e-01	8.224096e-02	1.000000e+00	1.200000e+01
151	-2.056136e+00	0.000000e+00	-2.038831e+00	0.000000e+00	-4.420112e+00	0.000000e+00	-4.412837e+00	0.000000e+00	9.985617e-01	8.224096e-02	1.000000e+00	1.200000e+01
152	6.061261e-01	0.000000e+00	6.203379e-01	0.000000e+00	2.662262e+00	0.000000e+00	2.659169e+00	0.000000e+00	9.987665e-01	8.224096e-02	1.000000e+00	1.200000e+01
153	-1.098889e+00	0.000000e+00	-1.092174e+00	4.714926e-01	-1.705015e+00	0.000000e+00	-1.712512e+00	4.714926e-01	1.001935e+00	8.224096e-02	1.000000e+00	1.200000e+01
154	2.616605e+00	0.000000e+00	2.626661e+00	0.000000e+00	3.715494e+00	0.000000e+00	3.718835e+00	-4.714926e-01	1.001075e+00	8.224096e-02	1.000000e+00	1.200000e+01
155	3.062289e+00	0.000000e+00	3.085131e+00	0.000000e+00	4.456839e-01	0.000000e+00	4.584697e-01	0.000000e+00	1.003445e+00	8.224096e-02	1.000000e+00	1.200000e+01
156	1.987637e+00	0.000000e+00	2.016468e+00	0.000000e+00	-1.074652e+00	0.000000e+00	-1.068663e+00	0.000000e+00	1.000309e+00	8.224096e-02	1.000000e+00	1.200000e+01
157	2.586042e+00	0.000000e+00	2.608361e+00	0.000000e+00	5.984055e-01	0.000000e+00	5.918935e-01	0.000000e+00	9.986947e-01	8.224096e-02	1.000000e+00	1.200000e+01
158	2.422330e+00	0.000000e+00	2.447601e+00	0.000000e+00	-1.637120e-01	0.000000e+00	-1.607604e-01	0.000000e+00	9.984846e-01	8.224096e-02	1.000000e+00	1.200000e+01
159	2.462688e+00	0.000000e+00	2.487172e+00	0.000000e+00	4.035723e-02	0.000000e+00	3.957161e-02	0.000000e+00	9.984707e-01	8.224096e-02	1.000000e+00	1.200000e+01
160	2.381201e+00	0.000000e+00	2.406159e+00	0.000000e+00	-8.148670e-02	0.000000e+00	-8.101382e-02	0.000000e+00	9.984573e-01	8.224096e-02	1.000000e+00	1.200000e+01
161	2.349744e+00	0.000000e+00	2.374508e+00	0.000000e+00	-3.145668e-02	0.000000e+00	-3.165026e-02	0.000000e+00	9.984609e-01	8.224096e-02	1.000000e+00	1.200000e+01
162	2.570365e+00	0.000000e+00	2.594144e+00	0.000000e+00	2.206208e-01	0.000000e+00	2.196354e-01	0.000000e+00	9.983948e-01	8.224096e-02	1.000000e+00	1.200000e+01
163	2.305649e+00	0.000000e+00	2.331319e+00	0.000000e+00	-2.647164e-01	0.000000e+00	-2.628244e-01	0.000000e+00	9.982166e-01	8.224096e-02	1.000000e+00	1.200000e+01
164	2.537037e+00	0.000000e+00	2.560777e+00	0.000000e+00	2.313880e-01	0.000000e+00	2.294575e-01	0.000000e+00	9.980541e-01	8.224096e-02	1.000000e+00	1.200000e+01
165	2.462079e+00	0.000000e+00	2.487009e+00	0.000000e+00	-7.495726e-02	0.000000e+00	-7.376814e-02	0.000000e+00	9.980171e-01	8.224096e-02	1.000000e+00	1.200000e+01
166	2.475641e+00	0.000000e+00	2.500229e+00	0.000000e+00	1.356118e-02	0.000000e+00	1.322005e-02	0.000000e+00	9.980151e-01	8.224096e-02	1.000000e+00	1.200000e+01
167	2.528594e+00	0.000000e+00	2.553027e+00	0.000000e+00	5.295340e-02	0.000000e+00	5.279819e-02	0.000000e+00	9.980138e-01	8.224096e-02	1.000000e+00	1.200000e+01
168	2.636647e+00	0.000000e+00	2.660864e+00	0.000000e+00	1.080526e-01	0.000000e+00	1.078367e-01	0.000000e+00	9.980138e-01	8.224096e-02	1.000000e+00	1.200000e+01
169	2.298443e+00	0.000000e+00	2.324403e+00	0.000000e+00	-3.382033e-01	0.000000e+00	-3.364610e-01	0.000000e+00	9.978511e-01	8.224096e-02	1.000000e+00	1.200000e+01
170	2.769087e+00	0.000000e+00	2.791894e+00	0.000000e+00	4.706439e-01	0.000000e+00	4.674912e-01	0.000000e+00	9.974201e-01	8.224096e-02	1.000000e+00	1.200000e+01
171	2.157128e+00	0.000000e+00	2.184151e+00	0.000000e+00	-6.119592e-01	0.000000e+00	-6.077426e-01	0.000000e+00	9.967743e-01	8.224096e-02	1.000000e+00	1.200000e+01
172	2.821226e+00	0.000000e+00	2.843281e+00	0.000000e+00	6.640980e-01	0.000000e+00	6.591298e-01	0.000000e+00	9.960439e-01	8.224096e-02	1.000000e+00	1.200000e+01
173	2.114933e+00	0.000000e+00	2.142322e+00	0.000000e+00	-7.062929e-01	0.000000e+00	-7.009592e-01	0.000000e+00	9.953620e-01	8.224096e-02	1.000000e+00	1.200000e+01
174	2.685256e+00	0.000000e+00	2.707679e+00	0.000000e+00	5.703228e-01	0.000000e+00	5.653568e-01	0.000000e+00	9.948212e-01	8.224096e-02	1.000000e+00	1.200000e+01
175	2.149716e+00	0.000000e+00	2.176439e+00	0.000000e+00	-5.355398e-01	0.000000e+00	-5.312394e-01	0.000000e+00	9.944815e-01	8.224096e-02	1.000000e+00	1.200000e+01
176	2.499623e+00	0.000000e+00	2.522904e+00	0.000000e+00	3.499066e-01	0.000000e+00	3.464646e-01	0.000000e+00	9.942449e-01	8.224096e-02	1.000000e+00	1.200000e+01
177	2.285713e+00	0.000000e+00	2.311183e+00	0.000000e+00	-2.139098e-01	0.000000e+00	-2.117208e-01	0.000000e+00	9.941497e-01	8.224096e-02	1.000000e+00	1.200000e+01
178	2.332358e+00	0.000000e+00	2.356819e+00	0.000000e+00	4.664530e-02	0.000000e+00	4.563606e-02	0.000000e+00	9.941334e-01	8.224096e-02	1.000000e+00	1.200000e+01
179	2.317506e+00	0.000000e+00	2.342204e+00	0.000000e+00	-1.485179e-02	0.000000e+00	-1.461551e-02	0.000000e+00	9.941324e-01	8.224096e-02	1.000000e+00	1.200000e+01
180	2.450074e+00	0.000000e+00	2.474196e+00	0.000000e+00	1.325678e-01	0.000000e+00	1.319929e-01	0.000000e+00	9.941450e-01	8.224096e-02	1.000000e+00	1.200000e+01
181	2.337744e+00	0.000000e+00	2.362821e+00	0.000000e+00	-1.123301e-01	0.000000e+00	-1.113757e-01	0.000000e+00	9.941293e-01	8.224096e-02	1.000000e+00	1.200000e+01
182	2.279245e+00	0.000000e+00	2.304115e+00	0.000000e+00	-5.849895e-02	0.000000e+00	-5.870550e-02	0.000000e+00	9.941446e-01	8.224096e-02	1.000000e+00	1.200000e+01
183	2.379084e+00	0.000000e+00	2.403335e+00	0.000000e+00	9.983943e-02	0.000000e+00	9.922011e-02	0.000000e+00	9.941429e-01	8.224096e-02	1.000000e+00	1.200000e+01
184	2.282196e+00	0.000000e+00	2.307213e+00	0.000000e+00	-9.688833e-02	0.000000e+00	-9.612228e-02	0.000000e+00	9.941338e-01	8.224096e-02	1.000000e+00	1.200000e+01
185	2.321273e+00	0.000000e+00	2.345762e+00	0.000000e+00	3.907694e-02	0.000000e+00	3.854882e-02	0.000000e+00	9.941283e-01	8.224096e-02	1.000000e+00	1.200000e+01
186	-2.886492e+00	0.000000e+00	-2.866053e+00	0.000000e+00	-5.207765e+00	0.000000e+00	-5.211815e+00	0.000000e+00	1.000011e+00	8.224096e-02	1.000000e+00	1.200000e+01
187	2.786436e-01	0.000000e+00	2.909033e-01	0.000000e+00	3.165135e+00	0.000000e+00	3.156956e+00	0.000000e+00	9.979561e-01	8.224096e-02	1.000000e+00	1.200000e+01
188	-7.476905e-01	0.000000e+00	-7.436334e-01	0.000000e+00	-1.026334e+00	0.000000e+00	-1.034537e+00	0.000000e+00	1.001245e+00	8.224096e-02	1.000000e+00	1.200000e+01
189	3.046479e+00	0.000000e+00	3.056217e+00	2.043600e-01	3.794169e+00	0.000000e+00	3.799851e+00	2.043600e-01	1.001456e+00	8.224096e-02	1.000000e+00	1.200000e+01
190	-2.249907e+00	0.000000e+00	-2.229180e+00	0.000000e+00	-5.296386e+00	0.000000e+00	-5.285398e+00	-2.043600e-01	9.983250e-01	8.224096e-02	1.000000e+00	1.200000e+01
191	4.126160e-01	0.000000e+00	4.268402e-01	0.000000e+00	2.662523e+00	0.000000e+00	2.656021e+00	0.000000e+00	9.977564e-01	8.224096e-02	1.000000e+00	1.200000e+01
192	-1.008509e+00	0.000000e+00	-1.002903e+00	0.000000e+00	-1.421125e+00	0.000000e+00	-1.429743e+00	0.000000e+00	1.001722e+00	8.224096e-02	1.000000e+00	1.200000e+01
193	2.790159e+00	0.000000e+00	2.799886e+00	0.000000e+00	3.798668e+00	0.000000e+00	3.802789e+00	0.000000e+00	1.001190e+00	8.224096e-02	1.000000e+00	1.200000e+01
194	3.029475e+00	0.000000e+00	3.053122e+00	0.000000e+00	2.393159e-01	0.000000e+00	2.532358e-01	0.000000e+00	1.002697e+00	8.224096e-02	1.000000e+00	1.200000e+01
195	2.052416e+00	0.000000e+00	2.080868e+00	0.000000e+00	-9.770594e-01	0.000000e+00	-9.722535e-01	0.000000e+00	1.000359e+00	8.224096e-02	1.000000e+00	1.200000e+01
196	-3.025235e+00	0.000000e+00	-3.005289e+00	0.000000e+00	-5.077650e+00	0.000000e+00	-5.086157e+00	0.000000e+00	1.001520e+00	8.224096e-02	1.000000e+00	1.200000e+01
197	5.348189e-01	0.000000e+00	5.455340e-01	0.000000e+00	3.560054e+00	0.000000e+00	3.550823e+00	0.000000e+00	9.981453e-01	8.224096e-02	1.000000e+00	1.200000e+01
198	-7.011972e-01	0.000000e+00	-6.963272e-01	0.000000e+00	-1.236016e+00	0.000000e+00	-1.241861e+00	0.000000e+00	1.000854e+00	8.224096e-02	1.000000e+00	1.200000e+01
199	-2.928341e+00	0.000000e+00	-2.919622e+00	0.000000e+00	-2.227144e+00	0.000000e+00	-2.223295e+00	0.000000e+00	9.991058e-01	8.224096e-02	1.000000e+00	1.200000e+01
200	1.151059e+00	0.000000e+00	1.159702e+00	0.000000e+00	4.079400e+00	0.000000e+00	4.079324e+00	0.000000e+00	9.998483e-01	8.224096e-02	1.000000e+00	1.200000e+01
201	-5.959272e-01	0.000000e+00	-5.890693e-01	0.000000e+00	-1.746986e+00	0.000000e+00	-1.748771e+00	0.000000e+00	1.000522e+00	8.224096e-02	1.000000e+00	1.200000e+01
202	-2.878601e+00	0.000000e+00	-2.869657e+00	0.000000e+00	-2.282674e+00	0.000000e+00	-2.280588e+00	0.000000e+00	9.995363e-01	8.224096e-02	1.000000e+00	1.200000e+01
203	1.280340e+00	0.000000e+00	1.288673e+00	0.000000e+00	4.158941e+00	0.000000e+00	4.158330e+00	0.000000e+00	9.998061e-01	8.224096e-02	1.000000e+00	1.200000e+01
204	-4.958482e-01	0.000000e+00	-4.888774e-01	0.000000e+00	-1.776188e+00	0.000000e+00	-1.777550e+00	0.000000e+00	1.000365e+00	8.224096e-02	1.000000e+00	1.200000e+01
205	3.101265e+00	0.000000e+00	3.111785e+00	0.000000e+00	3.597113e+00	0.000000e+00	3.600662e+00	0.000000e+00	1.000876e+00	8.224096e-02	1.000000e+00	1.200000e+01
206	2.942871e+00	0.000000e+00	2.968075e+00	0.000000e+00	-1.583935e-01	0.000000e+00	-1.437097e-01	0.000000e+00	9.997750e-01	8.224096e-02	1.000000e+00	1.200000e+01
207	2.225663e+00	0.000000e+00	2.253106e+00	3.584738e-01	-7.172088e-01	0.000000e+00	-7.149686e-01	3.584738e-01	9.992117e-01	8.224096e-02	1.000000e+00	1.200000e+01
208	2.980207e+00	0.000000e+00	3.001910e+00	0.000000e+00	7.545445e-01	0.000000e+00	7.488042e-01	-3.584738e-01	9.977762e-01	8.224096e-02	1.000000e+00	1.200000e+01
209	2.486265e+00	0.000000e+00	2.512823e+00	0.000000e+00	-4.939420e-01	0.000000e+00	-4.890875e-01	0.000000e+00	9.969907e-01	8.224096e-02	1.000000e+00	1.200000e+01
210	2.924914e+00	0.000000e+00	2.947848e+00	0.000000e+00	4.386486e-01	0.000000e+00	4.350246e-01	0.000000e+00	9.965528e-01	8.224096e-02	1.000000e+00	1.200000e+01
211	2.373447e+00	0.000000e+00	2.400235e+00	0.000000e+00	-5.514663e-01	0.000000e+00	-5.476129e-01	0.000000e+00	9.961089e-01	8.224096e-02	1.000000e+00	1.200000e+01
212	2.647597e+00	0.000000e+00	2.671174e+00	0.000000e+00	2.741497e-01	0.000000e+00	2.709397e-01	0.000000e+00	9.958399e-01	8.224096e-02	1.000000e+00	1.200000e+01
213	2.473098e+00	0.000000e+00	2.498415e+00	0.000000e+00	-1.744990e-01	0.000000e+00	-1.727590e-01	0.000000e+00	9.957571e-01	8.224096e-02	1.000000e+00	1.200000e+01
214	2.565503e+00	0.000000e+00	2.589785e+00	0.000000e+00	9.240516e-02	0.000000e+00	9.136936e-02	0.000000e+00	9.957290e-01	8.224096e-02	1.000000e+00	1.200000e+01
215	2.573908e+00	0.000000e+00	2.598514e+00	0.000000e+00	8.404849e-03	0.000000e+00	8.728929e-03	0.000000e+00	9.957304e-01	8.224096e-02	1.000000e+00	1.200000e+01
216	2.572327e+00	0.000000e+00	2.596973e+00	0.000000e+00	-1.580710e-03	0.000000e+00	-1.540438e-03	0.000000e+00	9.957304e-01	8.224096e-02	1.000000e+00	1.200000e+01
217	2.698219e+00	0.000000e+00	2.722367e+00	0.000000e+00	1.258919e-01	0.000000e+00	1.253942e-01	0.000000e+00	9.957327e-01	8.224096e-02	1.000000e+00	1.200000e+01
218	2.449664e+00	0.000000e+00	2.475273e+00	0.000000e+00	-2.485555e-01	0.000000e+00	-2.470947e-01	0.000000e+00	9.956869e-01	8.224096e-02	1.000000e+00	1.200000e+01
219	2.591236e+00	0.000000e+00	2.615326e+00	0.000000e+00	1.415719e-01	0.000000e+00	1.400537e-01	0.000000e+00	9.956265e-01	8.224096e-02	1.000000e+00	1.200000e+01
220	2.525799e+00	0.000000e+00	2.550693e+00	0.000000e+00	-6.543642e-02	0.000000e+00	-6.463373e-02	0.000000e+00	9.956105e-01	8.224096e-02	1.000000e+00	1.200000e+01
221	2.614464e+00	0.000000e+00	2.638758e+00	0.000000e+00	8.866442e-02	0.000000e+00	8.806560e-02	0.000000e+00	9.956017e-01	8.224096e-02	1.000000e+00	1.200000e+01
222	2.674919e+00	0.000000e+00	2.699321e+00	0.000000e+00	6.045509e-02	0.000000e+00	6.056294e-02	0.000000e+00	9.956124e-01	8.224096e-02	1.000000e+00	1.200000e+01
223	2.609078e+00	0.000000e+00	2.633974e+00	0.000000e+00	-6.584055e-02	0.000000e+00	-6.534679e-02	0.000000e+00	9.956060e-01	8.224096e-02	1.000000e+00	1.200000e+01
224	2.739498e+00	0.000000e+00	2.763629e+00	0.000000e+00	1.304195e-01	0.000000e+00	1.296548e-01	0.000000e+00	9.955942e-01	8.224096e-02	1.000000e+00	1.200000e+01
225	2.543304e+00	0.000000e+00	2.568709e+00	0.000000e+00	-1.961934e-01	0.000000e+00	-1.949206e-01	0.000000e+00	9.955569e-01	8.224096e-02	1.000000e+00	1.200000e+01
226	2.886058e+00	0.000000e+00	2.909362e+00	0.000000e+00	3.427534e-01	0.000000e+00	3.406531e-01	0.000000e+00	9.954681e-01	8.224096e-02	1.000000e+00	1.200000e+01
227	2.499500e+00	0.000000e+00	2.525644e+00	0.000000e+00	-3.865581e-01	0.000000e+00	-3.837175e-01	0.000000e+00	9.952820e-01	8.224096e-02	1.000000e+00	1.200000e+01
228	3.050589e+00	0.000000e+00	3.073083e+00	0.000000e+00	5.510899e-01	0.000000e+00	5.474383e-01	0.000000e+00	9.950431e-01	8.224096e-02	1.000000e+00	1.200000e+01
229	2.275941e+00	0.000000e+00	2.303599e+00	0.000000e+00	-7.746482e-01	0.000000e+00	-7.694838e-01	0.000000e+00	9.946682e-01	8.224096e-02	1.000000e+00	1.200000e+01
230	-3.049670e+00	0.000000e+00	-3.028758e+00	0.000000e+00	-5.325611e+00	0.000000e+00	-5.332357e+00	0.000000e+00	1.000524e+00	8.224096e-02	1.000000e+00	1.200000e+01
231	5.951933e-01	0.000000e+00	6.055810e-01	0.000000e+00	3.644863e+00	0.000000e+00	3.634339e+00	0.000000e+00	9.977073e-01	8.224096e-02	1.000000e+00	1.200000e+01
232	-9.043424e-01	0.000000e+00	-8.984443e-01	0.000000e+00	-1.499536e+00	0.000000e+00	-1.504025e+00	0.000000e+00	1.000365e+00	8.224096e-02	1.000000e+00	1.200000e+01
233	1.945375e+00	0.000000e+00	1.958810e+00	0.000000e+00	2.849718e+00	0.000000e+00	2.857255e+00	0.000000e+00	1.002103e+00	8.224096e-02	1.000000e+00	1.200000e+01
234	-1.190735e+00	0.000000e+00	-1.178432e+00	0.000000e+00	-3.136110e+00	0.000000e+00	-3.137242e+00	0.000000e+00	1.000728e+00	8.224096e-02	1.000000e+00	1.200000e+01
235	1.225741e+00	0.000000e+00	1.240893e+00	0.000000e+00	2.416476e+00	0.000000e+00	2.419325e+00	0.000000e+00	1.001047e+00	8.224096e-02	1.000000e+00	1.200000e+01
236	-9.654760e-01	0.000000e+00	-9.568574e-01	0.000000e+00	-2.191217e+00	0.000000e+00	-2.197751e+00	0.000000e+00	1.002345e+00	8.224096e-02	1.000000e+00	1.200000e+01
237	1.842540e+00	0.000000e+00	1.856148e+00	0.000000e+00	2.808016e+00	0.000000e+00	2.813005e+00	0.000000e+00	1.001915e+00	8.224096e-02	1.000000e+00	1.200000e+01
238	-1.286552e+00	0.000000e+00	-1.274276e+00	0.000000e+00	-3.129091e+00	0.000000e+00	-3.130424e+00	0.000000e+00	1.000740e+00	8.224096e-02	1.000000e+00	1.200000e+01
239	1.240995e+00	0.000000e+00	1.255714e+00	0.000000e+00	2.527547e+00	0.000000e+00	2.529989e+00	0.000000e+00	1.000904e+00	8.224096e-02	1.000000e+00	1.200000e+01
240	-1.034290e+00	0.000000e+00	-1.025345e+00	0.000000e+00	-2.275285e+00	0.000000e+00	-2.281058e+00	0.000000e+00	1.002023e+00	8.224096e-02	1.000000e+00	1.200000e+01
241	1.710773e+00	0.000000e+00	1.724629e+00	0.000000e+00	2.745063e+00	0.000000e+00	2.749973e+00	0.000000e+00	1.001847e+00	8.224096e-02	1.000000e+00	1.200000e+01
242	-1.143501e+00	0.000000e+00	-1.132297e+00	0.000000e+00	-2.854274e+00	0.000000e+00	-2.856926e+00	0.000000e+00	1.001147e+00	8.224096e-02	1.000000e+00	1.200000e+01
243	1.416595e+00	0.000000e+00	1.431182e+00	0.000000e+00	2.560096e+00	0.000000e+00	2.563479e+00	0.000000e+00	1.001274e+00	8.224096e-02	1.000000e+00	1.200000e+01
244	-9.929073e-01	0.000000e+00	-9.834382e-01	0.000000e+00	-2.409502e+00	0.000000e+00	-2.414620e+00	0.000000e+00	1.001875e+00	8.224096e-02	1.000000e+00	1.200000e+01
245	1.860085e+00	0.000000e+00	1.873521e+00	0.000000e+00	2.852992e+00	0.000000e+00	2.856959e+00	0.000000e+00	1.001505e+00	8.224096e-02	1.000000e+00	1.200000e+01
246	-1.494371e+00	0.000000e+00	-1.481215e+00	0.000000e+00	-3.354456e+00	0.000000e+00	-3.354736e+00	0.000000e+00	1.000359e+00	8.224096e-02	1.000000e+00	1.200000e+01
247	1.151789e+00	0.000000e+00	1.166047e+00	0.000000e+00	2.646160e+00	0.000000e+00	2.647263e+00	0.000000e+00	1.000402e+00	8.224096e-02	1.000000e+00	1.200000e+01
248	-1.070819e+00	0.000000e+00	-1.062081e+00	0.000000e+00	-2.222608e+00	0.000000e+00	-2.228128e+00	0.000000e+00	1.001810e+00	8.224096e-02	1.000000e+00	1.200000e+01
249	1.786510e+00	0.000000e+00	1.799926e+00	0.000000e+00	2.857329e+00	0.000000e+00	2.862007e+00	0.000000e+00	1.001678e+00	8.224096e-02	1.000000e+00	1.200000e+01
250	-1.359788e+00	0.000000e+00	-1.347445e+00	0.000000e+00	-3.146298e+00	0.000000e+00	-3.147371e+00	0.000000e+00	1.000622e+00	8.224096e-02	1.000000e+00	1.200000e+01
251	1.237056e+00	0.000000e+00	1.251504e+00	0.000000e+00	2.596844e+00	0.000000e+00	2.598949e+00	0.000000e+00	1.000760e+00	8.224096e-02	1.000000e+00	1.200000e+01
252	-1.047887e+00	0.000000e+00	-1.038905e+00	0.000000e+00	-2.284943e+00	0.000000e+00	-2.290409e+00	0.000000e+00	1.001881e+00	8.224096e-02	1.000000e+00	1.200000e+01
253	1.789952e+00	0.000000e+00	1.803445e+00	0.000000e+00	2.837839e+00	0.000000e+00	2.842350e+00	0.000000e+00	1.001659e+00	8.224096e-02	1.000000e+00	1.200000e+01
254	-1.308164e+00	0.000000e+00	-1.296009e+00	0.000000e+00	-3.098116e+00	0.000000e+00	-3.099454e+00	0.000000e+00	1.000695e+00	8.224096e-02	1.000000e+00	1.200000e+01
255	1.370580e+00	0.000000e+00	1.384707e+00	0.000000e+00	2.678743e+00	0.000000e+00	2.680716e+00	0.000000e+00	1.000726e+00	8.224096e-02	1.000000e+00	1.200000e+01
256	-1.222402e+00	0.000000e+00	-1.212218e+00	0.000000e+00	-2.592981e+00	0.000000e+00	-2.596925e+00	0.000000e+00	1.001308e+00	8.224096e-02	1.000000e+00	1.200000e+01
257	1.608620e+00	0.000000e+00	1.622145e+00	0.000000e+00	2.831022e+00	0.000000e+00	2.834363e+00	0.000000e+00	1.001211e+00	8.224096e-02	1.000000e+00	1.200000e+01
258	-1.454556e+00	0.000000e+00	-1.442538e+00	0.000000e+00	-3.063177e+00	0.000000e+00	-3.064683e+00	0.000000e+00	1.000648e+00	8.224096e-02	1.000000e+00	1.200000e+01
259	1.529618e+00	0.000000e+00	1.542552e+00	0.000000e+00	2.984175e+00	0.000000e+00	2.985090e+00	0.000000e+00	1.000383e+00	8.224096e-02	1.000000e+00	1.200000e+01
260	-1.500564e+00	0.000000e+00	-1.488677e+00	0.000000e+00	-3.030183e+00	0.000000e+00	-3.031229e+00	0.000000e+00	1.000354e+00	8.224096e-02	1.000000e+00	1.200000e+01
261	1.577780e+00	0.000000e+00	1.590345e+00	0.000000e+00	3.078344e+00	0.000000e+00	3.079022e+00	0.000000e+00	1.000249e+00	8.224096e-02	1.000000e+00	1.200000e+01
262	-1.695900e+00	0.000000e+00	-1.683064e+00	0.000000e+00	-3.273680e+00	0.000000e+00	-3.273409e+00	0.000000e+00	9.999833e-01	8.224096e-02	1.000000e+00	1.200000e+01
263	1.750227e+00	0.000000e+00	1.761359e+00	0.000000e+00	3.446127e+00	0.000000e+00	3.444423e+00	0.000000e+00	9.995947e-01	8.224096e-02	1.000000e+00	1.200000e+01
264	-1.467941e+00	0.000000e+00	-1.455327e+00	0.000000e+00	-3.218168e+00	0.000000e+00	-3.216686e+00	0.000000e+00	9.995507e-01	8.224096e-02	1.000000e+00	1.200000e+01
265	1.419010e+00	0.000000e+00	1.432326e+00	0.000000e+00	2.886951e+00	0.000000e+00	2.887653e+00	0.000000e+00	1.000081e+00	8.224096e-02	1.000000e+00	1.200000e+01
266	-1.522719e+00	0.000000e+00	-1.511176e+00	0.000000e+00	-2.941729e+00	0.000000e+00	-2.943502e+00	0.000000e+00	1.000484e+00	8.224096e-02	1.000000e+00	1.200000e+01
267	1.525640e+00	0.000000e+00	1.538322e+00	0.000000e+00	3.048360e+00	0.000000e+00	3.049498e+00	0.000000e+00	1.000397e+00	8.224096e-02	1.000000e+00	1.200000e+01
268	-1.593370e+00	0.000000e+00	-1.581137e+00	0.000000e+00	-3.119010e+00	0.000000e+00	-3.119458e+00	0.000000e+00	1.000197e+00	8.224096e-02	1.000000e+00	1.200000e+01
269	1.634477e+00	0.000000e+00	1.646460e+00	0.000000e+00	3.227847e+00	0.000000e+00	3.227597e+00	0.000000e+00	9.999782e-01	8.224096e-02	1.000000e+00	1.200000e+01
270	-1.604235e+00	0.000000e+00	-1.591537e+00	0.000000e+00	-3.238712e+00	0.000000e+00	-3.237997e+00	0.000000e+00	9.998194e-01	8.224096e-02	1.000000e+00	1.200000e+01
271	1.740459e+00	0.000000e+00	1.751987e+00	0.000000e+00	3.344694e+00	0.000000e+00	3.343524e+00	0.000000e+00	9.996830e-01	8.224096e-02	1.000000e+00	1.200000e+01
272	-1.617163e+00	0.000000e+00	-1.604002e+00	0.000000e+00	-3.357621e+00	0.000000e+00	-3.355989e+00	0.000000e+00	9.995464e-01	8.224096e-02	1.000000e+00	1.200000e+01
273	1.790855e+00	0.000000e+00	1.802138e+00	0.000000e+00	3.408018e+00	0.000000e+00	3.406140e+00	0.000000e+00	9.994674e-01	8.224096e-02	1.000000e+00	1.200000e+01
274	-1.548541e+00	0.000000e+00	-1.535452e+00	0.000000e+00	-3.339396e+00	0.000000e+00	-3.337590e+00	0.000000e+00	9.994608e-01	8.224096e-02	1.000000e+00	1.200000e+01
275	1.680963e+00	0.000000e+00	1.692942e+00	0.000000e+00	3.229503e+00	0.000000e+00	3.228394e+00	0.000000e+00	9.996169e-01	8.224096e-02	1.000000e+00	1.200000e+01
276	-1.634420e+00	0.000000e+00	-1.621423e+00	0.000000e+00	-3.315383e+00	0.000000e+00	-3.314365e+00	0.000000e+00	9.996780e-01	8.224096e-02	1.000000e+00	1.200000e+01
277	1.633554e+00	0.000000e+00	1.645383e+00	0.000000e+00	3.267974e+00	0.000000e+00	3.266806e+00	0.000000e+00	9.996495e-01	8.224096e-02	1.000000e+00	1.200000e+01
278	-1.661991e+00	0.000000e+00	-1.649072e+00	0.000000e+00	-3.295545e+00	0.000000e+00	-3.294454e+00	0.000000e+00	9.996652e-01	8.224096e-02	1.000000e+00	1.200000e+01
279	1.782069e+00	0.000000e+00	1.793210e+00	0.000000e+00	3.444060e+00	0.000000e+00	3.442282e+00	0.000000e+00	9.995176e-01	8.224096e-02	1.000000e+00	1.200000e+01
280	-1.451669e+00	0.000000e+00	-1.438994e+00	0.000000e+00	-3.233739e+00	0.000000e+00	-3.232204e+00	0.000000e+00	9.995239e-01	8.224096e-02	1.000000e+00	1.200000e+01
281	1.500722e+00	0.000000e+00	1.513782e+00	3.302966e-01	2.952391e+00	0.000000e+00	2.952776e+00	3.302966e-01	9.999926e-01	8.224096e-02	1.000000e+00	1.200000e+01
282	-2.363589e+00	0.000000e+00	-2.348443e+00	0.000000e+00	-3.864311e+00	0.000000e+00	-3.862226e+00	-3.302966e-01	9.995466e-01	8.224096e-02	1.000000e+00	1.200000e+01
283	2.341920e+00	0.000000e+00	2.348142e+00	0.000000e+00	4.705510e+00	0.000000e+00	4.696586e+00	0.000000e+00	9.982892e-01	8.224096e-02	1.000000e+00	1.200000e+01
284	-1.026256e+00	0.000000e+00	-1.013075e+00	0.000000e+00	-3.368176e+00	0.000000e+00	-3.361217e+00	0.000000e+00	9.980022e-01	8.224096e-02	1.000000e+00	1.200000e+01
285	1.397863e+00	0.000000e+00	1.412989e+00	0.000000e+00	2.424119e+00	0.000000e+00	2.426063e+00	0.000000e+00	9.999868e-01	8.224096e-02	1.000000e+00	1.200000e+01
286	-2.034443e+00	0.000000e+00	-2.020976e+00	0.000000e+00	-3.432305e+00	0.000000e+00	-3.433965e+00	0.000000e+00	1.000390e+00	8.224096e-02	1.000000e+00	1.200000e+01
287	1.993006e+00	0.000000e+00	2.001870e+00	0.000000e+00	4.027448e+00	0.000000e+00	4.022846e+00	0.000000e+00	9.990937e-01	8.224096e-02	1.000000e+00	1.200000e+01
288	-1.332428e+00	0.000000e+00	-1.319403e+00	0.000000e+00	-3.325433e+00	0.000000e+00	-3.321273e+00	0.000000e+00	9.988163e-01	8.224096e-02	1.000000e+00	1.200000e+01
289	1.581229e+00	0.000000e+00	1.594442e+00	0.000000e+00	2.913657e+00	0.000000e+00	2.913845e+00	0.000000e+00	9.997761e-01	8.224096e-02	1.000000e+00	1.200000e+01
290	-1.812437e+00	0.000000e+00	-1.799129e+00	0.000000e+00	-3.393666e+00	0.000000e+00	-3.393571e+00	0.000000e+00	9.999347e-01	8.224096e-02	1.000000e+00	1.200000e+01
291	1.837482e+00	0.000000e+00	1.847821e+00	0.000000e+00	3.649919e+00	0.000000e+00	3.646949e+00	0.000000e+00	9.993165e-01	8.224096e-02	1.000000e+00	1.200000e+01
292	-1.479803e+00	0.000000e+00	-1.466805e+00	0.000000e+00	-3.317286e+00	0.000000e+00	-3.314625e+00	0.000000e+00	9.992213e-01	8.224096e-02	1.000000e+00	1.200000e+01
293	1.578416e+00	0.000000e+00	1.591064e+00	0.000000e+00	3.058219e+00	0.000000e+00	3.057869e+00	0.000000e+00	9.997411e-01	8.224096e-02	1.000000e+00	1.200000e+01
294	-1.685251e+00	0.000000e+00	-1.672453e+00	0.000000e+00	-3.263667e+00	0.000000e+00	-3.263517e+00	0.000000e+00	9.999115e-01	8.224096e-02	1.000000e+00	1.200000e+01
295	1.611120e+00	0.000000e+00	1.622837e+00	0.000000e+00	3.296371e+00	0.000000e+00	3.295290e+00	0.000000e+00	9.997194e-01	8.224096e-02	1.000000e+00	1.200000e+01
296	-1.693314e+00	0.000000e+00	-1.680360e+00	4.052133e-01	-3.304434e+00	0.000000e+00	-3.303198e+00	4.052133e-01	9.996443e-01	8.224096e-02	1.000000e+00	1.200000e+01
297	2.251828e+00	0.000000e+00	2.261011e+00	0.000000e+00	3.945142e+00	0.000000e+00	3.941372e+00	-4.052133e-01	9.991392e-01	8.224096e-02	1.000000e+00	1.200000e+01
298	-1.457496e+00	0.000000e+00	-1.442970e+00	0.000000e+00	-3.709324e+00	0.000000e+00	-3.703982e+00	0.000000e+00	9.986587e-01	8.224096e-02	1.000000e+00	1.200000e+01
299	1.394879e+00	0.000000e+00	1.408338e+00	0.000000e+00	2.852375e+00	0.000000e+00	2.851308e+00	0.000000e+00	9.993962e-01	8.224096e-02	1.000000e+00	1.200000e+01
300	-1.540643e+00	0.000000e+00	-1.529123e+00	0.000000e+00	-2.935522e+00	0.000000e+00	-2.937461e+00	0.000000e+00	1.000371e+00	8.224096e-02	1.000000e+00	1.200000e+01
301	1.532927e+00	0.000000e+00	1.545509e+00	0.000000e+00	3.073570e+00	0.000000e+00	3.074633e+00	0.000000e+00	1.000351e+00	8.224096e-02	1.000000e+00	1.200000e+01
302	-1.513854e+00	0.000000e+00	-1.501903e+00	0.000000e+00	-3.046781e+00	0.000000e+00	-3.047413e+00	0.000000e+00	1.000239e+00	8.224096e-02	1.000000e+00	1.200000e+01
303	1.419989e+00	0.000000e+00	1.433119e+00	3.214905e-02	2.933843e+00	0.000000e+00	2.935023e+00	3.214905e-02	1.000365e+00	8.224096e-02	1.000000e+00	1.200000e+01
304	-2.402380e+00	0.000000e+00	-2.387397e+00	0.000000e+00	-3.822369e+00	0.000000e+00	-3.820517e+00	-3.214905e-02	9.996550e-01	8.224096e-02	1.000000e+00	1.200000e+01
305	1.685511e+00	0.000000e+00	1.694145e+00	0.000000e+00	4.087891e+00	0.000000e+00	4.081543e+00	0.000000e+00	9.986301e-01	8.224096e-02	1.000000e+00	1.200000e+01
306	-1.108724e+00	0.000000e+00	-1.097775e+00	0.000000e+00	-2.794235e+00	0.000000e+00	-2.791921e+00	0.000000e+00	9.990396e-01	8.224096e-02	1.000000e+00	1.200000e+01
307	1.631969e+00	0.000000e+00	1.645850e+00	0.000000e+00	2.740693e+00	0.000000e+00	2.743625e+00	0.000000e+00	1.000563e+00	8.224096e-02	1.000000e+00	1.200000e+01
308	-1.520438e+00	0.000000e+00	-1.508070e+00	0.000000e+00	-3.152407e+00	0.000000e+00	-3.153919e+00	0.000000e+00	1.000497e+00	8.224096e-02	1.000000e+00	1.200000e+01
309	1.262053e+00	0.000000e+00	1.275776e+00	0.000000e+00	2.782491e+00	0.000000e+00	2.783845e+00	0.000000e+00	1.000489e+00	8.224096e-02	1.000000e+00	1.200000e+01
310	-1.144357e+00	0.000000e+00	-1.134903e+00	0.000000e+00	-2.406410e+00	0.000000e+00	-2.410679e+00	0.000000e+00	1.001397e+00	8.224096e-02	1.000000e+00	1.200000e+01
311	1.794311e+00	0.000000e+00	1.807412e+00	0.000000e+00	2.938668e+00	0.000000e+00	2.942315e+00	0.000000e+00	1.001277e+00	8.224096e-02	1.000000e+00	1.200000e+01
312	-1.438380e+00	0.000000e+00	-1.425701e+00	0.000000e+00	-3.232691e+00	0.000000e+00	-3.233113e+00	0.000000e+00	1.000363e+00	8.224096e-02	1.000000e+00	1.200000e+01
313	1.263719e+00	0.000000e+00	1.277758e+00	0.000000e+00	2.702099e+00	0.000000e+00	2.703459e+00	0.000000e+00	1.000467e+00	8.224096e-02	1.000000e+00	1.200000e+01
314	-1.190872e+00	0.000000e+00	-1.181229e+00	0.000000e+00	-2.454591e+00	0.000000e+00	-2.458987e+00	0.000000e+00	1.001411e+00	8.224096e-02	1.000000e+00	1.200000e+01
315	1.579921e+00	0.000000e+00	1.593679e+00	0.000000e+00	2.770793e+00	0.000000e+00	2.774908e+00	0.000000e+00	1.001467e+00	8.224096e-02	1.000000e+00	1.200000e+01
316	-1.116158e+00	0.000000e+00	-1.105573e+00	0.000000e+00	-2.696079e+00	0.000000e+00	-2.699252e+00	0.000000e+00	1.001251e+00	8.224096e-02	1.000000e+00	1.200000e+01
317	1.500930e+00	0.000000e+00	1.515292e+00	0.000000e+00	2.617088e+00	0.000000e+00	2.620865e+00	0.000000e+00	1.001392e+00	8.224096e-02	1.000000e+00	1.200000e+01
318	-1.027723e+00	0.000000e+00	-1.017789e+00	0.000000e+00	-2.528653e+00	0.000000e+00	-2.533081e+00	0.000000e+00	1.001652e+00	8.224096e-02	1.000000e+00	1.200000e+01
319	1.676405e+00	0.000000e+00	1.690425e+00	0.000000e+00	2.704128e+00	0.000000e+00	2.708214e+00	0.000000e+00	1.001547e+00	8.224096e-02	1.000000e+00	1.200000e+01
320	-1.239117e+00	0.000000e+00	-1.227673e+00	0.000000e+00	-2.915522e+00	0.000000e+00	-2.918098e+00	0.000000e+00	1.001037e+00	8.224096e-02	1.000000e+00	1.200000e+01
321	1.287450e+00	0.000000e+00	1.302169e+00	0.000000e+00	2.526567e+00	0.000000e+00	2.529842e+00	0.000000e+00	1.001225e+00	8.224096e-02	1.000000e+00	1.200000e+01
322	-9.992218e-01	0.000000e+00	-9.902320e-01	0.000000e+00	-2.286672e+00	0.000000e+00	-2.292401e+00	0.000000e+00	1.002105e+00	8.224096e-02	1.000000e+00	1.200000e+01
323	1.816720e+00	0.000000e+00	1.830299e+00	0.000000e+00	2.815942e+00	0.000000e+00	2.820531e+00	0.000000e+00	1.001744e+00	8.224096e-02	1.000000e+00	1.200000e+01
324	-1.201721e+00	0.000000e+00	-1.189878e+00	0.000000e+00	-3.018442e+00	0.000000e+00	-3.020177e+00	0.000000e+00	1.000833e+00	8.224096e-02	1.000000e+00	1.200000e+01
325	1.412895e+00	0.000000e+00	1.427272e+00	0.000000e+00	2.614617e+00	0.000000e+00	2.617150e+00	0.000000e+00	1.000933e+00	8.224096e-02	1.000000e+00	1.200000e+01
326	-1.126037e+00	0.000000e+00	-1.116063e+00	0.000000e+00	-2.538932e+00	0.000000e+00	-2.543335e+00	0.000000e+00	1.001514e+00	8.224096e-02	1.000000e+00	1.200000e+01
327	1.579387e+00	0.000000e+00	1.593402e+00	0.000000e+00	2.705424e+00	0.000000e+00	2.709465e+00	0.000000e+00	1.001499e+00	8.224096e-02	1.000000e+00	1.200000e+01
328	-1.112424e+00	0.000000e+00	-1.101854e+00	0.000000e+00	-2.691811e+00	0.000000e+00	-2.695256e+00	0.000000e+00	1.001336e+00	8.224096e-02	1.000000e+00	1.200000e+01
329	1.484971e+00	0.000000e+00	1.499410e+00	0.000000e+00	2.597395e+00	0.000000e+00	2.601265e+00	0.000000e+00	1.001449e+00	8.224096e-02	1.000000e+00	1.200000e+01
330	-1.008560e+00	0.000000e+00	-9.987633e-01	0.000000e+00	-2.493531e+00	0.000000e+00	-2.498173e+00	0.000000e+00	1.001745e+00	8.224096e-02	1.000000e+00	1.200000e+01
331	1.599591e+00	0.000000e+00	1.613985e+00	0.000000e+00	2.608151e+00	0.000000e+00	2.612748e+00	0.000000e+00	1.001758e+00	8.224096e-02	1.000000e+00	1.200000e+01
332	-2.320083e+00	0.000000e+00	-2.304716e+00	0.000000e+00	-3.919674e+00	0.000000e+00	-3.918701e+00	0.000000e+00	1.000071e+00	8.224096e-02	1.000000e+00	1.200000e+01
333	1.166873e+00	0.000000e+00	1.177856e+00	0.000000e+00	3.486956e+00	0.000000e+00	3.482572e+00	0.000000e+00	9.989873e-01	8.224096e-02	1.000000e+00	1.200000e+01
334	-1.629108e+00	0.000000e+00	-1.618144e+00	0.000000e+00	-2.795981e+00	0.000000e+00	-2.796000e+00	0.000000e+00	9.997583e-01	8.224096e-02	1.000000e+00	1.200000e+01
335	8.764287e-01	0.000000e+00	8.912280e-01	0.000000e+00	2.505537e+00	0.000000e+00	2.509372e+00	0.000000e+00	1.001035e+00	8.224096e-02	1.000000e+00	1.200000e+01
336	-9.238801e-01	0.000000e+00	-9.167898e-01	0.000000e+00	-1.800309e+00	0.000000e+00	-1.808018e+00	0.000000e+00	1.002943e+00	8.224096e-02	1.000000e+00	1.200000e+01
337	2.979533e+00	0.000000e+00	2.988857e+00	0.000000e+00	3.903413e+00	0.000000e+00	3.905647e+00	0.000000e+00	1.000952e+00	8.224096e-02	1.000000e+00	1.200000e+01
338	-2.987718e+00	0.000000e+00	-2.964372e+00	0.000000e+00	-5.967251e+00	0.000000e+00	-5.953229e+00	0.000000e+00	9.979820e-01	8.224096e-02	1.000000e+00	1.200000e+01
339	8.334170e-01	0.000000e+00	8.431256e-01	0.000000e+00	3.821135e+00	0.000000e+00	3.807498e+00	0.000000e+00	9.966861e-01	8.224096e-02	1.000000e+00	1.200000e+01
340	-1.333709e+00	0.000000e+00	-1.325206e+00	0.000000e+00	-2.167126e+00	0.000000e+00	-2.168332e+00	0.000000e+00	9.992646e-01	8.224096e-02	1.000000e+00	1.200000e+01
341	2.491100e+00	0.000000e+00	2.500736e+00	0.000000e+00	3.824809e+00	0.000000e+00	3.825942e+00	0.000000e+00	1.000127e+00	8.224096e-02	1.000000e+00	1.200000e+01
342	-2.933862e+00	0.000000e+00	-2.912633e+00	0.000000e+00	-5.424962e+00	0.000000e+00	-5.413369e+00	0.000000e+00	9.981131e-01	8.224096e-02	1.000000e+00	1.200000e+01
343	7.735341e-01	0.000000e+00	7.836787e-01	0.000000e+00	3.707396e+00	0.000000e+00	3.696312e+00	0.000000e+00	9.971985e-01	8.224096e-02	1.000000e+00	1.200000e+01
344	-1.322151e+00	0.000000e+00	-1.313925e+00	0.000000e+00	-2.095685e+00	0.000000e+00	-2.097604e+00	0.000000e+00	9.996248e-01	8.224096e-02	1.000000e+00	1.200000e+01
345	2.446862e+00	0.000000e+00	2.456715e+00	0.000000e+00	3.769013e+00	0.000000e+00	3.770640e+00	0.000000e+00	1.000297e+00	8.224096e-02	1.000000e+00	1.200000e+01
346	-2.625353e+00	0.000000e+00	-2.605502e+00	0.000000e+00	-5.072215e+00	0.000000e+00	-5.062217e+00	0.000000e+00	9.982975e-01	8.224096e-02	1.000000e+00	1.200000e+01
347	1.141823e+00	0.000000e+00	1.151729e+00	0.000000e+00	3.767177e+00	0.000000e+00	3.757231e+00	0.000000e+00	9.975167e-01	8.224096e-02	1.000000e+00	1.200000e+01
348	-1.670934e+00	0.000000e+00	-1.659908e+00	0.000000e+00	-2.812758e+00	0.000000e+00	-2.811637e+00	0.000000e+00	9.990978e-01	8.224096e-02	1.000000e+00	1.200000e+01
349	2.060892e+00	0.000000e+00	2.070901e+00	0.000000e+00	3.731826e+00	0.000000e+00	3.730810e+00	0.000000e+00	9.996209e-01	8.224096e-02	1.000000e+00	1.200000e+01
350	-9.960213e-01	0.000000e+00	-9.840411e-01	0.000000e+00	-3.056913e+00	0.000000e+00	-3.054942e+00	0.000000e+00	9.994131e-01	8.224096e-02	1.000000e+00	1.200000e+01
351	2.522244e+00	0.000000e+00	2.533091e+00	0.000000e+00	3.518265e+00	0.000000e+00	3.517132e+00	0.000000e+00	9.996297e-01	8.224096e-02	1.000000e+00	1.200000e+01
352	-2.794536e+00	0.000000e+00	-2.773725e+00	0.000000e+00	-5.316779e+00	0.000000e+00	-5.306816e+00	0.000000e+00	9.982956e-01	8.224096e-02	1.000000e+00	1.200000e+01
353	4.485479e-01	0.000000e+00	4.605046e-01	0.000000e+00	3.243084e+00	0.000000e+00	3.234229e+00	0.000000e+00	9.974768e-01	8.224096e-02	1.000000e+00	1.200000e+01
354	-8.384895e-01	0.000000e+00	-8.334153e-01	0.000000e+00	-1.287037e+00	0.000000e+00	-1.293920e+00	0.000000e+00	1.000864e+00	8.224096e-02	1.000000e+00	1.200000e+01
355	2.244892e+00	0.000000e+00	2.257411e+00	0.000000e+00	3.083381e+00	0.000000e+00	3.090826e+00	0.000000e+00	1.002081e+00	8.224096e-02	1.000000e+00	1.200000e+01
356	-1.806113e+00	0.000000e+00	-1.790240e+00	0.000000e+00	-4.051005e+00	0.000000e+00	-4.047651e+00	0.000000e+00	9.996177e-01	8.224096e-02	1.000000e+00	1.200000e+01
357	6.622171e-01	0.000000e+00	6.771809e-01	0.000000e+00	2.468330e+00	0.000000e+00	2.467421e+00	0.000000e+00	9.996276e-01	8.224096e-02	1.000000e+00	1.200000e+01
358	-1.004433e+00	0.000000e+00	-9.978644e-01	0.000000e+00	-1.666650e+00	0.000000e+00	-1.675045e+00	0.000000e+00	1.002615e+00	8.224096e-02	1.000000e+00	1.200000e+01
359	2.108505e+00	0.000000e+00	2.120914e+00	0.000000e+00	3.112938e+00	0.000000e+00	3.118779e+00	0.000000e+00	1.002033e+00	8.224096e-02	1.000000e+00	1.200000e+01
360	-1.743619e+00	0.000000e+00	-1.728523e+00	0.000000e+00	-3.852124e+00	0.000000e+00	-3.849437e+00	0.000000e+00	9.997473e-01	8.224096e-02	1.000000e+00	1.200000e+01
361	9.115619e-01	0.000000e+00	9.257928e-01	0.000000e+00	2.655181e+00	0.000000e+00	2.654316e+00	0.000000e+00	9.996932e-01	8.224096e-02	1.000000e+00	1.200000e+01
362	-1.135067e+00	0.000000e+00	-1.127016e+00	0.000000e+00	-2.046628e+00	0.000000e+00	-2.052809e+00	0.000000e+00	1.001832e+00	8.224096e-02	1.000000e+00	1.200000e+01
363	2.035126e+00	0.000000e+00	2.047317e+00	0.000000e+00	3.170192e+00	0.000000e+00	3.174333e+00	0.000000e+00	1.001416e+00	8.224096e-02	1.000000e+00	1.200000e+01
364	-1.787204e+00	0.000000e+00	-1.772226e+00	0.000000e+00	-3.822330e+00	0.000000e+00	-3.819543e+00	0.000000e+00	9.996234e-01	8.224096e-02	1.000000e+00	1.200000e+01
365	1.355865e+00	0.000000e+00	1.368190e+00	0.000000e+00	3.143069e+00	0.000000e+00	3.140415e+00	0.000000e+00	9.992538e-01	8.224096e-02	1.000000e+00	1.200000e+01
366	-1.647222e+00	0.000000e+00	-1.635443e+00	0.000000e+00	-3.003087e+00	0.000000e+00	-3.003633e+00	0.000000e+00	9.999753e-01	8.224096e-02	1.000000e+00	1.200000e+01
367	1.703817e+00	0.000000e+00	1.715317e+00	0.000000e+00	3.351039e+00	0.000000e+00	3.350760e+00	0.000000e+00	9.999280e-01	8.224096e-02	1.000000e+00	1.200000e+01
368	-1.678355e+00	0.000000e+00	-1.665098e+00	0.000000e+00	-3.382172e+00	0.000000e+00	-3.380415e+00	0.000000e+00	9.995662e-01	8.224096e-02	1.000000e+00	1.200000e+01
369	1.792680e+00	0.000000e+00	1.803717e+00	0.000000e+00	3.471035e+00	0.000000e+00	3.468815e+00	0.000000e+00	9.993986e-01	8.224096e-02	1.000000e+00	1.200000e+01
370	-1.495406e+00	0.000000e+00	-1.482519e+00	0.000000e+00	-3.288086e+00	0.000000e+00	-3.286235e+00	0.000000e+00	9.994296e-01	8.224096e-02	1.000000e+00	1.200000e+01
371	1.445363e+00	0.000000e+00	1.458470e+00	0.000000e+00	2.940769e+00	0.000000e+00	2.940989e+00	0.000000e+00	9.999273e-01	8.224096e-02	1.000000e+00	1.200000e+01
372	-1.490856e+00	0.000000e+00	-1.479335e+00	0.000000e+00	-2.936219e+00	0.000000e+00	-2.937805e+00	0.000000e+00	1.000400e+00	8.224096e-02	1.000000e+00	1.200000e+01
373	1.552577e+00	0.000000e+00	1.565278e+00	0.000000e+00	3.043433e+00	0.000000e+00	3.044612e+00	0.000000e+00	1.000390e+00	8.224096e-02	1.000000e+00	1.200000e+01
374	-1.512611e+00	0.000000e+00	-1.500588e+00	0.000000e+00	-3.065189e+00	0.000000e+00	-3.065866e+00	0.000000e+00	1.000258e+00	8.224096e-02	1.000000e+00	1.200000e+01
375	1.500348e+00	0.000000e+00	1.513169e+00	0.000000e+00	3.012959e+00	0.000000e+00	3.013757e+00	0.000000e+00	1.000263e+00	8.224096e-02	1.000000e+00	1.200000e+01
376	-1.449186e+00	0.000000e+00	-1.437614e+00	0.000000e+00	-2.949533e+00	0.000000e+00	-2.950783e+00	0.000000e+00	1.000387e+00	8.224096e-02	1.000000e+00	1.200000e+01
377	1.515201e+00	0.000000e+00	1.528210e+00	0.000000e+00	2.964387e+00	0.000000e+00	2.965824e+00	0.000000e+00	1.000463e+00	8.224096e-02	1.000000e+00	1.200000e+01
378	-1.480647e+00	0.000000e+00	-1.468894e+00	0.000000e+00	-2.995848e+00	0.000000e+00	-2.997104e+00	0.000000e+00	1.000429e+00	8.224096e-02	1.000000e+00	1.200000e+01
379	1.452032e+00	0.000000e+00	1.465166e+00	0.000000e+00	2.932679e+00	0.000000e+00	2.934060e+00	0.000000e+00	1.000461e+00	8.224096e-02	1.000000e+00	1.200000e+01
380	-1.427261e+00	0.000000e+00	-1.415962e+00	0.000000e+00	-2.879293e+00	0.000000e+00	-2.881128e+00	0.000000e+00	1.000596e+00	8.224096e-02	1.000000e+00	1.200000e+01
381	1.674598e+00	0.000000e+00	1.687069e+00	0.000000e+00	3.101859e+00	0.000000e+00	3.103031e+00	0.000000e+00	1.000425e+00	8.224096e-02	1.000000e+00	1.200000e+01
382	-1.572898e+00	0.000000e+00	-1.560163e+00	0.000000e+00	-3.247495e+00	0.000000e+00	-3.247232e+00	0.000000e+00	1.000021e+00	8.224096e-02	1.000000e+00	1.200000e+01
383	1.618747e+00	0.000000e+00	1.630873e+00	0.000000e+00	3.191644e+00	0.000000e+00	3.191036e+00	0.000000e+00	9.998530e-01	8.224096e-02	1.000000e+00	1.200000e+01
384	-1.593868e+00	0.000000e+00	-1.581272e+00	0.000000e+00	-3.212615e+00	0.000000e+00	-3.212144e+00	0.000000e+00	9.998534e-01	8.224096e-02	1.000000e+00	1.200000e+01
385	1.530851e+00	0.000000e+00	1.543238e+00	0.000000e+00	3.124720e+00	0.000000e+00	3.124510e+00	0.000000e+00	9.999161e-01	8.224096e-02	1.000000e+00	1.200000e+01
386	-1.521687e+00	0.000000e+00	-1.509714e+00	0.000000e+00	-3.052538e+00	0.000000e+00	-3.052953e+00	0.000000e+00	1.000088e+00	8.224096e-02	1.000000e+00	1.200000e+01
387	1.543821e+00	0.000000e+00	1.556437e+00	0.000000e+00	3.065508e+00	0.000000e+00	3.066152e+00	0.000000e+00	1.000183e+00	8.224096e-02	1.000000e+00	1.200000e+01
388	-1.570580e+00	0.000000e+00	-1.558365e+00	0.000000e+00	-3.114401e+00	0.000000e+00	-3.114802e+00	0.000000e+00	1.000140e+00	8.224096e-02	1.000000e+00	1.200000e+01
389	1.781261e+00	0.000000e+00	1.792759e+00	0.000000e+00	3.351840e+00	0.000000e+00	3.351124e+00	0.000000e+00	9.998547e-01	8.224096e-02	1.000000e+00	1.200000e+01
390	-1.688624e+00	0.000000e+00	-1.675025e+00	0.000000e+00	-3.469885e+00	0.000000e+00	-3.467784e+00	0.000000e+00	9.994798e-01	8.224096e-02	1.000000e+00	1.200000e+01
391	1.918024e+00	0.000000e+00	1.928532e+00	0.000000e+00	3.606648e+00	0.000000e+00	3.603557e+00	0.000000e+00	9.992025e-01	8.224096e-02	1.000000e+00	1.200000e+01
392	-1.571488e+00	0.000000e+00	-1.557816e+00	0.000000e+00	-3.489512e+00	0.000000e+00	-3.486348e+00	0.000000e+00	9.991135e-01	8.224096e-02	1.000000e+00	1.200000e+01
393	1.921470e+00	0.000000e+00	1.932422e+00	0.000000e+00	3.492958e+00	0.000000e+00	3.490239e+00	0.000000e+00	9.992017e-01	8.224096e-02	1.000000e+00	1.200000e+01
394	-5.271885e-01	0.000000e+00	-5.175806e-01	0.000000e+00	-2.448658e+00	0.000000e+00	-2.450003e+00	0.000000e+00	1.000162e+00	8.224096e-02	1.000000e+00	1.200000e+01
395	9.129396e-01	0.000000e+00	9.318953e-01	0.000000e+00	1.440128e+00	0.000000e+00	1.449476e+00	0.000000e+00	1.003223e+00	8.224096e-02	1.000000e+00	1.200000e+01
396	-1.937966e+00	0.000000e+00	-1.926756e+00	0.000000e+00	-2.850906e+00	0.000000e+00	-2.858651e+00	0.000000e+00	1.002837e+00	8.224096e-02	1.000000e+00	1.200000e+01
397	1.145146e+00	0.000000e+00	1.157690e+00	0.000000e+00	3.083113e+00	0.000000e+00	3.084447e+00	0.000000e+00	1.000950e+00	8.224096e-02	1.000000e+00	1.200000e+01
398	-1.061865e+00	0.000000e+00	-1.053195e+00	0.000000e+00	-2.207012e+00	0.000000e+00	-2.210886e+00	0.000000e+00	1.001492e+00	8.224096e-02	1.000000e+00	1.200000e+01
399	9.459449e-01	0.000000e+00	9.626794e-01	0.000000e+00	2.007810e+00	0.000000e+00	2.015874e+00	0.000000e+00	1.003095e+00	8.224096e-02	1.000000e+00	1.200000e+01
400	-1.643174e+00	0.000000e+00	-1.632995e+00	0.000000e+00	-2.589119e+00	0.000000e+00	-2.595674e+00	0.000000e+00	1.002683e+00	8.224096e-02	1.000000e+00	1.200000e+01
401	2.341174e+00	0.000000e+00	2.350194e+00	0.000000e+00	3.984348e+00	0.000000e+00	3.983189e+00	0.000000e+00	1.000174e+00	8.224096e-02	1.000000e+00	1.200000e+01
402	-1.554842e+00	0.000000e+00	-1.539588e+00	7.485812e-01	-3.896016e+00	0.000000e+00	-3.889782e+00	7.485812e-01	9.986847e-01	8.224096e-02	1.000000e+00	1.200000e+01
403	2.081079e+00	0.000000e+00	2.091480e+00	0.000000e+00	3.635921e+00	0.000000e+00	3.631068e+00	-7.485812e-01	9.986685e-01	8.224096e-02	1.000000e+00	1.200000e+01
404	-1.799948e+00	0.000000e+00	-1.784747e+00	0.000000e+00	-3.881027e+00	0.000000e+00	-3.876227e+00	0.000000e+00	9.987478e-01	8.224096e-02	1.000000e+00	1.200000e+01
405	1.777320e+00	0.000000e+00	1.787950e+00	0.000000e+00	3.577268e+00	0.000000e+00	3.572697e+00	0.000000e+00	9.987267e-01	8.224096e-02	1.000000e+00	1.200000e+01
406	-1.775735e+00	0.000000e+00	-1.761814e+00	0.000000e+00	-3.553055e+00	0.000000e+00	-3.549764e+00	0.000000e+00	9.990112e-01	8.224096e-02	1.000000e+00	1.200000e+01
407	1.905605e+00	0.000000e+00	1.915823e+00	0.000000e+00	3.681340e+00	0.000000e+00	3.677637e+00	0.000000e+00	9.989971e-01	8.224096e-02	1.000000e+00	1.200000e+01
408	-1.735696e+00	0.000000e+00	-1.721432e+00	0.000000e+00	-3.641301e+00	0.000000e+00	-3.637255e+00	0.000000e+00	9.989078e-01	8.224096e-02	1.000000e+00	1.200000e+01
409	1.947151e+00	0.000000e+00	1.957365e+00	0.000000e+00	3.682847e+00	0.000000e+00	3.678797e+00	0.000000e+00	9.989015e-01	8.224096e-02	1.000000e+00	1.200000e+01
410	-5.906639e-01	0.000000e+00	-5.807107e-01	0.000000e+00	-2.537815e+00	0.000000e+00	-2.538075e+00	0.000000e+00	9.997721e-01	8.224096e-02	1.000000e+00	1.200000e+01
411	1.115973e+00	0.000000e+00	1.133889e+00	3.784526e-01	1.706637e+00	0.000000e+00	1.714600e+00	3.784526e-01	1.002528e+00	8.224096e-02	1.000000e+00	1.200000e+01
412	-2.626783e+00	0.000000e+00	-2.612093e+00	0.000000e+00	-3.742756e+00	0.000000e+00	-3.745982e+00	-3.784526e-01	1.001143e+00	8.224096e-02	1.000000e+00	1.200000e+01
413	2.304800e+00	0.000000e+00	2.310137e+00	0.000000e+00	4.931582e+00	0.000000e+00	4.922229e+00	0.000000e+00	9.984748e-01	8.224096e-02	1.000000e+00	1.200000e+01
414	-1.006139e+00	0.000000e+00	-9.931849e-01	0.000000e+00	-3.310939e+00	0.000000e+00	-3.303322e+00	0.000000e+00	9.978518e-01	8.224096e-02	1.000000e+00	1.200000e+01
415	5.404310e-01	0.000000e+00	5.589840e-01	0.000000e+00	1.546570e+00	0.000000e+00	1.552169e+00	0.000000e+00	1.000836e+00	8.224096e-02	1.000000e+00	1.200000e+01
416	-2.732451e+00	0.000000e+00	-2.719594e+00	0.000000e+00	-3.272882e+00	0.000000e+00	-3.278578e+00	0.000000e+00	1.001560e+00	8.224096e-02	1.000000e+00	1.200000e+01
417	-2.933659e+00	0.000000e+00	-2.932822e+00	0.000000e+00	-2.012074e-01	0.000000e+00	-2.132283e-01	0.000000e+00	1.002657e+00	8.224096e-02	1.000000e+00	1.200000e+01
418	-2.369808e+00	0.000000e+00	-2.372007e+00	0.000000e+00	5.638508e-01	0.000000e+00	5.608153e-01	0.000000e+00	1.001609e+00	8.224096e-02	1.000000e+00	1.200000e+01
419	2.967866e+00	0.000000e+00	2.971551e+00	0.000000e+00	5.337674e+00	0.000000e+00	5.343558e+00	0.000000e+00	1.001159e+00	8.224096e-02	1.000000e+00	1.200000e+01
420	-5.559387e-01	0.000000e+00	-5.421594e-01	0.000000e+00	-3.523805e+00	0.000000e+00	-3.513710e+00	0.000000e+00	9.978669e-01	8.224096e-02	1.000000e+00	1.200000e+01
421	6.682791e-01	0.000000e+00	6.880945e-01	0.000000e+00	1.224218e+00	0.000000e+00	1.230254e+00	0.000000e+00	1.000741e+00	8.224096e-02	1.000000e+00	1.200000e+01
422	-2.444215e+00	0.000000e+00	-2.431979e+00	0.000000e+00	-3.112494e+00	0.000000e+00	-3.120074e+00	0.000000e+00	1.002075e+00	8.224096e-02	1.000000e+00	1.200000e+01
423	1.901752e+00	0.000000e+00	1.909367e+00	0.000000e+00	4.345967e+00	0.000000e+00	4.341346e+00	0.000000e+00	9.993792e-01	8.224096e-02	1.000000e+00	1.200000e+01
424	-1.565331e+00	0.000000e+00	-1.551758e+00	0.000000e+00	-3.467083e+00	0.000000e+00	-3.461125e+00	0.000000e+00	9.984852e-01	8.224096e-02	1.000000e+00	1.200000e+01
425	2.031738e+00	0.000000e+00	2.042283e+00	0.000000e+00	3.597069e+00	0.000000e+00	3.594042e+00	0.000000e+00	9.990391e-01	8.224096e-02	1.000000e+00	1.200000e+01
426	-1.667750e+00	0.000000e+00	-1.653258e+00	0.000000e+00	-3.699488e+00	0.000000e+00	-3.695541e+00	0.000000e+00	9.989513e-01	8.224096e-02	1.000000e+00	1.200000e+01
427	2.002425e+00	0.000000e+00	2.012689e+00	0.000000e+00	3.670175e+00	0.000000e+00	3.665947e+00	0.000000e+00	9.988657e-01	8.224096e-02	1.000000e+00	1.200000e+01
428	-1.569357e+00	0.000000e+00	-1.555364e+00	0.000000e+00	-3.571782e+00	0.000000e+00	-3.568053e+00	0.000000e+00	9.989399e-01	8.224096e-02	1.000000e+00	1.200000e+01
429	1.693501e+00	0.000000e+00	1.705354e+00	0.000000e+00	3.262858e+00	0.000000e+00	3.260718e+00	0.000000e+00	9.992633e-01	8.224096e-02	1.000000e+00	1.200000e+01
430	-1.703257e+00	0.000000e+00	-1.689942e+00	0.000000e+00	-3.396758e+00	0.000000e+00	-3.395296e+00	0.000000e+00	9.995113e-01	8.224096e-02	1.000000e+00	1.200000e+01
431	1.833836e+00	0.000000e+00	1.844615e+00	1.518504e-01	3.537092e+00	0.000000e+00	3.534556e+00	1.518504e-01	9.993243e-01	8.224096e-02	1.000000e+00	1.200000e+01
432	-2.244808e+00	0.000000e+00	-2.228834e+00	0.000000e+00	-4.078644e+00	0.000000e+00	-4.073448e+00	-1.518504e-01	9.988171e-01	8.224096e-02	1.000000e+00	1.200000e+01
433	2.591628e+00	0.000000e+00	2.597342e+00	0.000000e+00	4.836436e+00	0.000000e+00	4.826176e+00	0.000000e+00	9.979957e-01	8.224096e-02	1.000000e+00	1.200000e+01
434	-3.412436e-01	0.000000e+00	-3.297648e-01	0.000000e+00	-2.932872e+00	0.000000e+00	-2.927107e+00	0.000000e+00	9.980255e-01	8.224096e-02	1.000000e+00	1.200000e+01
435	1.316761e+00	0.000000e+00	1.334873e+00	0.000000e+00	1.658005e+00	0.000000e+00	1.664638e+00	0.000000e+00	1.001311e+00	8.224096e-02	1.000000e+00	1.200000e+01
436	-2.594019e+00	0.000000e+00	-2.578672e+00	0.000000e+00	-3.910781e+00	0.000000e+00	-3.913545e+00	0.000000e+00	1.000804e+00	8.224096e-02	1.000000e+00	1.200000e+01
437	2.831840e+00	0.000000e+00	2.835249e+00	0.000000e+00	5.425860e+00	0.000000e+00	5.413921e+00	0.000000e+00	9.981315e-01	8.224096e-02	1.000000e+00	1.200000e+01
438	-6.693219e-01	0.000000e+00	-6.556322e-01	0.000000e+00	-3.501162e+00	0.000000e+00	-3.490882e+00	0.000000e+00	9.972593e-01	8.224096e-02	1.000000e+00	1.200000e+01
439	1.118874e+00	0.000000e+00	1.136486e+00	0.000000e+00	1.788196e+00	0.000000e+00	1.792118e+00	0.000000e+00	1.000143e+00	8.224096e-02	1.000000e+00	1.200000e+01
440	-2.352408e+00	0.000000e+00	-2.338779e+00	0.000000e+00	-3.471282e+00	0.000000e+00	-3.475265e+00	0.000000e+00	1.000961e+00	8.224096e-02	1.000000e+00	1.200000e+01
441	2.246063e+00	0.000000e+00	2.252697e+00	0.000000e+00	4.598470e+00	0.000000e+00	4.591476e+00	0.000000e+00	9.988069e-01	8.224096e-02	1.000000e+00	1.200000e+01
442	-1.001108e+00	0.000000e+00	-9.883983e-01	0.000000e+00	-3.247171e+00	0.000000e+00	-3.241095e+00	0.000000e+00	9.982654e-01	8.224096e-02	1.000000e+00	1.200000e+01
443	1.245535e+00	0.000000e+00	1.261352e+00	0.000000e+00	2.246643e+00	0.000000e+00	2.249751e+00	0.000000e+00	1.000387e+00	8.224096e-02	1.000000e+00	1.200000e+01
444	-1.626875e+00	0.000000e+00	-1.615593e+00	0.000000e+00	-2.872410e+00	0.000000e+00	-2.876945e+00	0.000000e+00	1.001298e+00	8.224096e-02	1.000000e+00	1.200000e+01
445	1.449905e+00	0.000000e+00	1.462474e+00	0.000000e+00	3.076780e+00	0.000000e+00	3.078067e+00	0.000000e+00	1.000608e+00	8.224096e-02	1.000000e+00	1.200000e+01
446	-1.474857e+00	0.000000e+00	-1.463383e+00	0.000000e+00	-2.924762e+00	0.000000e+00	-2.925857e+00	0.000000e+00	1.000428e+00	8.224096e-02	1.000000e+00	1.200000e+01
447	1.523088e+00	0.000000e+00	1.535966e+00	0.000000e+00	2.997945e+00	0.000000e+00	2.999349e+00	0.000000e+00	1.000459e+00	8.224096e-02	1.000000e+00	1.200000e+01
448	-1.635738e+00	0.000000e+00	-1.623348e+00	0.000000e+00	-3.158825e+00	0.000000e+00	-3.159314e+00	0.000000e+00	1.000218e+00	8.224096e-02	1.000000e+00	1.200000e+01
449	1.644658e+00	0.000000e+00	1.656436e+00	0.000000e+00	3.280396e+00	0.000000e+00	3.279784e+00	0.000000e+00	9.998941e-01	8.224096e-02	1.000000e+00	1.200000e+01
450	-1.377461e+00	0.000000e+00	-1.365609e+00	0.000000e+00	-3.022119e+00	0.000000e+00	-3.022045e+00	0.000000e+00	9.999578e-01	8.224096e-02	1.000000e+00	1.200000e+01
451	1.439748e+00	0.000000e+00	1.453334e+00	0.000000e+00	2.817209e+00	0.000000e+00	2.818943e+00	0.000000e+00	1.000457e+00	8.224096e-02	1.000000e+00	1.200000e+01
452	-1.711012e+00	0.000000e+00	-1.698652e+00	0.000000e+00	-3.150761e+00	0.000000e+00	-3.151985e+00	0.000000e+00	1.000403e+00	8.224096e-02	1.000000e+00	1.200000e+01
453	1.590278e+00	0.000000e+00	1.601974e+00	0.000000e+00	3.301290e+00	0.000000e+00	3.300626e+00	0.000000e+00	9.999179e-01	8.224096e-02	1.000000e+00	1.200000e+01
454	-1.426333e+00	0.000000e+00	-1.414504e+00	0.000000e+00	-3.016611e+00	0.000000e+00	-3.016478e+00	0.000000e+00	9.999475e-01	8.224096e-02	1.000000e+00	1.200000e+01
455	1.424498e+00	0.000000e+00	1.437952e+00	0.000000e+00	2.850831e+00	0.000000e+00	2.852456e+00	0.000000e+00	1.000422e+00	8.224096e-02	1.000000e+00	1.200000e+01
456	-1.619644e+00	0.000000e+00	-1.607700e+00	0.000000e+00	-3.044142e+00	0.000000e+00	-3.045652e+00	0.000000e+00	1.000480e+00	8.224096e-02	1.000000e+00	1.200000e+01
457	1.577803e+00	0.000000e+00	1.589904e+00	0.000000e+00	3.197448e+00	0.000000e+00	3.197604e+00	0.000000e+00	1.000137e+00	8.224096e-02	1.000000e+00	1.200000e+01
458	-1.546534e+00	0.000000e+00	-1.534283e+00	0.000000e+00	-3.124338e+00	0.000000e+00	-3.124186e+00	0.000000e+00	9.999909e-01	8.224096e-02	1.000000e+00	1.200000e+01
459	1.438733e+00	0.000000e+00	1.451663e+00	0.000000e+00	2.985267e+00	0.000000e+00	2.985946e+00	0.000000e+00	1.000174e+00	8.224096e-02	1.000000e+00	1.200000e+01
460	-1.470272e+00	0.000000e+00	-1.458858e+00	0.000000e+00	-2.909005e+00	0.000000e+00	-2.910521e+00	0.000000e+00	1.000441e+00	8.224096e-02	1.000000e+00	1.200000e+01
461	1.425769e+00	0.000000e+00	1.439044e+00	0.000000e+00	2.896040e+00	0.000000e+00	2.897902e+00	0.000000e+00	1.000596e+00	8.224096e-02	1.000000e+00	1.200000e+01
462	-1.496637e+00	0.000000e+00	-1.485170e+00	0.000000e+00	-2.922406e+00	0.000000e+00	-2.924214e+00	0.000000e+00	1.000613e+00	8.224096e-02	1.000000e+00	1.200000e+01
463	1.523886e+00	0.000000e+00	1.536676e+00	1.210871e+00	3.020523e+00	0.000000e+00	3.021846e+00	1.210871e+00	1.000477e+00	8.224096e-02	1.000000e+00	1.200000e+01
464	-2.247233e+00	0.000000e+00	-2.232452e+00	0.000000e+00	-3.771119e+00	0.000000e+00	-3.769127e+00	-1.210871e+00	9.996398e-01	8.224096e-02	1.000000e+00	1.200000e+01
465	2.497260e+00	0.000000e+00	2.503328e+00	0.000000e+00	4.744492e+00	0.000000e+00	4.735780e+00	0.000000e+00	9.983519e-01	8.224096e-02	1.000000e+00	1.200000e+01
466	-7.590142e-01	0.000000e+00	-7.462707e-01	0.000000e+00	-3.256274e+00	0.000000e+00	-3.249599e+00	0.000000e+00	9.980307e-01	8.224096e-02	1.000000e+00	1.200000e+01
467	1.162718e+00	0.000000e+00	1.179805e+00	0.000000e+00	1.921733e+00	0.000000e+00	1.926076e+00	0.000000e+00	1.000637e+00	8.224096e-02	1.000000e+00	1.200000e+01
468	-2.565219e+00	0.000000e+00	-2.550590e+00	0.000000e+00	-3.727938e+00	0.000000e+00	-3.730395e+00	0.000000e+00	1.000656e+00	8.224096e-02	1.000000e+00	1.200000e+01
469	2.927573e+00	0.000000e+00	2.930718e+00	0.000000e+00	5.492793e+00	0.000000e+00	5.481308e+00	0.000000e+00	9.982087e-01	8.224096e-02	1.000000e+00	1.200000e+01
470	-4.345630e-01	0.000000e+00	-4.214174e-01	0.000000e+00	-3.362136e+00	0.000000e+00	-3.352135e+00	0.000000e+00	9.972536e-01	8.224096e-02	1.000000e+00	1.200000e+01
471	8.596014e-01	0.000000e+00	8.791411e-01	5.379861e-01	1.294164e+00	0.000000e+00	1.300558e+00	5.379861e-01	1.000582e+00	8.224096e-02	1.000000e+00	1.200000e+01
472	-2.836700e+00	0.000000e+00	-2.822185e+00	0.000000e+00	-3.696302e+00	0.000000e+00	-3.701326e+00	-5.379861e-01	1.001226e+00	8.224096e-02	1.000000e+00	1.200000e+01
473	-2.986166e+00	0.000000e+00	-2.985526e+00	0.000000e+00	-1.494659e-01	0.000000e+00	-1.633404e-01	0.000000e+00	1.002187e+00	8.224096e-02	1.000000e+00	1.200000e+01
474	-1.923124e+00	0.000000e+00	-1.927274e+00	0.000000e+00	1.063042e+00	0.000000e+00	1.058252e+00	0.000000e+00	9.998916e-01	8.224096e-02	1.000000e+00	1.200000e+01
475	2.911250e+00	0.000000e+00	2.916894e+00	0.000000e+00	4.834374e+00	0.000000e+00	4.844167e+00	0.000000e+00	1.001759e+00	8.224096e-02	1.000000e+00	1.200000e+01
476	-4.595349e-01	0.000000e+00	-4.463457e-01	0.000000e+00	-3.370785e+00	0.000000e+00	-3.363239e+00	0.000000e+00	9.985297e-01	8.224096e-02	1.000000e+00	1.200000e+01
477	7.726427e-01	0.000000e+00	7.924247e-01	0.000000e+00	1.232178e+00	0.000000e+00	1.238770e+00	0.000000e+00	1.001326e+00	8.224096e-02	1.000000e+00	1.200000e+01
478	3.041130e+00	0.000000e+00	3.056889e+00	0.000000e+00	2.268487e+00	0.000000e+00	2.264465e+00	0.000000e+00	9.992058e-01	8.224096e-02	1.000000e+00	1.200000e+01
479	-1.064398e+00	0.000000e+00	-1.048299e+00	0.000000e+00	-4.105527e+00	0.000000e+00	-4.105188e+00	0.000000e+00	9.998101e-01	8.224096e-02	1.000000e+00	1.200000e+01
480	7.392194e-01	0.000000e+00	7.567806e-01	0.000000e+00	1.803617e+00	0.000000e+00	1.805079e+00	0.000000e+00	1.000399e+00	8.224096e-02	1.000000e+00	1.200000e+01
481	2.795660e+00	0.000000e+00	2.812239e+00	0.000000e+00	2.056440e+00	0.000000e+00	2.055458e+00	0.000000e+00	9.998336e-01	8.224096e-02	1.000000e+00	1.200000e+01
482	-1.035014e+00	0.000000e+00	-1.019985e+00	0.000000e+00	-3.830673e+00	0.000000e+00	-3.832224e+00	0.000000e+00	1.000311e+00	8.224096e-02	1.000000e+00	1.200000e+01
483	8.463263e-01	0.000000e+00	8.635797e-01	0.000000e+00	1.881340e+00	0.000000e+00	1.883565e+00	0.000000e+00	1.000840e+00	8.224096e-02	1.000000e+00	1.200000e+01
484	3.011038e+00	0.000000e+00	3.027193e+00	0.000000e+00	2.164711e+00	0.000000e+00	2.163613e+00	0.000000e+00	9.999430e-01	8.224096e-02	1.000000e+00	1.200000e+01
485	-1.153773e+00	0.000000e+00	-1.137441e+00	0.000000e+00	-4.164811e+00	0.000000e+00	-4.164634e+00	0.000000e+00	9.999554e-01	8.224096e-02	1.000000e+00	1.200000e+01
486	1.074293e+00	0.000000e+00	1.090197e+00	0.000000e+00	2.228066e+00	0.000000e+00	2.227639e+00	0.000000e+00	9.998556e-01	8.224096e-02	1.000000e+00	1.200000e+01
487	-3.088943e+00	0.000000e+00	-3.072618e+00	0.000000e+00	-4.163236e+00	0.000000e+00	-4.162815e+00	0.000000e+00	9.998925e-01	8.224096e-02	1.000000e+00	1.200000e+01
488	-2.565222e+00	0.000000e+00	-2.567204e+00	0.000000e+00	5.237209e-01	0.000000e+00	5.054141e-01	0.000000e+00	9.958999e-01	8.224096e-02	1.000000e+00	1.200000e+01
489	-1.770967e+00	0.000000e+00	-1.774077e+00	0.000000e+00	7.942550e-01	0.000000e+00	7.931267e-01	0.000000e+00	9.965103e-01	8.224096e-02	1.000000e+00	1.200000e+01
490	3.122572e+00	0.000000e+00	3.127988e+00	0.000000e+00	4.893538e+00	0.000000e+00	4.902065e+00	0.000000e+00	1.001098e+00	8.224096e-02	1.000000e+00	1.200000e+01
491	-2.357745e-01	0.000000e+00	-2.226348e-01	0.000000e+00	-3.358346e+00	0.000000e+00	-3.350623e+00	0.000000e+00	9.983562e-01	8.224096e-02	1.000000e+00	1.200000e+01
492	6.188115e-01	0.000000e+00	6.400683e-01	0.000000e+00	8.545860e-01	0.000000e+00	8.627031e-01	0.000000e+00	1.001188e+00	8.224096e-02	1.000000e+00	1.200000e+01
493	2.167489e+00	0.000000e+00	2.186066e+00	3.030652e-01	1.548678e+00	0.000000e+00	1.545998e+00	3.030652e-01	9.996760e-01	8.224096e-02	1.000000e+00	1.200000e+01
494	-2.629132e+00	0.000000e+00	-2.610322e+00	0.000000e+00	-4.796621e+00	0.000000e+00	-4.796389e+00	-3.030652e-01	9.999169e-01	8.224096e-02	1.000000e+00	1.200000e+01
495	-2.755794e+00	0.000000e+00	-2.755225e+00	0.000000e+00	-1.266620e-01	0.000000e+00	-1.449031e-01	0.000000e+00	1.001006e+00	8.224096e-02	1.000000e+00	1.200000e+01
496	-1.926635e+00	0.000000e+00	-1.929871e+00	0.000000e+00	8.291589e-01	0.000000e+00	8.253540e-01	0.000000e+00	9.996465e-01	8.224096e-02	1.000000e+00	1.200000e+01
497	2.734024e+00	0.000000e+00	2.740349e+00	0.000000e+00	4.660659e+00	0.000000e+00	4.670221e+00	0.000000e+00	1.001739e+00	8.224096e-02	1.000000e+00	1.200000e+01
498	-4.618683e-02	0.000000e+00	-3.530192e-02	0.000000e+00	-2.780211e+00	0.000000e+00	-2.775651e+00	0.000000e+00	9.991887e-01	8.224096e-02	1.000000e+00	1.200000e+01
499	7.297882e-01	0.000000e+00	7.513433e-01	0.000000e+00	7.759751e-01	0.000000e+00	7.866452e-01	0.000000e+00	1.002390e+00	8.224096e-02	1.000000e+00	1.200000e+01
