#sequence delta(k-1),f(k-1),theta(k),v(k),delta_diff(k-1),f_diff(k-1),theta_diff(k),v_diff(k),phi(1,1;k),phi(1,2;k),phi(2,1;k),phi(2,2;k)
1	-7.719710e-01	0.000000e+00	-7.717667e-01	4.786154e-01	-7.719710e-01	0.000000e+00	-5.209219e-02	4.716497e-01	7.966288e-01	1.000000e-01	1.000000e+00	1.200000e+01
2	-6.959581e-01	2.000000e-01	-6.962542e-01	2.455712e+00	7.601290e-02	2.000000e-01	7.551249e-02	1.977096e+00	7.964509e-01	9.953177e-02	9.823891e-01	1.195366e+01
3	-2.389954e-01	3.856180e-01	-2.407816e-01	5.047362e+00	4.569626e-01	1.856180e-01	4.554726e-01	2.591650e+00	8.105873e-01	1.052740e-01	9.676661e-01	1.194768e+01
4	-5.685545e-01	4.298701e-01	-5.672742e-01	6.443877e+00	-3.295591e-01	4.425209e-02	-3.264926e-01	1.396515e+00	8.200832e-01	1.039989e-01	7.916300e-01	1.197132e+01
5	-9.416177e-01	4.311008e-01	-9.401554e-01	6.257265e+00	-3.730631e-01	1.230675e-03	-3.728812e-01	-1.866112e-01	8.311945e-01	1.039622e-01	7.760592e-01	1.197137e+01
6	-8.629441e-01	5.920322e-01	-8.632457e-01	8.418014e+00	7.867358e-02	1.609314e-01	7.690969e-02	2.160749e+00	8.310027e-01	1.035700e-01	7.824266e-01	1.198440e+01
7	-6.957578e-01	6.950702e-01	-6.964121e-01	8.601730e+00	1.671863e-01	1.030380e-01	1.668336e-01	1.837157e-01	8.323451e-01	1.043973e-01	6.903402e-01	1.192764e+01
8	-7.112846e-01	8.950702e-01	-7.112265e-01	1.037782e+01	-1.552676e-02	2.000000e-01	-1.481441e-02	1.776086e+00	8.325097e-01	1.022768e-01	6.946688e-01	1.187189e+01
9	-7.973366e-01	1.095070e+00	-7.970002e-01	1.393252e+01	-8.605201e-02	2.000000e-01	-8.577373e-02	3.554700e+00	8.338909e-01	9.906681e-02	6.451537e-01	1.198697e+01
10	-7.895084e-01	9.942150e-01	-7.895376e-01	1.356365e+01	7.828241e-03	-1.008552e-01	7.462608e-03	-3.688687e-01	8.339313e-01	9.854604e-02	6.482429e-01	1.194717e+01
11	-7.301415e-01	1.010984e+00	-7.303735e-01	1.385001e+01	5.936691e-02	1.676904e-02	5.916416e-02	2.863655e-01	8.341565e-01	9.860967e-02	6.495809e-01	1.194755e+01
12	-7.231354e-01	1.145635e+00	-7.231637e-01	1.634488e+01	7.006045e-03	1.346510e-01	7.209787e-03	2.494868e+00	8.341173e-01	9.785464e-02	6.524882e-01	1.200342e+01
13	-7.451218e-01	1.141097e+00	-7.450360e-01	1.714281e+01	-2.198636e-02	-4.537981e-03	-2.187231e-02	7.979305e-01	8.341495e-01	9.786130e-02	6.434386e-01	1.200156e+01
14	-7.208844e-01	1.140510e+00	-7.209787e-01	1.799457e+01	2.423737e-02	-5.870599e-04	2.405726e-02	8.517582e-01	8.341944e-01	9.786021e-02	6.531434e-01	1.200132e+01
15	-6.753207e-01	1.148784e+00	-6.754991e-01	1.809917e+01	4.556369e-02	8.273947e-03	4.547969e-02	1.045986e-01	8.343384e-01	9.788636e-02	6.526146e-01	1.200122e+01
16	-6.440273e-01	1.265425e+00	-6.441502e-01	1.911186e+01	3.129339e-02	1.166411e-01	3.134881e-02	1.012694e+00	8.342472e-01	9.754655e-02	6.466003e-01	1.197881e+01
17	-6.091421e-01	1.422170e+00	-6.092789e-01	2.072264e+01	3.488518e-02	1.567451e-01	3.487137e-02	1.610781e+00	8.340914e-01	9.684666e-02	6.418659e-01	1.195753e+01
18	-5.370143e-01	1.537808e+00	-5.372966e-01	2.261869e+01	7.212781e-02	1.156375e-01	7.198227e-02	1.896043e+00	8.341126e-01	9.688051e-02	6.577186e-01	1.198295e+01
19	-4.313112e-01	1.534818e+00	-4.317252e-01	2.382388e+01	1.057032e-01	-2.989449e-03	1.055714e-01	1.205198e+00	8.349959e-01	9.685553e-02	7.162113e-01	1.198130e+01
20	-2.699218e-01	1.438164e+00	-2.705538e-01	2.273978e+01	1.613894e-01	-9.665412e-02	1.611714e-01	-1.084105e+00	8.376906e-01	9.524170e-02	7.130738e-01	1.198318e+01
21	-1.077983e-01	1.495826e+00	-1.084340e-01	2.308361e+01	1.621235e-01	5.766216e-02	1.621198e-01	3.438292e-01	8.392705e-01	9.580360e-02	6.779577e-01	1.197069e+01
22	-2.853896e-02	1.632698e+00	-2.885105e-02	2.633240e+01	7.925932e-02	1.368717e-01	7.958299e-02	3.248793e+00	8.392686e-01	9.580040e-02	7.358373e-01	1.207064e+01
23	-7.995824e-03	1.526746e+00	-8.077290e-03	2.399520e+01	2.054313e-02	-1.059517e-01	2.077376e-02	-2.337207e+00	8.394014e-01	9.511577e-02	7.254236e-01	1.212435e+01
24	2.241513e-03	1.685126e+00	2.201205e-03	2.575470e+01	1.023734e-02	1.583801e-01	1.027850e-02	1.759501e+00	8.393371e-01	9.412177e-02	7.246159e-01	1.211185e+01
25	-5.157269e-02	1.786015e+00	-5.136264e-02	2.650636e+01	-5.381420e-02	1.008885e-01	-5.356384e-02	7.516632e-01	8.397915e-01	9.326994e-02	7.355688e-01	1.209132e+01
26	-1.823788e-01	1.880118e+00	-1.818670e-01	2.610582e+01	-1.308061e-01	9.410325e-02	-1.305044e-01	-4.005414e-01	8.415967e-01	9.197124e-02	8.240258e-01	1.202768e+01
27	-2.703663e-01	2.080118e+00	-2.700206e-01	2.854871e+01	-8.798745e-02	2.000000e-01	-8.815353e-02	2.442892e+00	8.429233e-01	8.895593e-02	8.195413e-01	1.203787e+01
28	-4.287202e-01	2.097881e+00	-4.281003e-01	2.894654e+01	-1.583539e-01	1.776282e-02	-1.580797e-01	3.978317e-01	8.448678e-01	8.873781e-02	7.962351e-01	1.204049e+01
29	-4.541741e-01	2.064874e+00	-4.540722e-01	2.848790e+01	-2.545390e-02	-3.300685e-02	-2.597197e-02	-4.586442e-01	8.448863e-01	8.876190e-02	7.967299e-01	1.204113e+01
30	-2.738596e-01	2.080490e+00	-2.745636e-01	2.912313e+01	1.803144e-01	1.561585e-02	1.795086e-01	6.352326e-01	8.470586e-01	8.895002e-02	8.223088e-01	1.204334e+01
31	-1.286374e-01	2.049533e+00	-1.292074e-01	2.788250e+01	1.452223e-01	-3.095685e-02	1.453562e-01	-1.240627e+00	8.487710e-01	8.858499e-02	7.549522e-01	1.205770e+01
32	1.247590e-01	2.181338e+00	1.237669e-01	2.939799e+01	2.533963e-01	1.318051e-01	2.529743e-01	1.515489e+00	8.518035e-01	9.016240e-02	7.242968e-01	1.204176e+01
33	2.550182e-01	2.209415e+00	2.545055e-01	3.014654e+01	1.302592e-01	2.807693e-02	1.307386e-01	7.485507e-01	8.528616e-01	9.039045e-02	7.436834e-01	1.204594e+01
34	4.029901e-01	2.149789e+00	4.024101e-01	2.983307e+01	1.479719e-01	-5.962599e-02	1.479046e-01	-3.134688e-01	8.547420e-01	8.963271e-02	7.641392e-01	1.203769e+01
35	3.587804e-01	2.097760e+00	3.589508e-01	2.979398e+01	-4.420971e-02	-5.202926e-02	-4.345926e-02	-3.909623e-02	8.547631e-01	8.965756e-02	7.511288e-01	1.202238e+01
36	3.008675e-01	2.036696e+00	3.010944e-01	2.867260e+01	-5.791291e-02	-6.106433e-02	-5.785645e-02	-1.121381e+00	8.548421e-01	8.974079e-02	7.605513e-01	1.203232e+01
37	2.909590e-01	2.104560e+00	2.909986e-01	2.925838e+01	-9.908495e-03	6.786469e-02	-1.009579e-02	5.857857e-01	8.548783e-01	8.949265e-02	7.615995e-01	1.202514e+01
38	2.018136e-01	2.142488e+00	2.021619e-01	2.985986e+01	-8.914543e-02	3.792790e-02	-8.883664e-02	6.014786e-01	8.555536e-01	8.920534e-02	7.526104e-01	1.202896e+01
39	1.300694e-01	2.106531e+00	1.303510e-01	3.001339e+01	-7.174414e-02	-3.595750e-02	-7.181091e-02	1.535264e-01	8.557989e-01	8.932830e-02	7.308684e-01	1.201806e+01
40	1.076902e-01	2.008594e+00	1.077788e-01	2.906911e+01	-2.237918e-02	-9.793641e-02	-2.257228e-02	-9.442736e-01	8.557426e-01	8.908168e-02	7.282339e-01	1.200654e+01
41	5.557451e-02	1.966925e+00	5.577843e-02	2.840707e+01	-5.211572e-02	-4.166959e-02	-5.200032e-02	-6.620471e-01	8.558337e-01	8.915457e-02	7.312914e-01	1.200898e+01
42	-1.590911e-03	1.983478e+00	-1.366812e-03	3.017426e+01	-5.716542e-02	1.655360e-02	-5.714525e-02	1.767196e+00	8.560966e-01	8.907845e-02	6.876458e-01	1.202162e+01
43	-9.575578e-03	1.783478e+00	-9.543512e-03	2.866914e+01	-7.984667e-03	-2.000000e-01	-8.176700e-03	-1.505125e+00	8.560353e-01	8.754410e-02	6.842819e-01	1.193736e+01
44	-9.085194e-03	1.644969e+00	-9.086984e-03	2.825665e+01	4.903835e-04	-1.385088e-01	4.565277e-04	-4.124846e-01	8.560381e-01	8.675152e-02	6.845681e-01	1.185651e+01
45	-4.760988e-02	1.491343e+00	-4.745940e-02	2.753870e+01	-3.852469e-02	-1.536265e-01	-3.837242e-02	-7.179524e-01	8.558948e-01	8.617976e-02	6.641481e-01	1.177508e+01
46	-5.165143e-02	1.358319e+00	-5.163506e-02	2.642804e+01	-4.041550e-03	-1.330240e-01	-4.175655e-03	-1.110660e+00	8.558743e-01	8.550663e-02	6.632758e-01	1.174637e+01
47	-3.529750e-02	1.307726e+00	-3.536132e-02	2.718444e+01	1.635393e-02	-5.059313e-02	1.627374e-02	7.564000e-01	8.559255e-01	8.534817e-02	6.736691e-01	1.171422e+01
48	-4.335750e-02	1.134555e+00	-4.332626e-02	2.607755e+01	-8.059998e-03	-1.731708e-01	-7.964944e-03	-1.106895e+00	8.558738e-01	8.423684e-02	6.701723e-01	1.163909e+01
49	-5.318247e-02	9.991093e-01	-5.314397e-02	2.455911e+01	-9.824968e-03	-1.354458e-01	-9.817703e-03	-1.518436e+00	8.558275e-01	8.359931e-02	6.698735e-01	1.163497e+01
50	-3.199514e-02	9.836343e-01	-3.207775e-02	2.491902e+01	2.118733e-02	-1.547503e-02	2.106622e-02	3.599045e-01	8.558701e-01	8.356825e-02	6.751630e-01	1.163111e+01
51	-1.570724e-02	8.915215e-01	-1.577119e-02	2.409717e+01	1.628790e-02	-9.211277e-02	1.630656e-02	-8.218459e-01	8.559476e-01	8.312983e-02	6.770004e-01	1.162072e+01
52	-1.457987e-02	8.160565e-01	-1.458452e-02	2.363327e+01	1.127371e-03	-7.546503e-02	1.186665e-03	-4.639029e-01	8.559511e-01	8.289767e-02	6.772205e-01	1.160598e+01
53	-1.194845e-02	7.128325e-01	-1.195875e-02	2.314626e+01	2.631419e-03	-1.032240e-01	2.625776e-03	-4.870049e-01	8.559622e-01	8.246212e-02	6.781023e-01	1.157139e+01
54	-5.184069e-03	5.640401e-01	-5.210532e-03	2.164344e+01	6.764381e-03	-1.487924e-01	6.748215e-03	-1.502821e+00	8.560042e-01	8.153748e-02	6.787834e-01	1.155641e+01
55	-4.642508e-03	4.955508e-01	-4.644727e-03	2.251931e+01	5.415604e-04	-6.848926e-02	5.658052e-04	8.758713e-01	8.560057e-01	8.135291e-02	6.792112e-01	1.150230e+01
56	-1.257455e-02	2.955508e-01	-1.254357e-02	2.054003e+01	-7.932042e-03	-2.000000e-01	-7.898848e-03	-1.979277e+00	8.559497e-01	7.994084e-02	6.780049e-01	1.147189e+01
57	-1.680957e-02	1.798726e-01	-1.679291e-02	2.044470e+01	-4.235019e-03	-1.156783e-01	-4.249330e-03	-9.533717e-02	8.559324e-01	7.947018e-02	6.755379e-01	1.140450e+01
58	-1.837042e-02	0.000000e+00	-1.836426e-02	1.729094e+01	-1.560848e-03	-1.798726e-01	-1.571350e-03	-3.153755e+00	8.559222e-01	7.828810e-02	6.763415e-01	1.149710e+01
59	-2.138993e-02	1.245409e-01	-2.137811e-02	1.808981e+01	-3.019515e-03	1.245409e-01	-3.013858e-03	7.988721e-01	8.559367e-01	7.769055e-02	6.772395e-01	1.146007e+01
60	-2.502839e-02	2.773679e-02	-2.501413e-02	1.645358e+01	-3.638453e-03	-9.680408e-02	-3.636013e-03	-1.636236e+00	8.559246e-01	7.737023e-02	6.781415e-01	1.148407e+01
61	-2.509240e-02	2.322932e-02	-2.509210e-02	1.706820e+01	-6.401638e-05	-4.507469e-03	-7.796949e-05	6.146195e-01	8.559246e-01	7.736953e-02	6.781213e-01	1.148264e+01
62	-2.146517e-02	0.000000e+00	-2.147933e-02	1.479209e+01	3.627236e-03	-2.322932e-02	3.612762e-03	-2.276106e+00	8.559286e-01	7.734410e-02	6.746559e-01	1.150483e+01
63	-1.915089e-02	0.000000e+00	-1.915998e-02	1.474069e+01	2.314277e-03	0.000000e+00	2.319349e-03	-5.140361e-02	8.559290e-01	7.734410e-02	1.000000e+00	1.200000e+01
64	-1.909023e-02	0.000000e+00	-1.909050e-02	1.156739e+01	6.066175e-05	0.000000e+00	6.948475e-05	-3.173292e+00	8.559290e-01	7.734410e-02	1.000000e+00	1.200000e+01
65	-1.857788e-02	1.848915e-01	-1.857988e-02	1.570494e+01	5.123511e-04	1.848915e-01	5.106212e-04	4.137547e+00	8.559256e-01	7.611553e-02	1.000459e+00	1.216564e+01
66	-1.647774e-02	0.000000e+00	-1.648595e-02	1.293528e+01	2.100138e-03	-1.848915e-01	2.093929e-03	-2.769660e+00	8.559396e-01	7.487476e-02	9.999466e-01	1.221075e+01
