#sequence delta(k-1),f(k-1),theta(k),v(k),delta_diff(k-1),f_diff(k-1),theta_diff(k),v_diff(k),phi(1,1;k),phi(1,2;k),phi(2,1;k),phi(2,2;k)
1	1.182697e+00	0.000000e+00	1.183029e+00	0.000000e+00	1.182697e+00	0.000000e+00	-8.473888e-02	-9.816597e-03	5.810126e-01	1.000000e-01	1.000000e+00	6.000000e+00
2	4.320670e-01	2.000000e-01	4.350004e-01	8.775986e-01	-7.506297e-01	2.000000e-01	-7.480286e-01	8.775986e-01	6.719228e-01	7.577763e-02	8.827058e-01	6.031252e+00
3	1.149853e+00	4.000000e-01	1.147060e+00	3.361132e+00	7.177858e-01	2.000000e-01	7.120600e-01	2.483533e+00	7.291940e-01	9.173537e-02	1.054484e+00	6.079115e+00
4	1.144423e+00	5.784401e-01	1.144433e+00	3.853328e+00	-5.429972e-03	1.784401e-01	-2.627276e-03	4.921959e-01	7.292322e-01	9.048083e-02	1.055974e+00	6.030156e+00
5	9.865027e-01	7.784401e-01	9.871196e-01	4.865255e+00	-1.579201e-01	2.000000e-01	-1.573135e-01	1.011927e+00	7.336095e-01	8.493716e-02	1.057960e+00	6.027640e+00
6	1.036364e+00	9.784401e-01	1.036172e+00	5.342053e+00	4.986152e-02	2.000000e-01	4.905224e-02	4.767979e-01	7.335048e-01	8.451724e-02	1.039836e+00	5.954943e+00
7	1.141037e+00	1.178440e+00	1.140627e+00	6.464776e+00	1.046726e-01	2.000000e-01	1.044553e-01	1.122723e+00	7.340272e-01	8.551534e-02	1.031249e+00	5.938536e+00
8	1.176290e+00	1.378440e+00	1.176151e+00	7.991997e+00	3.525357e-02	2.000000e-01	3.552389e-02	1.527221e+00	7.339048e-01	8.482131e-02	1.036223e+00	5.966754e+00
9	1.190670e+00	1.578440e+00	1.190613e+00	8.425372e+00	1.437919e-02	2.000000e-01	1.446179e-02	4.333746e-01	7.338174e-01	8.360549e-02	1.031035e+00	5.894592e+00
10	1.241369e+00	1.778440e+00	1.241171e+00	8.973702e+00	5.069970e-02	2.000000e-01	5.055814e-02	5.483306e-01	7.337380e-01	8.329226e-02	1.014933e+00	5.831072e+00
11	1.350747e+00	1.978440e+00	1.350319e+00	1.082148e+01	1.093781e-01	2.000000e-01	1.091483e-01	1.847779e+00	7.343576e-01	8.442515e-02	1.043825e+00	5.883902e+00
12	1.574519e+00	2.178440e+00	1.573643e+00	1.309934e+01	2.237712e-01	2.000000e-01	2.233235e-01	2.277855e+00	7.386406e-01	8.825323e-02	1.132059e+00	5.962763e+00
13	1.571944e+00	2.378440e+00	1.571950e+00	1.372691e+01	-2.574999e-03	2.000000e-01	-1.692583e-03	6.275721e-01	7.386616e-01	8.662881e-02	1.132733e+00	5.910413e+00
14	1.366861e+00	2.578440e+00	1.367662e+00	1.528075e+01	-2.050829e-01	2.000000e-01	-2.042884e-01	1.553838e+00	7.452237e-01	8.022928e-02	1.076208e+00	5.965537e+00
15	1.292832e+00	2.778440e+00	1.293124e+00	1.597245e+01	-7.402853e-02	2.000000e-01	-7.453736e-02	6.917024e-01	7.464414e-01	7.693963e-02	1.090708e+00	5.926363e+00
16	1.393485e+00	2.978440e+00	1.393093e+00	1.615946e+01	1.006526e-01	2.000000e-01	9.996825e-02	1.870155e-01	7.468821e-01	7.781534e-02	1.039028e+00	5.823674e+00
17	1.430927e+00	3.178440e+00	1.430779e+00	1.825550e+01	3.744213e-02	2.000000e-01	3.768637e-02	2.096034e+00	7.467803e-01	7.727165e-02	1.054577e+00	5.906732e+00
18	1.387431e+00	3.378440e+00	1.387600e+00	1.933074e+01	-4.349618e-02	2.000000e-01	-4.317906e-02	1.075238e+00	7.473095e-01	7.483824e-02	1.055796e+00	5.901127e+00
19	1.428328e+00	3.578440e+00	1.428169e+00	1.996419e+01	4.089758e-02	2.000000e-01	4.056916e-02	6.334537e-01	7.472151e-01	7.437651e-02	1.044570e+00	5.846225e+00
20	1.528885e+00	3.778440e+00	1.528491e+00	2.163508e+01	1.005562e-01	2.000000e-01	1.003219e-01	1.670893e+00	7.476955e-01	7.533197e-02	1.063050e+00	5.882982e+00
21	1.590466e+00	3.978440e+00	1.590223e+00	2.350519e+01	6.158104e-02	2.000000e-01	6.173238e-02	1.870105e+00	7.477133e-01	7.538980e-02	1.081028e+00	5.941368e+00
22	1.669675e+00	4.144839e+00	1.669365e+00	2.315448e+01	7.920968e-02	1.663985e-01	7.914140e-02	-3.507066e-01	7.479860e-01	7.596264e-02	1.028309e+00	5.830620e+00
23	1.811768e+00	4.344839e+00	1.811211e+00	2.576243e+01	1.420925e-01	2.000000e-01	1.418466e-01	2.607952e+00	7.493207e-01	7.784133e-02	1.113207e+00	5.950117e+00
24	1.951167e+00	4.228205e+00	1.950621e+00	2.577365e+01	1.393995e-01	-1.166339e-01	1.394091e-01	1.121919e-02	7.521890e-01	7.544149e-02	1.149035e+00	5.920140e+00
25	2.042692e+00	4.310643e+00	2.042332e+00	2.502423e+01	9.152448e-02	8.243882e-02	9.171153e-02	-7.494268e-01	7.529073e-01	7.608851e-02	1.091104e+00	5.867960e+00
26	1.967718e+00	4.510643e+00	1.968009e+00	2.631307e+01	-7.497411e-02	2.000000e-01	-7.432300e-02	1.288844e+00	7.540595e-01	7.301487e-02	1.084243e+00	5.886263e+00
27	1.788945e+00	4.710643e+00	1.789645e+00	2.852336e+01	-1.787723e-01	2.000000e-01	-1.783643e-01	2.210292e+00	7.588270e-01	6.768135e-02	9.836791e-01	5.998768e+00
28	1.612012e+00	4.510643e+00	1.612706e+00	2.681458e+01	-1.769336e-01	-2.000000e-01	-1.769392e-01	-1.708777e+00	7.611918e-01	7.035443e-02	1.010863e+00	6.029495e+00
29	1.781735e+00	4.710643e+00	1.781075e+00	2.632741e+01	1.697232e-01	2.000000e-01	1.683691e-01	-4.871727e-01	7.631485e-01	7.266020e-02	8.655378e-01	5.858246e+00
30	1.895776e+00	4.910643e+00	1.895328e+00	2.779739e+01	1.140414e-01	2.000000e-01	1.142536e-01	1.469974e+00	7.638182e-01	7.383473e-02	8.760718e-01	5.876720e+00
31	1.989722e+00	5.000000e+00	1.989354e+00	2.748251e+01	9.394614e-02	8.935653e-02	9.402547e-02	-3.148802e-01	7.645116e-01	7.449429e-02	8.352575e-01	5.837899e+00
32	2.126222e+00	5.000000e+00	2.125687e+00	2.924422e+01	1.364995e-01	0.000000e+00	1.363336e-01	1.761713e+00	7.665659e-01	7.449429e-02	1.000000e+00	6.000000e+00
33	2.223432e+00	4.864354e+00	2.223050e+00	2.956570e+01	9.720971e-02	-1.356460e-01	9.736254e-02	3.214807e-01	7.680664e-01	7.240043e-02	1.047278e+00	5.934029e+00
34	2.282860e+00	4.664354e+00	2.282627e+00	2.846593e+01	5.942871e-02	-2.000000e-01	5.957689e-02	-1.099766e+00	7.688513e-01	6.975881e-02	1.047963e+00	5.931723e+00
35	2.333745e+00	4.703752e+00	2.333545e+00	2.830862e+01	5.088427e-02	3.939792e-02	5.091822e-02	-1.573117e-01	7.690696e-01	6.992777e-02	1.037246e+00	5.923425e+00
36	2.367986e+00	4.821219e+00	2.367852e+00	2.932002e+01	3.424168e-02	1.174668e-01	3.430682e-02	1.011401e+00	7.690657e-01	6.991439e-02	1.041767e+00	5.938936e+00
37	2.375448e+00	4.649176e+00	2.375418e+00	2.706326e+01	7.461689e-03	-1.720432e-01	7.566552e-03	-2.256765e+00	7.691141e-01	6.879859e-02	1.037427e+00	6.039013e+00
38	2.375461e+00	4.849176e+00	2.375461e+00	2.872645e+01	1.289221e-05	2.000000e-01	4.239870e-05	1.663194e+00	7.691140e-01	6.752008e-02	1.037429e+00	6.081426e+00
39	2.371746e+00	4.649176e+00	2.371760e+00	2.649366e+01	-3.715267e-03	-2.000000e-01	-3.700589e-03	-2.232789e+00	7.690921e-01	6.634088e-02	1.039181e+00	6.175741e+00
40	2.359076e+00	4.849176e+00	2.359125e+00	2.682552e+01	-1.266988e-02	2.000000e-01	-1.263485e-02	3.318548e-01	7.691874e-01	6.483602e-02	1.044433e+00	6.092843e+00
41	2.319838e+00	5.000000e+00	2.319991e+00	2.815565e+01	-3.923820e-02	1.508244e-01	-3.913428e-02	1.330137e+00	7.695323e-01	6.351016e-02	1.036106e+00	6.124849e+00
42	2.263547e+00	4.800000e+00	2.263767e+00	2.756241e+01	-5.629100e-02	-2.000000e-01	-5.622398e-02	-5.932423e-01	7.695377e-01	6.352915e-02	1.018045e+00	6.060679e+00
43	2.180253e+00	4.600000e+00	2.180579e+00	2.650960e+01	-8.329363e-02	-2.000000e-01	-8.318789e-02	-1.052808e+00	7.697845e-01	6.412177e-02	1.008608e+00	6.038019e+00
44	2.040583e+00	4.408179e+00	2.041130e+00	2.544651e+01	-1.396702e-01	-1.918211e-01	-1.394496e-01	-1.063096e+00	7.710514e-01	6.586171e-02	9.933803e-01	6.017105e+00
45	1.837339e+00	4.281068e+00	1.838135e+00	2.430129e+01	-2.032439e-01	-1.271109e-01	-2.029947e-01	-1.145218e+00	7.746092e-01	6.808679e-02	1.010130e+00	6.027580e+00
46	1.762277e+00	4.291941e+00	1.762573e+00	2.317574e+01	-7.506220e-02	1.087277e-02	-7.556194e-02	-1.125549e+00	7.752547e-01	6.799327e-02	1.049780e+00	6.021837e+00
47	1.664352e+00	4.487653e+00	1.664736e+00	2.508357e+01	-9.792430e-02	1.957124e-01	-9.783695e-02	1.907828e+00	7.768550e-01	6.479497e-02	1.011982e+00	6.097381e+00
48	1.562519e+00	4.287653e+00	1.562918e+00	2.428292e+01	-1.018338e-01	-2.000000e-01	-1.018182e-01	-8.006460e-01	7.773150e-01	6.569838e-02	9.873576e-01	6.049020e+00
49	1.548722e+00	4.087653e+00	1.548777e+00	2.360528e+01	-1.379673e-02	-2.000000e-01	-1.414056e-02	-6.776440e-01	7.772525e-01	6.479284e-02	9.838513e-01	5.998192e+00
50	1.575827e+00	3.887653e+00	1.575721e+00	2.153310e+01	2.710537e-02	-2.000000e-01	2.694425e-02	-2.072179e+00	7.774902e-01	6.303922e-02	9.725050e-01	6.081912e+00
51	1.555598e+00	3.772061e+00	1.555676e+00	2.109558e+01	-2.022928e-02	-1.155918e-01	-2.004501e-02	-4.375201e-01	7.774619e-01	6.287727e-02	9.697836e-01	6.066361e+00
52	1.520031e+00	3.572061e+00	1.520171e+00	2.053603e+01	-3.556640e-02	-2.000000e-01	-3.550577e-02	-5.595517e-01	7.773837e-01	6.243783e-02	9.583919e-01	6.002302e+00
53	1.530830e+00	3.372061e+00	1.530788e+00	1.971806e+01	1.079831e-02	-2.000000e-01	1.061744e-02	-8.179681e-01	7.774577e-01	6.106780e-02	9.602632e-01	5.967644e+00
54	1.541385e+00	3.172061e+00	1.541343e+00	1.866560e+01	1.055484e-02	-2.000000e-01	1.055509e-02	-1.052457e+00	7.775293e-01	5.971155e-02	9.609068e-01	5.955450e+00
55	1.527968e+00	2.972061e+00	1.528020e+00	1.691062e+01	-1.341644e-02	-2.000000e-01	-1.332280e-02	-1.754983e+00	7.774727e-01	5.886862e-02	9.643490e-01	6.006764e+00
56	1.520348e+00	2.772061e+00	1.520378e+00	1.559590e+01	-7.619993e-03	-2.000000e-01	-7.642270e-03	-1.314721e+00	7.774370e-01	5.793208e-02	9.647252e-01	6.016638e+00
57	1.529299e+00	2.572061e+00	1.529264e+00	1.514282e+01	8.950911e-03	-2.000000e-01	8.886094e-03	-4.530724e-01	7.774934e-01	5.667349e-02	9.678164e-01	5.947568e+00
58	1.533609e+00	2.372061e+00	1.533592e+00	1.399668e+01	4.309479e-03	-2.000000e-01	4.327357e-03	-1.146143e+00	7.775181e-01	5.552685e-02	9.678951e-01	5.943917e+00
59	1.529974e+00	2.172061e+00	1.529988e+00	1.192174e+01	-3.634719e-03	-2.000000e-01	-3.603617e-03	-2.074947e+00	7.775006e-01	5.456495e-02	9.693891e-01	6.026124e+00
60	1.529316e+00	2.001590e+00	1.529319e+00	1.115529e+01	-6.579334e-04	-1.704710e-01	-6.694400e-04	-7.664462e-01	7.774978e-01	5.383514e-02	9.693085e-01	6.005255e+00
61	1.533047e+00	1.801590e+00	1.533032e+00	8.930512e+00	3.731030e-03	-2.000000e-01	3.713841e-03	-2.224777e+00	7.775179e-01	5.275662e-02	9.675235e-01	6.100938e+00
62	1.535720e+00	1.727722e+00	1.535709e+00	7.427214e+00	2.672573e-03	-7.386828e-02	2.676640e-03	-1.503298e+00	7.775236e-01	5.259931e-02	9.661876e-01	6.137862e+00
63	1.534904e+00	1.691241e+00	1.534907e+00	7.635610e+00	-8.154044e-04	-3.648114e-02	-8.017636e-04	2.083963e-01	7.775229e-01	5.256898e-02	9.660200e-01	6.130362e+00
64	1.534787e+00	1.491241e+00	1.534787e+00	6.372739e+00	-1.171626e-04	-2.000000e-01	-1.198368e-04	-1.262871e+00	7.775223e-01	5.159243e-02	9.660220e-01	6.133779e+00
65	1.536135e+00	1.291241e+00	1.536130e+00	4.823298e+00	1.347839e-03	-2.000000e-01	1.342106e-03	-1.549440e+00	7.775290e-01	5.060401e-02	9.658186e-01	6.163954e+00
66	1.536718e+00	1.091241e+00	1.536715e+00	4.021960e+00	5.829422e-04	-2.000000e-01	5.859077e-04	-8.013380e-01	7.775318e-01	4.964903e-02	9.659356e-01	6.123822e+00
67	1.537165e+00	8.912410e-01	1.537163e+00	3.963815e+00	4.471133e-04	-2.000000e-01	4.476555e-04	-5.814574e-02	7.775339e-01	4.871488e-02	9.661784e-01	6.015207e+00
68	1.537767e+00	6.912410e-01	1.537764e+00	3.205782e+00	6.019175e-04	-2.000000e-01	6.013150e-04	-7.580328e-01	7.775366e-01	4.779503e-02	9.663030e-01	5.973814e+00
69	1.537985e+00	4.912410e-01	1.537984e+00	1.125950e-01	2.180126e-04	-2.000000e-01	2.195098e-04	-3.093187e+00	7.775376e-01	4.690007e-02	9.661102e-01	6.150648e+00
70	1.537672e+00	6.912410e-01	1.537673e+00	1.479796e+00	-3.130175e-04	2.000000e-01	-3.109373e-04	1.367201e+00	7.775390e-01	4.602015e-02	9.660902e-01	6.163442e+00
71	1.537737e+00	4.912410e-01	1.537737e+00	4.105407e-01	6.499032e-05	-2.000000e-01	6.352185e-05	-1.069255e+00	7.775393e-01	4.516170e-02	9.660952e-01	6.148227e+00
72	1.538008e+00	4.288074e-01	1.538006e+00	0.000000e+00	2.707590e-04	-6.243362e-02	2.699495e-04	-4.105407e-01	7.775396e-01	4.507649e-02	9.660917e-01	6.149024e+00
73	1.538561e+00	4.506409e-01	1.538559e+00	3.072487e-01	5.535344e-04	2.183349e-02	5.524267e-04	3.072487e-01	7.775394e-01	4.506755e-02	9.661370e-01	6.150812e+00
74	1.538069e+00	3.982807e-01	1.538071e+00	0.000000e+00	-4.920079e-04	-5.236021e-02	-4.879281e-04	-3.072487e-01	7.775389e-01	4.501156e-02	9.661335e-01	6.150433e+00
75	1.538107e+00	4.129430e-01	1.538107e+00	0.000000e+00	3.781743e-05	1.466237e-02	3.576373e-05	0.000000e+00	7.775389e-01	4.500701e-02	9.661318e-01	6.149804e+00
76	1.538228e+00	4.445422e-01	1.538227e+00	0.000000e+00	1.208411e-04	3.159911e-02	1.205088e-04	0.000000e+00	7.775388e-01	4.498607e-02	9.661207e-01	6.146887e+00
77	1.538192e+00	4.930360e-01	1.538192e+00	1.167378e-01	-3.551345e-05	4.849386e-02	-3.490399e-05	1.167378e-01	7.775388e-01	4.493571e-02	9.661237e-01	6.142716e+00
78	1.537612e+00	5.240636e-01	1.537614e+00	1.031963e+00	-5.802743e-04	3.102759e-02	-5.781440e-04	9.152248e-01	7.775392e-01	4.491330e-02	9.659240e-01	6.153398e+00
79	1.537661e+00	3.240636e-01	1.537661e+00	0.000000e+00	4.888573e-05	-2.000000e-01	4.643639e-05	-1.031963e+00	7.775394e-01	4.407590e-02	9.659285e-01	6.134895e+00
80	1.539061e+00	3.074112e-01	1.539055e+00	0.000000e+00	1.399797e-03	-1.665246e-02	1.394511e-03	0.000000e+00	7.775401e-01	4.406767e-02	9.659955e-01	6.134098e+00
81	1.538072e+00	3.075677e-01	1.538076e+00	1.622336e+00	-9.883638e-04	1.565017e-04	-9.790557e-04	1.622336e+00	7.775402e-01	4.406765e-02	9.652339e-01	6.134218e+00
82	1.537897e+00	1.075677e-01	1.537898e+00	5.023091e-02	-1.748874e-04	-2.000000e-01	-1.780287e-04	-1.572105e+00	7.775395e-01	4.325070e-02	9.652620e-01	6.166359e+00
83	1.538184e+00	1.722391e-01	1.538183e+00	0.000000e+00	2.862969e-04	6.467140e-02	2.844831e-04	-5.023091e-02	7.775392e-01	4.316685e-02	9.652010e-01	6.152586e+00
84	1.538569e+00	2.619263e-01	1.538568e+00	4.548453e-01	3.856892e-04	8.968726e-02	3.852939e-04	4.548453e-01	7.775385e-01	4.300621e-02	9.651832e-01	6.148456e+00
85	1.538064e+00	2.345004e-01	1.538066e+00	4.120056e-01	-5.057845e-04	-2.742597e-02	-5.023037e-04	-4.283977e-02	7.775382e-01	4.299227e-02	9.651529e-01	6.146812e+00
86	1.538157e+00	1.762641e-01	1.538156e+00	6.685445e-01	9.305782e-05	-5.823630e-02	9.073219e-05	2.565390e-01	7.775383e-01	4.292262e-02	9.651800e-01	6.129844e+00
87	1.538336e+00	4.480792e-03	1.538335e+00	2.033099e-02	1.789214e-04	-1.717833e-01	1.785769e-04	-6.482135e-01	7.775389e-01	4.232655e-02	9.652139e-01	6.097309e+00
88	1.538266e+00	0.000000e+00	1.538266e+00	0.000000e+00	-6.942976e-05	-4.480792e-03	-6.846098e-05	-2.033099e-02	7.775389e-01	4.232617e-02	9.652137e-01	6.097294e+00
89	1.538786e+00	0.000000e+00	1.538784e+00	0.000000e+00	5.203325e-04	0.000000e+00	5.180325e-04	0.000000e+00	7.775390e-01	4.232617e-02	1.000000e+00	6.000000e+00
90	1.538807e+00	0.000000e+00	1.538807e+00	0.000000e+00	2.036654e-05	0.000000e+00	2.231055e-05	0.000000e+00	7.775390e-01	4.232617e-02	1.000000e+00	6.000000e+00
91	1.538673e+00	2.317513e-03	1.538673e+00	0.000000e+00	-1.343003e-04	2.317513e-03	-1.336885e-04	0.000000e+00	7.775390e-01	4.232603e-02	1.000001e+00	5.999985e+00
92	1.538813e+00	2.171400e-02	1.538812e+00	0.000000e+00	1.405193e-04	1.939648e-02	1.394482e-04	0.000000e+00	7.775389e-01	4.231875e-02	9.999931e-01	5.998912e+00
93	1.538790e+00	5.821245e-02	1.538790e+00	1.423417e+00	-2.292808e-05	3.649845e-02	-2.229380e-05	1.423417e+00	7.775389e-01	4.229191e-02	9.999800e-01	6.019780e+00
94	1.538195e+00	0.000000e+00	1.538197e+00	0.000000e+00	-5.954720e-04	-5.821245e-02	-5.932330e-04	-1.423417e+00	7.775383e-01	4.222755e-02	1.000283e+00	6.049382e+00
95	1.538720e+00	5.168895e-02	1.538718e+00	1.986946e+00	5.254542e-04	5.168895e-02	5.210843e-04	1.986946e+00	7.775378e-01	4.217679e-02	1.000700e+00	6.090421e+00
96	1.538562e+00	0.000000e+00	1.538562e+00	1.345838e+00	-1.584131e-04	-5.168895e-02	-1.557588e-04	-6.411080e-01	7.775376e-01	4.212413e-02	1.000725e+00	6.098418e+00
97	1.538587e+00	0.000000e+00	1.538587e+00	0.000000e+00	2.520558e-05	0.000000e+00	2.449869e-05	-1.345838e+00	7.775376e-01	4.212413e-02	1.000000e+00	6.000000e+00
98	1.538920e+00	4.058316e-02	1.538919e+00	1.548861e-01	3.331403e-04	4.058316e-02	3.319346e-04	1.548861e-01	7.775373e-01	4.209261e-02	9.999859e-01	5.998287e+00
99	1.538589e+00	5.170945e-02	1.538590e+00	3.296937e-01	-3.311106e-04	1.112629e-02	-3.285206e-04	1.748076e-01	7.775374e-01	4.208976e-02	9.999689e-01	5.998860e+00
100	1.538441e+00	6.265609e-03	1.538442e+00	0.000000e+00	-1.477301e-04	-4.544384e-02	-1.484363e-04	-3.296937e-01	7.775373e-01	4.204924e-02	9.999729e-01	6.000087e+00
101	1.538913e+00	3.301084e-02	1.538911e+00	8.160405e-01	4.714343e-04	2.674523e-02	4.690129e-04	8.160405e-01	7.775371e-01	4.203626e-02	1.000120e+00	6.008407e+00
102	1.538628e+00	0.000000e+00	1.538629e+00	0.000000e+00	-2.850704e-04	-3.301084e-02	-2.821248e-04	-8.160405e-01	7.775369e-01	4.201546e-02	1.000203e+00	6.018083e+00
103	1.538624e+00	0.000000e+00	1.538624e+00	0.000000e+00	-3.391258e-06	0.000000e+00	-4.480061e-06	0.000000e+00	1.000000e+00	1.000000e-01	1.000203e+00	6.018083e+00
104	1.538695e+00	0.000000e+00	1.538695e+00	0.000000e+00	7.129380e-05	0.000000e+00	7.099781e-05	0.000000e+00	1.000000e+00	1.000000e-01	1.000000e+00	6.000000e+00
105	1.538520e+00	0.000000e+00	1.538521e+00	0.000000e+00	-1.750426e-04	0.000000e+00	-1.740815e-04	0.000000e+00	1.000000e+00	1.000000e-01	1.000000e+00	6.000000e+00
106	1.538502e+00	5.675500e-03	1.538502e+00	0.000000e+00	-1.864790e-05	5.675500e-03	-1.925506e-05	0.000000e+00	1.000000e+00	9.999847e-02	1.000000e+00	5.999908e+00
107	1.538551e+00	2.878159e-02	1.538551e+00	1.512881e+00	4.947301e-05	2.310609e-02	4.920454e-05	1.512881e+00	1.000000e+00	9.997311e-02	1.000033e+00	6.014987e+00
108	1.538605e+00	0.000000e+00	1.538604e+00	0.000000e+00	5.335725e-05	-2.878159e-02	5.334103e-05	-1.512881e+00	1.000000e+00	9.993379e-02	9.999986e-01	6.033296e+00
109	1.538532e+00	7.112055e-02	1.538532e+00	0.000000e+00	-7.295489e-05	7.112055e-02	-7.246154e-05	0.000000e+00	1.000000e+00	9.969431e-02	1.000013e+00	6.018839e+00
110	1.538524e+00	1.597189e-01	1.538524e+00	7.372314e-01	-7.212339e-06	8.859834e-02	-7.467218e-06	7.372314e-01	1.000000e+00	1.000000e-01	1.000013e+00	6.027390e+00
111	1.538270e+00	4.093894e-02	1.538271e+00	3.155446e-01	-2.547668e-04	-1.187800e-01	-2.538007e-04	-4.216868e-01	9.999986e-01	9.933448e-02	9.999774e-01	6.010891e+00
112	1.538182e+00	0.000000e+00	1.538183e+00	0.000000e+00	-8.731364e-05	-4.093894e-02	-8.796398e-05	-3.155446e-01	9.999984e-01	9.925548e-02	9.999803e-01	6.012239e+00
113	1.539178e+00	0.000000e+00	1.539174e+00	0.000000e+00	9.956757e-04	0.000000e+00	9.914428e-04	0.000000e+00	9.999984e-01	9.925548e-02	1.000000e+00	6.000000e+00
114	1.538781e+00	1.417509e-02	1.538782e+00	2.708500e-01	-3.973847e-04	1.417509e-02	-3.919596e-04	2.708500e-01	9.999987e-01	9.924604e-02	9.999649e-01	6.001254e+00
115	1.538143e+00	0.000000e+00	1.538146e+00	1.801749e+00	-6.375357e-04	-1.417509e-02	-6.365764e-04	1.530899e+00	9.999982e-01	9.923656e-02	9.994754e-01	5.990370e+00
116	1.539116e+00	0.000000e+00	1.539112e+00	1.587790e+00	9.724224e-04	0.000000e+00	9.661372e-04	-2.139598e-01	9.999982e-01	9.923656e-02	1.000000e+00	6.000000e+00
117	1.539529e+00	0.000000e+00	1.539527e+00	3.815661e-02	4.131091e-04	0.000000e+00	4.152694e-04	-1.549633e+00	9.999982e-01	9.923656e-02	1.000000e+00	6.000000e+00
118	1.539154e+00	7.394557e-02	1.539155e+00	1.332588e+00	-3.746401e-04	7.394557e-02	-3.715545e-04	1.294432e+00	9.999995e-01	9.897963e-02	9.998490e-01	6.029814e+00
119	1.539428e+00	0.000000e+00	1.539427e+00	2.051833e+00	2.737653e-04	-7.394557e-02	2.712445e-04	7.192445e-01	1.000000e+00	9.872334e-02	1.000000e+00	5.989011e+00
120	1.539957e+00	0.000000e+00	1.539955e+00	2.148832e+00	5.296519e-04	0.000000e+00	5.286425e-04	9.699878e-02	1.000000e+00	9.872334e-02	1.000000e+00	6.000000e+00
121	1.540491e+00	0.000000e+00	1.540489e+00	1.153663e+00	5.335556e-04	0.000000e+00	5.335364e-04	-9.951686e-01	1.000000e+00	9.872334e-02	1.000000e+00	6.000000e+00
122	1.540447e+00	0.000000e+00	1.540448e+00	0.000000e+00	-4.361021e-05	0.000000e+00	-4.135573e-05	-1.153663e+00	1.000000e+00	9.872334e-02	1.000000e+00	6.000000e+00
123	1.540596e+00	4.011341e-02	1.540595e+00	0.000000e+00	1.482901e-04	4.011341e-02	1.475493e-04	0.000000e+00	1.000000e+00	9.864793e-02	9.999831e-01	5.995415e+00
124	1.540586e+00	9.793548e-02	1.540586e+00	1.500067e+00	-9.889422e-06	5.782207e-02	-9.274427e-06	1.500067e+00	1.000000e+00	1.000000e-01	9.999776e-01	6.027041e+00
125	1.540323e+00	0.000000e+00	1.540324e+00	2.291312e-01	-2.630043e-04	-9.793548e-02	-2.620131e-04	-1.270936e+00	9.999988e-01	9.954654e-02	1.000062e+00	6.058542e+00
126	1.540173e+00	2.053774e-03	1.540173e+00	9.898903e-02	-1.499217e-04	2.053774e-03	-1.503595e-04	-1.301421e-01	9.999988e-01	9.954634e-02	1.000072e+00	6.058403e+00
127	1.540190e+00	3.020802e-02	1.540190e+00	1.574283e-01	1.718965e-05	2.815424e-02	1.653516e-05	5.843923e-02	9.999988e-01	9.950886e-02	1.000071e+00	6.056904e+00
128	1.540237e+00	4.423154e-02	1.540237e+00	0.000000e+00	4.721047e-05	1.402352e-02	4.709065e-05	-1.574283e-01	9.999987e-01	9.949957e-02	1.000066e+00	6.055290e+00
129	1.540676e+00	1.027931e-01	1.540674e+00	0.000000e+00	4.387273e-04	5.856156e-02	4.371975e-04	0.000000e+00	9.999975e-01	9.933772e-02	9.999922e-01	6.045430e+00
130	1.540560e+00	1.790927e-01	1.540560e+00	4.881916e-01	-1.162431e-04	7.629961e-02	-1.140812e-04	4.881916e-01	9.999979e-01	9.906390e-02	9.999907e-01	6.046408e+00
131	1.540025e+00	1.220821e-01	1.540028e+00	4.003490e-01	-5.342793e-04	-5.701059e-02	-5.326379e-04	-8.784264e-02	9.999965e-01	9.891116e-02	9.999255e-01	6.039448e+00
132	1.540139e+00	4.201466e-02	1.540139e+00	0.000000e+00	1.138895e-04	-8.006745e-02	1.113640e-04	-4.003490e-01	9.999969e-01	9.861102e-02	9.999299e-01	6.036298e+00
133	1.540532e+00	4.781687e-02	1.540530e+00	0.000000e+00	3.922028e-04	5.802202e-03	3.911057e-04	0.000000e+00	9.999968e-01	9.860944e-02	9.999233e-01	6.036200e+00
134	1.540497e+00	7.135693e-02	1.540497e+00	0.000000e+00	-3.448122e-05	2.354007e-02	-3.281877e-05	0.000000e+00	9.999969e-01	9.858352e-02	9.999257e-01	6.034612e+00
135	1.540396e+00	1.126341e-01	1.540396e+00	0.000000e+00	-1.011131e-04	4.127714e-02	-1.008463e-04	0.000000e+00	9.999971e-01	9.850380e-02	9.999376e-01	6.029735e+00
136	1.540413e+00	1.716451e-01	1.540412e+00	1.648395e-02	1.662395e-05	5.901106e-02	1.616509e-05	1.648395e-02	9.999970e-01	9.834114e-02	9.999349e-01	6.020239e+00
137	1.539789e+00	2.432862e-01	1.539791e+00	1.937165e+00	-6.240227e-04	7.164110e-02	-6.215220e-04	1.920681e+00	9.999991e-01	9.810209e-02	9.994944e-01	6.070814e+00
138	1.540369e+00	4.328623e-02	1.540367e+00	1.427735e+00	5.805910e-04	-2.000000e-01	5.758953e-04	-5.094301e-01	1.000004e+00	9.627514e-02	9.996848e-01	6.005231e+00
139	1.540647e+00	0.000000e+00	1.540646e+00	1.577601e+00	2.782978e-04	-4.328623e-02	2.794603e-04	1.498661e-01	1.000005e+00	9.618951e-02	9.997389e-01	5.996818e+00
140	1.540958e+00	0.000000e+00	1.540957e+00	3.916189e-02	3.105112e-04	0.000000e+00	3.103899e-04	-1.538439e+00	1.000005e+00	9.618951e-02	1.000000e+00	6.000000e+00
141	1.540713e+00	7.466660e-02	1.540714e+00	0.000000e+00	-2.450044e-04	7.466660e-02	-2.428349e-04	-3.916189e-02	1.000006e+00	9.593557e-02	1.000057e+00	5.982779e+00
142	1.541067e+00	1.737837e-01	1.541065e+00	1.025620e-01	3.536552e-04	9.911710e-02	3.513252e-04	1.025620e-01	1.000004e+00	9.548996e-02	9.999745e-01	5.959785e+00
143	1.540521e+00	2.588794e-01	1.540524e+00	1.328511e+00	-5.451286e-04	8.509565e-02	-5.416268e-04	1.225949e+00	1.000006e+00	9.516284e-02	9.997889e-01	5.988756e+00
144	1.540760e+00	5.887935e-02	1.540759e+00	1.340097e+00	2.385572e-04	-2.000000e-01	2.355096e-04	1.158645e-02	1.000008e+00	9.339048e-02	9.999232e-01	5.876144e+00
145	1.541147e+00	0.000000e+00	1.541146e+00	0.000000e+00	3.870286e-04	-5.887935e-02	3.864368e-04	-1.340097e+00	1.000009e+00	9.323698e-02	9.997407e-01	5.903910e+00
146	1.541674e+00	4.643487e-02	1.541672e+00	3.766430e-01	5.266985e-04	4.643487e-02	5.261506e-04	3.766430e-01	1.000008e+00	9.314158e-02	9.997662e-01	5.906157e+00
147	1.541011e+00	0.000000e+00	1.541014e+00	2.737369e-01	-6.624725e-04	-4.643487e-02	-6.578294e-04	-1.029061e-01	1.000007e+00	9.304618e-02	9.997121e-01	5.902367e+00
148	1.540876e+00	0.000000e+00	1.540876e+00	0.000000e+00	-1.355235e-04	0.000000e+00	-1.375638e-04	-2.737369e-01	1.000007e+00	9.304618e-02	1.000000e+00	6.000000e+00
149	1.541740e+00	9.010352e-03	1.541737e+00	0.000000e+00	8.642214e-04	9.010352e-03	8.603081e-04	0.000000e+00	1.000007e+00	9.304258e-02	9.999775e-01	5.999765e+00
150	1.541673e+00	3.581718e-02	1.541674e+00	0.000000e+00	-6.648759e-05	2.680682e-02	-6.286730e-05	0.000000e+00	1.000007e+00	9.301088e-02	9.999825e-01	5.997719e+00
151	1.541459e+00	8.042100e-02	1.541459e+00	8.351026e-01	-2.148928e-04	4.460382e-02	-2.142989e-04	8.351026e-01	1.000007e+00	9.292308e-02	9.999246e-01	6.009736e+00
152	1.541029e+00	0.000000e+00	1.541030e+00	0.000000e+00	-4.299256e-04	-8.042100e-02	-4.290833e-04	-8.351026e-01	1.000006e+00	9.263850e-02	9.999962e-01	6.023115e+00
153	1.541451e+00	0.000000e+00	1.541450e+00	9.907845e-02	4.224999e-04	0.000000e+00	4.191734e-04	9.907845e-02	1.000006e+00	9.263850e-02	1.000000e+00	6.000000e+00
154	1.540948e+00	0.000000e+00	1.540950e+00	0.000000e+00	-5.028744e-04	0.000000e+00	-4.992727e-04	-9.907845e-02	1.000006e+00	9.263850e-02	1.000000e+00	6.000000e+00
155	1.541440e+00	0.000000e+00	1.541438e+00	7.847184e-01	4.919625e-04	0.000000e+00	4.880905e-04	7.847184e-01	1.000006e+00	9.263850e-02	1.000000e+00	6.000000e+00
156	1.541173e+00	0.000000e+00	1.541174e+00	3.965092e-01	-2.677307e-04	0.000000e+00	-2.647783e-04	-3.882093e-01	1.000006e+00	9.263850e-02	1.000000e+00	6.000000e+00
157	1.540969e+00	0.000000e+00	1.540970e+00	0.000000e+00	-2.030751e-04	0.000000e+00	-2.033161e-04	-3.965092e-01	1.000006e+00	9.263850e-02	1.000000e+00	6.000000e+00
158	1.541410e+00	0.000000e+00	1.541408e+00	0.000000e+00	4.404555e-04	0.000000e+00	4.379407e-04	0.000000e+00	1.000006e+00	9.263850e-02	1.000000e+00	6.000000e+00
159	1.541327e+00	0.000000e+00	1.541327e+00	0.000000e+00	-8.322230e-05	0.000000e+00	-8.118651e-05	0.000000e+00	1.000006e+00	9.263850e-02	1.000000e+00	6.000000e+00
160	1.541240e+00	0.000000e+00	1.541240e+00	3.902451e-01	-8.670140e-05	0.000000e+00	-8.667986e-05	3.902451e-01	1.000006e+00	9.263850e-02	1.000000e+00	6.000000e+00
161	1.541004e+00	0.000000e+00	1.541004e+00	5.061782e-01	-2.364149e-04	0.000000e+00	-2.358300e-04	1.159331e-01	1.000006e+00	9.263850e-02	1.000000e+00	6.000000e+00
162	1.541137e+00	0.000000e+00	1.541137e+00	0.000000e+00	1.338344e-04	0.000000e+00	1.323904e-04	-5.061782e-01	1.000006e+00	9.263850e-02	1.000000e+00	6.000000e+00
163	1.541567e+00	0.000000e+00	1.541566e+00	1.402087e+00	4.298741e-04	0.000000e+00	4.287121e-04	1.402087e+00	1.000006e+00	9.263850e-02	1.000000e+00	6.000000e+00
164	1.541683e+00	0.000000e+00	1.541682e+00	1.476064e+00	1.153619e-04	0.000000e+00	1.165859e-04	7.397635e-02	1.000006e+00	9.263850e-02	1.000000e+00	6.000000e+00
