#sequence delta(k-1),f(k-1),theta(k),v(k),delta_diff(k-1),f_diff(k-1),theta_diff(k),v_diff(k),phi(1,1;k),phi(1,2;k),phi(2,1;k),phi(2,2;k)
1	7.470053e-01	0.000000e+00	7.471255e-01	2.920451e-01	7.470053e-01	0.000000e+00	-3.065961e-02	2.865718e-01	7.842572e-01	1.000000e-01	1.000000e+00	7.000000e+00
2	7.834049e-01	2.000000e-01	7.832632e-01	7.353778e-01	3.639962e-02	2.000000e-01	3.613767e-02	4.433327e-01	7.840470e-01	9.884501e-02	9.831776e-01	6.907569e+00
3	8.735182e-01	4.000000e-01	8.731656e-01	2.609693e+00	9.011329e-02	2.000000e-01	8.990245e-02	1.874315e+00	7.840253e-01	9.879681e-02	1.000073e+00	6.945066e+00
4	1.103389e+00	4.364897e-01	1.102489e+00	2.023176e+00	2.298705e-01	3.648967e-02	2.293237e-01	-5.865164e-01	7.888617e-01	9.956455e-02	8.863404e-01	6.927012e+00
5	1.019386e+00	6.364897e-01	1.019710e+00	1.415540e+00	-8.400315e-02	2.000000e-01	-8.277921e-02	-6.076369e-01	7.902817e-01	9.618369e-02	9.611350e-01	6.748936e+00
6	9.052300e-01	8.364897e-01	9.056772e-01	3.369024e+00	-1.141555e-01	2.000000e-01	-1.140329e-01	1.953484e+00	7.925560e-01	9.219915e-02	9.234501e-01	6.814960e+00
7	9.045897e-01	1.036490e+00	9.045940e-01	4.147231e+00	-6.402736e-04	2.000000e-01	-1.083214e-03	7.782071e-01	7.925617e-01	9.042809e-02	9.236243e-01	6.760550e+00
8	8.511935e-01	1.236490e+00	8.514021e-01	4.673359e+00	-5.339617e-02	2.000000e-01	-5.319183e-02	5.261279e-01	7.932807e-01	8.773482e-02	9.429097e-01	6.688314e+00
9	7.886462e-01	1.436490e+00	7.888913e-01	3.951583e+00	-6.254736e-02	2.000000e-01	-6.251082e-02	-7.217761e-01	7.941657e-01	8.490513e-02	1.001067e+00	6.502353e+00
10	7.895410e-01	1.636490e+00	7.895385e-01	3.722352e+00	8.948535e-04	2.000000e-01	6.471751e-04	-2.292309e-01	7.941586e-01	8.331765e-02	1.000429e+00	6.359798e+00
11	7.913458e-01	1.836490e+00	7.913388e-01	4.422042e+00	1.804798e-03	2.000000e-01	1.800276e-03	6.996903e-01	7.941449e-01	8.179984e-02	9.999462e-01	6.306330e+00
12	7.694766e-01	2.036490e+00	7.695620e-01	5.655660e+00	-2.186928e-02	2.000000e-01	-2.177682e-02	1.233618e+00	7.943564e-01	7.986589e-02	1.000005e+00	6.305792e+00
13	7.455201e-01	2.236490e+00	7.456140e-01	5.958808e+00	-2.395648e-02	2.000000e-01	-2.394796e-02	3.031475e-01	7.945894e-01	7.792069e-02	1.010423e+00	6.218821e+00
14	7.418658e-01	2.436490e+00	7.418805e-01	7.243814e+00	-3.654244e-03	2.000000e-01	-3.733516e-03	1.285006e+00	7.946173e-01	7.639194e-02	1.010346e+00	6.223006e+00
15	7.388210e-01	2.636490e+00	7.388330e-01	8.423334e+00	-3.044799e-03	2.000000e-01	-3.047489e-03	1.179521e+00	7.946398e-01	7.491047e-02	1.010434e+00	6.217231e+00
16	7.289420e-01	2.836490e+00	7.289807e-01	8.934186e+00	-9.879016e-03	2.000000e-01	-9.852330e-03	5.108510e-01	7.947180e-01	7.332869e-02	1.013758e+00	6.149932e+00
17	7.211473e-01	3.036490e+00	7.211779e-01	1.075363e+01	-7.794742e-03	2.000000e-01	-7.802779e-03	1.819449e+00	7.947770e-01	7.181302e-02	1.011590e+00	6.205568e+00
18	7.074636e-01	3.236490e+00	7.075171e-01	1.203081e+01	-1.368371e-02	2.000000e-01	-1.366074e-02	1.277176e+00	7.948863e-01	7.021607e-02	1.011272e+00	6.210215e+00
19	6.934258e-01	3.436490e+00	6.934809e-01	1.368547e+01	-1.403773e-02	2.000000e-01	-1.403626e-02	1.654663e+00	7.949969e-01	6.864024e-02	1.008482e+00	6.249964e+00
20	6.697073e-01	3.367004e+00	6.698002e-01	1.369244e+01	-2.371852e-02	-6.948576e-02	-2.368070e-02	6.964089e-03	7.949975e-01	6.864205e-02	1.003256e+00	6.234652e+00
21	6.355281e-01	3.567004e+00	6.356620e-01	1.502419e+01	-3.417920e-02	2.000000e-01	-3.413819e-02	1.331756e+00	7.953267e-01	6.671575e-02	1.001361e+00	6.245740e+00
22	6.061519e-01	3.531621e+00	6.062672e-01	1.400945e+01	-2.937621e-02	-3.538316e-02	-2.939481e-02	-1.014746e+00	7.953779e-01	6.677737e-02	1.012015e+00	6.258572e+00
23	5.518543e-01	3.731621e+00	5.520669e-01	1.522892e+01	-5.429756e-02	2.000000e-01	-5.420028e-02	1.219474e+00	7.959932e-01	6.451102e-02	1.011441e+00	6.260684e+00
24	5.016484e-01	3.883573e+00	5.018453e-01	1.598091e+01	-5.020596e-02	1.519526e-01	-5.022157e-02	7.519853e-01	7.964655e-01	6.308140e-02	1.014939e+00	6.250097e+00
25	4.334630e-01	4.038422e+00	4.337301e-01	1.708598e+01	-6.818541e-02	1.548489e-01	-6.811524e-02	1.105067e+00	7.972183e-01	6.137178e-02	1.008347e+00	6.265068e+00
26	3.427606e-01	3.965589e+00	3.431159e-01	1.669764e+01	-9.070241e-02	-7.283287e-02	-9.061418e-02	-3.883332e-01	7.978104e-01	6.184718e-02	1.001525e+00	6.259590e+00
27	2.242771e-01	4.165589e+00	2.247413e-01	1.856325e+01	-1.184835e-01	2.000000e-01	-1.183746e-01	1.865610e+00	7.997950e-01	5.849711e-02	9.613922e-01	6.327333e+00
28	1.626159e-01	3.965589e+00	1.628585e-01	1.794723e+01	-6.166124e-02	-2.000000e-01	-6.188277e-02	-6.160203e-01	7.998199e-01	5.857771e-02	9.410791e-01	6.261447e+00
29	8.811076e-02	3.994576e+00	8.840274e-02	1.889736e+01	-7.450511e-02	2.898610e-02	-7.445581e-02	9.501331e-01	8.004042e-01	5.835039e-02	9.114902e-01	6.272958e+00
30	8.382409e-03	3.794576e+00	8.694988e-03	1.746341e+01	-7.972835e-02	-2.000000e-01	-7.970775e-02	-1.433954e+00	8.005605e-01	5.874247e-02	9.154392e-01	6.282864e+00
31	-8.882220e-03	3.994576e+00	-8.813559e-03	1.852609e+01	-1.726463e-02	2.000000e-01	-1.750855e-02	1.062677e+00	8.006845e-01	5.730504e-02	9.168708e-01	6.266280e+00
32	-1.185712e-03	4.092747e+00	-1.215509e-03	1.804336e+01	7.696507e-03	9.817160e-02	7.598050e-03	-4.827295e-01	8.006693e-01	5.711059e-02	9.128508e-01	6.215003e+00
33	4.704456e-03	4.292747e+00	4.681331e-03	2.080423e+01	5.890168e-03	2.000000e-01	5.896840e-03	2.760874e+00	8.006412e-01	5.615676e-02	9.169994e-01	6.355870e+00
34	-4.825710e-04	4.092747e+00	-4.623995e-04	1.836617e+01	-5.187027e-03	-2.000000e-01	-5.143731e-03	-2.438062e+00	8.006165e-01	5.520299e-02	9.198065e-01	6.464106e+00
35	-3.630064e-03	4.292747e+00	-3.617690e-03	1.944394e+01	-3.147493e-03	2.000000e-01	-3.155291e-03	1.077769e+00	8.006336e-01	5.411553e-02	9.201175e-01	6.444347e+00
36	3.371590e-04	4.384159e+00	3.217103e-04	1.993704e+01	3.967223e-03	9.141136e-02	3.939400e-03	4.930976e-01	8.006257e-01	5.393463e-02	9.199305e-01	6.440039e+00
37	2.232399e-03	4.435829e+00	2.224935e-03	2.006259e+01	1.895240e-03	5.167052e-02	1.903225e-03	1.255503e-01	8.006236e-01	5.387578e-02	9.197427e-01	6.434917e+00
38	-4.547017e-04	4.529952e+00	-4.442344e-04	2.074255e+01	-2.687101e-03	9.412297e-02	-2.669170e-03	6.799670e-01	8.006307e-01	5.362702e-02	9.196451e-01	6.438334e+00
39	-1.501999e-03	4.452047e+00	-1.497867e-03	2.079784e+01	-1.047297e-03	-7.790525e-02	-1.053633e-03	5.528740e-02	8.006287e-01	5.348082e-02	9.193685e-01	6.417754e+00
40	7.620069e-04	4.343367e+00	7.531793e-04	2.155181e+01	2.264006e-03	-1.086800e-01	2.251046e-03	7.539708e-01	8.006354e-01	5.316004e-02	9.209180e-01	6.343372e+00
41	8.061215e-04	4.143367e+00	8.059147e-04	2.054576e+01	4.411464e-05	-2.000000e-01	5.273546e-05	-1.006051e+00	8.006356e-01	5.216818e-02	9.209234e-01	6.318916e+00
42	-6.424656e-04	4.200391e+00	-6.368079e-04	2.195333e+01	-1.448587e-03	5.702465e-02	-1.442723e-03	1.407571e+00	8.006379e-01	5.208008e-02	9.202030e-01	6.347272e+00
43	-4.595050e-04	4.000391e+00	-4.601976e-04	2.115257e+01	1.829607e-04	-2.000000e-01	1.766103e-04	-8.007642e-01	8.006387e-01	5.110716e-02	9.202430e-01	6.303635e+00
44	4.806957e-04	3.920298e+00	4.770203e-04	1.977987e+01	9.402006e-04	-8.009388e-02	9.372179e-04	-1.372698e+00	8.006406e-01	5.094493e-02	9.198562e-01	6.336578e+00
45	2.514623e-04	4.120298e+00	2.523433e-04	2.161117e+01	-2.292334e-04	2.000000e-01	-2.246770e-04	1.831296e+00	8.006417e-01	4.999212e-02	9.197960e-01	6.389126e+00
46	-3.438582e-04	3.920298e+00	-3.415293e-04	2.113733e+01	-5.953204e-04	-2.000000e-01	-5.938726e-04	-4.738372e-01	8.006390e-01	4.907182e-02	9.195730e-01	6.314193e+00
47	-1.192360e-04	3.765726e+00	-1.201043e-04	1.949511e+01	2.246222e-04	-1.545719e-01	2.214250e-04	-1.642222e+00	8.006398e-01	4.851846e-02	9.195027e-01	6.362546e+00
48	2.687162e-04	3.965726e+00	2.671974e-04	2.047400e+01	3.879522e-04	2.000000e-01	3.873017e-04	9.788960e-01	8.006381e-01	4.762183e-02	9.194496e-01	6.335167e+00
49	3.884000e-05	4.008916e+00	3.973202e-05	2.062309e+01	-2.298762e-04	4.319068e-02	-2.274654e-04	1.490860e-01	8.006383e-01	4.757878e-02	9.194632e-01	6.332618e+00
50	-1.704451e-04	4.019193e+00	-1.696241e-04	2.001049e+01	-2.092851e-04	1.027678e-02	-2.093561e-04	-6.125965e-01	8.006383e-01	4.757619e-02	9.195305e-01	6.329312e+00
51	-1.982636e-05	4.219193e+00	-2.041151e-05	2.201252e+01	1.506187e-04	2.000000e-01	1.492126e-04	2.002031e+00	8.006377e-01	4.669263e-02	9.195821e-01	6.397863e+00
52	1.329455e-04	4.019193e+00	1.323465e-04	2.161494e+01	1.527719e-04	-2.000000e-01	1.527580e-04	-3.975811e-01	8.006384e-01	4.582003e-02	9.196449e-01	6.315730e+00
53	-1.146012e-05	3.819193e+00	-1.089837e-05	1.876996e+01	-1.444057e-04	-2.000000e-01	-1.432449e-04	-2.844978e+00	8.006377e-01	4.496910e-02	9.197512e-01	6.463045e+00
54	-9.098027e-05	4.019193e+00	-9.066745e-05	2.077294e+01	-7.952016e-05	2.000000e-01	-7.976908e-05	2.002976e+00	8.006381e-01	4.412994e-02	9.197249e-01	6.529214e+00
55	2.934563e-05	3.819193e+00	2.887683e-05	1.862215e+01	1.203259e-04	-2.000000e-01	1.195443e-04	-2.150795e+00	8.006386e-01	4.330575e-02	9.196776e-01	6.607921e+00
56	5.471155e-05	4.019193e+00	5.461063e-05	2.048611e+01	2.536592e-05	2.000000e-01	2.573380e-05	1.863963e+00	8.006385e-01	4.249958e-02	9.196840e-01	6.658434e+00
57	-2.600587e-05	3.819193e+00	-2.569097e-05	1.890377e+01	-8.071742e-05	-2.000000e-01	-8.030160e-05	-1.582342e+00	8.006381e-01	4.170938e-02	9.196934e-01	6.681772e+00
58	-3.931381e-05	3.957696e+00	-3.926060e-05	1.973986e+01	-1.330793e-05	1.385026e-01	-1.356963e-05	8.360929e-01	8.006382e-01	4.133275e-02	9.196940e-01	6.675951e+00
59	1.960659e-05	3.800444e+00	1.937664e-05	1.913941e+01	5.892040e-05	-1.572519e-01	5.863724e-05	-6.004519e-01	8.006384e-01	4.085234e-02	9.197064e-01	6.642800e+00
60	2.318272e-05	3.671280e+00	2.316785e-05	1.727981e+01	3.576121e-06	-1.291633e-01	3.791204e-06	-1.859595e+00	1.000000e+00	1.000000e-01	9.197047e-01	6.703742e+00
61	-1.626706e-05	3.871280e+00	-1.611301e-05	1.856342e+01	-3.944977e-05	2.000000e-01	-3.928086e-05	1.283613e+00	1.000000e+00	9.813727e-02	9.197057e-01	6.698424e+00
62	-1.195860e-05	3.734517e+00	-1.197483e-05	1.626043e+01	4.308456e-06	-1.367633e-01	4.138185e-06	-2.302998e+00	1.000000e+00	1.000000e-01	9.197029e-01	6.787686e+00
63	1.303624e-05	3.934517e+00	1.293854e-05	1.735842e+01	2.499484e-05	2.000000e-01	2.491337e-05	1.097996e+00	9.999998e-01	9.813725e-02	9.196999e-01	6.763511e+00
64	6.031425e-06	3.914177e+00	6.058406e-06	1.693704e+01	-7.004816e-06	-2.033975e-02	-6.880136e-06	-4.213786e-01	1.000000e+00	1.000000e-01	9.197009e-01	6.766253e+00
65	-9.197813e-06	3.972330e+00	-9.138218e-06	1.805089e+01	-1.522924e-05	5.815270e-02	-1.519662e-05	1.113849e+00	1.000000e+00	9.983964e-02	9.196957e-01	6.786118e+00
66	-1.561110e-06	3.772330e+00	-1.590708e-06	1.618712e+01	7.636703e-06	-2.000000e-01	7.547510e-06	-1.863769e+00	1.000000e+00	1.000000e-01	9.196939e-01	6.833297e+00
67	5.461651e-06	3.922960e+00	5.434103e-06	1.809050e+01	7.022761e-06	1.506298e-01	7.024811e-06	1.903380e+00	1.000000e+00	1.000000e-01	9.196967e-01	6.895135e+00
68	9.232754e-07	3.722960e+00	9.408958e-07	1.550257e+01	-4.538376e-06	-2.000000e-01	-4.493207e-06	-2.587928e+00	1.000000e+00	1.000000e-01	9.196993e-01	7.007728e+00
69	-3.860036e-06	3.922960e+00	-3.841283e-06	1.849412e+01	-4.783312e-06	2.000000e-01	-4.782178e-06	2.991547e+00	1.000000e+00	1.000000e-01	9.196957e-01	7.155817e+00
70	-5.311727e-07	3.722960e+00	-5.441028e-07	1.701223e+01	3.328864e-06	-2.000000e-01	3.297180e-06	-1.481886e+00	1.000000e+00	1.000000e-01	9.196957e-01	7.160541e+00
71	3.207772e-06	3.522960e+00	3.193117e-06	1.612772e+01	3.738945e-06	-2.000000e-01	3.737219e-06	-8.845137e-01	1.000000e+00	1.000000e-01	9.196966e-01	7.109540e+00
72	-1.171198e-06	3.322960e+00	-1.154150e-06	1.394850e+01	-4.378970e-06	-2.000000e-01	-4.347266e-06	-2.179222e+00	1.000000e+00	1.000000e-01	9.196982e-01	7.180074e+00
73	4.640497e-07	3.466309e+00	4.577286e-07	1.557247e+01	1.635247e-06	1.433494e-01	1.611878e-06	1.623967e+00	1.000000e+00	1.000000e-01	9.196986e-01	7.220156e+00
74	-5.864221e-06	3.266309e+00	-5.839526e-06	1.456566e+01	-6.328271e-06	-2.000000e-01	-6.297255e-06	-1.006808e+00	1.000000e+00	1.000000e-01	9.196973e-01	7.179434e+00
75	1.448920e-05	3.066309e+00	1.440979e-05	1.290201e+01	2.035342e-05	-2.000000e-01	2.024931e-05	-1.663646e+00	1.000000e+00	9.813726e-02	9.196952e-01	7.200649e+00
76	-2.048103e-03	3.037694e+00	-2.040046e-03	1.312665e+01	-2.062592e-03	-2.861511e-02	-2.054456e-03	2.246392e-01	9.999974e-01	9.809900e-02	9.192715e-01	7.194771e+00
77	-1.156880e-02	2.837694e+00	-1.153158e-02	1.097355e+01	-9.520696e-03	-2.000000e-01	-9.491531e-03	-2.153105e+00	9.999103e-01	9.626903e-02	9.223989e-01	7.260467e+00
78	-2.100833e-02	3.037264e+00	-2.097131e-02	1.337329e+01	-9.439531e-03	1.995701e-01	-9.439734e-03	2.399750e+00	9.999948e-01	9.448332e-02	9.181810e-01	7.349643e+00
79	-3.159734e-02	2.837264e+00	-3.155583e-02	1.078758e+01	-1.058901e-02	-2.000000e-01	-1.058452e-02	-2.585715e+00	9.999016e-01	9.272302e-02	9.236348e-01	7.452653e+00
80	-4.504570e-02	2.974594e+00	-4.499300e-02	1.138545e+01	-1.344836e-02	1.373297e-01	-1.343717e-02	5.978688e-01	9.999821e-01	9.190085e-02	9.262493e-01	7.425954e+00
81	-5.216598e-02	2.774594e+00	-5.213796e-02	1.050078e+01	-7.120285e-03	-2.000000e-01	-7.144961e-03	-8.846727e-01	9.999212e-01	9.019133e-02	9.242363e-01	7.369411e+00
82	-6.262881e-02	2.574594e+00	-6.258783e-02	8.759645e+00	-1.046282e-02	-2.000000e-01	-1.044986e-02	-1.741131e+00	9.998333e-01	8.851025e-02	9.254913e-01	7.393400e+00
83	-7.213148e-02	2.595078e+00	-7.209420e-02	8.617591e+00	-9.502672e-03	2.048357e-02	-9.506372e-03	-1.420540e-01	9.998415e-01	8.849257e-02	9.267760e-01	7.390630e+00
84	-7.877869e-02	2.462034e+00	-7.875258e-02	8.634050e+00	-6.647212e-03	-1.330434e-01	-6.658381e-03	1.645923e-02	9.998047e-01	8.775585e-02	9.236279e-01	7.327621e+00
85	-8.675361e-02	2.262034e+00	-8.672235e-02	7.013651e+00	-7.974917e-03	-2.000000e-01	-7.969774e-03	-1.620399e+00	9.997395e-01	8.612090e-02	9.241757e-01	7.341360e+00
86	-9.253171e-02	2.247735e+00	-9.250902e-02	6.830693e+00	-5.778105e-03	-1.429920e-02	-5.786666e-03	-1.829580e-01	9.997361e-01	8.611260e-02	9.243751e-01	7.341853e+00
87	-9.555391e-02	2.081938e+00	-9.554201e-02	4.594455e+00	-3.022194e-03	-1.657975e-01	-3.032992e-03	-2.236238e+00	9.997159e-01	8.500437e-02	9.258141e-01	7.420796e+00
88	-9.738537e-02	2.281938e+00	-9.737817e-02	6.646848e+00	-1.831465e-03	2.000000e-01	-1.836158e-03	2.052393e+00	9.997304e-01	8.342047e-02	9.253280e-01	7.473877e+00
89	-9.961402e-02	2.081938e+00	-9.960529e-02	5.080444e+00	-2.228650e-03	-2.000000e-01	-2.227117e-03	-1.566404e+00	9.997131e-01	8.186648e-02	9.254002e-01	7.480357e+00
90	-1.018021e-01	1.967025e+00	-1.017935e-01	5.375835e+00	-2.188032e-03	-1.149121e-01	-2.188185e-03	2.953908e-01	9.997034e-01	8.135640e-02	9.242056e-01	7.417618e+00
91	-1.049928e-01	1.767025e+00	-1.049803e-01	4.783682e+00	-3.190746e-03	-2.000000e-01	-3.186830e-03	-5.921531e-01	9.996792e-01	7.984067e-02	9.228767e-01	7.334324e+00
92	-1.062724e-01	1.567025e+00	-1.062674e-01	4.410723e+00	-1.279602e-03	-2.000000e-01	-1.287052e-03	-3.729589e-01	9.996697e-01	7.835417e-02	9.222242e-01	7.232331e+00
93	-1.063534e-01	1.367025e+00	-1.063531e-01	3.177992e+00	-8.100277e-05	-2.000000e-01	-8.571390e-05	-1.232730e+00	9.996691e-01	7.689507e-02	9.222161e-01	7.212417e+00
94	-1.066972e-01	1.167025e+00	-1.066959e-01	1.861564e+00	-3.438043e-04	-2.000000e-01	-3.427961e-04	-1.316429e+00	9.996667e-01	7.546263e-02	9.221959e-01	7.200647e+00
95	-1.068077e-01	1.002300e+00	-1.068072e-01	1.154372e+00	-1.104536e-04	-1.647254e-01	-1.113612e-04	-7.071923e-01	9.996660e-01	7.450310e-02	9.221711e-01	7.163667e+00
96	-1.067191e-01	8.023000e-01	-1.067194e-01	0.000000e+00	8.858447e-05	-2.000000e-01	8.780343e-05	-1.154372e+00	9.996666e-01	7.311536e-02	9.221826e-01	7.137748e+00
97	-1.070941e-01	7.431586e-01	-1.070927e-01	0.000000e+00	-3.750451e-04	-5.914140e-02	-3.732371e-04	0.000000e+00	9.996659e-01	7.299405e-02	9.221074e-01	7.125901e+00
98	-1.071006e-01	7.047611e-01	-1.071006e-01	0.000000e+00	-6.482241e-06	-3.839754e-02	-7.914877e-06	0.000000e+00	1.000000e+00	1.000000e-01	9.221066e-01	7.120914e+00
99	-1.070062e-01	6.870899e-01	-1.070066e-01	0.000000e+00	9.440948e-05	-1.767120e-02	9.400977e-05	0.000000e+00	1.000000e+00	9.998517e-02	9.221122e-01	7.119858e+00
100	-1.071624e-01	6.901344e-01	-1.071618e-01	8.345623e-01	-1.562479e-04	3.044489e-03	-1.552703e-04	8.345623e-01	1.000000e+00	9.998473e-02	9.220519e-01	7.121034e+00
101	-1.066701e-01	4.901344e-01	-1.066721e-01	0.000000e+00	4.922955e-04	-2.000000e-01	4.897659e-04	-8.345623e-01	1.000005e+00	9.812251e-02	9.221870e-01	7.066159e+00
102	-1.068831e-01	4.621830e-01	-1.068823e-01	1.658122e+00	-2.129338e-04	-2.795134e-02	-2.101888e-04	1.658122e+00	1.000004e+00	9.808607e-02	9.219993e-01	7.041529e+00
103	-1.067065e-01	2.621830e-01	-1.067072e-01	5.644076e-01	1.766161e-04	-2.000000e-01	1.751052e-04	-1.093714e+00	1.000006e+00	9.625912e-02	9.220252e-01	7.012244e+00
104	-1.065467e-01	1.993733e-01	-1.065474e-01	0.000000e+00	1.597201e-04	-6.280976e-02	1.597802e-04	-5.644076e-01	1.000006e+00	9.607909e-02	9.220158e-01	7.015939e+00
105	-1.067309e-01	2.620686e-01	-1.067302e-01	1.420504e+00	-1.841737e-04	6.269534e-02	-1.828301e-04	1.420504e+00	1.000007e+00	9.590010e-02	9.219301e-01	7.045091e+00
106	-1.066355e-01	6.206863e-02	-1.066359e-01	6.951444e-01	9.540302e-05	-2.000000e-01	9.431618e-05	-7.253591e-01	1.000008e+00	9.411382e-02	9.219605e-01	6.981425e+00
107	-1.065122e-01	0.000000e+00	-1.065127e-01	4.139422e-01	1.233437e-04	-6.206863e-02	1.232303e-04	-2.812022e-01	1.000008e+00	9.394194e-02	9.219694e-01	6.976952e+00
108	-1.064191e-01	0.000000e+00	-1.064195e-01	0.000000e+00	9.308086e-05	0.000000e+00	9.319863e-05	-4.139422e-01	1.000008e+00	9.394194e-02	1.000000e+00	7.000000e+00
109	-1.064146e-01	0.000000e+00	-1.064146e-01	7.872322e-01	4.531263e-06	0.000000e+00	4.877620e-06	7.872322e-01	1.000000e+00	1.000000e-01	1.000002e+00	7.000000e+00
110	-1.062489e-01	0.000000e+00	-1.062495e-01	7.461357e-04	1.656855e-04	0.000000e+00	1.650573e-04	-7.864861e-01	1.000000e+00	1.000000e-01	1.000000e+00	7.000000e+00
111	-1.060936e-01	0.000000e+00	-1.060943e-01	3.873785e-01	1.552319e-04	0.000000e+00	1.552703e-04	3.866323e-01	1.000000e+00	1.000000e-01	1.000000e+00	7.000000e+00
112	-1.060915e-01	0.000000e+00	-1.060915e-01	0.000000e+00	2.116187e-06	0.000000e+00	2.714445e-06	-3.873785e-01	1.000000e+00	1.000000e-01	9.999996e-01	7.000000e+00
113	-1.059284e-01	0.000000e+00	-1.059290e-01	0.000000e+00	1.631458e-04	0.000000e+00	1.625191e-04	0.000000e+00	1.000000e+00	1.000000e-01	1.000000e+00	7.000000e+00
114	-1.059124e-01	0.000000e+00	-1.059125e-01	0.000000e+00	1.599135e-05	0.000000e+00	1.656373e-05	0.000000e+00	1.000000e+00	1.000000e-01	1.000000e+00	7.000000e+00
115	-1.059519e-01	2.759142e-03	-1.059517e-01	5.224648e-01	-3.949533e-05	2.759142e-03	-3.927635e-05	5.224648e-01	1.000000e+00	9.999964e-02	9.999906e-01	7.000659e+00
116	-1.058720e-01	0.000000e+00	-1.058723e-01	0.000000e+00	7.986553e-05	-2.759142e-03	7.940013e-05	-5.224648e-01	1.000000e+00	9.999928e-02	9.999715e-01	7.001319e+00
117	-1.059293e-01	0.000000e+00	-1.059291e-01	1.251802e-01	-5.731867e-05	0.000000e+00	-5.678461e-05	1.251802e-01	1.000000e+00	9.999928e-02	1.000000e+00	7.000000e+00
118	-1.058853e-01	0.000000e+00	-1.058855e-01	3.715365e-01	4.399276e-05	0.000000e+00	4.359909e-05	2.463562e-01	1.000000e+00	9.999928e-02	1.000000e+00	7.000000e+00
119	-1.057000e-01	0.000000e+00	-1.057007e-01	0.000000e+00	1.853222e-04	0.000000e+00	1.847686e-04	-3.715365e-01	1.000000e+00	9.999928e-02	1.000000e+00	7.000000e+00
120	-1.055767e-01	0.000000e+00	-1.055771e-01	0.000000e+00	1.233622e-04	0.000000e+00	1.236020e-04	0.000000e+00	1.000000e+00	9.999928e-02	1.000000e+00	7.000000e+00
121	-1.056032e-01	0.000000e+00	-1.056031e-01	0.000000e+00	-2.655908e-05	0.000000e+00	-2.597251e-05	0.000000e+00	1.000000e+00	9.999928e-02	1.000000e+00	7.000000e+00
122	-1.056363e-01	0.000000e+00	-1.056361e-01	1.107366e+00	-3.305351e-05	0.000000e+00	-3.302585e-05	1.107366e+00	1.000000e+00	9.999928e-02	1.000000e+00	7.000000e+00
123	-1.053862e-01	0.000000e+00	-1.053872e-01	0.000000e+00	2.500576e-04	0.000000e+00	2.489518e-04	-1.107366e+00	1.000000e+00	9.999928e-02	1.000000e+00	7.000000e+00
124	-1.053830e-01	4.823327e-02	-1.053830e-01	0.000000e+00	3.240434e-06	4.823327e-02	4.200244e-06	0.000000e+00	1.000000e+00	1.000000e-01	9.999995e-01	6.992273e+00
125	-1.055751e-01	1.198185e-01	-1.055743e-01	4.158576e-02	-1.921196e-04	7.158527e-02	-1.913527e-04	4.158576e-02	1.000001e+00	9.975724e-02	1.000041e+00	6.976714e+00
126	-1.060593e-01	1.993801e-01	-1.060574e-01	0.000000e+00	-4.842061e-04	7.956155e-02	-4.830622e-04	-4.158576e-02	1.000002e+00	9.945828e-02	1.000178e+00	6.954254e+00
127	-1.057494e-01	3.108135e-01	-1.057506e-01	1.026797e-01	3.099398e-04	1.114334e-01	3.068421e-04	1.026797e-01	1.000001e+00	9.887510e-02	1.000080e+00	6.918874e+00
128	-1.060489e-01	4.075840e-01	-1.060478e-01	2.346290e+00	-2.995554e-04	9.677050e-02	-2.971867e-04	2.243610e+00	1.000002e+00	9.843745e-02	9.998566e-01	6.990905e+00
129	-1.056148e-01	2.075840e-01	-1.056165e-01	1.653535e+00	4.341533e-04	-2.000000e-01	4.312965e-04	-6.927542e-01	1.000006e+00	9.660408e-02	9.999991e-01	6.925243e+00
