#sequence delta(k-1),f(k-1),theta(k),v(k),delta_diff(k-1),f_diff(k-1),theta_diff(k),v_diff(k),phi(1,1;k),phi(1,2;k),phi(2,1;k),phi(2,2;k)
1	-7.847735e-01	0.000000e+00	-7.845742e-01	0.000000e+00	-7.847735e-01	0.000000e+00	-5.082534e-02	-4.653713e-03	7.908214e-01	1.000000e-01	1.000000e+00	1.000000e+01
2	-1.883153e+00	2.000000e-01	-1.878861e+00	2.181609e+00	-1.098379e+00	2.000000e-01	-1.094287e+00	2.181609e+00	8.697824e-01	8.562226e-02	5.885899e-01	1.007491e+01
3	-1.161758e+00	2.613055e-01	-1.164559e+00	2.372111e+00	7.213948e-01	6.130549e-02	7.143023e-01	1.905018e-01	8.919364e-01	8.750494e-02	3.573350e-01	1.005526e+01
4	-8.515277e-01	4.282666e-01	-8.527505e-01	4.142432e+00	3.102301e-01	1.669611e-01	3.118085e-01	1.770321e+00	8.947797e-01	8.903521e-02	3.546470e-01	1.005381e+01
5	-8.641758e-01	4.615966e-01	-8.641312e-01	4.934656e+00	-1.264812e-02	3.332997e-02	-1.138072e-02	7.922247e-01	8.947979e-01	8.898725e-02	3.518755e-01	1.006112e+01
6	-8.930943e-01	4.676433e-01	-8.929812e-01	4.793175e+00	-2.891845e-02	6.046686e-03	-2.884995e-02	-1.414813e-01	8.948462e-01	8.897717e-02	3.545136e-01	1.006057e+01
7	-8.433739e-01	6.133545e-01	-8.435677e-01	5.461300e+00	4.972039e-02	1.457112e-01	4.941347e-02	6.681252e-01	8.946584e-01	8.842697e-02	3.354808e-01	1.000479e+01
8	-7.990378e-01	8.133545e-01	-7.992117e-01	9.044688e+00	4.433613e-02	2.000000e-01	4.435596e-02	3.583387e+00	8.943904e-01	8.721781e-02	3.678146e-01	1.015064e+01
9	-7.976547e-01	6.133545e-01	-7.976607e-01	6.530020e+00	1.383126e-03	-2.000000e-01	1.550988e-03	-2.514668e+00	8.944018e-01	8.556392e-02	3.675022e-01	1.019582e+01
10	-8.208602e-01	8.133545e-01	-8.207695e-01	9.537125e+00	-2.320551e-02	2.000000e-01	-2.310880e-02	3.007106e+00	8.946121e-01	8.375134e-02	3.569528e-01	1.028674e+01
11	-8.278998e-01	7.380619e-01	-8.278720e-01	1.046161e+01	-7.039654e-03	-7.529259e-02	-7.102424e-03	9.244839e-01	8.945938e-01	8.355516e-02	3.512794e-01	1.022606e+01
12	-8.384074e-01	5.657501e-01	-8.383663e-01	7.952880e+00	-1.050761e-02	-1.723118e-01	-1.049431e-02	-2.508730e+00	8.945284e-01	8.248230e-02	3.549332e-01	1.028598e+01
13	-8.550335e-01	7.657501e-01	-8.549684e-01	1.010194e+01	-1.662606e-02	2.000000e-01	-1.660211e-02	2.149059e+00	8.946694e-01	8.078500e-02	3.541764e-01	1.029508e+01
14	-8.812245e-01	8.879086e-01	-8.811220e-01	1.039278e+01	-2.619104e-02	1.221585e-01	-2.615358e-02	2.908440e-01	8.948249e-01	8.006013e-02	3.659963e-01	1.023996e+01
15	-9.024622e-01	1.087909e+00	-9.023788e-01	1.101794e+01	-2.123763e-02	2.000000e-01	-2.125683e-02	6.251554e-01	8.950055e-01	7.835936e-02	3.799882e-01	1.010819e+01
16	-9.251167e-01	1.287909e+00	-9.250278e-01	1.247480e+01	-2.265451e-02	2.000000e-01	-2.264905e-02	1.456865e+00	8.951958e-01	7.667912e-02	3.858542e-01	1.005640e+01
17	-9.686110e-01	1.425197e+00	-9.684407e-01	1.392133e+01	-4.349433e-02	1.372885e-01	-4.341290e-02	1.446526e+00	8.955026e-01	7.571071e-02	3.841636e-01	1.006174e+01
18	-1.024755e+00	1.429789e+00	-1.024535e+00	1.446142e+01	-5.614386e-02	4.591744e-03	-5.609413e-02	5.400874e-01	8.956667e-01	7.569729e-02	3.704391e-01	1.006286e+01
19	-1.105112e+00	1.389731e+00	-1.104797e+00	1.356494e+01	-8.035685e-02	-4.005753e-02	-8.026207e-02	-8.964802e-01	8.958666e-01	7.579691e-02	3.880641e-01	1.007165e+01
20	-1.151690e+00	1.563783e+00	-1.151507e+00	1.530868e+01	-4.657816e-02	1.740519e-01	-4.670974e-02	1.743747e+00	8.962623e-01	7.431834e-02	3.878718e-01	1.007237e+01
21	-1.094152e+00	1.586854e+00	-1.094376e+00	1.673706e+01	5.753770e-02	2.307074e-02	5.713048e-02	1.428375e+00	8.963672e-01	7.436042e-02	4.198875e-01	1.008520e+01
22	-9.929110e-01	1.414943e+00	-9.933074e-01	1.574541e+01	1.012412e-01	-1.719114e-01	1.010689e-01	-9.916461e-01	8.974565e-01	7.251069e-02	4.528747e-01	1.002919e+01
23	-9.567910e-01	1.407929e+00	-9.569337e-01	1.638345e+01	3.611997e-02	-7.013242e-03	3.637367e-02	6.380341e-01	8.975331e-01	7.249582e-02	4.647395e-01	1.002689e+01
24	-9.842763e-01	1.389080e+00	-9.841695e-01	1.584728e+01	-2.748524e-02	-1.884909e-02	-2.723579e-02	-5.361672e-01	8.975488e-01	7.250656e-02	4.691028e-01	1.002988e+01
25	-9.694404e-01	1.546876e+00	-9.694980e-01	1.732788e+01	1.483584e-02	1.577961e-01	1.467150e-02	1.480599e+00	8.974786e-01	7.175999e-02	4.683440e-01	1.002181e+01
26	-9.379363e-01	1.602729e+00	-9.380596e-01	1.770404e+01	3.150409e-02	5.585263e-02	3.143834e-02	3.761640e-01	8.974660e-01	7.173765e-02	4.653821e-01	1.001656e+01
27	-9.209816e-01	1.661666e+00	-9.210483e-01	1.793783e+01	1.695473e-02	5.893705e-02	1.701131e-02	2.337908e-01	8.974464e-01	7.166966e-02	4.624525e-01	1.000637e+01
28	-9.236886e-01	1.746052e+00	-9.236783e-01	1.833283e+01	-2.707005e-03	8.438615e-02	-2.629981e-03	3.949922e-01	8.974544e-01	7.142009e-02	4.630267e-01	9.988473e+00
29	-9.214306e-01	1.835244e+00	-9.214394e-01	1.905397e+01	2.258020e-03	8.919187e-02	2.238926e-03	7.211457e-01	8.974478e-01	7.116025e-02	4.628443e-01	9.981266e+00
30	-9.090430e-01	1.865485e+00	-9.090914e-01	1.981035e+01	1.238762e-02	3.024116e-02	1.234798e-02	7.563781e-01	8.974424e-01	7.114702e-02	4.654836e-01	9.987709e+00
31	-9.021237e-01	1.796120e+00	-9.021510e-01	2.066904e+01	6.919233e-03	-6.936504e-02	6.940439e-03	8.586881e-01	8.974610e-01	7.096079e-02	4.705599e-01	9.936820e+00
32	-9.040670e-01	1.596120e+00	-9.040595e-01	1.879535e+01	-1.943243e-03	-2.000000e-01	-1.908542e-03	-1.873683e+00	8.974483e-01	6.965430e-02	4.704562e-01	9.926147e+00
33	-8.936631e-01	1.658539e+00	-8.937038e-01	1.885017e+01	1.040384e-02	6.241899e-02	1.035575e-02	5.481306e-02	8.974319e-01	6.955580e-02	4.676467e-01	9.909291e+00
34	-8.693791e-01	1.814349e+00	-8.694741e-01	2.062978e+01	2.428406e-02	1.558103e-01	2.422965e-02	1.779616e+00	8.973362e-01	6.894167e-02	4.702021e-01	9.925687e+00
35	-8.444757e-01	1.782941e+00	-8.445733e-01	2.052099e+01	2.490340e-02	-3.140825e-02	2.490077e-02	-1.087965e-01	8.973920e-01	6.887132e-02	4.724625e-01	9.922836e+00
36	-8.159124e-01	1.758891e+00	-8.160244e-01	2.063351e+01	2.856327e-02	-2.405040e-02	2.854896e-02	1.125279e-01	8.974540e-01	6.881911e-02	4.770408e-01	9.918981e+00
37	-8.022413e-01	1.723634e+00	-8.022951e-01	2.007256e+01	1.367111e-02	-3.525641e-02	1.372923e-02	-5.609555e-01	8.974792e-01	6.875407e-02	4.756276e-01	9.922625e+00
38	-7.963849e-01	1.788179e+00	-7.964080e-01	1.879761e+01	5.856406e-03	6.454458e-02	5.887159e-03	-1.274944e+00	8.974686e-01	6.863761e-02	4.703028e-01	9.863939e+00
39	-7.918202e-01	1.988179e+00	-7.918381e-01	2.087659e+01	4.564699e-03	2.000000e-01	4.569865e-03	2.078972e+00	8.974404e-01	6.740316e-02	4.705240e-01	9.873629e+00
40	-7.855055e-01	1.998659e+00	-7.855302e-01	2.057059e+01	6.314714e-03	1.048044e-02	6.307898e-03	-3.059953e-01	8.974402e-01	6.740283e-02	4.692870e-01	9.871576e+00
41	-7.863329e-01	2.064000e+00	-7.863298e-01	2.023960e+01	-8.274402e-04	6.534055e-02	-7.995678e-04	-3.309929e-01	8.974420e-01	6.726466e-02	4.696696e-01	9.841360e+00
42	-7.915534e-01	2.213726e+00	-7.915330e-01	2.226927e+01	-5.220452e-03	1.497263e-01	-5.203183e-03	2.029672e+00	8.974680e-01	6.651990e-02	4.682998e-01	9.880648e+00
43	-8.013926e-01	2.070606e+00	-8.013541e-01	2.212250e+01	-9.839254e-03	-1.431201e-01	-9.821144e-03	-1.467744e-01	8.974285e-01	6.594595e-02	4.624157e-01	9.795059e+00
44	-8.084182e-01	1.870606e+00	-8.083906e-01	2.013555e+01	-7.025610e-03	-2.000000e-01	-7.036530e-03	-1.986944e+00	8.973877e-01	6.478571e-02	4.624964e-01	9.797358e+00
45	-8.262686e-01	1.912944e+00	-8.261987e-01	2.020375e+01	-1.785034e-02	4.233837e-02	-1.780810e-02	6.819879e-02	8.974261e-01	6.469465e-02	4.653622e-01	9.790560e+00
46	-8.544790e-01	1.993775e+00	-8.543686e-01	2.167359e+01	-2.821046e-02	8.083017e-02	-2.816983e-02	1.469841e+00	8.975340e-01	6.438547e-02	4.561287e-01	9.817017e+00
47	-8.821697e-01	1.861085e+00	-8.820611e-01	2.017701e+01	-2.769065e-02	-1.326892e-01	-2.769252e-02	-1.496586e+00	8.974597e-01	6.402923e-02	4.584922e-01	9.828342e+00
48	-9.149255e-01	1.899500e+00	-9.147971e-01	2.042667e+01	-3.275581e-02	3.841434e-02	-3.273603e-02	2.496673e-01	8.975498e-01	6.392356e-02	4.602460e-01	9.826286e+00
49	-9.547376e-01	1.915183e+00	-9.545816e-01	2.131619e+01	-3.981208e-02	1.568332e-02	-3.978444e-02	8.895146e-01	8.976453e-01	6.388595e-02	4.460055e-01	9.831895e+00
50	-9.979262e-01	1.767726e+00	-9.977568e-01	1.982327e+01	-4.318858e-02	-1.474575e-01	-4.317528e-02	-1.492919e+00	8.975436e-01	6.353891e-02	4.464894e-01	9.833548e+00
51	-1.047166e+00	1.780591e+00	-1.046973e+00	2.036102e+01	-4.924000e-02	1.286523e-02	-4.921631e-02	5.377502e-01	8.976800e-01	6.350328e-02	4.363699e-01	9.836192e+00
52	-1.097427e+00	1.707317e+00	-1.097230e+00	1.967369e+01	-5.026101e-02	-7.327337e-02	-5.025693e-02	-6.873335e-01	8.976916e-01	6.352011e-02	4.350541e-01	9.834274e+00
53	-1.149767e+00	1.697493e+00	-1.149562e+00	1.898775e+01	-5.234014e-02	-9.824717e-03	-5.233200e-02	-6.859366e-01	8.978088e-01	6.354212e-02	4.491194e-01	9.836914e+00
54	-1.199010e+00	1.784538e+00	-1.198817e+00	1.931290e+01	-4.924316e-02	8.704501e-02	-4.925523e-02	3.251460e-01	8.980549e-01	6.310704e-02	4.609657e-01	9.815974e+00
55	-1.220484e+00	1.829463e+00	-1.220400e+00	1.931787e+01	-2.147394e-02	4.492508e-02	-2.158246e-02	4.975203e-03	8.981072e-01	6.299765e-02	4.653067e-01	9.806892e+00
56	-1.228105e+00	1.839978e+00	-1.228075e+00	1.963424e+01	-7.620667e-03	1.051496e-02	-7.675206e-03	3.163702e-01	8.981126e-01	6.299019e-02	4.645220e-01	9.807975e+00
57	-1.235856e+00	1.739718e+00	-1.235825e+00	1.914365e+01	-7.750476e-03	-1.002595e-01	-7.750182e-03	-4.905957e-01	8.980924e-01	6.272835e-02	4.627039e-01	9.784456e+00
58	-1.226532e+00	1.616650e+00	-1.226569e+00	1.850580e+01	9.323083e-03	-1.230686e-01	9.256391e-03	-6.378498e-01	8.981302e-01	6.222922e-02	4.651739e-01	9.751851e+00
59	-1.232127e+00	1.506997e+00	-1.232105e+00	1.658477e+01	-5.594600e-03	-1.096525e-01	-5.536588e-03	-1.921028e+00	8.981135e-01	6.190245e-02	4.674168e-01	9.795812e+00
60	-1.247239e+00	1.648956e+00	-1.247180e+00	1.821574e+01	-1.511170e-02	1.419589e-01	-1.507430e-02	1.630974e+00	8.981867e-01	6.121559e-02	4.656587e-01	9.812329e+00
61	-1.263944e+00	1.559020e+00	-1.263878e+00	1.669658e+01	-1.670503e-02	-8.993618e-02	-1.669866e-02	-1.519163e+00	8.981565e-01	6.105346e-02	4.706281e-01	9.839083e+00
62	-1.279590e+00	1.615680e+00	-1.279529e+00	1.683945e+01	-1.564650e-02	5.666035e-02	-1.565061e-02	1.428698e-01	8.981941e-01	6.091760e-02	4.736496e-01	9.828141e+00
63	-1.297984e+00	1.621860e+00	-1.297912e+00	1.596269e+01	-1.839394e-02	6.179514e-03	-1.838322e-02	-8.767583e-01	8.982136e-01	6.091103e-02	4.817630e-01	9.825416e+00
64	-1.321574e+00	1.706548e+00	-1.321482e+00	1.585522e+01	-2.359014e-02	8.468764e-02	-2.356981e-02	-1.074705e-01	8.982978e-01	6.060892e-02	4.921237e-01	9.788221e+00
65	-1.337795e+00	1.771996e+00	-1.337731e+00	1.575002e+01	-1.622038e-02	6.544834e-02	-1.624909e-02	-1.051999e-01	8.983412e-01	6.043382e-02	4.977956e-01	9.765335e+00
66	-1.375564e+00	1.790297e+00	-1.375416e+00	1.558512e+01	-3.776924e-02	1.830164e-02	-3.768517e-02	-1.648971e-01	8.984283e-01	6.039160e-02	5.036178e-01	9.762514e+00
67	-1.426964e+00	1.742474e+00	-1.426763e+00	1.570705e+01	-5.140031e-02	-4.782377e-02	-5.134674e-02	1.219296e-01	8.984838e-01	6.044324e-02	4.886468e-01	9.748585e+00
68	-1.474243e+00	1.553083e+00	-1.474057e+00	1.391332e+01	-4.727857e-02	-1.893906e-01	-4.729446e-02	-1.793728e+00	8.983377e-01	5.985778e-02	4.869794e-01	9.741905e+00
69	-1.522443e+00	1.504168e+00	-1.522254e+00	1.222461e+01	-4.820009e-02	-4.891473e-02	-4.819655e-02	-1.688711e+00	8.983826e-01	5.990342e-02	5.141311e-01	9.769459e+00
70	-1.569113e+00	1.676673e+00	-1.568930e+00	1.377257e+01	-4.667016e-02	1.725048e-01	-4.667612e-02	1.547954e+00	8.987117e-01	5.868702e-02	5.166039e-01	9.760319e+00
71	-1.588506e+00	1.598833e+00	-1.588430e+00	1.408278e+01	-1.939317e-02	-7.784048e-02	-1.949975e-02	3.102166e-01	8.986888e-01	5.859498e-02	5.066873e-01	9.720516e+00
72	-1.634386e+00	1.398833e+00	-1.634207e+00	1.135414e+01	-4.587997e-02	-2.000000e-01	-4.577692e-02	-2.728643e+00	8.985357e-01	5.792751e-02	5.229360e-01	9.791347e+00
73	-1.670677e+00	1.459951e+00	-1.670535e+00	1.136935e+01	-3.629098e-02	6.111816e-02	-3.632803e-02	1.520859e-02	8.986605e-01	5.771728e-02	5.326381e-01	9.775008e+00
74	-1.670741e+00	1.473246e+00	-1.670741e+00	1.183878e+01	-6.423177e-05	1.329508e-02	-2.058872e-04	4.694297e-01	8.986605e-01	5.771150e-02	5.326277e-01	9.777152e+00
75	-1.662580e+00	1.312444e+00	-1.662612e+00	1.173312e+01	8.161374e-03	-1.608025e-01	8.128689e-03	-1.056596e-01	8.986991e-01	5.695184e-02	5.382235e-01	9.666898e+00
76	-1.665970e+00	1.112444e+00	-1.665957e+00	9.846460e+00	-3.390299e-03	-2.000000e-01	-3.345303e-03	-1.886659e+00	8.986816e-01	5.591878e-02	5.381469e-01	9.662376e+00
77	-1.668957e+00	1.025281e+00	-1.668946e+00	9.693128e+00	-2.987003e-03	-8.716257e-02	-2.988402e-03	-1.533313e-01	8.986751e-01	5.573029e-02	5.371710e-01	9.633897e+00
78	-1.663135e+00	8.495821e-01	-1.663158e+00	7.617581e+00	5.821993e-03	-1.756989e-01	5.787577e-03	-2.075547e+00	8.987033e-01	5.487988e-02	5.361197e-01	9.665622e+00
79	-1.656871e+00	8.804892e-01	-1.656896e+00	8.327125e+00	6.264369e-03	3.090709e-02	6.262506e-03	7.095439e-01	8.987001e-01	5.486427e-02	5.373315e-01	9.671601e+00
80	-1.655116e+00	7.497531e-01	-1.655123e+00	6.535363e+00	1.754630e-03	-1.307361e-01	1.772239e-03	-1.791762e+00	8.987062e-01	5.441059e-02	5.368949e-01	9.704129e+00
81	-1.654023e+00	7.825683e-01	-1.654027e+00	5.690273e+00	1.093261e-03	3.281519e-02	1.095914e-03	-8.450904e-01	8.987053e-01	5.438454e-02	5.362907e-01	9.685993e+00
82	-1.652908e+00	9.041173e-01	-1.652912e+00	5.169613e+00	1.115419e-03	1.215490e-01	1.115342e-03	-5.206602e-01	8.987019e-01	5.401216e-02	5.353974e-01	9.588644e+00
83	-1.650832e+00	1.073157e+00	-1.650840e+00	7.376091e+00	2.075943e-03	1.690394e-01	2.072191e-03	2.206478e+00	8.986933e-01	5.330574e-02	5.359656e-01	9.634915e+00
84	-1.648434e+00	8.731567e-01	-1.648444e+00	5.103426e+00	2.397673e-03	-2.000000e-01	2.396401e-03	-2.272665e+00	8.987054e-01	5.229029e-02	5.355782e-01	9.667230e+00
85	-1.645201e+00	7.858915e-01	-1.645214e+00	3.957523e+00	3.233045e-03	-8.726519e-02	3.229777e-03	-1.145903e+00	8.987129e-01	5.208847e-02	5.351131e-01	9.679784e+00
