#sequence delta(k-1),f(k-1),theta(k),v(k),delta_diff(k-1),f_diff(k-1),theta_diff(k),v_diff(k),phi(1,1;k),phi(1,2;k),phi(2,1;k),phi(2,2;k)
1	-7.052993e-01	0.000000e+00	-7.051261e-01	0.000000e+00	-7.052993e-01	0.000000e+00	-4.414768e-02	-6.961263e-03	8.226212e-01	1.000000e-01	1.000000e+00	1.400000e+01
2	-9.454178e-01	2.000000e-01	-9.444791e-01	1.805900e+00	-2.401185e-01	2.000000e-01	-2.393530e-01	1.805900e+00	8.293446e-01	9.439993e-02	1.081993e+00	1.393171e+01
3	-6.338842e-01	3.112336e-01	-6.350974e-01	2.299611e+00	3.115336e-01	1.112336e-01	3.093817e-01	4.937115e-01	8.350286e-01	9.642941e-02	8.865465e-01	1.386192e+01
4	-8.435784e-01	5.112336e-01	-8.427641e-01	4.663563e+00	-2.096943e-01	2.000000e-01	-2.076666e-01	2.363951e+00	8.399851e-01	9.170198e-02	9.078184e-01	1.384163e+01
5	-7.539210e-01	4.561662e-01	-7.542680e-01	3.420080e+00	8.965747e-02	-5.506737e-02	8.849605e-02	-1.243482e+00	8.407574e-01	9.122763e-02	8.839884e-01	1.385627e+01
6	-7.126781e-01	6.561662e-01	-7.128406e-01	5.427625e+00	4.124284e-02	2.000000e-01	4.142742e-02	2.007544e+00	8.405369e-01	9.015807e-02	8.686330e-01	1.378181e+01
7	-7.123919e-01	7.166751e-01	-7.123936e-01	7.882391e+00	2.862500e-04	6.050891e-02	4.469578e-04	2.454766e+00	8.405362e-01	9.000748e-02	8.688530e-01	1.382830e+01
8	-7.125989e-01	5.166751e-01	-7.125981e-01	5.575537e+00	-2.070219e-04	-2.000000e-01	-2.044672e-04	-2.306854e+00	8.405344e-01	8.833370e-02	8.688087e-01	1.378555e+01
9	-7.052101e-01	7.166751e-01	-7.052389e-01	8.299091e+00	7.388843e-03	2.000000e-01	7.359182e-03	2.723554e+00	8.404776e-01	8.679529e-02	8.686712e-01	1.378183e+01
10	-6.979727e-01	6.993478e-01	-6.980011e-01	8.097160e+00	7.237385e-03	-1.732734e-02	7.237861e-03	-2.019303e-01	8.404867e-01	8.677341e-02	8.687763e-01	1.378158e+01
11	-6.923441e-01	8.079354e-01	-6.923662e-01	1.004163e+01	5.628553e-03	1.085876e-01	5.634839e-03	1.944468e+00	8.404641e-01	8.633662e-02	8.699539e-01	1.380430e+01
12	-6.873543e-01	7.662747e-01	-6.873739e-01	8.342403e+00	4.989776e-03	-4.166073e-02	4.992296e-03	-1.699226e+00	8.404745e-01	8.624972e-02	8.672816e-01	1.382661e+01
13	-6.782843e-01	9.662747e-01	-6.783198e-01	1.001430e+01	9.070058e-03	2.000000e-01	9.054129e-03	1.671900e+00	8.404077e-01	8.477644e-02	8.626302e-01	1.372404e+01
14	-6.703380e-01	1.137948e+00	-6.703691e-01	1.222853e+01	7.946321e-03	1.716733e-01	7.950648e-03	2.214229e+00	8.403583e-01	8.370918e-02	8.620772e-01	1.371209e+01
15	-6.566453e-01	1.122522e+00	-6.566989e-01	1.217642e+01	1.369265e-02	-1.542633e-02	1.367022e-02	-5.211053e-02	8.403808e-01	8.368387e-02	8.630370e-01	1.371101e+01
16	-6.275998e-01	1.168454e+00	-6.277135e-01	1.353312e+01	2.904551e-02	4.593251e-02	2.898545e-02	1.356699e+00	8.403909e-01	8.369982e-02	8.727059e-01	1.372630e+01
17	-5.906600e-01	1.101930e+00	-5.908047e-01	1.234661e+01	3.693985e-02	-6.652375e-02	3.690878e-02	-1.186513e+00	8.405909e-01	8.333960e-02	8.673588e-01	1.373593e+01
18	-5.593819e-01	1.266794e+00	-5.595047e-01	1.443801e+01	3.127804e-02	1.648640e-01	3.130003e-02	2.091407e+00	8.404630e-01	8.266531e-02	8.644245e-01	1.372046e+01
19	-5.185330e-01	1.277872e+00	-5.186931e-01	1.353227e+01	4.084888e-02	1.107751e-02	4.081158e-02	-9.057486e-01	8.405708e-01	8.269456e-02	8.432348e-01	1.371472e+01
20	-4.668822e-01	1.477872e+00	-4.670846e-01	1.566403e+01	5.165079e-02	2.000000e-01	5.160845e-02	2.131767e+00	8.403703e-01	8.191819e-02	8.275071e-01	1.365382e+01
21	-3.793914e-01	1.508533e+00	-3.797340e-01	1.630183e+01	8.749082e-02	3.066126e-02	8.735066e-02	6.377982e-01	8.408385e-01	8.208227e-02	8.335799e-01	1.365595e+01
22	-3.135038e-01	1.491933e+00	-3.137625e-01	1.769759e+01	6.588761e-02	-1.660004e-02	6.597145e-02	1.395759e+00	8.412111e-01	8.198839e-02	8.825251e-01	1.364362e+01
23	-3.282290e-01	1.300961e+00	-3.281725e-01	1.555546e+01	-1.472518e-02	-1.909719e-01	-1.440995e-02	-2.142130e+00	8.411175e-01	8.077386e-02	8.792529e-01	1.360118e+01
24	-3.687767e-01	1.422710e+00	-3.686181e-01	1.737593e+01	-4.054774e-02	1.217488e-01	-4.044564e-02	1.820474e+00	8.414264e-01	7.984613e-02	8.754286e-01	1.361266e+01
25	-4.120576e-01	1.426478e+00	-4.118879e-01	1.687849e+01	-4.328089e-02	3.768144e-03	-4.326982e-02	-4.974391e-01	8.415734e-01	7.983334e-02	8.859208e-01	1.361175e+01
26	-4.965884e-01	1.571532e+00	-4.962575e-01	1.791551e+01	-8.453078e-02	1.450539e-01	-8.436960e-02	1.037014e+00	8.425557e-01	7.814761e-02	9.200722e-01	1.355314e+01
27	-5.843799e-01	1.688220e+00	-5.840357e-01	1.878565e+01	-8.779153e-02	1.166881e-01	-8.777816e-02	8.701458e-01	8.435017e-01	7.689020e-02	9.460902e-01	1.351856e+01
28	-6.926059e-01	1.758960e+00	-6.921818e-01	2.046002e+01	-1.082259e-01	7.073967e-02	-1.081461e-01	1.674371e+00	8.446384e-01	7.614722e-02	9.042619e-01	1.354590e+01
29	-8.018970e-01	1.629072e+00	-8.014684e-01	1.861542e+01	-1.092911e-01	-1.298877e-01	-1.092866e-01	-1.844606e+00	8.450010e-01	7.657810e-02	9.035625e-01	1.354507e+01
30	-8.413182e-01	1.744433e+00	-8.411625e-01	1.915705e+01	-3.942121e-02	1.153611e-01	-3.969412e-02	5.416283e-01	8.452838e-01	7.575040e-02	9.218767e-01	1.349148e+01
31	-8.641819e-01	1.893140e+00	-8.640919e-01	2.218418e+01	-2.286369e-02	1.487061e-01	-2.292943e-02	3.027136e+00	8.454435e-01	7.471197e-02	9.106875e-01	1.356425e+01
32	-9.809500e-01	1.693140e+00	-9.804936e-01	1.979903e+01	-1.167682e-01	-2.000000e-01	-1.164016e-01	-2.385151e+00	8.455914e-01	7.496532e-02	8.872424e-01	1.352409e+01
33	-1.036002e+00	1.771360e+00	-1.035785e+00	2.268536e+01	-5.505181e-02	7.822061e-02	-5.529145e-02	2.886325e+00	8.459716e-01	7.442518e-02	8.383751e-01	1.359353e+01
34	-1.116851e+00	1.571360e+00	-1.116534e+00	1.939058e+01	-8.084914e-02	-2.000000e-01	-8.074931e-02	-3.294775e+00	8.458766e-01	7.419013e-02	8.574512e-01	1.364072e+01
35	-1.216660e+00	1.771360e+00	-1.216269e+00	2.259600e+01	-9.980944e-02	2.000000e-01	-9.973499e-02	3.205423e+00	8.472710e-01	7.139601e-02	8.314166e-01	1.369289e+01
36	-1.409941e+00	1.659746e+00	-1.409184e+00	2.187040e+01	-1.932805e-01	-1.116142e-01	-1.929151e-01	-7.256037e-01	8.491687e-01	7.249189e-02	7.451168e-01	1.364305e+01
37	-1.783396e+00	1.618245e+00	-1.781934e+00	2.195067e+01	-3.734549e-01	-4.150120e-02	-3.727496e-01	8.026478e-02	8.578866e-01	7.346070e-02	5.918939e-01	1.362602e+01
38	-1.756219e+00	1.591844e+00	-1.756319e+00	2.110820e+01	2.717695e-02	-2.640053e-02	2.561473e-02	-8.424630e-01	8.579413e-01	7.340757e-02	5.854593e-01	1.363227e+01
39	-1.516611e+00	1.720780e+00	-1.517547e+00	2.248772e+01	2.396081e-01	1.289360e-01	2.387722e-01	1.379518e+00	8.605466e-01	7.480948e-02	5.285584e-01	1.360165e+01
40	-1.556638e+00	1.754601e+00	-1.556485e+00	2.356326e+01	-4.002681e-02	3.382133e-02	-3.893776e-02	1.075538e+00	8.606799e-01	7.469681e-02	5.164702e-01	1.361187e+01
41	-1.643593e+00	1.660770e+00	-1.643253e+00	2.209791e+01	-8.695586e-02	-9.383152e-02	-8.676829e-02	-1.465344e+00	8.608814e-01	7.491423e-02	5.223374e-01	1.361820e+01
42	-1.521986e+00	1.737221e+00	-1.522460e+00	2.290737e+01	1.216073e-01	7.645067e-02	1.207933e-01	8.094581e-01	8.614747e-01	7.528720e-02	5.054608e-01	1.360759e+01
43	-1.466793e+00	1.767480e+00	-1.467010e+00	2.246013e+01	5.519309e-02	3.025926e-02	5.544934e-02	-4.472434e-01	8.616218e-01	7.536787e-02	4.822552e-01	1.359487e+01
44	-1.537703e+00	1.882761e+00	-1.537427e+00	2.544055e+01	-7.091008e-02	1.152815e-01	-7.041649e-02	2.980417e+00	8.622228e-01	7.439076e-02	4.339467e-01	1.367340e+01
45	-1.600845e+00	1.682761e+00	-1.600597e+00	2.246444e+01	-6.314149e-02	-2.000000e-01	-6.316991e-02	-2.976102e+00	8.620423e-01	7.381906e-02	4.402276e-01	1.369330e+01
46	-1.607942e+00	1.767925e+00	-1.607913e+00	2.510154e+01	-7.097000e-03	8.516344e-02	-7.316034e-03	2.637095e+00	8.620675e-01	7.351738e-02	4.352765e-01	1.375271e+01
47	-1.692062e+00	1.567925e+00	-1.691733e+00	2.198633e+01	-8.412025e-02	-2.000000e-01	-8.382024e-02	-3.115204e+00	8.619347e-01	7.320176e-02	4.480828e-01	1.378316e+01
48	-1.859281e+00	1.695859e+00	-1.858627e+00	2.276942e+01	-1.672196e-01	1.279340e-01	-1.668938e-01	7.830883e-01	8.644312e-01	7.129181e-02	5.184323e-01	1.372934e+01
49	-1.983635e+00	1.818421e+00	-1.983147e+00	2.285140e+01	-1.243537e-01	1.225624e-01	-1.245199e-01	8.197973e-02	8.659301e-01	6.981452e-02	6.078132e-01	1.364124e+01
50	-2.024553e+00	1.983565e+00	-2.024391e+00	2.584365e+01	-4.091767e-02	1.651435e-01	-4.124425e-02	2.992248e+00	8.662623e-01	6.847358e-02	5.931692e-01	1.370035e+01
51	-2.148891e+00	1.798262e+00	-2.148404e+00	2.432818e+01	-1.243378e-01	-1.853030e-01	-1.240132e-01	-1.515467e+00	8.664707e-01	6.878410e-02	5.299537e-01	1.360614e+01
52	-2.276377e+00	1.683226e+00	-2.275878e+00	2.325419e+01	-1.274869e-01	-1.150354e-01	-1.274733e-01	-1.073994e+00	8.670135e-01	6.927396e-02	4.966093e-01	1.357605e+01
53	-2.226706e+00	1.668315e+00	-2.226898e+00	2.374493e+01	4.967130e-02	-1.491172e-02	4.897932e-02	4.907412e-01	8.671772e-01	6.922482e-02	5.123609e-01	1.357132e+01
54	-2.183991e+00	1.608111e+00	-2.184159e+00	2.302041e+01	4.271494e-02	-6.020316e-02	4.273941e-02	-7.245160e-01	8.673768e-01	6.894347e-02	5.137902e-01	1.356930e+01
55	-2.234417e+00	1.629605e+00	-2.234221e+00	2.347371e+01	-5.042604e-02	2.149375e-02	-5.006212e-02	4.532938e-01	8.675635e-01	6.886389e-02	5.093048e-01	1.357122e+01
56	-2.236245e+00	1.616825e+00	-2.236237e+00	2.316030e+01	-1.827666e-03	-1.278017e-02	-2.016082e-03	-3.134034e-01	8.675631e-01	6.886117e-02	5.094254e-01	1.357206e+01
57	-2.152356e+00	1.637709e+00	-2.152684e+00	2.355662e+01	8.388864e-02	2.088353e-02	8.355307e-02	3.963147e-01	8.679338e-01	6.895343e-02	5.122102e-01	1.357275e+01
58	-2.092628e+00	1.612228e+00	-2.092863e+00	2.363743e+01	5.972819e-02	-2.548015e-02	5.982126e-02	8.080945e-02	8.682095e-01	6.883582e-02	5.234229e-01	1.356797e+01
59	-2.063159e+00	1.551146e+00	-2.063275e+00	2.344764e+01	2.946945e-02	-6.108277e-02	2.958801e-02	-1.897925e-01	8.683241e-01	6.859825e-02	5.321313e-01	1.354992e+01
60	-1.983958e+00	1.476716e+00	-1.984268e+00	2.399891e+01	7.920078e-02	-7.442950e-02	7.900698e-02	5.512735e-01	8.688978e-01	6.805907e-02	5.888904e-01	1.349658e+01
61	-1.813034e+00	1.296141e+00	-1.813703e+00	2.257554e+01	1.709240e-01	-1.805749e-01	1.705650e-01	-1.423375e+00	8.716022e-01	6.520201e-02	6.608021e-01	1.342061e+01
62	-1.729623e+00	1.221114e+00	-1.729951e+00	2.038648e+01	8.341089e-02	-7.502691e-02	8.375134e-02	-2.189053e+00	8.722299e-01	6.463742e-02	6.120881e-01	1.346443e+01
63	-1.728064e+00	1.421114e+00	-1.728071e+00	2.403748e+01	1.559113e-03	2.000000e-01	1.880176e-03	3.650996e+00	8.722209e-01	6.348185e-02	6.127830e-01	1.355357e+01
64	-1.690056e+00	1.261746e+00	-1.690205e+00	2.045219e+01	3.800734e-02	-1.593684e-01	3.786622e-02	-3.585290e+00	8.724851e-01	6.237390e-02	5.869777e-01	1.366178e+01
65	-1.653026e+00	1.449791e+00	-1.653171e+00	2.309953e+01	3.703045e-02	1.880446e-01	3.703371e-02	2.647336e+00	8.723641e-01	6.175959e-02	5.879549e-01	1.366674e+01
66	-1.658531e+00	1.378271e+00	-1.658510e+00	2.164018e+01	-5.504649e-03	-7.151934e-02	-5.338483e-03	-1.459349e+00	8.723540e-01	6.162810e-02	5.892033e-01	1.368296e+01
67	-1.666988e+00	1.407552e+00	-1.666955e+00	2.158648e+01	-8.457308e-03	2.928120e-02	-8.445125e-03	-5.369470e-02	8.723655e-01	6.158817e-02	5.910076e-01	1.367671e+01
68	-1.616165e+00	1.426766e+00	-1.616363e+00	2.196383e+01	5.082307e-02	1.921357e-02	5.059155e-02	3.773451e-01	8.724878e-01	6.163439e-02	5.930452e-01	1.367748e+01
69	-1.546205e+00	1.368277e+00	-1.546479e+00	2.016732e+01	6.996006e-02	-5.848853e-02	6.988441e-02	-1.796504e+00	8.728998e-01	6.128994e-02	5.586937e-01	1.370620e+01
70	-1.486501e+00	1.472391e+00	-1.486735e+00	2.138368e+01	5.970375e-02	1.041135e-01	5.974351e-02	1.216357e+00	8.729349e-01	6.135117e-02	5.518235e-01	1.369422e+01
71	-1.405075e+00	1.439855e+00	-1.405394e+00	2.179707e+01	8.142567e-02	-3.253562e-02	8.134097e-02	4.133859e-01	8.734072e-01	6.116246e-02	5.831863e-01	1.368169e+01
72	-1.267131e+00	1.285618e+00	-1.267671e+00	1.942115e+01	1.379445e-01	-1.542377e-01	1.377233e-01	-2.375918e+00	8.751184e-01	5.924911e-02	5.609818e-01	1.370652e+01
73	-1.074065e+00	1.323791e+00	-1.074821e+00	2.061191e+01	1.930662e-01	3.817391e-02	1.928500e-01	1.190757e+00	8.770646e-01	5.963392e-02	6.112915e-01	1.371646e+01
74	-9.057352e-01	1.215555e+00	-9.063957e-01	1.919452e+01	1.683296e-01	-1.082367e-01	1.684253e-01	-1.417388e+00	8.792001e-01	5.826073e-02	6.084962e-01	1.371826e+01
75	-7.556664e-01	1.206016e+00	-7.562552e-01	1.856965e+01	1.500688e-01	-9.538884e-03	1.501405e-01	-6.248691e-01	8.805222e-01	5.817670e-02	5.672388e-01	1.372088e+01
76	-5.829466e-01	1.254482e+00	-5.836236e-01	1.991583e+01	1.727198e-01	4.846599e-02	1.726316e-01	1.346180e+00	8.819536e-01	5.857837e-02	6.143288e-01	1.373410e+01
77	-3.952742e-01	1.121938e+00	-3.960099e-01	1.903122e+01	1.876724e-01	-1.325442e-01	1.876137e-01	-8.846065e-01	8.845470e-01	5.674680e-02	6.855887e-01	1.368377e+01
78	-1.826313e-01	9.948777e-01	-1.834648e-01	1.789274e+01	2.126429e-01	-1.270600e-01	2.125451e-01	-1.138487e+00	8.876499e-01	5.489273e-02	7.301182e-01	1.365716e+01
79	-1.514018e-02	9.346965e-01	-1.579770e-02	1.703046e+01	1.674911e-01	-6.018114e-02	1.676671e-01	-8.622713e-01	8.893961e-01	5.426528e-02	7.173793e-01	1.366174e+01
80	5.863320e-02	9.485346e-01	5.834246e-02	1.741663e+01	7.377338e-02	1.383808e-02	7.414015e-02	3.861657e-01	8.896678e-01	5.431624e-02	7.224178e-01	1.366268e+01
81	9.677326e-02	8.976973e-01	9.662314e-02	1.697918e+01	3.814006e-02	-5.083734e-02	3.828069e-02	-4.374500e-01	8.897964e-01	5.414490e-02	7.265685e-01	1.365715e+01
82	1.586203e-01	8.421036e-01	1.583781e-01	1.586300e+01	6.184699e-02	-5.559369e-02	6.175493e-02	-1.116184e+00	8.900814e-01	5.388874e-02	7.148034e-01	1.366773e+01
83	2.134553e-01	8.726203e-01	2.132402e-01	1.648787e+01	5.483508e-02	3.051672e-02	5.486211e-02	6.248741e-01	8.901960e-01	5.395254e-02	7.191858e-01	1.367017e+01
84	2.261890e-01	7.929248e-01	2.261385e-01	1.490627e+01	1.273372e-02	-7.969549e-02	1.289829e-02	-1.581598e+00	8.902313e-01	5.373133e-02	7.161635e-01	1.368908e+01
85	2.297591e-01	8.375589e-01	2.297450e-01	1.590357e+01	3.570069e-03	4.463412e-02	3.606507e-03	9.972988e-01	8.902280e-01	5.368961e-02	7.168135e-01	1.369721e+01
86	2.369913e-01	7.182773e-01	2.369629e-01	1.429312e+01	7.232134e-03	-1.192817e-01	7.217971e-03	-1.610448e+00	8.902525e-01	5.328546e-02	7.168756e-01	1.369619e+01
87	2.320015e-01	7.048974e-01	2.320209e-01	1.371046e+01	-4.989728e-03	-1.337986e-02	-4.942041e-03	-5.826602e-01	8.902520e-01	5.328411e-02	7.178137e-01	1.369870e+01
88	2.110766e-01	7.232630e-01	2.111584e-01	1.442085e+01	-2.092491e-02	1.836564e-02	-2.086247e-02	7.103884e-01	8.902839e-01	5.325610e-02	7.131060e-01	1.370283e+01
89	1.833996e-01	5.931163e-01	1.835080e-01	1.342969e+01	-2.767704e-02	-1.301467e-01	-2.765042e-02	-9.911641e-01	8.902328e-01	5.301582e-02	7.025253e-01	1.365308e+01
90	1.488680e-01	4.782389e-01	1.490033e-01	1.214909e+01	-3.453159e-02	-1.148774e-01	-3.450471e-02	-1.280596e+00	8.901949e-01	5.288976e-02	6.974427e-01	1.363617e+01
91	1.236925e-01	4.513880e-01	1.237914e-01	1.207370e+01	-2.517551e-02	-2.685090e-02	-2.521195e-02	-7.539377e-02	8.902114e-01	5.290736e-02	6.937584e-01	1.363224e+01
92	1.093093e-01	3.832694e-01	1.093659e-01	9.790755e+00	-1.438317e-02	-6.811861e-02	-1.442547e-02	-2.282942e+00	8.901979e-01	5.284337e-02	7.029208e-01	1.367563e+01
93	9.893740e-02	5.734565e-01	9.897814e-02	1.350098e+01	-1.037190e-02	1.901871e-01	-1.038774e-02	3.710221e+00	8.902521e-01	5.184917e-02	6.975178e-01	1.377471e+01
94	7.650943e-02	3.734565e-01	7.659720e-02	1.122619e+01	-2.242798e-02	-2.000000e-01	-2.238094e-02	-2.274783e+00	8.901691e-01	5.110841e-02	6.923407e-01	1.372854e+01
95	5.921502e-02	2.581505e-01	5.928292e-02	9.027304e+00	-1.729441e-02	-1.153060e-01	-1.731428e-02	-2.198889e+00	8.901366e-01	5.089223e-02	6.972684e-01	1.376140e+01
96	4.946458e-02	3.353546e-01	4.950294e-02	9.880230e+00	-9.750434e-03	7.720408e-02	-9.779980e-03	8.529257e-01	8.901599e-01	5.070833e-02	6.982044e-01	1.375398e+01
97	4.378501e-02	2.391965e-01	4.380735e-02	8.919551e+00	-5.679568e-03	-9.615812e-02	-5.695586e-03	-9.606792e-01	8.901485e-01	5.051574e-02	6.972220e-01	1.373735e+01
98	3.608773e-02	1.523859e-01	3.611788e-02	8.100402e+00	-7.697288e-03	-8.681059e-02	-7.689469e-03	-8.191487e-01	8.901356e-01	5.037001e-02	6.958424e-01	1.372179e+01
99	2.787432e-02	7.735153e-02	2.790652e-02	6.751378e+00	-8.213404e-03	-7.503435e-02	-8.211357e-03	-1.349024e+00	8.901244e-01	5.026768e-02	6.970628e-01	1.373294e+01
100	2.212576e-02	1.146271e-01	2.214834e-02	7.172261e+00	-5.748561e-03	3.727560e-02	-5.758181e-03	4.208836e-01	8.901312e-01	5.022318e-02	6.973002e-01	1.373140e+01
101	1.992635e-02	2.826501e-02	1.993503e-02	5.020544e+00	-2.199413e-03	-8.636212e-02	-2.213314e-03	-2.151717e+00	8.901270e-01	5.005636e-02	6.983039e-01	1.377081e+01
102	1.843415e-02	1.618458e-01	1.844001e-02	6.938993e+00	-1.492196e-03	1.335808e-01	-1.495013e-03	1.918449e+00	8.901318e-01	4.962536e-02	6.982477e-01	1.377584e+01
103	1.709695e-02	0.000000e+00	1.710220e-02	5.515556e+00	-1.337202e-03	-1.618458e-01	-1.337819e-03	-1.423437e+00	8.901269e-01	4.902709e-02	6.977418e-01	1.371460e+01
104	1.311032e-02	0.000000e+00	1.312592e-02	3.182763e+00	-3.986627e-03	0.000000e+00	-3.976280e-03	-2.332794e+00	8.901277e-01	4.902709e-02	1.000000e+00	1.400000e+01
105	1.072762e-02	4.981331e-02	1.073699e-02	3.015743e+00	-2.382699e-03	4.981331e-02	-2.388924e-03	-1.670199e-01	8.901307e-01	4.896304e-02	1.000974e+00	1.397963e+01
