#sequence delta(k-1),f(k-1),theta(k),v(k),delta_diff(k-1),f_diff(k-1),theta_diff(k),v_diff(k),phi(1,1;k),phi(1,2;k),phi(2,1;k),phi(2,2;k)
1	-8.150168e-01	0.000000e+00	-8.146363e-01	8.586033e-01	-8.150168e-01	0.000000e+00	-9.702681e-02	8.492271e-01	7.913429e-01	1.000000e-01	1.000000e+00	1.500000e+01
2	-7.193904e-01	8.443287e-02	-7.197624e-01	2.103499e+00	9.562644e-02	8.443287e-02	9.487389e-02	1.244896e+00	7.918276e-01	1.004279e-01	9.947184e-01	1.499534e+01
3	-4.912350e-01	1.386652e-01	-4.921276e-01	3.723214e+00	2.281554e-01	5.423236e-02	2.276348e-01	1.619715e+00	7.962077e-01	1.014691e-01	1.055844e+00	1.500987e+01
4	-6.577343e-01	1.236876e-01	-6.570874e-01	3.483874e+00	-1.664994e-01	-1.497759e-02	-1.649598e-01	-2.393408e-01	7.986157e-01	1.016857e-01	1.043265e+00	1.500873e+01
5	-8.484543e-01	1.553889e-01	-8.477067e-01	3.068834e+00	-1.907199e-01	3.170124e-02	-1.906193e-01	-4.150398e-01	8.023090e-01	1.010718e-01	1.104793e+00	1.499851e+01
6	-8.373764e-01	2.968288e-01	-8.374167e-01	4.588288e+00	1.107790e-02	1.414399e-01	1.029002e-02	1.519455e+00	8.022418e-01	1.002142e-01	1.101593e+00	1.495766e+01
7	-7.849205e-01	4.226261e-01	-7.851256e-01	5.052150e+00	5.245583e-02	1.257973e-01	5.229112e-02	4.638616e-01	8.021826e-01	1.000722e-01	1.065166e+00	1.487030e+01
8	-7.859239e-01	6.226261e-01	-7.859207e-01	8.313962e+00	-1.003328e-03	2.000000e-01	-7.951467e-04	3.261812e+00	8.021920e-01	9.820906e-02	1.065031e+00	1.489720e+01
9	-8.182270e-01	4.926109e-01	-8.181008e-01	6.585458e+00	-3.230311e-02	-1.300152e-01	-3.218003e-02	-1.728504e+00	8.020931e-01	9.781109e-02	1.061339e+00	1.488234e+01
10	-8.236403e-01	6.461770e-01	-8.236187e-01	8.513756e+00	-5.413370e-03	1.535660e-01	-5.517927e-03	1.928298e+00	8.021343e-01	9.664345e-02	1.062232e+00	1.485701e+01
11	-8.094577e-01	6.747217e-01	-8.095130e-01	1.067967e+01	1.418266e-02	2.854469e-02	1.410570e-02	2.165918e+00	8.021341e-01	9.664305e-02	1.073859e+00	1.488041e+01
12	-7.964274e-01	4.747217e-01	-7.964786e-01	7.682561e+00	1.303024e-02	-2.000000e-01	1.303444e-02	-2.997113e+00	8.022670e-01	9.460249e-02	1.073646e+00	1.488367e+01
13	-7.949142e-01	6.747217e-01	-7.949203e-01	1.052553e+01	1.513250e-03	2.000000e-01	1.558255e-03	2.842969e+00	8.022539e-01	9.287235e-02	1.073551e+00	1.487106e+01
14	-7.944443e-01	6.955523e-01	-7.944462e-01	1.001336e+01	4.698845e-04	2.083061e-02	4.741360e-04	-5.121733e-01	8.022535e-01	9.285417e-02	1.073367e+00	1.486292e+01
15	-7.880233e-01	8.667240e-01	-7.880484e-01	1.257860e+01	6.421010e-03	1.711718e-01	6.397780e-03	2.565239e+00	8.022095e-01	9.168045e-02	1.073410e+00	1.486406e+01
16	-7.746396e-01	8.331913e-01	-7.746920e-01	1.267859e+01	1.338371e-02	-3.353271e-02	1.335642e-02	9.999670e-02	8.022457e-01	9.158981e-02	1.077121e+00	1.485477e+01
17	-7.544934e-01	8.120420e-01	-7.545723e-01	1.329002e+01	2.014619e-02	-2.114935e-02	2.011966e-02	6.114263e-01	8.023021e-01	9.153062e-02	1.085767e+00	1.484569e+01
18	-7.382968e-01	7.642954e-01	-7.383604e-01	1.180338e+01	1.619659e-02	-4.774660e-02	1.621191e-02	-1.486640e+00	8.023604e-01	9.135876e-02	1.079655e+00	1.486371e+01
19	-7.184814e-01	9.602922e-01	-7.185590e-01	1.369734e+01	1.981545e-02	1.959968e-01	1.980137e-02	1.893965e+00	8.022311e-01	9.007984e-02	1.070047e+00	1.476867e+01
20	-7.013214e-01	1.078643e+00	-7.013887e-01	1.570052e+01	1.715997e-02	1.183508e-01	1.717029e-02	2.003180e+00	8.021723e-01	8.967477e-02	1.071964e+00	1.478189e+01
21	-6.540170e-01	1.024817e+00	-6.542020e-01	1.511264e+01	4.730440e-02	-5.382575e-02	4.718669e-02	-5.878800e-01	8.024876e-01	8.931603e-02	1.075484e+00	1.477789e+01
22	-6.069959e-01	1.049177e+00	-6.071803e-01	1.636261e+01	4.702112e-02	2.436023e-02	4.702177e-02	1.249969e+00	8.026462e-01	8.939821e-02	1.094206e+00	1.478759e+01
23	-5.554210e-01	9.769831e-01	-5.556232e-01	1.460665e+01	5.157488e-02	-7.219440e-02	5.155710e-02	-1.755964e+00	8.030517e-01	8.883069e-02	1.076031e+00	1.481303e+01
24	-4.762475e-01	1.148520e+00	-4.765575e-01	1.785888e+01	7.917351e-02	1.715369e-01	7.906563e-02	3.252230e+00	8.030608e-01	8.885050e-02	1.099163e+00	1.486314e+01
25	-3.752417e-01	1.053247e+00	-3.756375e-01	1.478110e+01	1.010057e-01	-9.527276e-02	1.009200e-01	-3.077781e+00	8.044042e-01	8.758331e-02	1.014922e+00	1.494260e+01
26	-2.434727e-01	1.253247e+00	-2.439889e-01	1.815359e+01	1.317691e-01	2.000000e-01	1.316486e-01	3.372492e+00	8.048993e-01	8.833471e-02	1.030148e+00	1.496571e+01
27	-2.045488e-01	1.207537e+00	-2.047029e-01	1.788319e+01	3.892386e-02	-4.570984e-02	3.928607e-02	-2.704031e-01	8.051207e-01	8.807476e-02	1.037042e+00	1.495762e+01
28	-2.018194e-01	1.210331e+00	-2.018306e-01	1.801156e+01	2.729437e-03	2.793909e-03	2.872237e-03	1.283694e-01	8.051212e-01	8.807533e-02	1.037151e+00	1.495773e+01
29	-2.025019e-01	1.248186e+00	-2.024993e-01	1.758001e+01	-6.825500e-04	3.785496e-02	-6.686641e-04	-4.315466e-01	8.051223e-01	8.801328e-02	1.037474e+00	1.493981e+01
30	-2.306997e-01	1.406537e+00	-2.305896e-01	1.969331e+01	-2.819781e-02	1.583512e-01	-2.809028e-02	2.113298e+00	8.053779e-01	8.657831e-02	1.040425e+00	1.492324e+01
31	-3.233079e-01	1.403637e+00	-3.229457e-01	2.076221e+01	-9.260817e-02	-2.900234e-03	-9.235615e-02	1.068899e+00	8.061453e-01	8.660234e-02	9.874904e-01	1.492158e+01
32	-4.874312e-01	1.271137e+00	-4.867887e-01	1.853905e+01	-1.641233e-01	-1.324998e-01	-1.638430e-01	-2.223155e+00	8.076752e-01	8.783745e-02	9.938947e-01	1.492675e+01
33	-5.381545e-01	1.387823e+00	-5.379538e-01	2.056455e+01	-5.072327e-02	1.166858e-01	-5.116515e-02	2.025491e+00	8.081638e-01	8.671328e-02	9.859081e-01	1.494512e+01
34	-5.614671e-01	1.354408e+00	-5.613753e-01	1.909232e+01	-2.331265e-02	-3.341526e-02	-2.342145e-02	-1.472226e+00	8.081825e-01	8.673998e-02	9.964175e-01	1.496019e+01
35	-6.241891e-01	1.518587e+00	-6.239437e-01	2.144092e+01	-6.272192e-02	1.641791e-01	-6.256841e-02	2.348596e+00	8.089488e-01	8.473410e-02	9.977394e-01	1.495673e+01
36	-7.126366e-01	1.489110e+00	-7.122902e-01	2.219799e+01	-8.844759e-02	-2.947746e-02	-8.834650e-02	7.570732e-01	8.095469e-01	8.493345e-02	9.439363e-01	1.493880e+01
37	-7.588619e-01	1.349568e+00	-7.586800e-01	2.017357e+01	-4.622525e-02	-1.395413e-01	-4.638979e-02	-2.024420e+00	8.094843e-01	8.474437e-02	9.416817e-01	1.493199e+01
38	-7.515644e-01	1.425887e+00	-7.515922e-01	2.171485e+01	7.297444e-03	7.631872e-02	7.087728e-03	1.541277e+00	8.094660e-01	8.455327e-02	9.430463e-01	1.494626e+01
39	-7.701487e-01	1.390873e+00	-7.700762e-01	2.133306e+01	-1.858424e-02	-3.501446e-02	-1.848396e-02	-3.817871e-01	8.094702e-01	8.456125e-02	9.416432e-01	1.494362e+01
40	-8.083835e-01	1.412062e+00	-8.082338e-01	2.287934e+01	-3.823479e-02	2.118920e-02	-3.815764e-02	1.546286e+00	8.096335e-01	8.447076e-02	9.186790e-01	1.495634e+01
41	-8.151135e-01	1.278328e+00	-8.150866e-01	2.138829e+01	-6.730036e-03	-1.337336e-01	-6.852800e-03	-1.491056e+00	8.096022e-01	8.384792e-02	9.170464e-01	1.492390e+01
42	-8.010345e-01	1.291852e+00	-8.010894e-01	2.035234e+01	1.407903e-02	1.352411e-02	1.399727e-02	-1.035950e+00	8.096120e-01	8.385733e-02	9.086839e-01	1.491587e+01
43	-8.022489e-01	1.487040e+00	-8.022444e-01	2.399605e+01	-1.214401e-03	1.951878e-01	-1.154980e-03	3.643711e+00	8.096213e-01	8.235253e-02	9.082688e-01	1.498260e+01
44	-8.027341e-01	1.350352e+00	-8.027322e-01	2.276062e+01	-4.852007e-04	-1.366881e-01	-4.878170e-04	-1.235431e+00	8.096188e-01	8.163455e-02	9.080831e-01	1.493030e+01
45	-7.672834e-01	1.286627e+00	-7.674219e-01	2.276318e+01	3.545069e-02	-6.372518e-02	3.531030e-02	2.561519e-03	8.098172e-01	8.127799e-02	9.235643e-01	1.490247e+01
46	-7.318849e-01	1.217844e+00	-7.320237e-01	2.044492e+01	3.539853e-02	-6.878257e-02	3.539819e-02	-2.318258e+00	8.100237e-01	8.087660e-02	9.013364e-01	1.494566e+01
47	-7.067854e-01	1.417844e+00	-7.068840e-01	2.277524e+01	2.509948e-02	2.000000e-01	2.513971e-02	2.330319e+00	8.098909e-01	7.981825e-02	8.933739e-01	1.488222e+01
48	-6.362989e-01	1.466108e+00	-6.365746e-01	2.426000e+01	7.048650e-02	4.826380e-02	7.030936e-02	1.484765e+00	8.102035e-01	8.003230e-02	9.168429e-01	1.489829e+01
49	-5.196451e-01	1.342032e+00	-5.201018e-01	2.287748e+01	1.166538e-01	-1.240757e-01	1.164728e-01	-1.382520e+00	8.119453e-01	7.817972e-02	9.364533e-01	1.487743e+01
50	-2.916285e-01	1.309568e+00	-2.925209e-01	2.194971e+01	2.280166e-01	-3.246446e-02	2.275809e-01	-9.277762e-01	8.166913e-01	7.750400e-02	8.669948e-01	1.488732e+01
51	-1.580668e-01	1.389112e+00	-1.585920e-01	2.346336e+01	1.335617e-01	7.954423e-02	1.339289e-01	1.513654e+00	8.178626e-01	7.820156e-02	8.803877e-01	1.489529e+01
52	1.177091e-02	1.342099e+00	1.110543e-02	2.335448e+01	1.698377e-01	-4.701273e-02	1.696974e-01	-1.088812e-01	8.206008e-01	7.744358e-02	9.154891e-01	1.488558e+01
53	5.144783e-02	1.278713e+00	5.129024e-02	2.184062e+01	3.967692e-02	-6.338598e-02	4.018481e-02	-1.513860e+00	8.208364e-01	7.706723e-02	9.040878e-01	1.490379e+01
54	-1.063447e-01	1.367046e+00	-1.057289e-01	2.200820e+01	-1.577925e-01	8.833274e-02	-1.570192e-01	1.675834e-01	8.233663e-01	7.565102e-02	9.782945e-01	1.486225e+01
55	-3.533380e-01	1.488210e+00	-3.523708e-01	2.525955e+01	-2.469933e-01	1.211643e-01	-2.466418e-01	3.251348e+00	8.292945e-01	7.274287e-02	7.870010e-01	1.495609e+01
56	-5.182076e-01	1.288210e+00	-5.175598e-01	2.270222e+01	-1.648696e-01	-2.000000e-01	-1.651891e-01	-2.557337e+00	8.303488e-01	7.402184e-02	7.442956e-01	1.490429e+01
57	-4.766872e-01	1.250649e+00	-4.768469e-01	2.123692e+01	4.152042e-02	-3.756169e-02	4.071296e-02	-1.465298e+00	8.305264e-01	7.386121e-02	7.258572e-01	1.492097e+01
58	-4.086512e-01	1.377420e+00	-4.089176e-01	2.173547e+01	6.803604e-02	1.267712e-01	6.792931e-02	4.985515e-01	8.305923e-01	7.398399e-02	6.797210e-01	1.483500e+01
59	-3.722606e-01	1.513326e+00	-3.724038e-01	2.305308e+01	3.639059e-02	1.359065e-01	3.651379e-02	1.317613e+00	8.305278e-01	7.374320e-02	6.673410e-01	1.478877e+01
60	-2.949485e-01	1.532283e+00	-2.952511e-01	2.385165e+01	7.731204e-02	1.895685e-02	7.715267e-02	7.985651e-01	8.309504e-01	7.384683e-02	6.844228e-01	1.479295e+01
61	7.341329e-02	1.419000e+00	7.197320e-02	2.230057e+01	3.683618e-01	-1.132832e-01	3.672243e-01	-1.551077e+00	8.422703e-01	7.036562e-02	6.636726e-01	1.479934e+01
62	2.754242e-01	1.395116e+00	2.746294e-01	2.193124e+01	2.020109e-01	-2.388407e-02	2.026563e-01	-3.693276e-01	8.454844e-01	6.998561e-02	6.495778e-01	1.480100e+01
63	1.736879e-01	1.396732e+00	1.740822e-01	2.215105e+01	-1.017362e-01	1.616079e-03	-1.005472e-01	2.198028e-01	8.461884e-01	6.997442e-02	6.369834e-01	1.480120e+01
64	1.503799e-01	1.366264e+00	1.504725e-01	2.148247e+01	-2.330803e-02	-3.046770e-02	-2.360974e-02	-6.685784e-01	8.462078e-01	6.999980e-02	6.392268e-01	1.480413e+01
65	1.902941e-01	1.384873e+00	1.901386e-01	2.122020e+01	3.991421e-02	1.860847e-02	3.966607e-02	-2.622666e-01	8.462947e-01	7.004031e-02	6.285581e-01	1.479916e+01
66	1.082881e-01	1.430107e+00	1.086078e-01	2.111681e+01	-8.200606e-02	4.523405e-02	-8.153078e-02	-1.033959e-01	8.468880e-01	6.971306e-02	6.565312e-01	1.478373e+01
67	-1.249006e-01	1.486239e+00	-1.239885e-01	2.279994e+01	-2.331887e-01	5.613213e-02	-2.325963e-01	1.683130e+00	8.510897e-01	6.870165e-02	5.481762e-01	1.480981e+01
68	-3.342776e-01	1.340626e+00	-3.334562e-01	2.165399e+01	-2.093770e-01	-1.456126e-01	-2.094677e-01	-1.145942e+00	8.531380e-01	7.012615e-02	4.397828e-01	1.473443e+01
69	-5.534190e-01	1.219937e+00	-5.525597e-01	2.087311e+01	-2.191414e-01	-1.206897e-01	-2.191036e-01	-7.808809e-01	8.555283e-01	7.144260e-02	3.293830e-01	1.467363e+01
70	-6.039543e-01	1.128367e+00	-6.037536e-01	2.017588e+01	-5.053536e-02	-9.156927e-02	-5.119383e-02	-6.972368e-01	8.555622e-01	7.150392e-02	3.135533e-01	1.464495e+01
71	-6.601956e-01	1.082944e+00	-6.599752e-01	1.913157e+01	-5.624130e-02	-4.542376e-02	-5.622158e-02	-1.044302e+00	8.556915e-01	7.160841e-02	3.231838e-01	1.465272e+01
72	-7.998392e-01	1.145304e+00	-7.992928e-01	2.064708e+01	-1.396436e-01	6.235982e-02	-1.393177e-01	1.515508e+00	8.572842e-01	7.089720e-02	2.807706e-01	1.467166e+01
73	-8.965033e-01	1.059803e+00	-8.961236e-01	1.947600e+01	-9.666415e-02	-8.550092e-02	-9.683076e-02	-1.171084e+00	8.576439e-01	7.121540e-02	2.757390e-01	1.466721e+01
74	-9.509361e-01	1.041365e+00	-9.507220e-01	2.076314e+01	-5.443281e-02	-1.843770e-02	-5.459842e-02	1.287143e+00	8.578143e-01	7.127312e-02	2.351461e-01	1.465346e+01
75	-1.038944e+00	8.511201e-01	-1.038599e+00	1.776623e+01	-8.800754e-02	-1.902448e-01	-8.787703e-02	-2.996907e+00	8.577662e-01	7.116910e-02	2.428553e-01	1.467013e+01
76	-1.185033e+00	9.000594e-01	-1.184461e+00	1.870535e+01	-1.460898e-01	4.893926e-02	-1.458624e-01	9.391151e-01	8.594145e-01	7.061694e-02	2.252547e-01	1.467603e+01
77	-1.343162e+00	8.705058e-01	-1.342542e+00	1.896810e+01	-1.581284e-01	-2.955360e-02	-1.580805e-01	2.627502e-01	8.609046e-01	7.089544e-02	1.709684e-01	1.466588e+01
78	-1.493674e+00	7.731352e-01	-1.493084e+00	1.802590e+01	-1.505123e-01	-9.737050e-02	-1.505418e-01	-9.422028e-01	8.618940e-01	7.153554e-02	1.349741e-01	1.464259e+01
79	-1.696383e+00	7.160772e-01	-1.695589e+00	1.761734e+01	-2.027086e-01	-5.705800e-02	-2.025048e-01	-4.085555e-01	8.641275e-01	7.216420e-02	9.218163e-02	1.463055e+01
80	-1.792445e+00	6.665191e-01	-1.792067e+00	1.757320e+01	-9.606279e-02	-4.955819e-02	-9.647858e-02	-4.413581e-02	8.645762e-01	7.239570e-02	6.088977e-02	1.461441e+01
81	-1.865941e+00	5.817219e-01	-1.865653e+00	1.496873e+01	-7.349590e-02	-8.479714e-02	-7.358568e-02	-2.604476e+00	8.647116e-01	7.255196e-02	1.080968e-01	1.466887e+01
82	-1.945313e+00	7.540969e-01	-1.945001e+00	1.743925e+01	-7.937127e-02	1.723750e-01	-7.934867e-02	2.470522e+00	8.655716e-01	7.068425e-02	1.099280e-01	1.466489e+01
83	-2.052784e+00	6.832526e-01	-2.052363e+00	1.726602e+01	-1.074713e-01	-7.084439e-02	-1.073615e-01	-1.732310e-01	8.660440e-01	7.099563e-02	6.550020e-02	1.463561e+01
84	-2.149776e+00	5.332897e-01	-2.149396e+00	1.531584e+01	-9.699206e-02	-1.499628e-01	-9.703257e-02	-1.950181e+00	8.661522e-01	7.116295e-02	5.411926e-02	1.461801e+01
85	-2.168550e+00	5.120197e-01	-2.168476e+00	1.586324e+01	-1.877430e-02	-2.127003e-02	-1.908000e-02	5.474012e-01	8.661638e-01	7.117613e-02	4.645890e-02	1.460933e+01
86	-2.188051e+00	3.887887e-01	-2.187974e+00	1.452797e+01	-1.950049e-02	-1.232310e-01	-1.949884e-02	-1.335270e+00	8.661072e-01	7.081818e-02	4.217618e-02	1.458227e+01
87	-2.238198e+00	3.484163e-01	-2.238001e+00	1.337160e+01	-5.014680e-02	-4.037243e-02	-5.002708e-02	-1.156373e+00	8.661960e-01	7.088966e-02	5.561926e-02	1.459309e+01
88	-2.279028e+00	4.207165e-01	-2.278868e+00	1.419101e+01	-4.083017e-02	7.230027e-02	-4.086610e-02	8.194162e-01	8.664013e-01	7.052604e-02	6.013029e-02	1.458510e+01
89	-2.283360e+00	3.821765e-01	-2.283342e+00	1.361780e+01	-4.331696e-03	-3.854008e-02	-4.474408e-03	-5.732156e-01	8.663972e-01	7.048952e-02	6.015259e-02	1.458530e+01
90	-2.280919e+00	3.414437e-01	-2.280928e+00	1.364617e+01	2.440938e-03	-4.073277e-02	2.413925e-03	2.837643e-02	8.664009e-01	7.042823e-02	6.087355e-02	1.457327e+01
91	-2.288011e+00	2.196198e-01	-2.287983e+00	1.204556e+01	-7.091998e-03	-1.218239e-01	-7.054866e-03	-1.600617e+00	8.663753e-01	6.998770e-02	6.028776e-02	1.456321e+01
92	-2.290827e+00	2.121296e-01	-2.290816e+00	1.176826e+01	-2.816886e-03	-7.490279e-03	-2.833441e-03	-2.772934e-01	8.663751e-01	6.998724e-02	6.051259e-02	1.456381e+01
93	-2.279783e+00	2.005733e-01	-2.279826e+00	1.277377e+01	1.104446e-02	-1.155626e-02	1.099025e-02	1.005507e+00	8.663868e-01	6.997499e-02	6.666625e-02	1.455737e+01
94	-2.257542e+00	5.733000e-04	-2.257629e+00	9.068738e+00	2.224114e-02	-2.000000e-01	2.219719e-02	-3.705031e+00	8.665620e-01	6.839924e-02	5.843369e-02	1.463140e+01
95	-2.244392e+00	1.886859e-01	-2.244444e+00	1.193196e+01	1.314986e-02	1.881126e-01	1.318520e-02	2.863218e+00	8.664940e-01	6.742678e-02	5.910938e-02	1.464106e+01
96	-2.229150e+00	0.000000e+00	-2.229210e+00	8.349451e+00	1.524199e-02	-1.886859e-01	1.523396e-02	-3.582505e+00	8.665989e-01	6.612813e-02	5.327112e-02	1.471334e+01
97	-2.199271e+00	1.640129e-01	-2.199388e+00	9.425502e+00	2.987894e-02	1.640129e-01	2.982173e-02	1.076051e+00	8.665021e-01	6.559662e-02	3.453178e-02	1.461047e+01
98	-2.177125e+00	1.824791e-01	-2.177212e+00	1.075353e+01	2.214623e-02	1.846616e-02	2.217621e-02	1.328029e+00	8.665208e-01	6.561219e-02	4.565112e-02	1.461974e+01
99	-2.138516e+00	0.000000e+00	-2.138668e+00	7.669712e+00	3.860847e-02	-1.824791e-01	3.854429e-02	-3.083819e+00	8.668283e-01	6.415857e-02	3.812036e-02	1.465534e+01
100	-2.094791e+00	5.670704e-02	-2.094962e+00	8.248092e+00	4.372563e-02	5.670704e-02	4.370539e-02	5.783803e-01	8.668732e-01	6.421673e-02	3.285116e-02	1.464850e+01
101	-2.054945e+00	0.000000e+00	-2.055101e+00	7.578828e+00	3.984585e-02	-5.670704e-02	3.986092e-02	-6.692641e-01	8.670424e-01	6.397593e-02	3.587408e-02	1.464420e+01
102	-1.990264e+00	0.000000e+00	-1.990517e+00	5.592151e+00	6.468077e-02	0.000000e+00	6.458382e-02	-1.986677e+00	8.673031e-01	6.397593e-02	1.000000e+00	1.500000e+01
103	-1.926235e+00	6.506705e-02	-1.926486e+00	6.796675e+00	6.402928e-02	6.506705e-02	6.403145e-02	1.204524e+00	8.674344e-01	6.410938e-02	1.004982e+00	1.500506e+01
104	-1.901998e+00	0.000000e+00	-1.902094e+00	4.229994e+00	2.423637e-02	-6.506705e-02	2.439182e-02	-2.566681e+00	8.675210e-01	6.387691e-02	9.864378e-01	1.505485e+01
105	-1.883301e+00	8.275931e-02	-1.883374e+00	5.829612e+00	1.869796e-02	8.275931e-02	1.872020e-02	1.599618e+00	8.674963e-01	6.376774e-02	9.894046e-01	1.506798e+01
