#sequence delta(k-1),f(k-1),theta(k),v(k),delta_diff(k-1),f_diff(k-1),theta_diff(k),v_diff(k),phi(1,1;k),phi(1,2;k),phi(2,1;k),phi(2,2;k)
1	8.040112e-01	0.000000e+00	8.039736e-01	0.000000e+00	8.040112e-01	0.000000e+00	9.592669e-03	-5.224249e-03	7.707159e-01	1.000000e-01	1.000000e+00	1.100000e+01
2	2.239489e+00	2.000000e-01	2.233881e+00	2.197216e+00	1.435477e+00	2.000000e-01	1.429907e+00	2.197216e+00	8.716693e-01	1.140655e-01	5.216884e-01	1.093336e+01
3	1.195277e+00	4.000000e-01	1.199334e+00	3.231120e+00	-1.044212e+00	2.000000e-01	-1.034547e+00	1.033904e+00	9.183013e-01	1.051339e-01	7.143651e-01	1.089645e+01
4	9.730325e-01	6.000000e-01	9.739165e-01	4.942396e+00	-2.222441e-01	2.000000e-01	-2.254171e-01	1.711276e+00	9.225815e-01	1.012822e-01	7.456147e-01	1.086833e+01
5	1.014816e+00	8.000000e-01	1.014656e+00	8.202573e+00	4.178363e-02	2.000000e-01	4.073988e-02	3.260177e+00	9.222303e-01	9.960108e-02	7.661324e-01	1.096654e+01
6	8.959365e-01	8.163321e-01	8.964002e-01	8.832446e+00	-1.188797e-01	1.633205e-02	-1.182562e-01	6.298727e-01	9.228048e-01	9.952214e-02	7.357543e-01	1.097072e+01
7	7.766114e-01	9.669104e-01	7.770793e-01	1.089351e+01	-1.193251e-01	1.505783e-01	-1.193209e-01	2.061067e+00	9.241512e-01	9.782310e-02	7.081002e-01	1.100561e+01
8	7.918154e-01	1.045247e+00	7.917578e-01	1.154747e+01	1.520394e-02	7.833617e-02	1.467845e-02	6.539540e-01	9.241006e-01	9.756215e-02	7.065240e-01	1.099749e+01
9	8.339127e-01	1.211821e+00	8.337480e-01	1.308890e+01	4.209732e-02	1.665745e-01	4.199021e-02	1.541434e+00	9.238412e-01	9.653578e-02	7.002141e-01	1.097252e+01
10	8.194203e-01	1.348160e+00	8.194763e-01	1.547349e+01	-1.449238e-02	1.363389e-01	-1.427174e-02	2.384593e+00	9.239370e-01	9.563470e-02	6.940848e-01	1.103019e+01
11	7.863417e-01	1.278560e+00	7.864712e-01	1.456958e+01	-3.307855e-02	-6.960008e-02	-3.300509e-02	-9.039127e-01	9.238710e-01	9.549581e-02	6.958590e-01	1.103392e+01
12	7.938315e-01	1.415512e+00	7.938028e-01	1.616336e+01	7.489785e-03	1.369521e-01	7.331602e-03	1.593783e+00	9.238263e-01	9.467952e-02	6.961319e-01	1.103891e+01
13	8.127884e-01	1.488658e+00	8.127142e-01	1.699411e+01	1.895689e-02	7.314647e-02	1.891148e-02	8.307450e-01	9.237767e-01	9.448804e-02	6.962226e-01	1.103926e+01
14	8.080747e-01	1.558081e+00	8.080929e-01	1.806274e+01	-4.713664e-03	6.942268e-02	-4.621379e-03	1.068631e+00	9.237919e-01	9.426347e-02	6.955401e-01	1.104931e+01
15	7.962124e-01	1.578094e+00	7.962588e-01	1.799043e+01	-1.186231e-02	2.001308e-02	-1.183403e-02	-7.231086e-02	9.238075e-01	9.423721e-02	6.971466e-01	1.104660e+01
16	7.986582e-01	1.694441e+00	7.986488e-01	1.896245e+01	2.445781e-03	1.163465e-01	2.390001e-03	9.720263e-01	9.237950e-01	9.364253e-02	6.967832e-01	1.102931e+01
17	8.065822e-01	1.792872e+00	8.065512e-01	2.025935e+01	7.923975e-03	9.843140e-02	7.902358e-03	1.296896e+00	9.237627e-01	9.324075e-02	6.975539e-01	1.103889e+01
18	8.044337e-01	1.793799e+00	8.044420e-01	2.204280e+01	-2.148453e-03	9.268389e-04	-2.109192e-03	1.783450e+00	9.237629e-01	9.324066e-02	6.957427e-01	1.103967e+01
19	7.974416e-01	1.593799e+00	7.974689e-01	1.930371e+01	-6.992142e-03	-2.000000e-01	-6.973068e-03	-2.739096e+00	9.237038e-01	9.155173e-02	6.974564e-01	1.108869e+01
20	7.989046e-01	1.761814e+00	7.988990e-01	2.294663e+01	1.463003e-03	1.680149e-01	1.430049e-03	3.642929e+00	9.236933e-01	9.034741e-02	6.986754e-01	1.122867e+01
21	8.022501e-01	1.561814e+00	8.022370e-01	2.096920e+01	3.345535e-03	-2.000000e-01	3.338053e-03	-1.977437e+00	9.237219e-01	8.864140e-02	6.990897e-01	1.120390e+01
22	7.980558e-01	1.600286e+00	7.980721e-01	2.151438e+01	-4.194320e-03	3.847198e-02	-4.164897e-03	5.451858e-01	9.237292e-01	8.857383e-02	6.988566e-01	1.120604e+01
23	7.945082e-01	1.662591e+00	7.945221e-01	2.173819e+01	-3.547656e-03	6.230488e-02	-3.550068e-03	2.238084e-01	9.237390e-01	8.840276e-02	6.996503e-01	1.119210e+01
24	7.951427e-01	1.779584e+00	7.951402e-01	2.329164e+01	6.344926e-04	1.169931e-01	6.181466e-04	1.553449e+00	9.237359e-01	8.783368e-02	6.997232e-01	1.120555e+01
25	7.939168e-01	1.768033e+00	7.939215e-01	2.246372e+01	-1.225897e-03	-1.155107e-02	-1.218693e-03	-8.279228e-01	9.237354e-01	8.782859e-02	7.001294e-01	1.120938e+01
26	7.867327e-01	1.880082e+00	7.867608e-01	2.551359e+01	-7.184065e-03	1.120493e-01	-7.160763e-03	3.049870e+00	9.237705e-01	8.728035e-02	6.940293e-01	1.130452e+01
27	7.821187e-01	1.680082e+00	7.821369e-01	2.381080e+01	-4.613971e-03	-2.000000e-01	-4.623919e-03	-1.702793e+00	9.237338e-01	8.568824e-02	6.928232e-01	1.125224e+01
28	7.844533e-01	1.611096e+00	7.844443e-01	2.222731e+01	2.334581e-03	-6.898588e-02	2.307400e-03	-1.583490e+00	9.237405e-01	8.549006e-02	6.919284e-01	1.127868e+01
29	7.845862e-01	1.771448e+00	7.845856e-01	2.368170e+01	1.328875e-04	1.603519e-01	1.413817e-04	1.454397e+00	9.237396e-01	8.446058e-02	6.919063e-01	1.125204e+01
30	7.818154e-01	1.857921e+00	7.818262e-01	2.530510e+01	-2.770807e-03	8.647250e-02	-2.759431e-03	1.623398e+00	9.237495e-01	8.415353e-02	6.910510e-01	1.127874e+01
31	7.829360e-01	1.770917e+00	7.829316e-01	2.420582e+01	1.120583e-03	-8.700351e-02	1.105426e-03	-1.099276e+00	9.237534e-01	8.384920e-02	6.909880e-01	1.128363e+01
32	7.814860e-01	1.783646e+00	7.814916e-01	2.412971e+01	-1.449975e-03	1.272866e-02	-1.439993e-03	-7.611845e-02	9.237542e-01	8.384214e-02	6.911386e-01	1.128230e+01
33	7.768268e-01	1.833660e+00	7.768450e-01	2.553595e+01	-4.659230e-03	5.001482e-02	-4.646655e-03	1.406242e+00	9.237642e-01	8.373451e-02	6.892705e-01	1.130236e+01
34	7.779351e-01	1.738390e+00	7.779308e-01	2.421125e+01	1.108308e-03	-9.527024e-02	1.085828e-03	-1.324697e+00	9.237684e-01	8.337234e-02	6.891402e-01	1.131356e+01
35	7.799757e-01	1.777394e+00	7.799677e-01	2.372111e+01	2.040663e-03	3.900376e-02	2.036933e-03	-4.901391e-01	9.237654e-01	8.331495e-02	6.882366e-01	1.129629e+01
36	7.346596e-01	1.925070e+00	7.348365e-01	2.623928e+01	-4.531617e-02	1.476756e-01	-4.513119e-02	2.518166e+00	9.240967e-01	8.223543e-02	6.694930e-01	1.135737e+01
37	6.062736e-01	1.826676e+00	6.067758e-01	2.452644e+01	-1.283859e-01	-9.839323e-02	-1.280607e-01	-1.712839e+00	9.241766e-01	8.229671e-02	7.001566e-01	1.138087e+01
38	3.632896e-01	1.885874e+00	3.642407e-01	2.585976e+01	-2.429840e-01	5.919729e-02	-2.425351e-01	1.333324e+00	9.267336e-01	8.167377e-02	6.072949e-01	1.140350e+01
39	-1.106644e-01	1.815132e+00	-1.088093e-01	2.539980e+01	-4.739540e-01	-7.074116e-02	-4.730500e-01	-4.599666e-01	9.323967e-01	8.251903e-02	4.791509e-01	1.138437e+01
40	-8.236784e-01	1.771184e+00	-8.208859e-01	2.497237e+01	-7.130140e-01	-4.394898e-02	-7.120767e-01	-4.274289e-01	9.441716e-01	8.324482e-02	3.672940e-01	1.137748e+01
41	-7.821416e-01	1.779904e+00	-7.822929e-01	2.437933e+01	4.153685e-02	8.720220e-03	3.859304e-02	-5.930408e-01	9.441450e-01	8.323923e-02	3.533473e-01	1.137455e+01
42	-3.535502e-01	1.890125e+00	-3.552249e-01	2.515925e+01	4.285914e-01	1.102209e-01	4.270680e-01	7.799200e-01	9.466002e-01	8.387063e-02	2.374136e-01	1.134473e+01
43	-1.953627e-01	1.965472e+00	-1.959872e-01	2.732274e+01	1.581875e-01	7.534737e-02	1.592378e-01	2.163498e+00	9.468354e-01	8.398265e-02	3.314824e-01	1.138954e+01
44	-2.742607e-01	1.791244e+00	-2.739549e-01	2.316131e+01	-7.889798e-02	-1.742283e-01	-7.796777e-02	-4.161439e+00	9.464170e-01	8.305877e-02	4.106430e-01	1.156435e+01
45	-6.651104e-02	1.991244e+00	-6.732137e-02	2.588962e+01	2.077497e-01	2.000000e-01	2.066336e-01	2.728319e+00	9.457921e-01	8.245716e-02	4.419209e-01	1.159446e+01
46	9.908840e-02	1.990085e+00	9.843836e-02	2.711522e+01	1.655994e-01	-1.158534e-03	1.657597e-01	1.225591e+00	9.465085e-01	8.245215e-02	5.323852e-01	1.159383e+01
47	2.005258e-01	1.826108e+00	2.001270e-01	2.441606e+01	1.014374e-01	-1.639772e-01	1.016887e-01	-2.699157e+00	9.474166e-01	8.098416e-02	4.920809e-01	1.165898e+01
48	2.170601e-01	1.926425e+00	2.169939e-01	2.686419e+01	1.653425e-02	1.003174e-01	1.686688e-02	2.448130e+00	9.473625e-01	8.065601e-02	5.020070e-01	1.171920e+01
49	2.678294e-01	1.801084e+00	2.676309e-01	2.478053e+01	5.076936e-02	-1.253415e-01	5.063693e-02	-2.083658e+00	9.476648e-01	7.990972e-02	4.867071e-01	1.175698e+01
50	3.253853e-01	1.882362e+00	3.251597e-01	2.546494e+01	5.755584e-02	8.127848e-02	5.752881e-02	6.844048e-01	9.475693e-01	7.977489e-02	4.785678e-01	1.174548e+01
51	3.089985e-01	1.944795e+00	3.090616e-01	2.499662e+01	-1.638680e-02	6.243224e-02	-1.609807e-02	-4.683143e-01	9.476124e-01	7.961061e-02	4.878404e-01	1.171015e+01
52	2.599442e-01	2.097183e+00	2.601361e-01	2.634937e+01	-4.905426e-02	1.523882e-01	-4.892553e-02	1.352750e+00	9.479477e-01	7.856911e-02	4.972224e-01	1.168101e+01
53	2.755487e-01	2.140965e+00	2.754885e-01	2.559029e+01	1.560447e-02	4.378214e-02	1.535240e-02	-7.590859e-01	9.479264e-01	7.850929e-02	4.877580e-01	1.165445e+01
54	3.700821e-01	2.268770e+00	3.697126e-01	2.673018e+01	9.453342e-02	1.278050e-01	9.422412e-02	1.139893e+00	9.476860e-01	7.818433e-02	4.702108e-01	1.163073e+01
55	4.448513e-01	2.285252e+00	4.445578e-01	2.576946e+01	7.476919e-02	1.648206e-02	7.484519e-02	-9.607212e-01	9.477816e-01	7.820540e-02	4.281568e-01	1.162146e+01
56	5.235324e-01	2.398375e+00	5.232239e-01	2.779894e+01	7.868110e-02	1.131229e-01	7.866612e-02	2.029483e+00	9.476056e-01	7.795240e-02	4.533741e-01	1.165772e+01
57	6.469795e-01	2.275220e+00	6.464961e-01	2.504916e+01	1.234471e-01	-1.231549e-01	1.232722e-01	-2.749778e+00	9.485236e-01	7.703659e-02	3.742416e-01	1.173666e+01
58	7.134609e-01	2.432508e+00	7.131993e-01	2.623987e+01	6.648138e-02	1.572875e-01	6.670322e-02	1.190712e+00	9.482599e-01	7.641267e-02	3.530705e-01	1.168657e+01
59	7.091705e-01	2.509886e+00	7.091863e-01	2.660399e+01	-4.290409e-03	7.737882e-02	-4.013090e-03	3.641151e-01	9.482718e-01	7.619802e-02	3.541649e-01	1.166683e+01
60	7.575344e-01	2.548709e+00	7.573456e-01	2.717631e+01	4.836393e-02	3.882288e-02	4.815933e-02	5.723197e-01	9.482566e-01	7.618586e-02	3.565094e-01	1.166872e+01
61	8.244341e-01	2.497594e+00	8.241721e-01	2.674037e+01	6.689970e-02	-5.111573e-02	6.682650e-02	-4.359439e-01	9.484872e-01	7.600966e-02	3.608368e-01	1.166541e+01
62	8.254724e-01	2.465456e+00	8.254673e-01	2.668616e+01	1.038278e-03	-3.213712e-02	1.295263e-03	-5.420344e-02	9.484886e-01	7.596765e-02	3.609947e-01	1.166052e+01
63	8.118664e-01	2.426821e+00	8.119195e-01	2.480050e+01	-1.360602e-02	-3.863534e-02	-1.354781e-02	-1.885660e+00	9.484738e-01	7.592562e-02	3.702304e-01	1.168675e+01
64	8.336060e-01	2.626821e+00	8.335213e-01	2.758920e+01	2.173957e-02	2.000000e-01	2.160173e-02	2.788699e+00	9.483300e-01	7.460311e-02	3.747173e-01	1.172803e+01
65	8.577698e-01	2.522958e+00	8.576750e-01	2.752916e+01	2.416379e-02	-1.038635e-01	2.415378e-02	-6.003654e-02	9.484326e-01	7.416224e-02	3.878310e-01	1.167166e+01
66	8.445615e-01	2.355323e+00	8.446127e-01	2.508542e+01	-1.320830e-02	-1.676347e-01	-1.306236e-02	-2.443742e+00	9.483590e-01	7.322813e-02	3.908131e-01	1.170951e+01
67	8.376867e-01	2.493931e+00	8.377138e-01	2.648424e+01	-6.874729e-03	1.386077e-01	-6.898899e-03	1.398817e+00	9.483930e-01	7.254152e-02	3.915296e-01	1.169506e+01
68	8.474842e-01	2.511704e+00	8.474460e-01	2.698556e+01	9.797432e-03	1.777351e-02	9.732212e-03	5.013173e-01	9.483891e-01	7.253435e-02	3.928771e-01	1.169751e+01
69	8.474811e-01	2.446031e+00	8.474810e-01	2.591717e+01	-3.073229e-06	-6.567294e-02	3.495523e-05	-1.068390e+00	1.000000e+00	1.000000e-01	3.928776e-01	1.170685e+01
70	8.316325e-01	2.504674e+00	8.316944e-01	2.533127e+01	-1.584864e-02	5.864250e-02	-1.578660e-02	-5.858997e-01	1.000044e+00	9.983868e-02	4.023921e-01	1.167165e+01
71	8.236441e-01	2.682398e+00	8.236756e-01	2.720121e+01	-7.988347e-03	1.777240e-01	-8.018809e-03	1.869938e+00	1.000110e+00	9.836160e-02	4.031435e-01	1.165493e+01
72	8.257016e-01	2.615060e+00	8.256937e-01	2.676071e+01	2.057530e-03	-6.733729e-02	2.018169e-03	-4.404917e-01	1.000116e+00	9.815149e-02	4.034785e-01	1.164396e+01
73	8.164214e-01	2.532227e+00	8.164577e-01	2.771595e+01	-9.280201e-03	-8.283382e-02	-9.236066e-03	9.552335e-01	1.000080e+00	9.783093e-02	3.950289e-01	1.156854e+01
74	7.969006e-01	2.332227e+00	7.969770e-01	2.562902e+01	-1.952080e-02	-2.000000e-01	-1.948063e-02	-2.086929e+00	9.999023e-01	9.600505e-02	3.928976e-01	1.154671e+01
75	7.963102e-01	2.325848e+00	7.963128e-01	2.535524e+01	-5.904637e-04	-6.378225e-03	-6.642534e-04	-2.737820e-01	9.999021e-01	9.600342e-02	3.929537e-01	1.154731e+01
76	7.959952e-01	2.351181e+00	7.959964e-01	2.549322e+01	-3.149677e-04	2.533276e-02	-3.163321e-04	1.379854e-01	9.999025e-01	9.597414e-02	3.929768e-01	1.154546e+01
77	7.841787e-01	2.340833e+00	7.842249e-01	2.485645e+01	-1.181647e-02	-1.034761e-02	-1.177154e-02	-6.367732e-01	9.998967e-01	9.596905e-02	3.958539e-01	1.154798e+01
78	7.818858e-01	2.392830e+00	7.818949e-01	2.529845e+01	-2.292966e-03	5.199626e-02	-2.329991e-03	4.420047e-01	9.999021e-01	9.584505e-02	3.960253e-01	1.154409e+01
79	7.814783e-01	2.348438e+00	7.814800e-01	2.434669e+01	-4.074391e-04	-4.439161e-02	-4.149491e-04	-9.517618e-01	9.999013e-01	9.575558e-02	3.961102e-01	1.155334e+01
80	7.591666e-01	2.382377e+00	7.592537e-01	2.497132e+01	-2.231177e-02	3.393928e-02	-2.222623e-02	6.246323e-01	9.999349e-01	9.570458e-02	3.935543e-01	1.155723e+01
81	7.214127e-01	2.267023e+00	7.215606e-01	2.398790e+01	-3.775381e-02	-1.153549e-01	-3.769316e-02	-9.834284e-01	9.997373e-01	9.510091e-02	3.870635e-01	1.153740e+01
82	6.687012e-01	2.194260e+00	6.689076e-01	2.214818e+01	-5.271160e-02	-7.276258e-02	-5.265293e-02	-1.839718e+00	9.995636e-01	9.486117e-02	4.114977e-01	1.157113e+01
83	6.485380e-01	2.348716e+00	6.486176e-01	2.407684e+01	-2.016311e-02	1.544557e-01	-2.029002e-02	1.928663e+00	9.997035e-01	9.378926e-02	4.100809e-01	1.158198e+01
84	5.862321e-01	2.178821e+00	5.864758e-01	2.234391e+01	-6.230596e-02	-1.698947e-01	-6.214184e-02	-1.732935e+00	9.992353e-01	9.251251e-02	4.025004e-01	1.156131e+01
85	4.817800e-01	2.120704e+00	4.821890e-01	2.294275e+01	-1.044521e-01	-5.811740e-02	-1.042868e-01	5.988423e-01	9.989662e-01	9.236280e-02	3.378283e-01	1.152533e+01
86	3.404262e-01	1.920704e+00	3.409800e-01	2.197231e+01	-1.413537e-01	-2.000000e-01	-1.412090e-01	-9.704417e-01	9.977621e-01	9.065913e-02	2.477139e-01	1.139782e+01
87	2.718449e-01	1.720704e+00	2.721150e-01	1.986546e+01	-6.858132e-02	-2.000000e-01	-6.886503e-02	-2.106851e+00	9.971983e-01	8.901489e-02	2.416692e-01	1.138020e+01
88	1.915378e-01	1.689257e+00	1.918526e-01	1.890526e+01	-8.030708e-02	-3.144604e-02	-8.026238e-02	-9.601954e-01	9.970988e-01	8.897592e-02	2.638230e-01	1.138887e+01
89	8.546402e-02	1.723637e+00	8.587960e-02	1.810151e+01	-1.060738e-01	3.437923e-02	-1.059730e-01	-8.037464e-01	9.972623e-01	8.892291e-02	3.222742e-01	1.136993e+01
90	4.828295e-02	1.797907e+00	4.842981e-02	2.045250e+01	-3.718107e-02	7.427021e-02	-3.744979e-02	2.350987e+00	9.973851e-01	8.867770e-02	2.955478e-01	1.142331e+01
91	-1.049948e-02	1.597907e+00	-1.026929e-02	1.713394e+01	-5.878243e-02	-2.000000e-01	-5.869910e-02	-3.318557e+00	9.969023e-01	8.703520e-02	3.233272e-01	1.151783e+01
92	-3.416157e-02	1.587457e+00	-3.406825e-02	1.788944e+01	-2.366209e-02	-1.044974e-02	-2.379896e-02	7.554953e-01	9.968945e-01	8.703173e-02	3.134003e-01	1.151344e+01
93	-6.783547e-02	1.387457e+00	-6.770357e-02	1.484070e+01	-3.367389e-02	-2.000000e-01	-3.363532e-02	-3.048743e+00	9.966227e-01	8.541759e-02	3.249277e-01	1.158191e+01
94	-9.153452e-02	1.337890e+00	-9.144143e-02	1.441284e+01	-2.369905e-02	-4.956671e-02	-2.373786e-02	-4.278543e-01	9.965764e-01	8.532085e-02	3.231976e-01	1.157829e+01
95	-9.703408e-02	1.137890e+00	-9.701223e-02	1.157749e+01	-5.499561e-03	-2.000000e-01	-5.570805e-03	-2.835348e+00	9.965330e-01	8.373995e-02	3.245240e-01	1.162653e+01
96	-9.985137e-02	1.100521e+00	-9.984028e-02	1.083144e+01	-2.817294e-03	-3.736948e-02	-2.828050e-03	-7.460558e-01	9.965288e-01	8.368481e-02	3.249394e-01	1.163204e+01
97	-1.034075e-01	9.672564e-01	-1.033936e-01	9.597912e+00	-3.556152e-03	-1.332646e-01	-3.553308e-03	-1.233525e+00	9.965102e-01	8.298568e-02	3.244074e-01	1.161210e+01
98	-1.065691e-01	7.672564e-01	-1.065567e-01	9.714754e+00	-3.161556e-03	-2.000000e-01	-3.163087e-03	1.168417e-01	9.964857e-01	8.144105e-02	3.208146e-01	1.138482e+01
