#sequence delta(k-1),f(k-1),theta(k),v(k),delta_diff(k-1),f_diff(k-1),theta_diff(k),v_diff(k),phi(1,1;k),phi(1,2;k),phi(2,1;k),phi(2,2;k)
1	4.919805e-01	0.000000e+00	4.918516e-01	0.000000e+00	4.919805e-01	0.000000e+00	3.286421e-02	-5.035150e-03	9.042916e-01	1.000000e-01	1.000000e+00	6.000000e+00
2	-3.849547e-01	2.000000e-01	-3.815297e-01	8.030146e-01	-8.769352e-01	2.000000e-01	-8.733813e-01	8.030146e-01	9.340609e-01	9.321062e-02	8.576581e-01	6.032463e+00
3	1.977601e-01	4.000000e-01	1.954973e-01	2.464385e+00	5.827148e-01	2.000000e-01	5.770270e-01	1.661370e+00	9.373396e-01	9.433596e-02	8.472143e-01	6.028879e+00
4	2.772571e-01	6.000000e-01	2.769377e-01	4.898576e+00	7.949697e-02	2.000000e-01	8.144045e-02	2.434192e+00	9.368989e-01	9.322711e-02	8.900649e-01	6.136683e+00
5	4.349647e-01	8.000000e-01	4.343474e-01	6.480802e+00	1.577075e-01	2.000000e-01	1.574096e-01	1.582225e+00	9.362464e-01	9.239973e-02	9.056299e-01	6.156422e+00
6	4.965195e-01	1.000000e+00	4.962767e-01	6.719325e+00	6.155486e-02	2.000000e-01	6.192930e-02	2.385236e-01	9.358407e-01	9.108138e-02	8.756299e-01	6.058948e+00
7	4.688413e-01	1.200000e+00	4.689485e-01	8.314113e+00	-2.767824e-02	2.000000e-01	-2.732821e-02	1.594787e+00	9.360938e-01	8.925266e-02	8.703829e-01	6.096863e+00
8	4.373731e-01	1.400000e+00	4.374964e-01	9.135287e+00	-3.146824e-02	2.000000e-01	-3.145207e-02	8.211747e-01	9.363844e-01	8.740521e-02	8.758142e-01	6.062343e+00
9	4.204600e-01	1.600000e+00	4.205265e-01	1.054459e+01	-1.691308e-02	2.000000e-01	-1.696987e-02	1.409306e+00	9.365310e-01	8.567182e-02	8.741475e-01	6.082053e+00
10	3.782843e-01	1.800000e+00	3.784493e-01	1.253411e+01	-4.217568e-02	2.000000e-01	-4.207722e-02	1.989521e+00	9.369179e-01	8.383743e-02	8.582528e-01	6.157427e+00
11	3.174754e-01	2.000000e+00	3.177136e-01	1.444984e+01	-6.080886e-02	2.000000e-01	-6.073569e-02	1.915729e+00	9.374982e-01	8.192876e-02	8.374363e-01	6.225892e+00
12	2.643257e-01	2.200000e+00	2.645343e-01	1.595676e+01	-5.314972e-02	2.000000e-01	-5.317936e-02	1.506916e+00	9.379860e-01	8.009302e-02	8.298669e-01	6.254375e+00
13	2.094128e-01	2.396974e+00	2.096281e-01	1.845724e+01	-5.491291e-02	1.969735e-01	-5.490614e-02	2.500478e+00	9.384759e-01	7.833572e-02	7.962923e-01	6.374808e+00
14	1.238279e-01	2.281483e+00	1.241631e-01	1.847790e+01	-8.558489e-02	-1.154908e-01	-8.546505e-02	2.066664e-02	9.383190e-01	7.812388e-02	7.630947e-01	6.330010e+00
15	4.920260e-02	2.278477e+00	4.949542e-02	1.866535e+01	-7.462530e-02	-3.006081e-03	-7.466764e-02	1.874452e-01	9.384749e-01	7.813016e-02	7.537832e-01	6.329635e+00
16	3.168387e-02	2.429191e+00	3.175344e-02	1.986074e+01	-1.751874e-02	1.507140e-01	-1.774198e-02	1.195388e+00	9.385824e-01	7.720469e-02	7.516884e-01	6.347656e+00
17	1.398196e-02	2.558444e+00	1.405138e-02	1.993721e+01	-1.770190e-02	1.292535e-01	-1.770206e-02	7.646813e-02	9.386747e-01	7.653100e-02	7.577805e-01	6.303174e+00
18	-1.521461e-02	2.758444e+00	-1.510029e-02	2.232510e+01	-2.919657e-02	2.000000e-01	-2.915167e-02	2.387895e+00	9.389064e-01	7.494351e-02	7.421595e-01	6.410180e+00
19	-8.334422e-03	2.676914e+00	-8.360851e-03	2.069433e+01	6.880185e-03	-8.153028e-02	6.739436e-03	-1.630767e+00	9.389273e-01	7.469688e-02	7.385334e-01	6.453149e+00
20	1.235308e-02	2.876914e+00	1.227216e-02	2.018532e+01	2.068750e-02	2.000000e-01	2.063301e-02	-5.090184e-01	9.387950e-01	7.341833e-02	7.210523e-01	6.284147e+00
21	6.927391e-03	3.076914e+00	6.948269e-03	2.052123e+01	-5.425686e-03	2.000000e-01	-5.323894e-03	3.359183e-01	9.388327e-01	7.202931e-02	7.233692e-01	6.198742e+00
22	-9.460753e-03	3.276914e+00	-9.396655e-03	2.138825e+01	-1.638814e-02	2.000000e-01	-1.634492e-02	8.670168e-01	9.389499e-01	7.059843e-02	7.261229e-01	6.165135e+00
23	-4.126751e-03	3.476914e+00	-4.147336e-03	2.204228e+01	5.334002e-03	2.000000e-01	5.249319e-03	6.540261e-01	9.389155e-01	6.930583e-02	7.246751e-01	6.110849e+00
24	7.841565e-03	3.676914e+00	7.794733e-03	2.333800e+01	1.196832e-02	2.000000e-01	1.194207e-02	1.295727e+00	9.388421e-01	6.808057e-02	7.250367e-01	6.116891e+00
25	8.051564e-04	3.876914e+00	8.324595e-04	2.638827e+01	-7.036408e-03	2.000000e-01	-6.962274e-03	3.050267e+00	9.388879e-01	6.677926e-02	7.190339e-01	6.287514e+00
26	-5.596453e-03	3.676914e+00	-5.571340e-03	2.566442e+01	-6.401609e-03	-2.000000e-01	-6.403799e-03	-7.238483e-01	9.388493e-01	6.557199e-02	7.174293e-01	6.237383e+00
27	2.082063e-03	3.610941e+00	2.052167e-03	2.433080e+01	7.678516e-03	-6.597310e-02	7.623507e-03	-1.333624e+00	9.388665e-01	6.542377e-02	7.140534e-01	6.266388e+00
28	3.353857e-03	3.810941e+00	3.348772e-03	2.528655e+01	1.271793e-03	2.000000e-01	1.296605e-03	9.557519e-01	9.388588e-01	6.421464e-02	7.138766e-01	6.238593e+00
29	-2.451864e-03	3.996282e+00	-2.429205e-03	2.510719e+01	-5.805720e-03	1.853413e-01	-5.777977e-03	-1.793649e-01	9.388920e-01	6.315624e-02	7.174865e-01	6.123354e+00
30	-1.864713e-03	4.196282e+00	-1.866918e-03	2.685822e+01	5.871503e-04	2.000000e-01	5.622865e-04	1.751031e+00	9.388885e-01	6.198083e-02	7.176303e-01	6.172338e+00
31	2.296121e-03	4.099246e+00	2.279859e-03	2.626112e+01	4.160835e-03	-9.703631e-02	4.146778e-03	-5.970954e-01	9.389008e-01	6.169390e-02	7.176280e-01	6.172391e+00
32	5.399308e-04	4.138155e+00	5.467274e-04	2.579648e+01	-1.756190e-03	3.890886e-02	-1.733132e-03	-4.646437e-01	9.389029e-01	6.164801e-02	7.182145e-01	6.159398e+00
33	-1.878866e-03	4.338155e+00	-1.869391e-03	2.683146e+01	-2.418797e-03	2.000000e-01	-2.416118e-03	1.034980e+00	9.389170e-01	6.048615e-02	7.184343e-01	6.141221e+00
34	4.153278e-04	4.353091e+00	4.064031e-04	2.603049e+01	2.294194e-03	1.493653e-02	2.275794e-03	-8.009624e-01	9.389161e-01	6.048061e-02	7.174598e-01	6.134876e+00
35	1.088126e-03	4.553091e+00	1.085463e-03	2.617628e+01	6.727981e-04	2.000000e-01	6.790598e-04	1.457852e-01	9.389123e-01	5.935842e-02	7.171209e-01	6.034132e+00
36	-4.759077e-04	4.753091e+00	-4.698086e-04	2.955836e+01	-1.564034e-03	2.000000e-01	-1.555272e-03	3.382075e+00	9.389211e-01	5.824464e-02	7.155357e-01	6.236833e+00
37	-6.198110e-04	4.553091e+00	-6.192250e-04	2.832153e+01	-1.439032e-04	-2.000000e-01	-1.494164e-04	-1.236825e+00	9.389203e-01	5.716102e-02	7.155350e-01	6.235842e+00
38	5.554810e-04	4.353091e+00	5.508923e-04	2.710170e+01	1.175292e-03	-2.000000e-01	1.170117e-03	-1.219826e+00	9.389266e-01	5.609006e-02	7.155495e-01	6.233374e+00
39	3.988771e-04	4.203812e+00	3.994709e-04	2.742603e+01	-1.566039e-04	-1.492787e-01	-1.514214e-04	3.243295e-01	9.389260e-01	5.550320e-02	7.154572e-01	6.145369e+00
40	-6.553862e-04	4.003812e+00	-6.512657e-04	2.522473e+01	-1.054263e-03	-2.000000e-01	-1.050737e-03	-2.201307e+00	9.389205e-01	5.447498e-02	7.159342e-01	6.235850e+00
41	-5.178732e-05	4.198328e+00	-5.412904e-05	2.634604e+01	6.035989e-04	1.945151e-01	5.971366e-04	1.121317e+00	9.389176e-01	5.351688e-02	7.159083e-01	6.227500e+00
42	4.295200e-04	4.057141e+00	4.276307e-04	2.447912e+01	4.813073e-04	-1.411864e-01	4.817598e-04	-1.866924e+00	9.389193e-01	5.301318e-02	7.156846e-01	6.293107e+00
43	-4.227498e-05	4.257141e+00	-4.043941e-05	2.574218e+01	-4.717950e-04	2.000000e-01	-4.680701e-04	1.263061e+00	9.389216e-01	5.202334e-02	7.156836e-01	6.293552e+00
44	-3.349987e-04	4.084558e+00	-3.338480e-04	2.346362e+01	-2.927237e-04	-1.725833e-01	-2.934086e-04	-2.278563e+00	9.389204e-01	5.129962e-02	7.158469e-01	6.389850e+00
45	9.190323e-05	4.284558e+00	9.024014e-05	2.502487e+01	4.269019e-04	2.000000e-01	4.240882e-04	1.561249e+00	9.389183e-01	5.034621e-02	7.159031e-01	6.416205e+00
46	1.957877e-04	4.084558e+00	1.953754e-04	2.322255e+01	1.038844e-04	-2.000000e-01	1.051352e-04	-1.802318e+00	9.389188e-01	4.940768e-02	7.158780e-01	6.464558e+00
47	-1.297461e-04	4.195284e+00	-1.284761e-04	2.386613e+01	-3.255337e-04	1.107259e-01	-3.238514e-04	6.435808e-01	9.389197e-01	4.912075e-02	7.158891e-01	6.460795e+00
48	-7.992399e-05	4.052551e+00	-8.011365e-05	2.284983e+01	4.982208e-05	-1.427328e-01	4.836241e-05	-1.016298e+00	9.389198e-01	4.865009e-02	7.158869e-01	6.467115e+00
49	1.156731e-04	4.009736e+00	1.149083e-04	2.308061e+01	1.955970e-04	-4.281509e-02	1.950219e-04	2.307815e-01	9.389200e-01	4.860754e-02	7.159340e-01	6.456803e+00
50	2.387294e-06	3.809736e+00	2.826829e-06	2.228194e+01	-1.132858e-04	-2.000000e-01	-1.120814e-04	-7.986771e-01	9.389195e-01	4.770264e-02	7.159080e-01	6.410908e+00
51	-7.679830e-05	3.609736e+00	-7.648726e-05	2.301728e+01	-7.918559e-05	-2.000000e-01	-7.931409e-05	7.353464e-01	9.389192e-01	4.681452e-02	7.158336e-01	6.222996e+00
52	2.177890e-05	3.409736e+00	2.139505e-05	2.238349e+01	9.857720e-05	-2.000000e-01	9.788231e-05	-6.337894e-01	9.389196e-01	4.594199e-02	7.158616e-01	6.166113e+00
53	5.646456e-05	3.209736e+00	5.632757e-05	2.154591e+01	3.468566e-05	-2.000000e-01	3.493252e-05	-8.375813e-01	9.389198e-01	4.508599e-02	7.158680e-01	6.129266e+00
54	-3.260981e-05	3.009736e+00	-3.226239e-05	2.120358e+01	-8.907436e-05	-2.000000e-01	-8.858996e-05	-3.423349e-01	9.389194e-01	4.424661e-02	7.158314e-01	6.046972e+00
55	-2.816505e-05	2.809736e+00	-2.818105e-05	2.035333e+01	4.444758e-06	-2.000000e-01	4.081341e-06	-8.502461e-01	1.000000e+00	1.000000e-01	7.158321e-01	6.013522e+00
56	2.664636e-05	2.609736e+00	2.643219e-05	2.002278e+01	5.481141e-05	-2.000000e-01	5.461325e-05	-3.305500e-01	1.000001e+00	9.813727e-02	7.158544e-01	5.932296e+00
57	1.194677e-05	2.409736e+00	1.200335e-05	1.841733e+01	-1.469959e-05	-2.000000e-01	-1.442884e-05	-1.605448e+00	1.000000e+00	9.630920e-02	7.158572e-01	5.971318e+00
58	-1.019623e-05	2.275620e+00	-1.010951e-05	1.748732e+01	-2.214299e-05	-1.341163e-01	-2.211286e-05	-9.300160e-01	1.000000e+00	9.549368e-02	7.158586e-01	5.979472e+00
59	-2.782576e-05	2.124615e+00	-2.775656e-05	1.734756e+01	-1.762953e-05	-1.510047e-01	-1.764705e-05	-1.397588e-01	1.000000e+00	9.447103e-02	7.158523e-01	5.925348e+00
60	-3.389346e-04	1.924615e+00	-3.377190e-04	1.788252e+01	-3.111088e-04	-2.000000e-01	-3.099625e-04	5.349554e-01	9.999974e-01	9.271117e-02	7.156030e-01	5.765129e+00
61	-7.972882e-03	1.724615e+00	-7.943058e-03	1.712618e+01	-7.633948e-03	-2.000000e-01	-7.605339e-03	-7.563379e-01	9.999314e-01	9.098158e-02	7.141734e-01	5.727675e+00
62	-2.753153e-02	1.524615e+00	-2.745501e-02	1.571615e+01	-1.955865e-02	-2.000000e-01	-1.951195e-02	-1.410024e+00	9.997652e-01	8.928292e-02	7.164548e-01	5.751004e+00
63	-4.170320e-02	1.324615e+00	-4.164755e-02	1.608265e+01	-1.417167e-02	-2.000000e-01	-1.419253e-02	3.664921e-01	9.996476e-01	8.762223e-02	7.063793e-01	5.608811e+00
64	-5.602524e-02	1.124615e+00	-5.596908e-02	1.533657e+01	-1.432204e-02	-2.000000e-01	-1.432153e-02	-7.460798e-01	9.995307e-01	8.599063e-02	7.038064e-01	5.572883e+00
65	-7.435074e-02	9.246148e-01	-7.427894e-02	1.437023e+01	-1.832550e-02	-2.000000e-01	-1.830986e-02	-9.663363e-01	9.993839e-01	8.438846e-02	7.024315e-01	5.557877e+00
66	-9.019148e-02	7.246148e-01	-9.012932e-02	1.463004e+01	-1.584074e-02	-2.000000e-01	-1.585039e-02	2.598071e-01	9.992596e-01	8.281851e-02	6.922342e-01	5.429130e+00
67	-1.021687e-01	5.246148e-01	-1.021216e-01	1.346864e+01	-1.197717e-02	-2.000000e-01	-1.199230e-02	-1.161399e+00	9.991673e-01	8.127816e-02	6.926095e-01	5.435396e+00
68	-1.082272e-01	3.246148e-01	-1.082033e-01	1.382617e+01	-6.058534e-03	-2.000000e-01	-6.081713e-03	3.575299e-01	9.991216e-01	7.976681e-02	6.885219e-01	5.300461e+00
69	-1.144800e-01	1.246148e-01	-1.144555e-01	1.171926e+01	-6.252808e-03	-2.000000e-01	-6.252140e-03	-2.106911e+00	9.990751e-01	7.828144e-02	6.915575e-01	5.397556e+00
70	-1.177088e-01	0.000000e+00	-1.176961e-01	9.637802e+00	-3.228838e-03	-1.246148e-01	-3.240648e-03	-2.081454e+00	9.990603e-01	7.770934e-02	6.936982e-01	5.480174e+00
