#sequence delta(k-1),f(k-1),theta(k),v(k),delta_diff(k-1),f_diff(k-1),theta_diff(k),v_diff(k),phi(1,1;k),phi(1,2;k),phi(2,1;k),phi(2,2;k)
1	-8.639927e-01	0.000000e+00	-8.637561e-01	0.000000e+00	-8.639927e-01	0.000000e+00	-6.033758e-02	-6.502910e-03	7.598257e-01	1.000000e-01	1.000000e+00	1.200000e+01
2	-1.777115e+00	2.000000e-01	-1.773547e+00	2.106195e+00	-9.131225e-01	2.000000e-01	-9.097913e-01	2.106195e+00	8.310565e-01	8.439843e-02	8.130563e-01	1.204095e+01
3	-9.985773e-01	4.000000e-01	-1.001605e+00	4.149364e+00	7.785379e-01	2.000000e-01	7.719428e-01	2.043169e+00	8.612585e-01	9.215706e-02	5.341035e-01	1.196929e+01
4	-8.730166e-01	6.000000e-01	-8.735189e-01	6.042241e+00	1.255608e-01	2.000000e-01	1.280857e-01	1.892876e+00	8.613463e-01	9.229699e-02	5.011436e-01	1.191679e+01
5	-9.840350e-01	8.000000e-01	-9.836033e-01	9.209503e+00	-1.110184e-01	2.000000e-01	-1.100844e-01	3.167263e+00	8.630380e-01	8.924947e-02	4.580001e-01	1.199451e+01
6	-9.607663e-01	8.012015e-01	-9.608555e-01	7.993601e+00	2.326874e-02	1.201456e-03	2.274783e-02	-1.215903e+00	8.630662e-01	8.925093e-02	4.442878e-01	1.199380e+01
7	-9.039313e-01	1.001201e+00	-9.041537e-01	1.079089e+01	5.683492e-02	2.000000e-01	5.670176e-02	2.797291e+00	8.627967e-01	8.830236e-02	4.541519e-01	1.202851e+01
8	-9.301257e-01	1.110824e+00	-9.300242e-01	1.174905e+01	-2.619437e-02	1.096221e-01	-2.587055e-02	9.581592e-01	8.629568e-01	8.763230e-02	4.584611e-01	1.201048e+01
9	-1.029999e+00	1.310824e+00	-1.029608e+00	1.352048e+01	-9.987285e-02	2.000000e-01	-9.958378e-02	1.771427e+00	8.643881e-01	8.476611e-02	4.855313e-01	1.195627e+01
10	-1.165737e+00	1.487220e+00	-1.165206e+00	1.515063e+01	-1.357388e-01	1.763962e-01	-1.355976e-01	1.630154e+00	8.664781e-01	8.205003e-02	5.115150e-01	1.192250e+01
11	-1.411065e+00	1.610406e+00	-1.410105e+00	1.681759e+01	-2.453278e-01	1.231861e-01	-2.448991e-01	1.666963e+00	8.712436e-01	7.965716e-02	4.751564e-01	1.194076e+01
12	-1.955295e+00	1.626372e+00	-1.953165e+00	1.722460e+01	-5.442298e-01	1.596628e-02	-5.430605e-01	4.070051e-01	8.870429e-01	7.919365e-02	3.682267e-01	1.194390e+01
13	-2.164778e+00	1.697791e+00	-2.163952e+00	1.770410e+01	-2.094835e-01	7.141896e-02	-2.107865e-01	4.794982e-01	8.900170e-01	7.817967e-02	3.970133e-01	1.193408e+01
14	-2.070234e+00	1.850224e+00	-2.070600e+00	1.944567e+01	9.454415e-02	1.524333e-01	9.335145e-02	1.741575e+00	8.898972e-01	7.798644e-02	3.919257e-01	1.192588e+01
15	-2.070934e+00	1.893930e+00	-2.070932e+00	1.971539e+01	-6.994984e-04	4.370521e-02	-3.321119e-04	2.697181e-01	8.898982e-01	7.792178e-02	3.920091e-01	1.192067e+01
16	-2.134376e+00	2.008231e+00	-2.134128e+00	2.142138e+01	-6.344233e-02	1.143014e-01	-6.319580e-02	1.705992e+00	8.903657e-01	7.707955e-02	3.810040e-01	1.194050e+01
17	-1.940019e+00	1.981675e+00	-1.940778e+00	2.172922e+01	1.943567e-01	-2.655600e-02	1.933506e-01	3.078371e-01	8.923900e-01	7.680296e-02	4.309007e-01	1.193368e+01
18	-1.519642e+00	1.974482e+00	-1.521287e+00	2.106540e+01	4.203772e-01	-7.192927e-03	4.194904e-01	-6.638199e-01	9.006279e-01	7.666200e-02	2.916292e-01	1.193606e+01
19	-1.473224e+00	2.174482e+00	-1.473411e+00	2.234275e+01	4.641845e-02	2.000000e-01	4.787576e-02	1.277349e+00	9.004279e-01	7.580024e-02	2.673709e-01	1.183154e+01
20	-1.498240e+00	2.348115e+00	-1.498143e+00	2.387297e+01	-2.501631e-02	1.736327e-01	-2.473157e-02	1.530221e+00	9.006078e-01	7.455199e-02	2.734262e-01	1.178951e+01
21	-1.304231e+00	2.393744e+00	-1.304989e+00	2.375960e+01	1.940086e-01	4.562929e-02	1.931542e-01	-1.133726e-01	9.019656e-01	7.487134e-02	2.097800e-01	1.177454e+01
22	-1.157384e+00	2.514108e+00	-1.157961e+00	2.490586e+01	1.468474e-01	1.203642e-01	1.470283e-01	1.146261e+00	9.023469e-01	7.518388e-02	1.891029e-01	1.175759e+01
23	-1.221886e+00	2.532351e+00	-1.221636e+00	2.461015e+01	-6.450180e-02	1.824230e-02	-6.367551e-02	-2.957104e-01	9.025561e-01	7.512471e-02	2.043266e-01	1.175329e+01
24	-1.217789e+00	2.643974e+00	-1.217804e+00	2.732474e+01	4.096823e-03	1.116239e-01	3.832087e-03	2.714594e+00	9.025402e-01	7.468993e-02	2.070376e-01	1.182715e+01
25	-8.921246e-01	2.443974e+00	-8.933968e-01	2.576762e+01	3.256644e-01	-2.000000e-01	3.244072e-01	-1.557116e+00	9.090880e-01	7.066869e-02	3.138462e-01	1.176156e+01
26	-6.667335e-01	2.421526e+00	-6.676189e-01	2.492833e+01	2.253911e-01	-2.244801e-02	2.257779e-01	-8.392939e-01	9.114329e-01	7.043516e-02	2.464138e-01	1.176828e+01
27	-8.645365e-01	2.596138e+00	-8.637672e-01	2.728060e+01	-1.978030e-01	1.746114e-01	-1.961484e-01	2.352274e+00	9.139900e-01	6.817787e-02	2.149857e-01	1.179602e+01
28	-8.449633e-01	2.490534e+00	-8.450367e-01	2.632588e+01	1.957319e-02	-1.056040e-01	1.873052e-02	-9.547281e-01	9.140643e-01	6.777685e-02	2.176366e-01	1.178172e+01
29	-6.658728e-01	2.517854e+00	-6.665726e-01	2.554555e+01	1.790905e-01	2.732018e-02	1.784641e-01	-7.803307e-01	9.151450e-01	6.794171e-02	1.221255e-01	1.176715e+01
30	-7.001143e-01	2.717854e+00	-6.999833e-01	2.838416e+01	-3.424151e-02	2.000000e-01	-3.341063e-02	2.838611e+00	9.153946e-01	6.648374e-02	1.143267e-01	1.181270e+01
31	-8.507382e-01	2.546951e+00	-8.501493e-01	2.550949e+01	-1.506239e-01	-1.709026e-01	-1.501660e-01	-2.874666e+00	9.154590e-01	6.655681e-02	1.728097e-01	1.187906e+01
32	-7.959974e-01	2.746951e+00	-7.962089e-01	2.858578e+01	5.474077e-02	2.000000e-01	5.394036e-02	3.076286e+00	9.152176e-01	6.567479e-02	1.903993e-01	1.194332e+01
33	-7.376536e-01	2.553042e+00	-7.378824e-01	2.655525e+01	5.834375e-02	-1.939091e-01	5.832655e-02	-2.030529e+00	9.156973e-01	6.408048e-02	1.978478e-01	1.191856e+01
34	-8.991007e-01	2.625937e+00	-8.984709e-01	2.774527e+01	-1.614471e-01	7.289447e-02	-1.605886e-01	1.190023e+00	9.170128e-01	6.348653e-02	1.711827e-01	1.193060e+01
35	-9.906184e-01	2.562692e+00	-9.902584e-01	2.626520e+01	-9.151770e-02	-6.324440e-02	-9.178751e-02	-1.480070e+00	9.171791e-01	6.360146e-02	2.018512e-01	1.195180e+01
36	-1.005455e+00	2.739421e+00	-1.005395e+00	2.845149e+01	-1.483635e-02	1.767290e-01	-1.513694e-02	2.186288e+00	9.172677e-01	6.254610e-02	2.013166e-01	1.195817e+01
37	-1.036540e+00	2.627920e+00	-1.036418e+00	2.746755e+01	-3.108517e-02	-1.115015e-01	-3.102287e-02	-9.839337e-01	9.172022e-01	6.231122e-02	1.960998e-01	1.193945e+01
38	-1.103944e+00	2.609506e+00	-1.103680e+00	3.020162e+01	-6.740371e-02	-1.841393e-02	-6.726160e-02	2.734069e+00	9.173393e-01	6.234866e-02	1.013329e-01	1.191356e+01
39	-1.020932e+00	2.409506e+00	-1.021255e+00	2.639747e+01	8.301159e-02	-2.000000e-01	8.242459e-02	-3.804151e+00	9.180614e-01	6.060872e-02	4.624480e-02	1.204629e+01
40	-8.871492e-01	2.609506e+00	-8.876730e-01	2.889971e+01	1.337829e-01	2.000000e-01	1.335823e-01	2.502236e+00	9.179774e-01	6.048312e-02	5.160496e-02	1.205430e+01
41	-8.431326e-01	2.440496e+00	-8.433066e-01	2.736706e+01	4.401654e-02	-1.690101e-01	4.436641e-02	-1.532650e+00	9.182695e-01	5.936166e-02	6.195081e-02	1.201458e+01
42	-7.813318e-01	2.396089e+00	-7.815738e-01	2.746066e+01	6.180086e-02	-4.440710e-02	6.173275e-02	9.359923e-02	9.184925e-01	5.920141e-02	8.019529e-02	1.200147e+01
43	-6.521309e-01	2.304844e+00	-6.526366e-01	2.447429e+01	1.292008e-01	-9.124482e-02	1.289373e-01	-2.986362e+00	9.194422e-01	5.853069e-02	-3.506798e-02	1.208287e+01
44	-7.127123e-01	2.504844e+00	-7.124776e-01	2.461258e+01	-6.058138e-02	2.000000e-01	-5.984107e-02	1.382873e-01	9.198885e-01	5.705747e-02	2.915125e-02	1.187086e+01
45	-7.975382e-01	2.704844e+00	-7.972060e-01	2.700984e+01	-8.482591e-02	2.000000e-01	-8.472831e-02	2.397261e+00	9.206013e-01	5.537674e-02	2.814505e-02	1.187323e+01
46	-8.148588e-01	2.635723e+00	-8.147899e-01	2.651820e+01	-1.732059e-02	-6.912048e-02	-1.758390e-02	-4.916389e-01	9.205834e-01	5.530504e-02	2.544076e-02	1.186244e+01
47	-9.307514e-01	2.595143e+00	-9.302984e-01	2.574908e+01	-1.158926e-01	-4.058021e-02	-1.155086e-01	-7.691245e-01	9.209426e-01	5.543084e-02	4.100118e-02	1.186789e+01
48	-1.293517e+00	2.653595e+00	-1.292098e+00	2.677257e+01	-3.627656e-01	5.845209e-02	-3.617997e-01	1.023488e+00	9.259390e-01	5.462578e-02	-1.463257e-02	1.187685e+01
49	-1.927833e+00	2.542654e+00	-1.925350e+00	2.648774e+01	-6.343159e-01	-1.109417e-01	-6.332514e-01	-2.848229e-01	9.358848e-01	5.636528e-02	-2.700640e-01	1.183218e+01
50	-2.400272e+00	2.391625e+00	-2.398417e+00	2.486568e+01	-4.724394e-01	-1.510282e-01	-4.730675e-01	-1.622069e+00	9.403621e-01	5.779659e-02	-2.775247e-01	1.182979e+01
51	-2.149240e+00	2.436333e+00	-2.150213e+00	2.631678e+01	2.510326e-01	4.470730e-02	2.482041e-01	1.451109e+00	9.414660e-01	5.799319e-02	-1.629740e-01	1.185019e+01
52	-1.728057e+00	2.249876e+00	-1.729706e+00	2.333945e+01	4.211827e-01	-1.864564e-01	4.205070e-01	-2.977339e+00	9.477588e-01	5.520738e-02	-2.894330e-01	1.190618e+01
53	-1.717595e+00	2.449876e+00	-1.717643e+00	2.515954e+01	1.046145e-02	2.000000e-01	1.206319e-02	1.820093e+00	9.477155e-01	5.437913e-02	-2.921518e-01	1.185420e+01
54	-1.673546e+00	2.431965e+00	-1.673718e+00	2.488688e+01	4.404969e-02	-1.791154e-02	4.392474e-02	-2.726583e-01	9.477814e-01	5.435234e-02	-2.931438e-01	1.185460e+01
55	-1.338489e+00	2.395454e+00	-1.339798e+00	2.350154e+01	3.350573e-01	-3.651078e-02	3.339200e-01	-1.385339e+00	9.505439e-01	5.405132e-02	-4.217998e-01	1.186862e+01
56	-1.190036e+00	2.532705e+00	-1.190621e+00	2.517984e+01	1.484521e-01	1.372509e-01	1.491766e-01	1.678300e+00	9.505886e-01	5.409270e-02	-4.140646e-01	1.187577e+01
57	-1.146090e+00	2.395068e+00	-1.146264e+00	2.347135e+01	4.394636e-02	-1.376372e-01	4.435742e-02	-1.708491e+00	9.507958e-01	5.344389e-02	-4.152163e-01	1.187938e+01
58	-9.920670e-01	2.417727e+00	-9.926694e-01	2.574547e+01	1.540230e-01	2.265915e-02	1.535946e-01	2.274121e+00	9.512251e-01	5.350705e-02	-2.656662e-01	1.190138e+01
59	-7.537962e-01	2.217727e+00	-7.547293e-01	2.416481e+01	2.382708e-01	-2.000000e-01	2.379400e-01	-1.580657e+00	9.535993e-01	5.151421e-02	-1.725096e-01	1.182319e+01
60	-7.095531e-01	2.061498e+00	-7.097296e-01	2.277047e+01	4.424314e-02	-1.562283e-01	4.499977e-02	-1.394342e+00	9.538245e-01	5.071897e-02	-1.629598e-01	1.178946e+01
61	-6.770943e-01	2.015011e+00	-6.772218e-01	2.219427e+01	3.245879e-02	-4.648715e-02	3.250778e-02	-5.762052e-01	9.538846e-01	5.063287e-02	-1.633116e-01	1.178997e+01
62	-5.093428e-01	2.018886e+00	-5.099985e-01	2.183277e+01	1.677515e-01	3.874398e-03	1.672232e-01	-3.615002e-01	9.544355e-01	5.064559e-02	-1.931534e-01	1.178928e+01
63	-3.526974e-01	2.054289e+00	-3.533118e-01	2.173586e+01	1.566454e-01	3.540282e-02	1.566867e-01	-9.691075e-02	9.548312e-01	5.073501e-02	-2.287098e-01	1.178124e+01
64	-2.897380e-01	2.076339e+00	-2.899863e-01	2.227720e+01	6.295940e-02	2.205009e-02	6.332552e-02	5.413406e-01	9.548936e-01	5.075686e-02	-2.198784e-01	1.178434e+01
65	-2.257490e-01	1.953698e+00	-2.259999e-01	2.104559e+01	6.398898e-02	-1.226408e-01	6.398639e-02	-1.231609e+00	9.551678e-01	5.023128e-02	-2.130231e-01	1.177120e+01
66	-1.239353e-01	1.925292e+00	-1.243340e-01	2.095256e+01	1.018137e-01	-2.840632e-02	1.016659e-01	-9.303202e-02	9.554488e-01	5.015287e-02	-2.003731e-01	1.176767e+01
67	-6.407640e-02	1.860633e+00	-6.431178e-02	1.994462e+01	5.985891e-02	-6.465870e-02	6.002222e-02	-1.007932e+00	9.556208e-01	4.996707e-02	-2.070306e-01	1.177486e+01
68	-5.588461e-02	1.897913e+00	-5.591753e-02	2.101821e+01	8.191790e-03	3.728059e-02	8.394253e-03	1.073589e+00	9.556158e-01	4.994413e-02	-2.045564e-01	1.178612e+01
69	-3.068317e-03	1.723259e+00	-3.274759e-03	1.799476e+01	5.281629e-02	-1.746545e-01	5.264277e-02	-3.023453e+00	9.558846e-01	4.905518e-02	-2.281020e-01	1.186398e+01
70	1.566821e-02	1.923259e+00	1.559421e-02	2.093765e+01	1.873653e-02	2.000000e-01	1.886897e-02	2.942891e+00	9.558074e-01	4.823087e-02	-2.230913e-01	1.191747e+01
71	8.020558e-03	1.723259e+00	8.050143e-03	1.766648e+01	-7.647651e-03	-2.000000e-01	-7.544071e-03	-3.271170e+00	9.557739e-01	4.735430e-02	-2.199239e-01	1.200030e+01
72	2.120959e-02	1.901646e+00	2.115818e-02	2.105549e+01	1.318903e-02	1.783871e-01	1.310804e-02	3.389012e+00	9.557249e-01	4.669169e-02	-2.122087e-01	1.210465e+01
73	4.353799e-02	1.701646e+00	4.345057e-02	1.762076e+01	2.232841e-02	-2.000000e-01	2.229239e-02	-3.434730e+00	9.558319e-01	4.573345e-02	-2.226984e-01	1.219861e+01
74	4.980735e-02	1.836477e+00	4.978252e-02	1.815868e+01	6.269358e-03	1.348307e-01	6.331948e-03	5.379159e-01	9.558147e-01	4.536365e-02	-2.259606e-01	1.212845e+01
75	4.447064e-02	1.849766e+00	4.449139e-02	1.792959e+01	-5.336715e-03	1.328969e-02	-5.291135e-03	-2.290851e-01	9.558167e-01	4.535864e-02	-2.249684e-01	1.212598e+01
76	4.626092e-02	1.800516e+00	4.625401e-02	1.675755e+01	1.790287e-03	-4.925049e-02	1.762625e-03	-1.172042e+00	9.558186e-01	4.530524e-02	-2.254563e-01	1.213940e+01
77	5.311302e-02	1.837887e+00	5.308623e-02	1.682543e+01	6.852096e-03	3.737078e-02	6.832215e-03	6.787489e-02	9.558140e-01	4.528023e-02	-2.267060e-01	1.213258e+01
78	5.212745e-02	1.804026e+00	5.213120e-02	1.494711e+01	-9.855699e-04	-3.386106e-02	-9.550317e-04	-1.878321e+00	9.558133e-01	4.525579e-02	-2.260192e-01	1.215618e+01
79	4.724590e-02	1.997332e+00	4.726498e-02	1.752495e+01	-4.881555e-03	1.933063e-01	-4.866217e-03	2.577846e+00	9.558337e-01	4.444921e-02	-2.265357e-01	1.217663e+01
80	4.432275e-02	1.797332e+00	4.433425e-02	1.375605e+01	-2.923141e-03	-2.000000e-01	-2.930731e-03	-3.768902e+00	9.558218e-01	4.363396e-02	-2.247194e-01	1.230089e+01
81	4.239497e-02	1.997332e+00	4.240255e-02	1.601678e+01	-1.927781e-03	2.000000e-01	-1.931698e-03	2.260732e+00	9.558297e-01	4.281288e-02	-2.245400e-01	1.228228e+01
82	4.009465e-02	1.840630e+00	4.010366e-02	1.290237e+01	-2.300325e-03	-1.567022e-01	-2.298886e-03	-3.114410e+00	9.558226e-01	4.232694e-02	-2.232552e-01	1.236980e+01
83	3.442773e-02	2.040630e+00	3.444990e-02	1.270249e+01	-5.666919e-03	2.000000e-01	-5.653763e-03	-1.998818e-01	9.558455e-01	4.151642e-02	-2.161957e-01	1.212065e+01
84	3.250167e-02	2.240630e+00	3.250928e-02	1.549599e+01	-1.926055e-03	2.000000e-01	-1.940616e-03	2.793497e+00	9.558531e-01	4.073380e-02	-2.165266e-01	1.215501e+01
85	2.867462e-02	2.040630e+00	2.868960e-02	1.324530e+01	-3.827051e-03	-2.000000e-01	-3.819682e-03	-2.250683e+00	9.558388e-01	3.999008e-02	-2.168465e-01	1.213830e+01
86	2.205528e-02	1.976142e+00	2.208119e-02	1.162765e+01	-6.619345e-03	-6.448735e-02	-6.608409e-03	-1.617655e+00	9.558316e-01	3.991986e-02	-2.142225e-01	1.216386e+01
87	1.801855e-02	2.072319e+00	1.803442e-02	1.322432e+01	-4.036729e-03	9.617698e-02	-4.046775e-03	1.596673e+00	9.558393e-01	3.973670e-02	-2.150354e-01	1.218323e+01
88	1.460783e-02	1.872319e+00	1.462122e-02	1.068227e+01	-3.410714e-03	-2.000000e-01	-3.413199e-03	-2.542051e+00	9.558269e-01	3.901077e-02	-2.148668e-01	1.219311e+01
89	9.619941e-03	1.910087e+00	9.639477e-03	9.856064e+00	-4.987893e-03	3.776792e-02	-4.981742e-03	-8.262079e-01	9.558309e-01	3.898052e-02	-2.118179e-01	1.217003e+01
90	6.626413e-03	2.043391e+00	6.638183e-03	1.199540e+01	-2.993528e-03	1.333036e-01	-3.001295e-03	2.139334e+00	9.558385e-01	3.864561e-02	-2.125457e-01	1.220244e+01
91	4.790746e-03	1.843391e+00	4.797963e-03	1.001989e+01	-1.835667e-03	-2.000000e-01	-1.840220e-03	-1.975505e+00	9.558319e-01	3.793372e-02	-2.129429e-01	1.215917e+01
92	1.329033e-04	1.744519e+00	1.511262e-04	8.870609e+00	-4.657843e-03	-9.887203e-02	-4.646836e-03	-1.149284e+00	9.558241e-01	3.776753e-02	-2.130572e-01	1.215674e+01
93	-4.716314e-03	1.710387e+00	-4.697301e-03	8.744111e+00	-4.849217e-03	-3.413168e-02	-4.848427e-03	-1.264976e-01	9.558216e-01	3.775011e-02	-2.137188e-01	1.215208e+01
94	-5.927744e-03	1.607736e+00	-5.922938e-03	8.297781e+00	-1.211430e-03	-1.026507e-01	-1.225637e-03	-4.463304e-01	9.558194e-01	3.756544e-02	-2.141772e-01	1.211324e+01
95	-7.561608e-03	1.451779e+00	-7.555207e-03	7.978560e+00	-1.633863e-03	-1.559577e-01	-1.632269e-03	-3.192213e-01	9.558150e-01	3.714181e-02	-2.153807e-01	1.199836e+01
96	-1.061580e-02	1.251779e+00	-1.060384e-02	4.801505e+00	-3.054191e-03	-2.000000e-01	-3.048636e-03	-3.177055e+00	9.558046e-01	3.646201e-02	-2.142741e-01	1.207083e+01
97	-1.220014e-02	1.404488e+00	-1.219390e-02	8.094041e+00	-1.584341e-03	1.527094e-01	-1.590061e-03	3.292536e+00	9.558088e-01	3.605734e-02	-2.153519e-01	1.217471e+01
98	-1.298629e-02	1.204488e+00	-1.298320e-02	6.028015e+00	-7.861522e-04	-2.000000e-01	-7.892925e-04	-2.066026e+00	9.558062e-01	3.538921e-02	-2.154869e-01	1.214037e+01
99	-1.463443e-02	1.059951e+00	-1.462798e-02	3.221618e+00	-1.648143e-03	-1.445371e-01	-1.644788e-03	-2.806397e+00	9.558023e-01	3.504639e-02	-2.146718e-01	1.221185e+01
100	-1.528152e-02	1.182310e+00	-1.527897e-02	5.085320e+00	-6.470871e-04	1.223592e-01	-6.509844e-04	1.863702e+00	9.558036e-01	3.479713e-02	-2.147845e-01	1.223315e+01
101	-1.541683e-02	9.823103e-01	-1.541630e-02	3.591842e+00	-1.353120e-04	-2.000000e-01	-1.373263e-04	-1.493479e+00	9.558032e-01	3.414969e-02	-2.148445e-01	1.214438e+01
102	-1.618559e-02	7.941764e-01	-1.618258e-02	1.479439e+00	-7.687558e-04	-1.881339e-01	-7.662893e-04	-2.112403e+00	9.558009e-01	3.358831e-02	-2.149063e-01	1.212926e+01
103	-1.663642e-02	7.598482e-01	-1.663465e-02	1.560040e+00	-4.508331e-04	-3.432820e-02	-4.520653e-04	8.060123e-02	9.558006e-01	3.356986e-02	-2.150127e-01	1.212116e+01
104	-1.666407e-02	6.276976e-01	-1.666395e-02	7.294849e-02	-2.764569e-05	-1.321506e-01	-2.930358e-05	-1.487092e+00	9.558006e-01	3.329398e-02	-2.150142e-01	1.211403e+01
105	-1.649127e-02	5.709507e-01	-1.649194e-02	0.000000e+00	1.728030e-04	-5.674685e-02	1.720135e-04	-7.294849e-02	9.558007e-01	3.324295e-02	-2.149638e-01	1.209749e+01
106	-1.694603e-02	5.144038e-01	-1.694426e-02	1.882203e-02	-4.547660e-04	-5.654691e-02	-4.523177e-04	1.882203e-02	9.558003e-01	3.319302e-02	-2.151154e-01	1.207864e+01
107	-1.658968e-02	4.673027e-01	-1.659107e-02	0.000000e+00	3.563505e-04	-4.710111e-02	3.531916e-04	-1.882203e-02	9.558006e-01	3.315779e-02	-2.150224e-01	1.206635e+01
108	-1.682995e-02	4.340296e-01	-1.682902e-02	0.000000e+00	-2.402713e-04	-3.327312e-02	-2.379530e-04	0.000000e+00	9.558005e-01	3.314050e-02	-2.150681e-01	1.206000e+01
109	-1.692800e-02	4.130128e-01	-1.692761e-02	1.293430e-01	-9.804724e-05	-2.101678e-02	-9.859375e-05	1.293430e-01	9.558004e-01	3.313360e-02	-2.150860e-01	1.205618e+01
110	-1.633974e-02	3.847582e-01	-1.634204e-02	7.858033e-01	5.882594e-04	-2.825459e-02	5.855764e-04	6.564602e-01	9.558007e-01	3.312072e-02	-2.148074e-01	1.204281e+01
111	-1.644927e-02	2.608170e-01	-1.644885e-02	4.645921e-01	-1.095292e-04	-1.239412e-01	-1.068139e-04	-3.212111e-01	9.558005e-01	3.288102e-02	-2.148679e-01	1.197437e+01
112	-1.673738e-02	1.443043e-01	-1.673626e-02	0.000000e+00	-2.881156e-04	-1.165127e-01	-2.874074e-04	-4.645921e-01	9.558000e-01	3.267109e-02	-2.149944e-01	1.192322e+01
113	-1.746802e-02	7.929740e-02	-1.746516e-02	0.000000e+00	-7.306374e-04	-6.500694e-02	-7.289061e-04	0.000000e+00	9.557992e-01	3.260658e-02	-2.152628e-01	1.189934e+01
114	-1.737463e-02	2.682915e-02	-1.737498e-02	0.000000e+00	9.339391e-05	-5.246825e-02	9.018180e-05	0.000000e+00	9.557993e-01	3.256398e-02	-2.152351e-01	1.188380e+01
115	-1.719536e-02	0.000000e+00	-1.719606e-02	0.000000e+00	1.792654e-04	-2.682915e-02	1.789174e-04	0.000000e+00	9.557994e-01	3.255276e-02	-2.152080e-01	1.187974e+01
116	-1.722354e-02	0.000000e+00	-1.722344e-02	7.196277e-02	-2.818081e-05	0.000000e+00	-2.737183e-05	7.196277e-02	9.557994e-01	3.255276e-02	1.000000e+00	1.200000e+01
117	-1.664908e-02	0.000000e+00	-1.665132e-02	0.000000e+00	5.744642e-04	0.000000e+00	5.721133e-04	-7.196277e-02	9.557994e-01	3.255276e-02	1.000000e+00	1.200000e+01
118	-1.722105e-02	0.000000e+00	-1.721883e-02	1.105376e-01	-5.719734e-04	0.000000e+00	-5.675043e-04	1.105376e-01	9.557994e-01	3.255276e-02	1.000000e+00	1.200000e+01
119	-1.678839e-02	0.000000e+00	-1.679007e-02	0.000000e+00	4.326631e-04	0.000000e+00	4.287562e-04	-1.105376e-01	9.557994e-01	3.255276e-02	1.000000e+00	1.200000e+01
120	-1.720544e-02	1.199722e-02	-1.720382e-02	5.090135e-01	-4.170534e-04	1.199722e-02	-4.137495e-04	5.090135e-01	9.557995e-01	3.255044e-02	9.999276e-01	1.200208e+01
121	-1.679878e-02	0.000000e+00	-1.680036e-02	3.246747e-01	4.066614e-04	-1.199722e-02	4.034567e-04	-1.843389e-01	9.557996e-01	3.254814e-02	9.999197e-01	1.200231e+01
122	-1.671335e-02	0.000000e+00	-1.671369e-02	0.000000e+00	8.543044e-05	0.000000e+00	8.667273e-05	-3.246747e-01	9.557996e-01	3.254814e-02	1.000000e+00	1.200000e+01
123	-1.716689e-02	0.000000e+00	-1.716512e-02	3.444290e-01	-4.535386e-04	0.000000e+00	-4.514284e-04	3.444290e-01	9.557996e-01	3.254814e-02	1.000000e+00	1.200000e+01
124	-1.691204e-02	0.000000e+00	-1.691302e-02	0.000000e+00	2.548544e-04	0.000000e+00	2.520955e-04	-3.444290e-01	9.557996e-01	3.254814e-02	1.000000e+00	1.200000e+01
125	-1.706939e-02	0.000000e+00	-1.706878e-02	4.229617e-01	-1.573553e-04	0.000000e+00	-1.557559e-04	4.229617e-01	9.557996e-01	3.254814e-02	1.000000e+00	1.200000e+01
126	-1.684516e-02	0.000000e+00	-1.684603e-02	0.000000e+00	2.242332e-04	0.000000e+00	2.227489e-04	-4.229617e-01	9.557996e-01	3.254814e-02	1.000000e+00	1.200000e+01
127	-1.705244e-02	0.000000e+00	-1.705164e-02	0.000000e+00	-2.072842e-04	0.000000e+00	-2.056044e-04	0.000000e+00	9.557996e-01	3.254814e-02	1.000000e+00	1.200000e+01
128	-1.710400e-02	1.827338e-03	-1.710380e-02	0.000000e+00	-5.155970e-05	1.827338e-03	-5.216143e-05	0.000000e+00	9.557996e-01	3.254808e-02	1.000001e+00	1.199998e+01
129	-1.709957e-02	1.734936e-02	-1.709959e-02	0.000000e+00	4.430405e-06	1.552202e-02	4.209343e-06	0.000000e+00	1.000000e+00	1.000000e-01	1.000000e+00	1.199861e+01
130	-1.708674e-02	4.660349e-02	-1.708679e-02	1.832246e+00	1.283315e-05	2.925413e-02	1.279946e-05	1.832246e+00	1.000000e+00	9.995937e-02	1.000009e+00	1.201918e+01
131	-1.680564e-02	0.000000e+00	-1.680674e-02	0.000000e+00	2.810947e-04	-4.660349e-02	2.800467e-04	-1.832246e+00	1.000001e+00	9.985638e-02	9.998395e-01	1.204732e+01
132	-1.711081e-02	0.000000e+00	-1.710962e-02	5.407693e-02	-3.051628e-04	0.000000e+00	-3.028769e-04	5.407693e-02	1.000001e+00	9.985638e-02	1.000000e+00	1.200000e+01
133	-1.685525e-02	0.000000e+00	-1.685625e-02	0.000000e+00	2.555523e-04	0.000000e+00	2.533709e-04	-5.407693e-02	1.000001e+00	9.985638e-02	1.000000e+00	1.200000e+01
134	-1.699253e-02	8.843461e-03	-1.699200e-02	1.172797e+00	-1.372776e-04	8.843461e-03	-1.357516e-04	1.172797e+00	1.000001e+00	9.985268e-02	9.999304e-01	1.200448e+01
135	-1.702464e-02	0.000000e+00	-1.702452e-02	0.000000e+00	-3.211273e-05	-8.843461e-03	-3.251757e-05	-1.172797e+00	1.000001e+00	9.984897e-02	9.999467e-01	1.200896e+01
136	-1.711635e-02	0.000000e+00	-1.711599e-02	0.000000e+00	-9.170961e-05	0.000000e+00	-9.147839e-05	0.000000e+00	1.000001e+00	9.984897e-02	1.000000e+00	1.200000e+01
137	-1.710810e-02	0.000000e+00	-1.710813e-02	0.000000e+00	8.254399e-06	0.000000e+00	7.864818e-06	0.000000e+00	1.000000e+00	1.000000e-01	1.000000e+00	1.200000e+01
138	-1.709073e-02	0.000000e+00	-1.709080e-02	0.000000e+00	1.737035e-05	0.000000e+00	1.733322e-05	0.000000e+00	1.000000e+00	1.000000e-01	1.000000e+00	1.200000e+01
139	-1.714639e-02	0.000000e+00	-1.714617e-02	0.000000e+00	-5.565624e-05	0.000000e+00	-5.537112e-05	0.000000e+00	1.000000e+00	1.000000e-01	1.000000e+00	1.200000e+01
140	-1.715895e-02	2.663804e-03	-1.715890e-02	0.000000e+00	-1.256531e-05	2.663804e-03	-1.273252e-05	0.000000e+00	1.000000e+00	9.999966e-02	1.000000e+00	1.199996e+01
141	-1.714714e-02	1.943352e-02	-1.714719e-02	1.031509e+00	1.181086e-05	1.676971e-02	1.171498e-05	1.031509e+00	1.000000e+00	9.998631e-02	1.000005e+00	1.200657e+01
142	-1.672916e-02	0.000000e+00	-1.673079e-02	0.000000e+00	4.179791e-04	-1.943352e-02	4.163921e-04	-1.031509e+00	1.000000e+00	9.996839e-02	9.998463e-01	1.201394e+01
143	-1.715146e-02	0.000000e+00	-1.714982e-02	1.600534e-01	-4.223005e-04	0.000000e+00	-4.190244e-04	1.600534e-01	1.000000e+00	9.996839e-02	1.000000e+00	1.200000e+01
144	-1.689287e-02	0.000000e+00	-1.689388e-02	0.000000e+00	2.585893e-04	0.000000e+00	2.559423e-04	-1.600534e-01	1.000000e+00	9.996839e-02	1.000000e+00	1.200000e+01
145	-1.710473e-02	0.000000e+00	-1.710391e-02	0.000000e+00	-2.118594e-04	0.000000e+00	-2.100320e-04	0.000000e+00	1.000000e+00	9.996839e-02	1.000000e+00	1.200000e+01
146	-1.717502e-02	0.000000e+00	-1.717474e-02	0.000000e+00	-7.028960e-05	0.000000e+00	-7.083547e-05	0.000000e+00	1.000000e+00	9.996839e-02	1.000000e+00	1.200000e+01
147	-1.711733e-02	8.821807e-03	-1.711755e-02	6.361910e-01	5.769229e-05	8.821807e-03	5.719023e-05	6.361910e-01	1.000000e+00	9.996469e-02	1.000015e+00	1.200222e+01
148	-1.680893e-02	0.000000e+00	-1.681014e-02	2.112968e-01	3.083951e-04	-8.821807e-03	3.074138e-04	-4.248942e-01	1.000000e+00	9.996100e-02	9.999678e-01	1.200356e+01
149	-1.685172e-02	0.000000e+00	-1.685156e-02	0.000000e+00	-4.278881e-05	0.000000e+00	-4.142083e-05	-2.112968e-01	1.000000e+00	9.996100e-02	1.000000e+00	1.200000e+01
150	-1.731886e-02	0.000000e+00	-1.731703e-02	0.000000e+00	-4.671341e-04	0.000000e+00	-4.654711e-04	0.000000e+00	1.000000e+00	9.996100e-02	1.000000e+00	1.200000e+01
151	-1.732361e-02	0.000000e+00	-1.732359e-02	0.000000e+00	-4.757475e-06	0.000000e+00	-6.557138e-06	0.000000e+00	1.000000e+00	1.000000e-01	1.000000e+00	1.200000e+01
152	-1.725046e-02	1.350658e-02	-1.725075e-02	8.597717e-01	7.315396e-05	1.350658e-02	7.284259e-05	8.597717e-01	1.000000e+00	9.999133e-02	1.000024e+00	1.200448e+01
153	-1.695467e-02	0.000000e+00	-1.695583e-02	0.000000e+00	2.957888e-04	-1.350658e-02	2.949179e-04	-8.597717e-01	1.000000e+00	9.998268e-02	9.999262e-01	1.200895e+01
154	-1.735585e-02	0.000000e+00	-1.735429e-02	0.000000e+00	-4.011769e-04	0.000000e+00	-3.984578e-04	0.000000e+00	1.000000e+00	9.998268e-02	1.000000e+00	1.200000e+01
155	-1.737053e-02	0.000000e+00	-1.737047e-02	0.000000e+00	-1.468094e-05	0.000000e+00	-1.618007e-05	0.000000e+00	1.000000e+00	9.998268e-02	1.000000e+00	1.200000e+01
156	-1.727904e-02	2.795334e-03	-1.727940e-02	0.000000e+00	9.148911e-05	2.795334e-03	9.106853e-05	0.000000e+00	1.000000e+00	9.998230e-02	9.999985e-01	1.199996e+01
157	-1.728000e-02	1.999683e-02	-1.727999e-02	0.000000e+00	-9.568314e-07	1.720150e-02	-5.973573e-07	0.000000e+00	1.000000e+00	1.000000e-01	9.999986e-01	1.199827e+01
158	-1.732786e-02	5.161421e-02	-1.732767e-02	0.000000e+00	-4.785984e-05	3.161738e-02	-4.767522e-05	0.000000e+00	1.000000e+00	9.995254e-02	1.000007e+00	1.199258e+01
159	-1.742371e-02	9.765326e-02	-1.742333e-02	1.714002e+00	-9.585353e-05	4.603905e-02	-9.566533e-05	1.714002e+00	1.000000e+00	9.985202e-02	9.999544e-01	1.201796e+01
160	-1.698225e-02	0.000000e+00	-1.698397e-02	0.000000e+00	4.414593e-04	-9.765326e-02	4.393611e-04	-1.714002e+00	1.000002e+00	9.940197e-02	9.998415e-01	1.204293e+01
161	-1.719067e-02	0.000000e+00	-1.718986e-02	5.486489e-01	-2.084206e-04	0.000000e+00	-2.058902e-04	5.486489e-01	1.000002e+00	9.940197e-02	1.000000e+00	1.200000e+01
162	-1.700482e-02	0.000000e+00	-1.700554e-02	3.647886e-01	1.858557e-04	0.000000e+00	1.843254e-04	-1.838603e-01	1.000002e+00	9.940197e-02	1.000000e+00	1.200000e+01
163	-1.702426e-02	0.000000e+00	-1.702419e-02	0.000000e+00	-1.944613e-05	0.000000e+00	-1.865015e-05	-3.647886e-01	1.000002e+00	9.940197e-02	1.000000e+00	1.200000e+01
164	-1.745944e-02	0.000000e+00	-1.745774e-02	0.000000e+00	-4.351746e-04	0.000000e+00	-4.335476e-04	0.000000e+00	1.000002e+00	9.940197e-02	1.000000e+00	1.200000e+01
165	-1.743943e-02	0.000000e+00	-1.743950e-02	1.873957e-01	2.001056e-05	0.000000e+00	1.823885e-05	1.873957e-01	1.000002e+00	9.940197e-02	1.000000e+00	1.200000e+01
166	-1.714848e-02	0.000000e+00	-1.714962e-02	0.000000e+00	2.909457e-04	0.000000e+00	2.898805e-04	-1.873957e-01	1.000002e+00	9.940197e-02	1.000000e+00	1.200000e+01
167	-1.722101e-02	0.000000e+00	-1.722074e-02	0.000000e+00	-7.253418e-05	0.000000e+00	-7.111849e-05	0.000000e+00	1.000002e+00	9.940197e-02	1.000000e+00	1.200000e+01
168	-1.728911e-02	0.000000e+00	-1.728884e-02	0.000000e+00	-6.809431e-05	0.000000e+00	-6.810612e-05	0.000000e+00	1.000002e+00	9.940197e-02	1.000000e+00	1.200000e+01
169	-1.729156e-02	9.895731e-03	-1.729155e-02	1.279051e+00	-2.447632e-06	9.895731e-03	-2.704111e-06	1.279051e+00	1.000000e+00	1.000000e-01	9.999987e-01	1.200545e+01
170	-1.710506e-02	0.000000e+00	-1.710579e-02	0.000000e+00	1.864916e-04	-9.895731e-03	1.857525e-04	-1.279051e+00	1.000000e+00	9.999535e-02	9.998959e-01	1.201091e+01
171	-1.719176e-02	0.000000e+00	-1.719142e-02	2.016849e-01	-8.669490e-05	0.000000e+00	-8.563065e-05	2.016849e-01	1.000000e+00	9.999535e-02	1.000000e+00	1.200000e+01
172	-1.707019e-02	0.000000e+00	-1.707067e-02	2.860890e-01	1.215664e-04	0.000000e+00	1.207571e-04	8.440406e-02	1.000000e+00	9.999535e-02	1.000000e+00	1.200000e+01
173	-1.713434e-02	0.000000e+00	-1.713409e-02	0.000000e+00	-6.414876e-05	0.000000e+00	-6.342648e-05	-2.860890e-01	1.000000e+00	9.999535e-02	1.000000e+00	1.200000e+01
174	-1.745757e-02	0.000000e+00	-1.745631e-02	0.000000e+00	-3.232306e-04	0.000000e+00	-3.222157e-04	0.000000e+00	1.000000e+00	9.999535e-02	1.000000e+00	1.200000e+01
175	-1.741876e-02	0.000000e+00	-1.741891e-02	0.000000e+00	3.881255e-05	0.000000e+00	3.740229e-05	0.000000e+00	1.000000e+00	9.999535e-02	1.000000e+00	1.200000e+01
176	-1.737781e-02	0.000000e+00	-1.737797e-02	2.630004e-01	4.095469e-05	0.000000e+00	4.094081e-05	2.630004e-01	1.000000e+00	9.999535e-02	1.000000e+00	1.200000e+01
177	-1.704628e-02	0.000000e+00	-1.704758e-02	0.000000e+00	3.315224e-04	0.000000e+00	3.303873e-04	-2.630004e-01	1.000000e+00	9.999535e-02	1.000000e+00	1.200000e+01
178	-1.729763e-02	0.000000e+00	-1.729665e-02	6.177376e-01	-2.513425e-04	0.000000e+00	-2.490702e-04	6.177376e-01	1.000000e+00	9.999535e-02	1.000000e+00	1.200000e+01
179	-1.714012e-02	0.000000e+00	-1.714073e-02	0.000000e+00	1.575078e-04	0.000000e+00	1.559196e-04	-6.177376e-01	1.000000e+00	9.999535e-02	1.000000e+00	1.200000e+01
180	-1.726874e-02	0.000000e+00	-1.726824e-02	4.274301e-01	-1.286205e-04	0.000000e+00	-1.275090e-04	4.274301e-01	1.000000e+00	9.999535e-02	1.000000e+00	1.200000e+01
181	-1.709736e-02	0.000000e+00	-1.709803e-02	0.000000e+00	1.713788e-04	0.000000e+00	1.702112e-04	-4.274301e-01	1.000000e+00	9.999535e-02	1.000000e+00	1.200000e+01
182	-1.743770e-02	0.000000e+00	-1.743637e-02	0.000000e+00	-3.403361e-04	0.000000e+00	-3.383418e-04	0.000000e+00	1.000000e+00	9.999535e-02	1.000000e+00	1.200000e+01
183	-1.744673e-02	0.000000e+00	-1.744669e-02	0.000000e+00	-9.035833e-06	0.000000e+00	-1.032218e-05	0.000000e+00	1.000000e+00	1.000000e-01	1.000000e+00	1.200000e+01
184	-1.736283e-02	0.000000e+00	-1.736316e-02	5.080222e-01	8.389777e-05	0.000000e+00	8.352973e-05	5.080222e-01	1.000000e+00	1.000000e-01	1.000000e+00	1.200000e+01
185	-1.705526e-02	0.000000e+00	-1.705647e-02	0.000000e+00	3.075697e-04	0.000000e+00	3.066946e-04	-5.080222e-01	1.000000e+00	1.000000e-01	1.000000e+00	1.200000e+01
186	-1.747925e-02	0.000000e+00	-1.747760e-02	3.134431e-01	-4.239892e-04	0.000000e+00	-4.211350e-04	3.134431e-01	1.000000e+00	1.000000e-01	1.000000e+00	1.200000e+01
187	-1.726737e-02	0.000000e+00	-1.726819e-02	0.000000e+00	2.118817e-04	0.000000e+00	2.094090e-04	-3.134431e-01	1.000000e+00	1.000000e-01	1.000000e+00	1.200000e+01
188	-1.737497e-02	0.000000e+00	-1.737456e-02	0.000000e+00	-1.076017e-04	0.000000e+00	-1.063634e-04	0.000000e+00	1.000000e+00	1.000000e-01	1.000000e+00	1.200000e+01
189	-1.740050e-02	0.000000e+00	-1.740040e-02	3.220265e-01	-2.553048e-05	0.000000e+00	-2.584624e-05	3.220265e-01	1.000000e+00	1.000000e-01	1.000000e+00	1.200000e+01
190	-1.694809e-02	0.000000e+00	-1.694986e-02	0.000000e+00	4.524107e-04	0.000000e+00	4.505425e-04	-3.220265e-01	1.000000e+00	1.000000e-01	1.000000e+00	1.200000e+01
191	-1.720340e-02	0.000000e+00	-1.720241e-02	4.628535e-01	-2.553107e-04	0.000000e+00	-2.525534e-04	4.628535e-01	1.000000e+00	1.000000e-01	1.000000e+00	1.200000e+01
192	-1.701457e-02	0.000000e+00	-1.701530e-02	0.000000e+00	1.888382e-04	0.000000e+00	1.871140e-04	-4.628535e-01	1.000000e+00	1.000000e-01	1.000000e+00	1.200000e+01
193	-1.731375e-02	0.000000e+00	-1.731258e-02	0.000000e+00	-2.991835e-04	0.000000e+00	-2.972839e-04	0.000000e+00	1.000000e+00	1.000000e-01	1.000000e+00	1.200000e+01
194	-1.740304e-02	1.930582e-03	-1.740269e-02	0.000000e+00	-8.929213e-05	1.930582e-03	-9.010459e-05	0.000000e+00	1.000000e+00	9.999982e-02	1.000001e+00	1.199998e+01
195	-1.734112e-02	1.859857e-02	-1.734136e-02	0.000000e+00	6.192117e-05	1.666798e-02	6.132732e-05	0.000000e+00	1.000000e+00	9.998662e-02	9.999951e-01	1.199839e+01
196	-1.737592e-02	5.000692e-02	-1.737579e-02	0.000000e+00	-3.480290e-05	3.140835e-02	-3.442739e-05	0.000000e+00	1.000000e+00	9.993980e-02	1.000001e+00	1.199278e+01
197	-1.751567e-02	9.615635e-02	-1.751512e-02	0.000000e+00	-1.397433e-04	4.614943e-02	-1.393319e-04	0.000000e+00	1.000000e+00	9.983881e-02	1.000038e+00	1.198066e+01
198	-1.773684e-02	1.570446e-01	-1.773597e-02	1.149271e+00	-2.211740e-04	6.088823e-02	-2.208543e-04	1.149271e+00	1.000001e+00	9.966333e-02	9.999940e-01	1.199278e+01
199	-1.686103e-02	2.436793e-02	-1.686445e-02	6.092345e-01	8.758072e-04	-1.326766e-01	8.715234e-04	-5.400365e-01	1.000006e+00	9.883754e-02	1.000427e+00	1.192717e+01
200	-1.666193e-02	0.000000e+00	-1.666272e-02	0.000000e+00	1.991021e-04	-2.436793e-02	2.017288e-04	-6.092345e-01	1.000007e+00	9.880964e-02	1.000397e+00	1.193086e+01
201	-1.754410e-02	0.000000e+00	-1.754065e-02	0.000000e+00	-8.821667e-04	0.000000e+00	-8.779328e-04	0.000000e+00	1.000007e+00	9.880964e-02	1.000000e+00	1.200000e+01
202	-1.760826e-02	0.000000e+00	-1.760800e-02	0.000000e+00	-6.416396e-05	0.000000e+00	-6.734275e-05	0.000000e+00	1.000007e+00	9.880964e-02	1.000000e+00	1.200000e+01
203	-1.737706e-02	0.000000e+00	-1.737796e-02	6.328514e-01	2.312006e-04	0.000000e+00	2.300344e-04	6.328514e-01	1.000007e+00	9.880964e-02	1.000000e+00	1.200000e+01
204	-1.681076e-02	0.000000e+00	-1.681298e-02	0.000000e+00	5.662991e-04	0.000000e+00	5.649856e-04	-6.328514e-01	1.000007e+00	9.880964e-02	1.000000e+00	1.200000e+01
205	-1.735385e-02	0.000000e+00	-1.735174e-02	5.113722e-02	-5.430881e-04	0.000000e+00	-5.387596e-04	5.113722e-02	1.000007e+00	9.880964e-02	1.000000e+00	1.200000e+01
206	-1.705104e-02	0.000000e+00	-1.705222e-02	0.000000e+00	3.028069e-04	0.000000e+00	2.995196e-04	-5.113722e-02	1.000007e+00	9.880964e-02	1.000000e+00	1.200000e+01
207	-1.746059e-02	0.000000e+00	-1.745900e-02	4.348306e-01	-4.095498e-04	0.000000e+00	-4.067800e-04	4.348306e-01	1.000007e+00	9.880964e-02	1.000000e+00	1.200000e+01
208	-1.705488e-02	0.000000e+00	-1.705646e-02	0.000000e+00	4.057123e-04	0.000000e+00	4.025385e-04	-4.348306e-01	1.000007e+00	9.880964e-02	1.000000e+00	1.200000e+01
209	-1.745253e-02	0.000000e+00	-1.745098e-02	0.000000e+00	-3.976477e-04	0.000000e+00	-3.945220e-04	0.000000e+00	1.000007e+00	9.880964e-02	1.000000e+00	1.200000e+01
210	-1.756418e-02	3.272767e-03	-1.756374e-02	7.518430e-01	-1.116500e-04	3.272767e-03	-1.127550e-04	7.518430e-01	1.000007e+00	9.880913e-02	9.999622e-01	1.200111e+01
211	-1.700409e-02	0.000000e+00	-1.700628e-02	2.412630e-01	5.600879e-04	-3.272767e-03	5.574596e-04	-5.105799e-01	1.000007e+00	9.880864e-02	9.998367e-01	1.200184e+01
212	-1.692043e-02	0.000000e+00	-1.692077e-02	0.000000e+00	8.365555e-05	0.000000e+00	8.550635e-05	-2.412630e-01	1.000007e+00	9.880864e-02	1.000000e+00	1.200000e+01
213	-1.745576e-02	0.000000e+00	-1.745367e-02	0.000000e+00	-5.353219e-04	0.000000e+00	-5.328968e-04	0.000000e+00	1.000007e+00	9.880864e-02	1.000000e+00	1.200000e+01
214	-1.754690e-02	0.000000e+00	-1.754654e-02	0.000000e+00	-9.114774e-05	0.000000e+00	-9.287332e-05	0.000000e+00	1.000007e+00	9.880864e-02	1.000000e+00	1.200000e+01
215	-1.749813e-02	0.000000e+00	-1.749832e-02	1.992406e-01	4.877759e-05	0.000000e+00	4.822426e-05	1.992406e-01	1.000007e+00	9.880864e-02	1.000000e+00	1.200000e+01
216	-1.704133e-02	0.000000e+00	-1.704312e-02	0.000000e+00	4.567947e-04	0.000000e+00	4.551987e-04	-1.992406e-01	1.000007e+00	9.880864e-02	1.000000e+00	1.200000e+01
217	-1.746056e-02	9.309789e-03	-1.745893e-02	1.637917e-01	-4.192269e-04	9.309789e-03	-4.158112e-04	1.637917e-01	1.000007e+00	9.880458e-02	9.999895e-01	1.200023e+01
218	-1.715498e-02	3.587577e-03	-1.715616e-02	4.679135e-01	3.055810e-04	-5.722211e-03	3.027631e-04	3.041217e-01	1.000007e+00	9.880305e-02	1.000044e+00	1.199922e+01
219	-1.700871e-02	0.000000e+00	-1.700928e-02	0.000000e+00	1.462698e-04	-3.587577e-03	1.468811e-04	-4.679135e-01	1.000007e+00	9.880245e-02	1.000014e+00	1.199994e+01
220	-1.764525e-02	1.979311e-03	-1.764277e-02	0.000000e+00	-6.365462e-04	1.979311e-03	-6.334859e-04	0.000000e+00	1.000007e+00	9.880227e-02	1.000021e+00	1.199992e+01
221	-1.764518e-02	1.879298e-02	-1.764518e-02	1.190144e+00	6.920655e-08	1.681367e-02	-2.405618e-06	1.190144e+00	1.000000e+00	1.000000e-01	1.000021e+00	1.200781e+01
222	-1.721167e-02	0.000000e+00	-1.721337e-02	0.000000e+00	4.335111e-04	-1.879298e-02	4.318083e-04	-1.190144e+00	1.000000e+00	9.998324e-02	9.998224e-01	1.201643e+01
223	-1.732442e-02	0.000000e+00	-1.732398e-02	0.000000e+00	-1.127420e-04	0.000000e+00	-1.106148e-04	0.000000e+00	1.000000e+00	9.998324e-02	1.000000e+00	1.200000e+01
224	-1.743291e-02	0.000000e+00	-1.743248e-02	0.000000e+00	-1.084907e-04	0.000000e+00	-1.084990e-04	0.000000e+00	1.000000e+00	9.998324e-02	1.000000e+00	1.200000e+01
225	-1.740301e-02	0.000000e+00	-1.740313e-02	0.000000e+00	2.989340e-05	0.000000e+00	2.935280e-05	0.000000e+00	1.000000e+00	9.998324e-02	1.000000e+00	1.200000e+01
226	-1.737197e-02	0.000000e+00	-1.737209e-02	3.976222e-01	3.104174e-05	0.000000e+00	3.103514e-05	3.976222e-01	1.000000e+00	9.998324e-02	1.000000e+00	1.200000e+01
227	-1.715950e-02	0.000000e+00	-1.716033e-02	0.000000e+00	2.124749e-04	0.000000e+00	2.117661e-04	-3.976222e-01	1.000000e+00	9.998324e-02	1.000000e+00	1.200000e+01
228	-1.740792e-02	0.000000e+00	-1.740695e-02	0.000000e+00	-2.484240e-04	0.000000e+00	-2.466264e-04	0.000000e+00	1.000000e+00	9.998324e-02	1.000000e+00	1.200000e+01
229	-1.742967e-02	5.223128e-03	-1.742958e-02	0.000000e+00	-2.174578e-05	5.223128e-03	-2.262422e-05	0.000000e+00	1.000000e+00	9.998194e-02	1.000001e+00	1.199984e+01
230	-1.737116e-02	2.531070e-02	-1.737139e-02	9.905808e-01	5.850683e-05	2.008757e-02	5.818991e-05	9.905808e-01	1.000000e+00	9.996278e-02	1.000021e+00	1.200699e+01
231	-1.718644e-02	0.000000e+00	-1.718717e-02	0.000000e+00	1.847161e-04	-2.531070e-02	1.842219e-04	-9.905808e-01	1.000001e+00	9.993238e-02	9.999612e-01	1.201525e+01
232	-1.738817e-02	0.000000e+00	-1.738739e-02	0.000000e+00	-2.017300e-04	0.000000e+00	-2.002223e-04	0.000000e+00	1.000001e+00	9.993238e-02	1.000000e+00	1.200000e+01
233	-1.741972e-02	0.000000e+00	-1.741959e-02	1.010990e+00	-3.154733e-05	0.000000e+00	-3.220621e-05	1.010990e+00	1.000001e+00	9.993238e-02	1.000000e+00	1.200000e+01
234	-1.720259e-02	0.000000e+00	-1.720344e-02	0.000000e+00	2.171270e-04	0.000000e+00	2.161531e-04	-1.010990e+00	1.000001e+00	9.993238e-02	1.000000e+00	1.200000e+01
235	-1.733354e-02	0.000000e+00	-1.733303e-02	0.000000e+00	-1.309420e-04	0.000000e+00	-1.295862e-04	0.000000e+00	1.000001e+00	9.993238e-02	1.000000e+00	1.200000e+01
236	-1.737075e-02	0.000000e+00	-1.737060e-02	0.000000e+00	-3.721626e-05	0.000000e+00	-3.757708e-05	0.000000e+00	1.000001e+00	9.993238e-02	1.000000e+00	1.200000e+01
237	-1.731364e-02	0.000000e+00	-1.731387e-02	0.000000e+00	5.710765e-05	0.000000e+00	5.673779e-05	0.000000e+00	1.000001e+00	9.993238e-02	1.000000e+00	1.200000e+01
238	-1.729746e-02	0.000000e+00	-1.729753e-02	0.000000e+00	1.618020e-05	0.000000e+00	1.633863e-05	0.000000e+00	1.000001e+00	9.993238e-02	1.000000e+00	1.200000e+01
239	-1.734485e-02	0.000000e+00	-1.734466e-02	2.121128e-01	-4.738375e-05	0.000000e+00	-4.713483e-05	2.121128e-01	1.000001e+00	9.993238e-02	1.000000e+00	1.200000e+01
240	-1.693919e-02	0.000000e+00	-1.694077e-02	0.000000e+00	4.056596e-04	0.000000e+00	4.038908e-04	-2.121128e-01	1.000001e+00	9.993238e-02	1.000000e+00	1.200000e+01
241	-1.728613e-02	1.608361e-03	-1.728478e-02	4.682376e-01	-3.469416e-04	1.608361e-03	-3.440087e-04	4.682376e-01	1.000001e+00	9.993226e-02	9.999260e-01	1.200034e+01
242	-1.691102e-02	0.000000e+00	-1.691248e-02	4.100921e-01	3.751067e-04	-1.608361e-03	3.722977e-04	-5.814551e-02	1.000001e+00	9.993214e-02	9.999190e-01	1.200037e+01
243	-1.686193e-02	0.000000e+00	-1.686213e-02	0.000000e+00	4.909158e-05	0.000000e+00	5.035411e-05	-4.100921e-01	1.000001e+00	9.993214e-02	1.000000e+00	1.200000e+01
244	-1.762302e-02	0.000000e+00	-1.762005e-02	7.927566e-01	-7.610895e-04	0.000000e+00	-7.579198e-04	7.927566e-01	1.000001e+00	9.993214e-02	1.000000e+00	1.200000e+01
245	-1.736705e-02	0.000000e+00	-1.736804e-02	0.000000e+00	2.559704e-04	0.000000e+00	2.520099e-04	-7.927566e-01	1.000001e+00	9.993214e-02	1.000000e+00	1.200000e+01
246	-1.733587e-02	0.000000e+00	-1.733600e-02	0.000000e+00	3.117826e-05	0.000000e+00	3.204088e-05	0.000000e+00	1.000001e+00	9.993214e-02	1.000000e+00	1.200000e+01
247	-1.737480e-02	0.000000e+00	-1.737465e-02	0.000000e+00	-3.893271e-05	0.000000e+00	-3.865547e-05	0.000000e+00	1.000001e+00	9.993214e-02	1.000000e+00	1.200000e+01
248	-1.738659e-02	0.000000e+00	-1.738654e-02	0.000000e+00	-1.178334e-05	0.000000e+00	-1.188831e-05	0.000000e+00	1.000001e+00	9.993214e-02	1.000000e+00	1.200000e+01
249	-1.737782e-02	0.000000e+00	-1.737785e-02	0.000000e+00	8.767745e-06	0.000000e+00	8.687057e-06	0.000000e+00	1.000000e+00	1.000000e-01	1.000000e+00	1.200000e+01
250	-1.744477e-02	0.000000e+00	-1.744451e-02	0.000000e+00	-6.695027e-05	0.000000e+00	-6.665481e-05	0.000000e+00	1.000000e+00	1.000000e-01	1.000000e+00	1.200000e+01
251	-1.760954e-02	1.292578e-02	-1.760889e-02	7.231815e-01	-1.647670e-04	1.292578e-02	-1.643837e-04	7.231815e-01	1.000000e+00	9.999207e-02	9.999555e-01	1.200349e+01
252	-1.690660e-02	0.000000e+00	-1.690934e-02	0.000000e+00	7.029415e-04	-1.292578e-02	6.995535e-04	-7.231815e-01	1.000001e+00	9.998415e-02	9.997656e-01	1.200698e+01
253	-1.733748e-02	0.000000e+00	-1.733581e-02	0.000000e+00	-4.308818e-04	0.000000e+00	-4.264660e-04	0.000000e+00	1.000001e+00	9.998415e-02	1.000000e+00	1.200000e+01
254	-1.746836e-02	0.000000e+00	-1.746784e-02	0.000000e+00	-1.308802e-04	0.000000e+00	-1.320348e-04	0.000000e+00	1.000001e+00	9.998415e-02	1.000000e+00	1.200000e+01
255	-1.749958e-02	1.291807e-02	-1.749946e-02	0.000000e+00	-3.122352e-05	1.291807e-02	-3.161731e-05	0.000000e+00	1.000001e+00	9.997623e-02	1.000002e+00	1.199905e+01
256	-1.771696e-02	4.076971e-02	-1.771611e-02	0.000000e+00	-2.173798e-04	2.785164e-02	-2.166542e-04	0.000000e+00	1.000001e+00	9.993941e-02	1.000037e+00	1.199463e+01
257	-1.773146e-02	8.355462e-02	-1.773140e-02	2.393711e-01	-1.450050e-05	4.278491e-02	-1.529016e-05	2.393711e-01	1.000001e+00	9.985258e-02	1.000039e+00	1.198907e+01
258	-1.653792e-02	9.731983e-02	-1.654258e-02	8.838658e-01	1.193540e-03	1.376521e-02	1.188818e-03	6.444947e-01	1.000000e+00	9.984356e-02	1.000310e+00	1.199220e+01
259	-1.663716e-02	0.000000e+00	-1.663679e-02	4.542568e-01	-9.923714e-05	-9.731983e-02	-9.420568e-05	-4.296090e-01	9.999996e-01	9.939627e-02	1.000275e+00	1.195827e+01
260	-1.695225e-02	0.000000e+00	-1.695102e-02	0.000000e+00	-3.150902e-04	0.000000e+00	-3.142274e-04	-4.542568e-01	9.999996e-01	9.939627e-02	1.000000e+00	1.200000e+01
261	-1.835030e-02	0.000000e+00	-1.834483e-02	0.000000e+00	-1.398050e-03	0.000000e+00	-1.393816e-03	0.000000e+00	9.999996e-01	9.939627e-02	1.000000e+00	1.200000e+01
262	-1.822775e-02	0.000000e+00	-1.822821e-02	0.000000e+00	1.225461e-04	0.000000e+00	1.166228e-04	0.000000e+00	9.999996e-01	9.939627e-02	1.000000e+00	1.200000e+01
263	-1.840716e-02	2.074422e-03	-1.840646e-02	0.000000e+00	-1.794080e-04	2.074422e-03	-1.782516e-04	0.000000e+00	9.999996e-01	9.939607e-02	1.000002e+00	1.199998e+01
264	-1.846190e-02	1.909130e-02	-1.846168e-02	8.070650e-01	-5.473592e-05	1.701687e-02	-5.521841e-05	8.070650e-01	9.999997e-01	9.938239e-02	9.999864e-01	1.200485e+01
265	-1.696617e-02	0.000000e+00	-1.697201e-02	0.000000e+00	1.495727e-03	-1.909130e-02	1.489668e-03	-8.070650e-01	1.000001e+00	9.936525e-02	9.995749e-01	1.201010e+01
266	-1.786747e-02	0.000000e+00	-1.786397e-02	1.009289e+00	-9.012946e-04	0.000000e+00	-8.919549e-04	1.009289e+00	1.000001e+00	9.936525e-02	1.000000e+00	1.200000e+01
267	-1.728110e-02	0.000000e+00	-1.728338e-02	0.000000e+00	5.863649e-04	0.000000e+00	5.805903e-04	-1.009289e+00	1.000001e+00	9.936525e-02	1.000000e+00	1.200000e+01
268	-1.787245e-02	0.000000e+00	-1.787015e-02	0.000000e+00	-5.913458e-04	0.000000e+00	-5.867679e-04	0.000000e+00	1.000001e+00	9.936525e-02	1.000000e+00	1.200000e+01
269	-1.837996e-02	0.000000e+00	-1.837797e-02	0.000000e+00	-5.075127e-04	0.000000e+00	-5.078223e-04	0.000000e+00	1.000001e+00	9.936525e-02	1.000000e+00	1.200000e+01
270	-1.823057e-02	0.000000e+00	-1.823114e-02	0.000000e+00	1.493922e-04	0.000000e+00	1.468250e-04	0.000000e+00	1.000001e+00	9.936525e-02	1.000000e+00	1.200000e+01
271	-1.880663e-02	0.000000e+00	-1.880438e-02	0.000000e+00	-5.760659e-04	0.000000e+00	-5.732421e-04	0.000000e+00	1.000001e+00	9.936525e-02	1.000000e+00	1.200000e+01
272	-1.888081e-02	0.000000e+00	-1.888051e-02	0.000000e+00	-7.417511e-05	0.000000e+00	-7.612459e-05	0.000000e+00	1.000001e+00	9.936525e-02	1.000000e+00	1.200000e+01
273	-1.981702e-02	1.367800e-03	-1.981336e-02	6.530055e-01	-9.362127e-04	1.367800e-03	-9.328530e-04	6.530055e-01	1.000001e+00	9.936516e-02	9.997165e-01	1.200041e+01
274	-1.678353e-02	0.000000e+00	-1.679536e-02	0.000000e+00	3.033493e-03	-1.367800e-03	3.017999e-03	-6.530055e-01	1.000001e+00	9.936508e-02	9.987949e-01	1.200083e+01
275	-1.842526e-02	0.000000e+00	-1.841889e-02	7.469723e-01	-1.641729e-03	0.000000e+00	-1.623527e-03	7.469723e-01	1.000001e+00	9.936508e-02	1.000000e+00	1.200000e+01
276	-1.711608e-02	0.000000e+00	-1.712117e-02	0.000000e+00	1.309176e-03	0.000000e+00	1.297720e-03	-7.469723e-01	1.000001e+00	9.936508e-02	1.000000e+00	1.200000e+01
277	-1.828071e-02	0.000000e+00	-1.827618e-02	0.000000e+00	-1.164626e-03	0.000000e+00	-1.155008e-03	0.000000e+00	1.000001e+00	9.936508e-02	1.000000e+00	1.200000e+01
278	-1.867231e-02	0.000000e+00	-1.867077e-02	0.000000e+00	-3.916076e-04	0.000000e+00	-3.945897e-04	0.000000e+00	1.000001e+00	9.936508e-02	1.000000e+00	1.200000e+01
279	-1.836501e-02	0.000000e+00	-1.836621e-02	2.724343e-02	3.073018e-04	0.000000e+00	3.045601e-04	2.724343e-02	1.000001e+00	9.936508e-02	1.000000e+00	1.200000e+01
280	-1.623620e-02	0.000000e+00	-1.624452e-02	3.300996e-01	2.128808e-03	0.000000e+00	2.121682e-03	3.028562e-01	1.000001e+00	9.936508e-02	1.000000e+00	1.200000e+01
281	-1.609669e-02	0.000000e+00	-1.609727e-02	0.000000e+00	1.395151e-04	0.000000e+00	1.472579e-04	-3.300996e-01	1.000001e+00	9.936508e-02	1.000000e+00	1.200000e+01
282	-1.869498e-02	0.000000e+00	-1.868483e-02	0.000000e+00	-2.598288e-03	0.000000e+00	-2.587563e-03	0.000000e+00	1.000001e+00	9.936508e-02	1.000000e+00	1.200000e+01
283	-1.878100e-02	5.545707e-03	-1.878063e-02	0.000000e+00	-8.602623e-05	5.545707e-03	-9.579785e-05	0.000000e+00	1.000001e+00	9.936360e-02	1.000003e+00	1.199982e+01
284	-2.010573e-02	2.607177e-02	-2.010055e-02	5.787378e-01	-1.324722e-03	2.052606e-02	-1.319922e-03	5.787378e-01	1.000003e+00	9.934377e-02	9.997927e-01	1.200308e+01
285	-1.685028e-02	0.000000e+00	-1.686298e-02	0.000000e+00	3.255444e-03	-2.607177e-02	3.237571e-03	-5.787378e-01	1.000006e+00	9.931193e-02	9.993768e-01	1.200641e+01
286	-1.912376e-02	2.516060e-03	-1.911493e-02	1.272195e+00	-2.273480e-03	2.516060e-03	-2.251952e-03	1.272195e+00	1.000007e+00	9.931165e-02	9.980332e-01	1.200790e+01
287	-1.736109e-02	0.000000e+00	-1.736794e-02	5.763014e-03	1.762673e-03	-2.516060e-03	1.746991e-03	-1.266432e+00	1.000007e+00	9.931137e-02	9.969967e-01	1.200938e+01
288	-1.619779e-02	0.000000e+00	-1.620236e-02	0.000000e+00	1.163299e-03	0.000000e+00	1.165579e-03	-5.763014e-03	1.000007e+00	9.931137e-02	1.000000e+00	1.200000e+01
289	-1.784781e-02	0.000000e+00	-1.784138e-02	0.000000e+00	-1.650019e-03	0.000000e+00	-1.639020e-03	0.000000e+00	1.000007e+00	9.931137e-02	1.000000e+00	1.200000e+01
290	-1.815000e-02	0.000000e+00	-1.814880e-02	0.000000e+00	-3.021919e-04	0.000000e+00	-3.074139e-04	0.000000e+00	1.000007e+00	9.931137e-02	1.000000e+00	1.200000e+01
291	-1.824949e-02	0.000000e+00	-1.824910e-02	0.000000e+00	-9.949018e-05	0.000000e+00	-1.003024e-04	0.000000e+00	1.000007e+00	9.931137e-02	1.000000e+00	1.200000e+01
292	-1.816710e-02	3.460699e-03	-1.816742e-02	3.954571e-01	8.239145e-05	3.460699e-03	8.167780e-05	3.954571e-01	1.000007e+00	9.931081e-02	1.000014e+00	1.200058e+01
293	-1.659542e-02	0.000000e+00	-1.660156e-02	0.000000e+00	1.571683e-03	-3.460699e-03	1.565862e-03	-3.954571e-01	1.000007e+00	9.931025e-02	9.997485e-01	1.200117e+01
294	-1.808318e-02	6.412641e-04	-1.807739e-02	0.000000e+00	-1.487763e-03	6.412641e-04	-1.475835e-03	0.000000e+00	1.000007e+00	9.931024e-02	9.997528e-01	1.200116e+01
295	-1.864379e-02	1.628085e-02	-1.864157e-02	6.373716e-01	-5.606059e-04	1.563959e-02	-5.641810e-04	6.373716e-01	1.000008e+00	9.929867e-02	9.996330e-01	1.200451e+01
296	-1.687303e-02	0.000000e+00	-1.687994e-02	2.738806e-01	1.770752e-03	-1.628085e-02	1.761631e-03	-3.634909e-01	1.000009e+00	9.928624e-02	9.994901e-01	1.200582e+01
297	-1.627001e-02	0.000000e+00	-1.627239e-02	0.000000e+00	6.030277e-04	0.000000e+00	6.075535e-04	-2.738806e-01	1.000009e+00	9.928624e-02	1.000000e+00	1.200000e+01
298	-1.791573e-02	0.000000e+00	-1.790931e-02	0.000000e+00	-1.645728e-03	0.000000e+00	-1.636926e-03	0.000000e+00	1.000009e+00	9.928624e-02	1.000000e+00	1.200000e+01
299	-1.823367e-02	1.864950e-05	-1.823241e-02	4.916686e-01	-3.179386e-04	1.864950e-05	-3.230909e-04	4.916686e-01	1.000009e+00	9.928624e-02	9.999257e-01	1.200000e+01
300	-1.677010e-02	0.000000e+00	-1.677581e-02	0.000000e+00	1.463572e-03	-1.864950e-05	1.456593e-03	-4.916686e-01	1.000009e+00	9.928624e-02	9.995831e-01	1.200001e+01
301	-1.741546e-02	0.000000e+00	-1.741296e-02	4.946425e-01	-6.453612e-04	0.000000e+00	-6.371504e-04	4.946425e-01	1.000009e+00	9.928624e-02	1.000000e+00	1.200000e+01
302	-1.688591e-02	0.000000e+00	-1.688797e-02	7.376669e-01	5.295509e-04	0.000000e+00	5.249935e-04	2.430245e-01	1.000009e+00	9.928624e-02	1.000000e+00	1.200000e+01
303	-1.691606e-02	0.000000e+00	-1.691595e-02	0.000000e+00	-3.014575e-05	0.000000e+00	-2.797724e-05	-7.376669e-01	1.000009e+00	9.928624e-02	1.000000e+00	1.200000e+01
304	-1.761919e-02	0.000000e+00	-1.761645e-02	4.073631e-01	-7.031366e-04	0.000000e+00	-7.004993e-04	4.073631e-01	1.000009e+00	9.928624e-02	1.000000e+00	1.200000e+01
305	-1.712200e-02	0.000000e+00	-1.712394e-02	0.000000e+00	4.971898e-04	0.000000e+00	4.925113e-04	-4.073631e-01	1.000009e+00	9.928624e-02	1.000000e+00	1.200000e+01
306	-1.728294e-02	0.000000e+00	-1.728232e-02	0.000000e+00	-1.609391e-04	0.000000e+00	-1.583866e-04	0.000000e+00	1.000009e+00	9.928624e-02	1.000000e+00	1.200000e+01
307	-1.746301e-02	0.000000e+00	-1.746230e-02	0.000000e+00	-1.800665e-04	0.000000e+00	-1.799818e-04	0.000000e+00	1.000009e+00	9.928624e-02	1.000000e+00	1.200000e+01
308	-1.742517e-02	0.000000e+00	-1.742531e-02	0.000000e+00	3.784072e-05	0.000000e+00	3.698985e-05	0.000000e+00	1.000009e+00	9.928624e-02	1.000000e+00	1.200000e+01
309	-1.738080e-02	0.000000e+00	-1.738098e-02	5.379698e-01	4.436589e-05	0.000000e+00	4.433707e-05	5.379698e-01	1.000009e+00	9.928624e-02	1.000000e+00	1.200000e+01
310	-1.716552e-02	0.000000e+00	-1.716636e-02	0.000000e+00	2.152860e-04	0.000000e+00	2.146182e-04	-5.379698e-01	1.000009e+00	9.928624e-02	1.000000e+00	1.200000e+01
311	-1.742027e-02	0.000000e+00	-1.741928e-02	0.000000e+00	-2.547572e-04	0.000000e+00	-2.529238e-04	0.000000e+00	1.000009e+00	9.928624e-02	1.000000e+00	1.200000e+01
312	-1.744481e-02	0.000000e+00	-1.744471e-02	1.006714e+00	-2.454024e-05	0.000000e+00	-2.543236e-05	1.006714e+00	1.000009e+00	9.928624e-02	1.000000e+00	1.200000e+01
313	-1.734369e-02	0.000000e+00	-1.734408e-02	0.000000e+00	1.011276e-04	0.000000e+00	1.006332e-04	-1.006714e+00	1.000009e+00	9.928624e-02	1.000000e+00	1.200000e+01
314	-1.751901e-02	0.000000e+00	-1.751832e-02	0.000000e+00	-1.753215e-04	0.000000e+00	-1.742435e-04	0.000000e+00	1.000009e+00	9.928624e-02	1.000000e+00	1.200000e+01
315	-1.753254e-02	0.000000e+00	-1.753248e-02	0.000000e+00	-1.353044e-05	0.000000e+00	-1.415823e-05	0.000000e+00	1.000009e+00	9.928624e-02	1.000000e+00	1.200000e+01
316	-1.748862e-02	0.000000e+00	-1.748879e-02	0.000000e+00	4.391598e-05	0.000000e+00	4.368912e-05	0.000000e+00	1.000009e+00	9.928624e-02	1.000000e+00	1.200000e+01
317	-1.748213e-02	0.000000e+00	-1.748215e-02	0.000000e+00	6.494675e-06	0.000000e+00	6.639966e-06	0.000000e+00	1.000000e+00	1.000000e-01	1.000000e+00	1.200000e+01
318	-1.749243e-02	0.000000e+00	-1.749239e-02	0.000000e+00	-1.030312e-05	0.000000e+00	-1.023693e-05	0.000000e+00	1.000000e+00	1.000000e-01	1.000000e+00	1.200000e+01
319	-1.749538e-02	0.000000e+00	-1.749536e-02	0.000000e+00	-2.944121e-06	0.000000e+00	-2.972609e-06	0.000000e+00	1.000000e+00	1.000000e-01	1.000000e+00	1.200000e+01
320	-1.744526e-02	1.002486e-02	-1.744546e-02	0.000000e+00	5.011480e-05	1.002486e-02	4.990743e-05	0.000000e+00	1.000000e+00	9.999523e-02	9.999971e-01	1.199943e+01
321	-1.741933e-02	3.508297e-02	-1.741943e-02	1.141586e-01	2.593402e-05	2.505811e-02	2.602767e-05	1.141586e-01	9.999999e-01	9.996541e-02	9.999948e-01	1.199721e+01
322	-1.723426e-02	5.407145e-02	-1.723498e-02	0.000000e+00	1.850694e-04	1.898848e-02	1.844481e-04	-1.141586e-01	9.999998e-01	9.994829e-02	9.999648e-01	1.199412e+01
323	-1.735793e-02	9.969783e-02	-1.735745e-02	4.283772e-01	-1.236757e-04	4.562638e-02	-1.224721e-04	4.283772e-01	1.000000e+00	9.984958e-02	9.999717e-01	1.199155e+01
324	-1.719690e-02	8.117811e-02	-1.719752e-02	9.488486e-02	1.610366e-04	-1.851973e-02	1.599291e-04	-3.334924e-01	1.000000e+00	9.983333e-02	9.999632e-01	1.199253e+01
325	-1.711135e-02	1.036956e-01	-1.711169e-02	0.000000e+00	8.554378e-05	2.251746e-02	8.583435e-05	-9.488486e-02	1.000000e+00	9.980930e-02	9.999484e-01	1.198863e+01
326	-1.728639e-02	1.508840e-01	-1.728571e-02	9.594759e-01	-1.750397e-04	4.718841e-02	-1.740206e-04	9.594759e-01	1.000000e+00	9.970387e-02	9.999157e-01	1.199745e+01
327	-1.723261e-02	3.581018e-02	-1.723282e-02	0.000000e+00	5.377768e-05	-1.150738e-01	5.288785e-05	-9.594759e-01	1.000001e+00	9.908091e-02	9.999263e-01	1.197459e+01
328	-1.734628e-02	3.326884e-02	-1.734584e-02	0.000000e+00	-1.136640e-04	-2.541335e-03	-1.130134e-04	0.000000e+00	1.000001e+00	9.908060e-02	9.999247e-01	1.197455e+01
329	-1.731601e-02	4.575351e-02	-1.731613e-02	1.211211e+00	3.026955e-05	1.248467e-02	2.970986e-05	1.211211e+00	1.000001e+00	9.907327e-02	9.999400e-01	1.198084e+01
330	-1.719089e-02	0.000000e+00	-1.719138e-02	0.000000e+00	1.251181e-04	-4.575351e-02	1.247454e-04	-1.211211e+00	1.000001e+00	9.897486e-02	9.999006e-01	1.199524e+01
331	-1.733157e-02	0.000000e+00	-1.733102e-02	0.000000e+00	-1.406797e-04	0.000000e+00	-1.396429e-04	0.000000e+00	1.000001e+00	9.897486e-02	1.000000e+00	1.200000e+01
332	-1.730171e-02	0.000000e+00	-1.730183e-02	0.000000e+00	2.985594e-05	0.000000e+00	2.919384e-05	0.000000e+00	1.000001e+00	9.897486e-02	1.000000e+00	1.200000e+01
333	-1.725302e-02	0.000000e+00	-1.725321e-02	0.000000e+00	4.869130e-05	0.000000e+00	4.861514e-05	0.000000e+00	1.000001e+00	9.897486e-02	1.000000e+00	1.200000e+01
334	-1.725345e-02	0.000000e+00	-1.725345e-02	1.361734e+00	-4.247749e-07	0.000000e+00	-2.332128e-07	1.361734e+00	1.000000e+00	1.000000e-01	9.999997e-01	1.200000e+01
335	-1.721621e-02	0.000000e+00	-1.721636e-02	0.000000e+00	3.723664e-05	0.000000e+00	3.709027e-05	-1.361734e+00	1.000000e+00	1.000000e-01	1.000000e+00	1.200000e+01
336	-1.746734e-02	0.000000e+00	-1.746636e-02	1.345359e-01	-2.511251e-04	0.000000e+00	-2.499992e-04	1.345359e-01	1.000000e+00	1.000000e-01	1.000000e+00	1.200000e+01
337	-1.738120e-02	0.000000e+00	-1.738153e-02	0.000000e+00	8.613672e-05	0.000000e+00	8.482369e-05	-1.345359e-01	1.000000e+00	1.000000e-01	1.000000e+00	1.200000e+01
338	-1.747608e-02	0.000000e+00	-1.747571e-02	1.076920e+00	-9.488003e-05	0.000000e+00	-9.417806e-05	1.076920e+00	1.000000e+00	1.000000e-01	1.000000e+00	1.200000e+01
339	-1.752656e-02	0.000000e+00	-1.752636e-02	0.000000e+00	-5.048237e-05	0.000000e+00	-5.065305e-05	-1.076920e+00	1.000000e+00	1.000000e-01	1.000000e+00	1.200000e+01
340	-1.765554e-02	0.000000e+00	-1.765503e-02	0.000000e+00	-1.289734e-04	0.000000e+00	-1.286674e-04	0.000000e+00	1.000000e+00	1.000000e-01	1.000000e+00	1.200000e+01
