#sequence delta(k-1),f(k-1),theta(k),v(k),delta_diff(k-1),f_diff(k-1),theta_diff(k),v_diff(k),phi(1,1;k),phi(1,2;k),phi(2,1;k),phi(2,2;k)
1	-6.046071e-01	0.000000e+00	-6.045661e-01	0.000000e+00	-6.046071e-01	0.000000e+00	-1.045126e-02	-7.276084e-03	8.557336e-01	1.000000e-01	1.000000e+00	8.000000e+00
2	8.024044e-01	2.000000e-01	7.969085e-01	2.779535e+00	1.407012e+00	2.000000e-01	1.401475e+00	2.779535e+00	9.147401e-01	1.083875e-01	9.243573e-01	7.989248e+00
3	-3.346895e-01	2.090893e-01	-3.302692e-01	2.971821e+00	-1.137094e+00	9.089345e-03	-1.127178e+00	1.922864e-01	9.436128e-01	1.081567e-01	5.403106e-01	7.992318e+00
4	-7.124777e-01	2.524700e-01	-7.109847e-01	2.991725e+00	-3.777883e-01	4.338063e-02	-3.807156e-01	1.990382e-02	9.484529e-01	1.076009e-01	5.608419e-01	7.989960e+00
5	-5.032798e-01	4.009271e-01	-5.040911e-01	3.605684e+00	2.091980e-01	1.484571e-01	2.068936e-01	6.139595e-01	9.477318e-01	1.070892e-01	4.945061e-01	7.942885e+00
6	-4.084785e-01	6.009271e-01	-4.088520e-01	5.927433e+00	9.480131e-02	2.000000e-01	9.523917e-02	2.321748e+00	9.470275e-01	1.056033e-01	5.246714e-01	8.006524e+00
7	-5.843216e-01	6.038573e-01	-5.836361e-01	5.829431e+00	-1.758431e-01	2.930237e-03	-1.747842e-01	-9.800139e-02	9.477320e-01	1.055915e-01	5.270734e-01	8.006484e+00
8	-6.669278e-01	7.488819e-01	-6.666024e-01	7.317977e+00	-8.260621e-02	1.450245e-01	-8.296628e-02	1.488546e+00	9.485056e-01	1.042333e-01	5.127181e-01	8.031686e+00
9	-6.063123e-01	8.120798e-01	-6.065478e-01	6.680242e+00	6.061546e-02	6.319798e-02	6.005460e-02	-6.377349e-01	9.483901e-01	1.041129e-01	4.789761e-01	7.996507e+00
10	-5.685655e-01	1.012080e+00	-5.687138e-01	8.059800e+00	3.774685e-02	2.000000e-01	3.783399e-02	1.379558e+00	9.480601e-01	1.023643e-01	4.747986e-01	7.974372e+00
11	-5.896841e-01	1.212080e+00	-5.896022e-01	8.227601e+00	-2.111867e-02	2.000000e-01	-2.088839e-02	1.678009e-01	9.482699e-01	1.003773e-01	4.887317e-01	7.842421e+00
12	-6.099914e-01	1.412080e+00	-6.099118e-01	9.916360e+00	-2.030731e-02	2.000000e-01	-2.030958e-02	1.688759e+00	9.484697e-01	9.840984e-02	4.875007e-01	7.854545e+00
13	-6.004709e-01	1.564157e+00	-6.005077e-01	1.012900e+01	9.520567e-03	1.520769e-01	9.404043e-03	2.126399e-01	9.484045e-01	9.736787e-02	4.830907e-01	7.784102e+00
14	-5.827393e-01	1.764157e+00	-5.828087e-01	1.257831e+01	1.773159e-02	2.000000e-01	1.769906e-02	2.449309e+00	9.482510e-01	9.563660e-02	4.903884e-01	7.866415e+00
15	-5.794369e-01	1.663894e+00	-5.794501e-01	1.172463e+01	3.302395e-03	-1.002624e-01	3.358632e-03	-8.536784e-01	9.482663e-01	9.517146e-02	4.902845e-01	7.869571e+00
16	-5.719343e-01	1.863894e+00	-5.719637e-01	1.329982e+01	7.502549e-03	2.000000e-01	7.486361e-03	1.575186e+00	9.482011e-01	9.343335e-02	4.902761e-01	7.869347e+00
17	-5.531579e-01	2.008322e+00	-5.532313e-01	1.432916e+01	1.877647e-02	1.444275e-01	1.873237e-02	1.029341e+00	9.480902e-01	9.258034e-02	4.892487e-01	7.861444e+00
18	-5.513740e-01	2.148744e+00	-5.513812e-01	1.493728e+01	1.783902e-03	1.404224e-01	1.850107e-03	6.081243e-01	9.480794e-01	9.173217e-02	4.888319e-01	7.828639e+00
19	-5.820125e-01	2.348744e+00	-5.818928e-01	1.533038e+01	-3.063850e-02	2.000000e-01	-3.051159e-02	3.931019e-01	9.483619e-01	8.988794e-02	5.053416e-01	7.720868e+00
20	-6.201442e-01	2.548744e+00	-6.199947e-01	1.756820e+01	-3.813170e-02	2.000000e-01	-3.810194e-02	2.237822e+00	9.487154e-01	8.803426e-02	4.926910e-01	7.787220e+00
21	-6.667244e-01	2.425759e+00	-6.665419e-01	1.711139e+01	-4.658026e-02	-1.229852e-01	-4.654714e-02	-4.568172e-01	9.485295e-01	8.754363e-02	4.812000e-01	7.756881e+00
22	-6.320785e-01	2.548199e+00	-6.322132e-01	1.800247e+01	3.464587e-02	1.224401e-01	3.432871e-02	8.910844e-01	9.483785e-01	8.700982e-02	4.799701e-01	7.752534e+00
23	-5.616081e-01	2.681696e+00	-5.618839e-01	1.892743e+01	7.047044e-02	1.334969e-01	7.032926e-02	9.249579e-01	9.481098e-01	8.650079e-02	4.752107e-01	7.743518e+00
24	-4.895640e-01	2.789841e+00	-4.898465e-01	2.007783e+01	7.204407e-02	1.081448e-01	7.203737e-02	1.150396e+00	9.479190e-01	8.621437e-02	4.846695e-01	7.757717e+00
25	-3.507639e-01	2.777654e+00	-3.513072e-01	1.949155e+01	1.388001e-01	-1.218652e-02	1.385393e-01	-5.862750e-01	9.484426e-01	8.616840e-02	4.481684e-01	7.760921e+00
26	-6.702013e-02	2.977654e+00	-6.813063e-02	2.097847e+01	2.837438e-01	2.000000e-01	2.831766e-01	1.486921e+00	9.480394e-01	8.588420e-02	4.237071e-01	7.743680e+00
27	3.540501e-01	3.052237e+00	3.524009e-01	2.075655e+01	4.210702e-01	7.458322e-02	4.205316e-01	-2.219223e-01	9.507762e-01	8.636898e-02	2.445072e-01	7.711938e+00
28	7.421963e-01	3.252237e+00	7.406737e-01	2.217817e+01	3.881462e-01	2.000000e-01	3.882727e-01	1.421620e+00	9.511059e-01	8.653886e-02	2.082045e-01	7.693233e+00
29	6.645357e-01	3.334928e+00	6.648331e-01	2.211753e+01	-7.766059e-02	8.269055e-02	-7.584054e-02	-6.063502e-02	9.514407e-01	8.618243e-02	2.331514e-01	7.666670e+00
30	5.275988e-01	3.534928e+00	5.281349e-01	2.326296e+01	-1.369369e-01	2.000000e-01	-1.366982e-01	1.145430e+00	9.529349e-01	8.400004e-02	2.556452e-01	7.633817e+00
31	5.665545e-01	3.661925e+00	5.664045e-01	2.396265e+01	3.895574e-02	1.269967e-01	3.826959e-02	6.996808e-01	9.527603e-01	8.343075e-02	2.505140e-01	7.617090e+00
32	5.291875e-01	3.762296e+00	5.293329e-01	2.554614e+01	-3.736701e-02	1.003718e-01	-3.707155e-02	1.583495e+00	9.529340e-01	8.296411e-02	2.358958e-01	7.656356e+00
33	6.370471e-02	3.563731e+00	6.552357e-02	2.375824e+01	-4.654828e-01	-1.985652e-01	-4.638093e-01	-1.787902e+00	9.536712e-01	8.327858e-02	2.668275e-01	7.669550e+00
34	-1.744120e-01	3.763731e+00	-1.734748e-01	2.504587e+01	-2.381167e-01	2.000000e-01	-2.389983e-01	1.287629e+00	9.567535e-01	8.068970e-02	2.865437e-01	7.652990e+00
35	-1.522188e-01	3.892653e+00	-1.523019e-01	2.668135e+01	2.219320e-02	1.289220e-01	2.117292e-02	1.635484e+00	9.566442e-01	8.005440e-02	2.932592e-01	7.692001e+00
36	-4.899357e-01	3.746196e+00	-4.886168e-01	2.674061e+01	-3.377169e-01	-1.464573e-01	-3.363150e-01	5.925534e-02	9.568718e-01	8.015314e-02	1.002285e-01	7.608290e+00
37	-6.752625e-01	3.612869e+00	-6.745334e-01	2.580060e+01	-1.853268e-01	-1.333272e-01	-1.859166e-01	-9.400064e-01	9.566913e-01	8.002327e-02	9.225296e-02	7.602552e+00
38	-6.203126e-01	3.811682e+00	-6.205244e-01	2.695652e+01	5.494991e-02	1.988135e-01	5.400903e-02	1.155920e+00	9.563215e-01	7.868517e-02	8.303593e-02	7.569204e+00
39	-6.862298e-01	3.925877e+00	-6.859732e-01	2.865498e+01	-6.591725e-02	1.141945e-01	-6.544879e-02	1.698464e+00	9.566752e-01	7.807235e-02	5.697477e-02	7.614352e+00
40	-8.219057e-01	3.725877e+00	-8.213748e-01	2.631899e+01	-1.356759e-01	-2.000000e-01	-1.354016e-01	-2.335997e+00	9.560484e-01	7.714832e-02	1.074066e-01	7.688694e+00
41	-8.100223e-01	3.925877e+00	-8.100667e-01	2.849085e+01	1.188343e-02	2.000000e-01	1.130810e-02	2.171863e+00	9.559627e-01	7.570640e-02	1.109085e-01	7.747631e+00
42	-7.575347e-01	3.823571e+00	-7.577399e-01	2.818691e+01	5.248761e-02	-1.023057e-01	5.232675e-02	-3.039438e-01	9.562078e-01	7.522867e-02	1.228680e-01	7.724321e+00
43	-8.195056e-01	3.859417e+00	-8.192643e-01	2.804510e+01	-6.197087e-02	3.584654e-02	-6.152439e-02	-1.418036e-01	9.563536e-01	7.514437e-02	1.349376e-01	7.717339e+00
44	-8.634130e-01	4.057158e+00	-8.632406e-01	3.080516e+01	-4.390748e-02	1.977403e-01	-4.397629e-02	2.760061e+00	9.566978e-01	7.359404e-02	1.095969e-01	7.831463e+00
45	-8.171997e-01	3.857158e+00	-8.173796e-01	2.895216e+01	4.621333e-02	-2.000000e-01	4.586103e-02	-1.852999e+00	9.570497e-01	7.207120e-02	1.033243e-01	7.858609e+00
46	-8.150286e-01	4.010835e+00	-8.150378e-01	2.926434e+01	2.171109e-03	1.536774e-01	2.341772e-03	3.121710e-01	9.570387e-01	7.129119e-02	1.024113e-01	7.793986e+00
47	-8.694566e-01	4.187361e+00	-8.692440e-01	3.084648e+01	-5.442798e-02	1.765261e-01	-5.420622e-02	1.582143e+00	9.574124e-01	7.007916e-02	9.702553e-02	7.811454e+00
48	-8.627280e-01	4.034836e+00	-8.627534e-01	2.989838e+01	6.728600e-03	-1.525253e-01	6.490574e-03	-9.480948e-01	9.574463e-01	6.931021e-02	9.779227e-02	7.794073e+00
49	-8.265147e-01	4.046815e+00	-8.266563e-01	3.001597e+01	3.621325e-02	1.197959e-02	3.609715e-02	1.175856e-01	9.574565e-01	6.931359e-02	9.814764e-02	7.794191e+00
50	-8.423918e-01	4.069101e+00	-8.423303e-01	3.032263e+01	-1.587708e-02	2.228503e-02	-1.567406e-02	3.066650e-01	9.574717e-01	6.929225e-02	9.713345e-02	7.795614e+00
51	-8.655857e-01	4.048964e+00	-8.654948e-01	2.981052e+01	-2.319386e-02	-2.013668e-02	-2.316448e-02	-5.121148e-01	9.574669e-01	6.928806e-02	1.010194e-01	7.798988e+00
52	-8.378166e-01	4.170330e+00	-8.379247e-01	3.012506e+01	2.776910e-02	1.213664e-01	2.757014e-02	3.145388e-01	9.573697e-01	6.886318e-02	9.271053e-02	7.762674e+00
53	-8.108838e-01	4.283058e+00	-8.109894e-01	3.192667e+01	2.693278e-02	1.127276e-01	2.693527e-02	1.801612e+00	9.572857e-01	6.851149e-02	1.044531e-01	7.811822e+00
54	-8.192168e-01	4.083058e+00	-8.191847e-01	3.069063e+01	-8.333039e-03	-2.000000e-01	-8.195272e-03	-1.236040e+00	9.572333e-01	6.725566e-02	1.031834e-01	7.781349e+00
55	-7.898338e-01	4.028500e+00	-7.899485e-01	2.948673e+01	2.938299e-02	-5.455807e-02	2.923620e-02	-1.203895e+00	9.572999e-01	6.713205e-02	9.228454e-02	7.801586e+00
56	-7.558902e-01	4.228500e+00	-7.560232e-01	3.129100e+01	3.394367e-02	2.000000e-01	3.392528e-02	1.804261e+00	9.571104e-01	6.601546e-02	9.608893e-02	7.824002e+00
57	-7.028942e-01	4.064594e+00	-7.031017e-01	3.022727e+01	5.299601e-02	-1.639055e-01	5.292151e-02	-1.063723e+00	9.574333e-01	6.501670e-02	1.013868e-01	7.807617e+00
58	-5.970409e-01	4.053259e+00	-5.974552e-01	3.140628e+01	1.058533e-01	-1.133484e-02	1.056465e-01	1.179009e+00	9.576851e-01	6.498974e-02	1.642218e-01	7.800888e+00
59	-5.341945e-01	3.853259e+00	-5.344416e-01	2.869391e+01	6.284635e-02	-2.000000e-01	6.301353e-02	-2.712368e+00	9.581474e-01	6.351874e-02	1.302647e-01	7.908952e+00
60	-3.960365e-01	4.053259e+00	-3.965771e-01	2.940017e+01	1.381580e-01	2.000000e-01	1.378645e-01	7.062535e-01	9.576875e-01	6.285298e-02	7.330917e-02	7.826502e+00
61	-2.738086e-01	4.205755e+00	-2.742882e-01	3.114603e+01	1.222279e-01	1.524960e-01	1.222889e-01	1.745866e+00	9.574395e-01	6.254365e-02	1.042665e-01	7.865126e+00
62	-1.156048e-01	4.005755e+00	-1.162246e-01	2.909046e+01	1.582038e-01	-2.000000e-01	1.580635e-01	-2.055570e+00	9.588298e-01	6.078614e-02	6.794616e-02	7.911042e+00
63	-7.162760e-03	4.134127e+00	-7.588783e-03	3.064912e+01	1.084420e-01	1.283717e-01	1.086359e-01	1.558659e+00	9.586700e-01	6.059705e-02	9.515772e-02	7.943254e+00
64	-7.383816e-04	3.934127e+00	-7.651410e-04	2.799317e+01	6.424378e-03	-2.000000e-01	6.823642e-03	-2.655950e+00	9.587083e-01	5.940639e-02	9.196287e-02	8.042715e+00
65	1.473162e-03	4.134127e+00	1.464418e-03	2.944852e+01	2.211543e-03	2.000000e-01	2.229559e-03	1.455345e+00	9.586961e-01	5.830998e-02	9.180489e-02	8.028427e+00
66	5.337705e-02	4.044192e+00	5.317427e-02	2.776890e+01	5.190389e-02	-8.993509e-02	5.170985e-02	-1.679616e+00	9.588726e-01	5.800431e-02	6.820615e-02	8.069317e+00
67	7.570380e-02	4.244192e+00	7.561579e-02	3.009629e+01	2.232675e-02	2.000000e-01	2.244153e-02	2.327392e+00	9.587627e-01	5.702029e-02	7.560725e-02	8.135615e+00
68	5.555301e-02	4.044192e+00	5.563139e-02	2.725996e+01	-2.015078e-02	-2.000000e-01	-1.998441e-02	-2.836332e+00	9.586619e-01	5.602025e-02	8.693785e-02	8.248073e+00
69	6.508150e-02	4.244192e+00	6.504458e-02	2.751762e+01	9.528482e-03	2.000000e-01	9.413198e-03	2.576623e-01	9.586135e-01	5.500273e-02	8.075796e-02	8.118359e+00
70	8.035868e-02	4.386099e+00	8.029885e-02	2.908689e+01	1.527718e-02	1.419069e-01	1.525427e-02	1.569270e+00	9.585618e-01	5.452257e-02	8.374618e-02	8.146116e+00
71	6.505214e-02	4.186099e+00	6.511170e-02	2.761940e+01	-1.530654e-02	-2.000000e-01	-1.518716e-02	-1.467491e+00	9.584877e-01	5.355502e-02	8.258435e-02	8.130936e+00
72	5.187033e-02	4.065375e+00	5.192205e-02	2.716439e+01	-1.318181e-02	-1.207238e-01	-1.318964e-02	-4.550084e-01	9.584510e-01	5.321858e-02	7.930455e-02	8.100898e+00
73	5.268360e-02	3.882052e+00	5.268062e-02	2.603464e+01	8.132692e-04	-1.833231e-01	7.585703e-04	-1.129756e+00	9.584547e-01	5.238486e-02	7.943952e-02	8.070474e+00
74	4.242032e-02	3.809164e+00	4.246040e-02	2.504258e+01	-1.026327e-02	-7.288793e-02	-1.022022e-02	-9.920608e-01	9.584380e-01	5.226626e-02	8.139889e-02	8.084389e+00
75	2.532499e-02	3.886224e+00	2.539193e-02	2.678273e+01	-1.709533e-02	7.705984e-02	-1.706848e-02	1.740156e+00	9.584761e-01	5.209435e-02	7.234403e-02	8.125205e+00
76	1.977133e-02	3.686224e+00	1.979329e-02	2.590891e+01	-5.553661e-03	-2.000000e-01	-5.598641e-03	-8.738186e-01	9.584499e-01	5.114964e-02	7.040016e-02	8.055202e+00
77	1.431204e-02	3.486224e+00	1.433345e-02	2.319497e+01	-5.459296e-03	-2.000000e-01	-5.459840e-03	-2.713942e+00	9.584245e-01	5.021805e-02	7.320307e-02	8.157886e+00
78	3.447253e-03	3.686224e+00	3.489778e-03	2.351442e+01	-1.086478e-02	2.000000e-01	-1.084367e-02	3.194474e-01	9.584775e-01	4.924256e-02	7.983748e-02	8.035759e+00
79	2.523426e-04	3.776481e+00	2.649888e-04	2.322184e+01	-3.194911e-03	9.025740e-02	-3.224789e-03	-2.925758e-01	9.584844e-01	4.904585e-02	8.137551e-02	7.992309e+00
80	4.304418e-04	3.809541e+00	4.297955e-04	2.401627e+01	1.780992e-04	3.305939e-02	1.648067e-04	7.944289e-01	9.584843e-01	4.902031e-02	8.142034e-02	8.000630e+00
81	-2.915208e-04	3.609541e+00	-2.887032e-04	2.319157e+01	-7.219626e-04	-2.000000e-01	-7.184987e-04	-8.246981e-01	9.584810e-01	4.810966e-02	8.115962e-02	7.928403e+00
82	-2.494005e-04	3.409541e+00	-2.495540e-04	2.007551e+01	4.212034e-05	-2.000000e-01	3.914917e-05	-3.116065e+00	9.584812e-01	4.721361e-02	8.112960e-02	8.070939e+00
83	1.388372e-04	3.609541e+00	1.373201e-04	2.275784e+01	3.882377e-04	2.000000e-01	3.868741e-04	2.682335e+00	9.584795e-01	4.633552e-02	8.132271e-02	8.170421e+00
84	2.556962e-04	3.409541e+00	2.552338e-04	2.161342e+01	1.168589e-04	-2.000000e-01	1.179137e-04	-1.144418e+00	9.584800e-01	4.547185e-02	8.134936e-02	8.124815e+00
85	-3.930611e-03	3.209541e+00	-3.914260e-03	2.030491e+01	-4.186307e-03	-2.000000e-01	-4.169493e-03	-1.308517e+00	9.584626e-01	4.463946e-02	8.073179e-02	8.095311e+00
86	-1.054309e-02	3.009541e+00	-1.051720e-02	1.948668e+01	-6.612482e-03	-2.000000e-01	-6.602939e-03	-8.182311e-01	9.584359e-01	4.383265e-02	7.826416e-02	8.020676e+00
87	-1.759108e-02	2.809541e+00	-1.756345e-02	1.803921e+01	-7.047990e-03	-2.000000e-01	-7.046251e-03	-1.447466e+00	9.584081e-01	4.304330e-02	7.774815e-02	8.006033e+00
88	-2.538778e-02	2.694892e+00	-2.535721e-02	1.654736e+01	-7.796696e-03	-1.146487e-01	-7.793765e-03	-1.491851e+00	9.583911e-01	4.279371e-02	7.985764e-02	8.037053e+00
89	-3.293738e-02	2.759326e+00	-3.290777e-02	1.644041e+01	-7.549604e-03	6.443389e-02	-7.550557e-03	-1.069459e-01	9.584021e-01	4.269987e-02	8.209136e-02	8.017988e+00
90	-3.640634e-02	2.726417e+00	-3.639267e-02	1.495880e+01	-3.468958e-03	-3.290934e-02	-3.484902e-03	-1.481617e+00	9.584000e-01	4.268042e-02	8.409635e-02	8.037009e+00
91	-4.156231e-02	2.876010e+00	-4.154211e-02	1.649791e+01	-5.155967e-03	1.495933e-01	-5.149440e-03	1.539108e+00	9.584160e-01	4.221715e-02	8.327952e-02	8.060708e+00
92	-4.600673e-02	2.676010e+00	-4.598929e-02	1.523745e+01	-4.444420e-03	-2.000000e-01	-4.447174e-03	-1.260452e+00	9.583989e-01	4.144823e-02	8.255087e-02	8.027919e+00
93	-4.785052e-02	2.476010e+00	-4.784325e-02	1.469760e+01	-1.843790e-03	-2.000000e-01	-1.853959e-03	-5.398525e-01	9.583919e-01	4.068425e-02	8.163567e-02	7.928645e+00
94	-4.722146e-02	2.276010e+00	-4.722389e-02	1.236408e+01	6.290586e-04	-2.000000e-01	6.193593e-04	-2.333524e+00	9.583943e-01	3.992487e-02	8.141660e-02	7.998298e+00
95	-4.393537e-02	2.302302e+00	-4.394822e-02	1.259775e+01	3.286085e-03	2.629150e-02	3.275668e-03	2.336782e-01	9.583928e-01	3.991334e-02	8.145268e-02	7.998586e+00
96	-4.023883e-02	2.102302e+00	-4.025332e-02	1.153428e+01	3.696549e-03	-2.000000e-01	3.694905e-03	-1.063471e+00	9.584068e-01	3.915569e-02	8.237526e-02	7.948670e+00
97	-3.773757e-02	1.902302e+00	-3.774740e-02	1.021297e+01	2.501253e-03	-2.000000e-01	2.505916e-03	-1.321311e+00	9.584161e-01	3.841620e-02	8.268768e-02	7.923689e+00
98	-3.573608e-02	1.736315e+00	-3.574393e-02	8.602898e+00	2.001495e-03	-1.659864e-01	2.003465e-03	-1.610075e+00	9.584221e-01	3.791366e-02	8.241102e-02	7.946633e+00
99	-3.370607e-02	1.729509e+00	-3.371403e-02	8.570739e+00	2.030007e-03	-6.806160e-03	2.029904e-03	-3.215864e-02	9.584225e-01	3.791255e-02	8.243200e-02	7.946563e+00
100	-3.259158e-02	1.562848e+00	-3.259596e-02	5.553076e+00	1.114492e-03	-1.666607e-01	1.118068e-03	-3.017663e+00	9.584258e-01	3.741530e-02	8.154784e-02	8.078781e+00
101	-3.199399e-02	1.762848e+00	-3.199634e-02	7.365715e+00	5.975874e-04	2.000000e-01	5.996205e-04	1.812639e+00	9.584237e-01	3.672086e-02	8.160261e-02	8.097113e+00
102	-3.102304e-02	1.562848e+00	-3.102684e-02	3.907957e+00	9.709525e-04	-2.000000e-01	9.695019e-04	-3.457758e+00	9.584271e-01	3.603322e-02	8.077136e-02	8.268338e+00
103	-2.998841e-02	1.762848e+00	-2.999246e-02	5.658472e+00	1.034630e-03	2.000000e-01	1.034375e-03	1.750514e+00	9.584236e-01	3.536599e-02	8.081798e-02	8.277350e+00
104	-2.937094e-02	1.562848e+00	-2.937337e-02	4.271707e+00	6.174665e-04	-2.000000e-01	6.190951e-04	-1.386765e+00	9.584256e-01	3.470467e-02	8.089523e-02	8.252329e+00
105	-2.865848e-02	1.367252e+00	-2.866127e-02	2.773870e+00	7.124647e-04	-1.955965e-01	7.120999e-04	-1.497837e+00	9.584279e-01	3.408317e-02	8.093383e-02	8.241732e+00
106	-2.811991e-02	1.254447e+00	-2.812202e-02	2.101849e+00	5.385715e-04	-1.128052e-01	5.392493e-04	-6.720214e-01	9.584289e-01	3.387723e-02	8.099932e-02	8.228014e+00
107	-2.784647e-02	1.086326e+00	-2.784755e-02	1.392195e+00	2.734309e-04	-1.681201e-01	2.744693e-04	-7.096541e-01	9.584296e-01	3.342777e-02	8.108559e-02	8.174971e+00
108	-2.769211e-02	8.863264e-01	-2.769272e-02	0.000000e+00	1.543652e-04	-2.000000e-01	1.548343e-04	-1.392195e+00	9.584301e-01	3.280446e-02	8.110304e-02	8.152358e+00
109	-2.748199e-02	7.531007e-01	-2.748281e-02	0.000000e+00	2.101214e-04	-1.332257e-01	2.099054e-04	0.000000e+00	9.584305e-01	3.252979e-02	8.121049e-02	8.084233e+00
110	-2.754761e-02	6.251440e-01	-2.754736e-02	0.000000e+00	-6.562248e-05	-1.279567e-01	-6.454620e-05	0.000000e+00	9.584304e-01	3.227895e-02	8.117851e-02	8.021871e+00
111	-2.736736e-02	5.024368e-01	-2.736806e-02	0.000000e+00	1.802503e-04	-1.227072e-01	1.792940e-04	0.000000e+00	9.584307e-01	3.204944e-02	8.126215e-02	7.964927e+00
112	-2.737891e-02	3.849685e-01	-2.737886e-02	0.000000e+00	-1.154492e-05	-1.174683e-01	-1.079945e-05	0.000000e+00	9.584307e-01	3.184080e-02	8.125706e-02	7.913079e+00
113	-2.758542e-02	2.727368e-01	-2.758461e-02	0.000000e+00	-2.065098e-04	-1.122317e-01	-2.057453e-04	0.000000e+00	9.584304e-01	3.165190e-02	8.117049e-02	7.866030e+00
114	-2.759982e-02	1.657469e-01	-2.759976e-02	0.000000e+00	-1.440009e-05	-1.069899e-01	-1.514753e-05	0.000000e+00	9.584304e-01	3.148084e-02	8.116476e-02	7.823504e+00
115	-2.754901e-02	6.401116e-02	-2.754921e-02	0.000000e+00	5.080580e-05	-1.017357e-01	5.054817e-05	0.000000e+00	9.584304e-01	3.132678e-02	8.118387e-02	7.785239e+00
116	-2.754673e-02	0.000000e+00	-2.754674e-02	0.000000e+00	2.283296e-06	-6.401116e-02	2.471830e-06	0.000000e+00	1.000000e+00	1.000000e-01	8.118441e-02	7.770118e+00
117	-2.755916e-02	0.000000e+00	-2.755911e-02	0.000000e+00	-1.243377e-05	0.000000e+00	-1.237555e-05	0.000000e+00	1.000000e+00	1.000000e-01	1.000000e+00	8.000000e+00
