#sequence delta(k-1),f(k-1),theta(k),v(k),delta_diff(k-1),f_diff(k-1),theta_diff(k),v_diff(k),phi(1,1;k),phi(1,2;k),phi(2,1;k),phi(2,2;k)
1	-3.647292e-01	0.000000e+00	-3.649734e-01	0.000000e+00	-3.647292e-01	0.000000e+00	6.226842e-02	-1.931778e-03	9.306377e-01	1.000000e-01	1.000000e+00	1.400000e+01
2	6.180204e-01	2.000000e-01	6.141805e-01	2.223384e+00	9.827496e-01	2.000000e-01	9.791540e-01	2.223384e+00	9.444814e-01	1.028173e-01	5.156551e-01	1.390143e+01
3	-9.359779e-02	3.759117e-01	-9.083304e-02	4.158780e+00	-7.116182e-01	1.759117e-01	-7.050136e-01	1.935396e+00	9.580670e-01	9.945898e-02	5.537764e-01	1.389201e+01
4	-3.266026e-01	5.084436e-01	-3.256817e-01	7.705885e+00	-2.330048e-01	1.325319e-01	-2.348486e-01	3.547104e+00	9.607161e-01	9.795215e-02	3.577269e-01	1.400352e+01
5	-3.192981e-01	3.620229e-01	-3.193231e-01	6.191315e+00	7.304488e-03	-1.464207e-01	6.358577e-03	-1.514570e+00	9.607631e-01	9.701060e-02	3.595573e-01	1.396683e+01
6	-2.661069e-01	4.412651e-01	-2.663148e-01	6.470815e+00	5.319121e-02	7.924219e-02	5.300827e-02	2.795003e-01	9.606176e-01	9.679391e-02	3.382696e-01	1.393511e+01
7	-2.892416e-01	6.412651e-01	-2.891520e-01	9.782192e+00	-2.313463e-02	2.000000e-01	-2.283720e-02	3.311377e+00	9.608328e-01	9.493422e-02	3.325377e-01	1.398467e+01
8	-3.334836e-01	6.805898e-01	-3.333105e-01	1.105898e+01	-4.424205e-02	3.932466e-02	-4.415844e-02	1.276790e+00	9.609457e-01	9.483385e-02	3.169811e-01	1.399849e+01
9	-2.986186e-01	6.846632e-01	-2.987541e-01	1.108295e+01	3.486501e-02	4.073430e-03	3.455633e-02	2.397273e-02	9.609567e-01	9.483514e-02	3.162512e-01	1.399841e+01
10	-2.223366e-01	7.841342e-01	-2.226351e-01	1.143752e+01	7.628197e-02	9.947100e-02	7.611898e-02	3.545608e-01	9.607188e-01	9.452488e-02	2.780708e-01	1.394862e+01
11	-1.750547e-01	9.841342e-01	-1.752406e-01	1.394425e+01	4.728195e-02	2.000000e-01	4.739459e-02	2.506739e+00	9.603463e-01	9.294933e-02	2.715575e-01	1.392107e+01
12	-1.042219e-01	1.080337e+00	-1.044993e-01	1.332350e+01	7.083278e-02	9.620292e-02	7.074122e-02	-6.207530e-01	9.601384e-01	9.266689e-02	2.054368e-01	1.383127e+01
13	-1.833135e-02	1.280337e+00	-1.866794e-02	1.677944e+01	8.589057e-02	2.000000e-01	8.583139e-02	3.455938e+00	9.595338e-01	9.125920e-02	2.322202e-01	1.389363e+01
14	2.021471e-01	1.238066e+00	2.012845e-01	1.681486e+01	2.204784e-01	-4.227080e-02	2.199525e-01	3.541819e-02	9.607856e-01	9.101921e-02	2.906021e-01	1.388244e+01
15	3.975830e-01	1.258076e+00	3.968162e-01	1.687017e+01	1.954359e-01	2.000951e-02	1.955317e-01	5.530889e-02	9.613264e-01	9.107459e-02	2.651681e-01	1.387984e+01
16	4.263346e-01	1.389077e+00	4.262193e-01	1.729133e+01	2.875159e-02	1.310011e-01	2.940308e-02	4.211631e-01	9.611888e-01	9.044755e-02	2.461546e-01	1.379321e+01
17	3.690109e-01	1.589077e+00	3.692343e-01	2.024384e+01	-5.732373e-02	2.000000e-01	-5.698495e-02	2.952510e+00	9.617212e-01	8.859008e-02	2.406116e-01	1.381255e+01
18	3.891774e-01	1.569123e+00	3.890995e-01	2.109266e+01	2.016655e-02	-1.995394e-02	1.986517e-02	8.488207e-01	9.617426e-01	8.856887e-02	2.513319e-01	1.380194e+01
19	4.891844e-01	1.488484e+00	4.887934e-01	1.990127e+01	1.000070e-01	-8.063947e-02	9.969393e-02	-1.191386e+00	9.622446e-01	8.816408e-02	2.464537e-01	1.380587e+01
20	5.440977e-01	1.627419e+00	5.438817e-01	2.289856e+01	5.491331e-02	1.389353e-01	5.508823e-02	2.997290e+00	9.619866e-01	8.751136e-02	2.739427e-01	1.387542e+01
21	5.602338e-01	1.520746e+00	5.601700e-01	2.158288e+01	1.613614e-02	-1.066724e-01	1.628830e-02	-1.315681e+00	9.620636e-01	8.700253e-02	2.751621e-01	1.386736e+01
22	6.457842e-01	1.620063e+00	6.454498e-01	2.341378e+01	8.555041e-02	9.931612e-02	8.527986e-02	1.830897e+00	9.618353e-01	8.673752e-02	2.924911e-01	1.388748e+01
23	6.301352e-01	1.616141e+00	6.301950e-01	2.175013e+01	-1.564905e-02	-3.921464e-03	-1.525480e-02	-1.663653e+00	9.618343e-01	8.673727e-02	3.044172e-01	1.389047e+01
24	5.768388e-01	1.816141e+00	5.770472e-01	2.602856e+01	-5.329642e-02	2.000000e-01	-5.314782e-02	4.278436e+00	9.623110e-01	8.494845e-02	2.668292e-01	1.403152e+01
25	5.221613e-01	1.648971e+00	5.223757e-01	2.323928e+01	-5.467743e-02	-1.671705e-01	-5.467146e-02	-2.789283e+00	9.620003e-01	8.399867e-02	2.778023e-01	1.406507e+01
26	3.943340e-01	1.837542e+00	3.948342e-01	2.630364e+01	-1.278273e-01	1.885714e-01	-1.275416e-01	3.064364e+00	9.632083e-01	8.221664e-02	2.513120e-01	1.410415e+01
27	2.305421e-01	1.801566e+00	2.311839e-01	2.469301e+01	-1.637919e-01	-3.597553e-02	-1.636503e-01	-1.610637e+00	9.634329e-01	8.226596e-02	3.327965e-01	1.412204e+01
28	3.523527e-02	2.001566e+00	3.600070e-02	2.742576e+01	-1.953068e-01	2.000000e-01	-1.951832e-01	2.732752e+00	9.655284e-01	8.012003e-02	3.351768e-01	1.411961e+01
29	-1.236667e-01	1.993882e+00	-1.230430e-01	2.533359e+01	-1.589020e-01	-7.684001e-03	-1.590437e-01	-2.092171e+00	9.659014e-01	8.013806e-02	4.790608e-01	1.412656e+01
30	-2.192640e-01	2.193882e+00	-2.188882e-01	2.819250e+01	-9.559730e-02	2.000000e-01	-9.584514e-02	2.858914e+00	9.667672e-01	7.832672e-02	4.755418e-01	1.413393e+01
31	-2.547173e-01	2.180238e+00	-2.545774e-01	2.764726e+01	-3.545327e-02	-1.364460e-02	-3.568918e-02	-5.452455e-01	9.667730e-01	7.832896e-02	4.811883e-01	1.413610e+01
32	-8.449878e-02	2.266513e+00	-8.516315e-02	2.822807e+01	1.702185e-01	8.627561e-02	1.694142e-01	5.808178e-01	9.666216e-01	7.825223e-02	4.239598e-01	1.410709e+01
33	4.537593e-01	2.356034e+00	4.516542e-01	3.063802e+01	5.382581e-01	8.952100e-02	5.368173e-01	2.409949e+00	9.687403e-01	7.860460e-02	6.284475e-01	1.414110e+01
34	6.750740e-01	2.180558e+00	6.742013e-01	2.596879e+01	2.213147e-01	-1.754768e-01	2.225472e-01	-4.669230e+00	9.709586e-01	7.684570e-02	3.932179e-01	1.432761e+01
35	4.262069e-01	2.380558e+00	4.271756e-01	3.046798e+01	-2.488671e-01	2.000000e-01	-2.470257e-01	4.499186e+00	9.732932e-01	7.496958e-02	1.984577e-01	1.448413e+01
36	4.348657e-01	2.201386e+00	4.348356e-01	2.815708e+01	8.658765e-03	-1.791716e-01	7.659998e-03	-2.310899e+00	9.733444e-01	7.390878e-02	1.996013e-01	1.446047e+01
37	5.586045e-01	2.341039e+00	5.581211e-01	2.926073e+01	1.237389e-01	1.396525e-01	1.232854e-01	1.103651e+00	9.729125e-01	7.342130e-02	1.452690e-01	1.439915e+01
38	2.760969e-01	2.479810e+00	2.771985e-01	3.191377e+01	-2.825077e-01	1.387713e-01	-2.809225e-01	2.653034e+00	9.749910e-01	7.240034e-02	5.629449e-02	1.444285e+01
39	-1.217401e-01	2.341329e+00	-1.201818e-01	3.069986e+01	-3.978370e-01	-1.384812e-01	-3.973803e-01	-1.213903e+00	9.748984e-01	7.236812e-02	-8.404862e-02	1.439400e+01
40	-4.090639e-01	2.323375e+00	-4.079354e-01	3.051557e+01	-2.873238e-01	-1.795334e-02	-2.877537e-01	-1.842969e-01	9.757296e-01	7.242006e-02	-9.059767e-02	1.439359e+01
41	-5.389080e-01	2.370655e+00	-5.383964e-01	3.130654e+01	-1.298441e-01	4.727935e-02	-1.304609e-01	7.909702e-01	9.761690e-01	7.226006e-02	-9.662672e-02	1.439579e+01
42	-6.584145e-01	2.368266e+00	-6.579457e-01	3.228576e+01	-1.195065e-01	-2.388432e-03	-1.195493e-01	9.792249e-01	9.763222e-01	7.226313e-02	-1.531058e-01	1.439466e+01
43	-7.783686e-01	2.250340e+00	-7.778982e-01	2.896307e+01	-1.199541e-01	-1.179264e-01	-1.199525e-01	-3.322695e+00	9.760029e-01	7.194923e-02	-6.076568e-02	1.448544e+01
44	-9.082386e-01	2.450340e+00	-9.077295e-01	3.255549e+01	-1.298700e-01	2.000000e-01	-1.298313e-01	3.592424e+00	9.770507e-01	7.033569e-02	-1.020006e-01	1.454894e+01
45	-1.080993e+00	2.332284e+00	-1.080316e+00	3.103315e+01	-1.727547e-01	-1.180559e-01	-1.725870e-01	-1.522339e+00	9.766888e-01	7.008838e-02	-1.162642e-01	1.453919e+01
46	-1.408345e+00	2.401165e+00	-1.407064e+00	3.222858e+01	-3.273516e-01	6.888080e-02	-3.267470e-01	1.195426e+00	9.784344e-01	6.972109e-02	-1.392202e-01	1.454402e+01
47	-1.895924e+00	2.375145e+00	-1.894014e+00	3.204545e+01	-4.875786e-01	-2.601947e-02	-4.869504e-01	-1.831270e-01	9.801048e-01	6.981023e-02	-1.655876e-01	1.454261e+01
48	-2.178554e+00	2.378871e+00	-2.177443e+00	3.224791e+01	-2.826306e-01	3.726042e-03	-2.834287e-01	2.024621e-01	9.809673e-01	6.979886e-02	-1.786873e-01	1.454279e+01
49	-2.172805e+00	2.373954e+00	-2.172823e+00	3.235764e+01	5.749460e-03	-4.917230e-03	4.619858e-03	1.097312e-01	9.809655e-01	6.980044e-02	-1.781896e-01	1.454236e+01
50	-1.865753e+00	2.364055e+00	-1.866953e+00	3.206773e+01	3.070512e-01	-9.898534e-03	3.058698e-01	-2.899116e-01	9.817112e-01	6.977640e-02	-1.908986e-01	1.454277e+01
51	-1.595693e+00	2.400793e+00	-1.596753e+00	3.248283e+01	2.700603e-01	3.673786e-02	2.702002e-01	4.150980e-01	9.820223e-01	6.981873e-02	-1.992620e-01	1.454163e+01
52	-1.681417e+00	2.404879e+00	-1.681087e+00	3.298213e+01	-8.572425e-02	4.085912e-03	-8.433392e-02	4.993021e-01	9.820400e-01	6.981788e-02	-2.164150e-01	1.454245e+01
53	-1.749331e+00	2.338887e+00	-1.749064e+00	3.288669e+01	-6.791360e-02	-6.599219e-02	-6.797774e-02	-9.544582e-02	9.819333e-01	6.971417e-02	-2.436981e-01	1.451594e+01
54	-1.678144e+00	2.254135e+00	-1.678421e+00	3.129214e+01	7.118666e-02	-8.475234e-02	7.064305e-02	-1.594543e+00	9.821568e-01	6.944805e-02	-2.553578e-01	1.452982e+01
55	-1.768616e+00	2.363841e+00	-1.768264e+00	3.214087e+01	-9.047213e-02	1.097063e-01	-8.984277e-02	8.487226e-01	9.825228e-01	6.900419e-02	-2.226672e-01	1.449018e+01
56	-1.768619e+00	2.425515e+00	-1.768617e+00	3.294651e+01	-2.191479e-06	6.167354e-02	-3.531312e-04	8.056414e-01	1.000000e+00	1.000000e-01	-2.226671e-01	1.448761e+01
57	-1.485239e+00	2.388950e+00	-1.486346e+00	3.264791e+01	2.833793e-01	-3.656406e-02	2.822709e-01	-2.985966e-01	1.000330e+00	9.995748e-02	-1.846157e-01	1.448270e+01
58	-1.195203e+00	2.353013e+00	-1.196340e+00	3.054878e+01	2.900368e-01	-3.593771e-02	2.900065e-01	-2.099129e+00	1.000788e+00	9.990073e-02	-3.861206e-01	1.450766e+01
59	-9.899508e-01	2.553013e+00	-9.907570e-01	3.303417e+01	2.052518e-01	2.000000e-01	2.055829e-01	2.485385e+00	9.989323e-01	9.809295e-02	-4.176706e-01	1.447692e+01
60	-9.187338e-01	2.505950e+00	-9.190151e-01	3.243401e+01	7.121702e-02	-4.706305e-02	7.174188e-02	-6.001531e-01	9.991081e-01	9.797674e-02	-4.139320e-01	1.447445e+01
61	-8.226449e-01	2.478659e+00	-8.230214e-01	3.255032e+01	9.608886e-02	-2.729090e-02	9.599375e-02	1.163041e-01	9.992291e-01	9.794237e-02	-3.889035e-01	1.446734e+01
62	-7.558420e-01	2.401597e+00	-7.561044e-01	3.058435e+01	6.680297e-02	-7.706164e-02	6.691699e-02	-1.965968e+00	9.994726e-01	9.766150e-02	-4.149500e-01	1.449739e+01
63	-7.626719e-01	2.549630e+00	-7.626463e-01	3.239348e+01	-6.829932e-03	1.480327e-01	-6.541858e-03	1.809130e+00	9.995181e-01	9.667576e-02	-4.138596e-01	1.447376e+01
64	-7.611184e-01	2.510213e+00	-7.611243e-01	3.193356e+01	1.553546e-03	-3.941720e-02	1.521924e-03	-4.599156e-01	9.995209e-01	9.660505e-02	-4.137775e-01	1.447167e+01
65	-7.362589e-01	2.477017e+00	-7.363561e-01	3.263553e+01	2.485941e-02	-3.319521e-02	2.476825e-02	7.019713e-01	9.995578e-01	9.655578e-02	-3.997066e-01	1.445289e+01
66	-7.839774e-01	2.305790e+00	-7.837914e-01	2.959029e+01	-4.771848e-02	-1.712279e-01	-4.743533e-02	-3.045246e+00	9.991830e-01	9.521102e-02	-3.865508e-01	1.450009e+01
67	-8.603656e-01	2.466272e+00	-8.600664e-01	3.284553e+01	-7.638812e-02	1.604829e-01	-7.627503e-02	3.255243e+00	9.997270e-01	9.406817e-02	-4.186525e-01	1.456753e+01
68	-9.270045e-01	2.266272e+00	-9.267430e-01	3.034767e+01	-6.663894e-02	-2.000000e-01	-6.667658e-02	-2.497860e+00	9.991462e-01	9.232492e-02	-4.306592e-01	1.453150e+01
69	-1.085404e+00	2.283233e+00	-1.084785e+00	3.059427e+01	-1.584000e-01	1.696063e-02	-1.580417e-01	2.466032e-01	9.992459e-01	9.231423e-02	-4.256013e-01	1.453096e+01
70	-1.342255e+00	2.276807e+00	-1.341250e+00	3.129027e+01	-2.568508e-01	-6.425998e-03	-2.564648e-01	6.959910e-01	9.991532e-01	9.231191e-02	-5.059193e-01	1.452895e+01
71	-1.664149e+00	2.154637e+00	-1.662888e+00	2.960041e+01	-3.218938e-01	-1.221701e-01	-3.216382e-01	-1.689859e+00	9.975277e-01	9.169501e-02	-4.947025e-01	1.453321e+01
72	-1.971843e+00	2.191958e+00	-1.970636e+00	2.975365e+01	-3.076940e-01	3.732129e-02	-3.077485e-01	1.532409e-01	9.981187e-01	9.162333e-02	-4.192047e-01	1.452405e+01
73	-1.716015e+00	2.222106e+00	-1.717010e+00	2.853970e+01	2.558282e-01	3.014777e-02	2.536267e-01	-1.213951e+00	9.975915e-01	9.156121e-02	-6.008715e-01	1.450264e+01
74	-1.462432e+00	2.410698e+00	-1.463426e+00	3.248501e+01	2.535832e-01	1.885924e-01	2.535834e-01	3.945316e+00	9.956805e-01	9.014003e-02	-4.445497e-01	1.461890e+01
75	-1.652945e+00	2.210698e+00	-1.652205e+00	3.073379e+01	-1.905134e-01	-2.000000e-01	-1.887787e-01	-1.751226e+00	9.940296e-01	8.840686e-02	-5.393770e-01	1.451935e+01
76	-1.547047e+00	2.038574e+00	-1.547458e+00	2.873162e+01	1.058978e-01	-1.721241e-01	1.047467e-01	-2.002170e+00	9.947541e-01	8.722921e-02	-5.120638e-01	1.447495e+01
77	-1.295996e+00	2.021528e+00	-1.296978e+00	2.776360e+01	2.510515e-01	-1.704673e-02	2.504800e-01	-9.680176e-01	9.950122e-01	8.721169e-02	-5.805755e-01	1.447961e+01
78	-1.341926e+00	2.122563e+00	-1.341751e+00	3.043147e+01	-4.593050e-02	1.010353e-01	-4.477265e-02	2.667875e+00	9.951831e-01	8.683570e-02	-6.061242e-01	1.453581e+01
79	-1.385114e+00	1.922563e+00	-1.384944e+00	2.677209e+01	-4.318709e-02	-2.000000e-01	-4.319328e-02	-3.659383e+00	9.948384e-01	8.523958e-02	-5.904836e-01	1.460824e+01
80	-1.249710e+00	2.070454e+00	-1.250239e+00	2.875388e+01	1.354031e-01	1.478908e-01	1.347055e-01	1.981785e+00	9.940437e-01	8.437156e-02	-5.967057e-01	1.460144e+01
81	-1.044699e+00	1.989575e+00	-1.045502e+00	2.781772e+01	2.050117e-01	-8.087895e-02	2.047370e-01	-9.361562e-01	9.947824e-01	8.408012e-02	-5.618025e-01	1.458767e+01
82	-8.863602e-01	1.941434e+00	-8.869819e-01	2.711630e+01	1.583386e-01	-4.814063e-02	1.585198e-01	-7.014172e-01	9.951575e-01	8.396609e-02	-5.551400e-01	1.458565e+01
83	-6.469078e-01	1.930729e+00	-6.478456e-01	2.733877e+01	2.394524e-01	-1.070505e-02	2.391362e-01	2.224656e-01	9.953501e-01	8.395748e-02	-4.985827e-01	1.458312e+01
84	-3.643662e-01	1.850941e+00	-3.654735e-01	2.490115e+01	2.825417e-01	-7.978770e-02	2.823721e-01	-2.437615e+00	9.963592e-01	8.367252e-02	-6.443816e-01	1.462429e+01
85	-2.076912e-01	2.036054e+00	-2.083075e-01	2.896422e+01	1.566750e-01	1.851129e-01	1.571660e-01	4.063067e+00	9.953162e-01	8.244017e-02	-5.390570e-01	1.474873e+01
86	-1.115040e-01	1.836054e+00	-1.118822e-01	2.607604e+01	9.618715e-02	-2.000000e-01	9.642535e-02	-2.888178e+00	9.960821e-01	8.084760e-02	-5.339995e-01	1.473822e+01
87	2.592150e-02	1.815293e+00	2.538321e-02	2.605978e+01	1.374255e-01	-2.076117e-02	1.372654e-01	-1.626132e-02	9.962151e-01	8.082751e-02	-5.105237e-01	1.473467e+01
88	1.082302e-01	1.730893e+00	1.079066e-01	2.374845e+01	8.230869e-02	-8.439990e-02	8.252336e-02	-2.311328e+00	9.965004e-01	8.053496e-02	-5.503485e-01	1.477551e+01
89	1.075137e-01	1.878725e+00	1.075153e-01	2.449095e+01	-7.164447e-04	1.478318e-01	-3.912892e-04	7.424950e-01	9.965043e-01	7.973039e-02	-5.498630e-01	1.467533e+01
90	1.109168e-01	1.953275e+00	1.109035e-01	2.639791e+01	3.403031e-03	7.454988e-02	3.388209e-03	1.906963e+00	9.964947e-01	7.952039e-02	-5.485496e-01	1.470410e+01
91	1.591581e-01	1.753275e+00	1.589696e-01	2.284337e+01	4.824130e-02	-2.000000e-01	4.806609e-02	-3.554543e+00	9.968515e-01	7.804139e-02	-5.617276e-01	1.475874e+01
92	1.400655e-01	1.860104e+00	1.401393e-01	2.517270e+01	-1.909262e-02	1.068294e-01	-1.883028e-02	2.329334e+00	9.969248e-01	7.763101e-02	-5.684168e-01	1.479617e+01
93	9.970475e-02	1.660104e+00	9.986270e-02	2.321237e+01	-4.036071e-02	-2.000000e-01	-4.027661e-02	-1.960335e+00	9.966340e-01	7.618982e-02	-5.867457e-01	1.470534e+01
94	1.092312e-01	1.567605e+00	1.091946e-01	2.269171e+01	9.526487e-03	-9.249949e-02	9.331944e-03	-5.206550e-01	9.966650e-01	7.588861e-02	-5.829377e-01	1.466837e+01
95	1.189352e-01	1.477033e+00	1.188971e-01	2.047994e+01	9.703937e-03	-9.057199e-02	9.702484e-03	-2.211768e+00	9.966967e-01	7.559280e-02	-5.869660e-01	1.470596e+01
96	9.851001e-02	1.628235e+00	9.858964e-02	2.222776e+01	-2.042517e-02	1.512019e-01	-2.030748e-02	1.747820e+00	9.968058e-01	7.478491e-02	-5.822885e-01	1.467134e+01
97	7.017681e-02	1.578888e+00	7.028780e-02	2.169042e+01	-2.833320e-02	-4.934634e-02	-2.830185e-02	-5.373489e-01	9.967570e-01	7.469994e-02	-5.845744e-01	1.466736e+01
98	6.424768e-02	1.508244e+00	6.427128e-02	2.188253e+01	-5.929125e-03	-7.064435e-02	-6.016518e-03	1.921151e-01	9.967425e-01	7.452687e-02	-5.880153e-01	1.462636e+01
99	5.894946e-02	1.317956e+00	5.897025e-02	1.806894e+01	-5.298224e-03	-1.902882e-01	-5.301029e-03	-3.813591e+00	9.967075e-01	7.326964e-02	-5.854606e-01	1.471811e+01
100	3.756258e-02	1.517956e+00	3.764620e-02	2.267898e+01	-2.138688e-02	2.000000e-01	-2.132405e-02	4.610042e+00	9.968535e-01	7.190441e-02	-6.019291e-01	1.487212e+01
101	2.165784e-02	1.317956e+00	2.172029e-02	1.995961e+01	-1.590474e-02	-2.000000e-01	-1.592591e-02	-2.719373e+00	9.967475e-01	7.057181e-02	-6.037470e-01	1.484926e+01
102	1.291135e-02	1.248755e+00	1.294576e-02	1.739017e+01	-8.746483e-03	-6.920064e-02	-8.774527e-03	-2.569437e+00	9.967275e-01	7.041353e-02	-5.973349e-01	1.489999e+01
103	3.205831e-03	1.428069e+00	3.243878e-03	1.869909e+01	-9.705523e-03	1.793137e-01	-9.701887e-03	1.308923e+00	9.967849e-01	6.935282e-02	-5.911254e-01	1.478526e+01
104	-3.592469e-03	1.441503e+00	-3.565765e-03	1.845953e+01	-6.798300e-03	1.343382e-02	-6.809642e-03	-2.395597e-01	9.967880e-01	6.934666e-02	-5.896976e-01	1.478244e+01
105	-1.403850e-02	1.389540e+00	-1.399759e-02	1.631723e+01	-1.044603e-02	-5.196291e-02	-1.043182e-02	-2.142308e+00	9.967703e-01	6.925832e-02	-5.828582e-01	1.481646e+01
106	-2.373747e-02	1.518455e+00	-2.369942e-02	1.768154e+01	-9.698969e-03	1.289147e-01	-9.701831e-03	1.364317e+00	9.968112e-01	6.871405e-02	-5.803389e-01	1.478298e+01
107	-2.550888e-02	1.438938e+00	-2.550181e-02	1.722185e+01	-1.771409e-03	-7.951623e-02	-1.802387e-03	-4.596927e-01	9.968067e-01	6.850971e-02	-5.809385e-01	1.475607e+01
108	-3.018201e-02	1.284110e+00	-3.016373e-02	1.421803e+01	-4.673133e-03	-1.548282e-01	-4.661919e-03	-3.003820e+00	9.967834e-01	6.773913e-02	-5.793551e-01	1.480853e+01
109	-3.647699e-02	1.399427e+00	-3.645233e-02	1.573553e+01	-6.294984e-03	1.153170e-01	-6.288605e-03	1.517494e+00	9.968067e-01	6.731333e-02	-5.787793e-01	1.479798e+01
110	-3.922611e-02	1.309613e+00	-3.921528e-02	1.388989e+01	-2.749118e-03	-8.981396e-02	-2.762944e-03	-1.845632e+00	9.967988e-01	6.705741e-02	-5.781054e-01	1.482000e+01
111	-4.387251e-02	1.347496e+00	-4.385431e-02	1.490189e+01	-4.646395e-03	3.788315e-02	-4.639038e-03	1.011996e+00	9.968044e-01	6.701160e-02	-5.790932e-01	1.482805e+01
112	-4.985610e-02	1.196754e+00	-4.983266e-02	1.190662e+01	-5.983594e-03	-1.507425e-01	-5.978342e-03	-2.995271e+00	9.967761e-01	6.629743e-02	-5.769475e-01	1.488211e+01
113	-5.298509e-02	1.305738e+00	-5.297278e-02	1.354620e+01	-3.128994e-03	1.089839e-01	-3.140124e-03	1.639582e+00	9.967868e-01	6.592451e-02	-5.769710e-01	1.488292e+01
114	-5.567884e-02	1.187205e+00	-5.566827e-02	1.249304e+01	-2.693748e-03	-1.185332e-01	-2.695492e-03	-1.053159e+00	9.967769e-01	6.548819e-02	-5.778724e-01	1.484326e+01
115	-5.884733e-02	1.068185e+00	-5.883491e-02	1.034965e+01	-3.168485e-03	-1.190198e-01	-3.166637e-03	-2.143391e+00	9.967652e-01	6.505111e-02	-5.773066e-01	1.486451e+01
116	-6.034559e-02	1.120312e+00	-6.033969e-02	1.247009e+01	-1.498259e-03	5.212701e-02	-1.504776e-03	2.120435e+00	9.967677e-01	6.496698e-02	-5.782623e-01	1.489776e+01
117	-6.116353e-02	9.203118e-01	-6.116031e-02	7.562806e+00	-8.179460e-04	-2.000000e-01	-8.206290e-04	-4.907281e+00	9.967627e-01	6.375731e-02	-5.775278e-01	1.507735e+01
118	-6.172928e-02	1.120312e+00	-6.172705e-02	1.061460e+01	-5.657426e-04	2.000000e-01	-5.667383e-04	3.051797e+00	9.967661e-01	6.256941e-02	-5.775373e-01	1.508070e+01
119	-6.172156e-02	9.712153e-01	-6.172158e-02	7.500302e+00	7.717569e-06	-1.490965e-01	5.473601e-06	-3.114300e+00	1.000000e+00	1.000000e-01	-5.775405e-01	1.514135e+01
120	-6.153500e-02	1.067920e+00	-6.153573e-02	1.026607e+01	1.865557e-04	9.670461e-02	1.858484e-04	2.765768e+00	9.999991e-01	9.955783e-02	-5.774257e-01	1.520086e+01
121	-6.104607e-02	8.679199e-01	-6.104798e-02	7.517139e+00	4.889334e-04	-2.000000e-01	4.877494e-04	-2.748931e+00	1.000004e+00	9.770343e-02	-5.773593e-01	1.517371e+01
122	-6.041627e-02	7.994719e-01	-6.041874e-02	6.084198e+00	6.297942e-04	-6.844802e-02	6.292394e-04	-1.432942e+00	1.000006e+00	9.748652e-02	-5.774769e-01	1.518649e+01
123	-5.965627e-02	8.082752e-01	-5.965925e-02	6.153013e+00	7.599995e-04	8.803312e-03	7.594887e-04	6.881482e-02	1.000005e+00	9.748293e-02	-5.775001e-01	1.518622e+01
124	-5.925986e-02	7.389598e-01	-5.926142e-02	5.419424e+00	3.964161e-04	-6.931543e-02	3.978343e-04	-7.335883e-01	1.000007e+00	9.726094e-02	-5.774401e-01	1.517573e+01
125	-5.845734e-02	6.471344e-01	-5.846048e-02	5.150950e+00	8.025236e-04	-9.182534e-02	8.009427e-04	-2.684741e-01	1.000010e+00	9.687310e-02	-5.770129e-01	1.512684e+01
126	-5.743491e-02	4.705445e-01	-5.743892e-02	3.226973e+00	1.022423e-03	-1.765899e-01	1.021558e-03	-1.923978e+00	1.000018e+00	9.546028e-02	-5.766553e-01	1.506508e+01
127	-5.631732e-02	3.914856e-01	-5.632170e-02	2.655707e+00	1.117595e-03	-7.905898e-02	1.117220e-03	-5.712660e-01	1.000022e+00	9.517777e-02	-5.763270e-01	1.504185e+01
128	-5.595735e-02	3.010922e-01	-5.595877e-02	1.301377e+00	3.599701e-04	-9.039333e-02	3.629281e-04	-1.354329e+00	1.000024e+00	9.480974e-02	-5.763260e-01	1.504161e+01
129	-5.618821e-02	2.850110e-01	-5.618732e-02	4.819204e-01	-2.308675e-04	-1.608125e-02	-2.285480e-04	-8.194568e-01	1.000023e+00	9.479808e-02	-5.762627e-01	1.504603e+01
130	-5.646456e-02	3.046717e-01	-5.646348e-02	7.193254e-01	-2.763503e-04	1.966070e-02	-2.761636e-04	2.374050e-01	1.000024e+00	9.478068e-02	-5.762550e-01	1.504548e+01
131	-5.616031e-02	2.241142e-01	-5.616149e-02	0.000000e+00	3.042591e-04	-8.055755e-02	3.019918e-04	-7.193254e-01	1.000025e+00	9.448954e-02	-5.761840e-01	1.502668e+01
132	-5.564061e-02	1.824560e-01	-5.564265e-02	0.000000e+00	5.196951e-04	-4.165817e-02	5.188447e-04	0.000000e+00	1.000026e+00	9.441174e-02	-5.760295e-01	1.501430e+01
133	-5.572263e-02	1.442661e-01	-5.572232e-02	0.000000e+00	-8.202023e-05	-3.818992e-02	-7.967310e-05	0.000000e+00	1.000026e+00	9.434634e-02	-5.760518e-01	1.500390e+01
134	-5.583414e-02	1.095440e-01	-5.583370e-02	0.000000e+00	-1.115063e-04	-3.472207e-02	-1.113820e-04	0.000000e+00	1.000025e+00	9.429234e-02	-5.760794e-01	1.499532e+01
135	-5.569671e-02	7.829206e-02	-5.569724e-02	2.851709e-01	1.374274e-04	-3.125194e-02	1.364555e-04	2.851709e-01	1.000026e+00	9.424863e-02	-5.760302e-01	1.498413e+01
136	-5.641062e-02	1.437130e-02	-5.640783e-02	0.000000e+00	-7.139059e-04	-6.392076e-02	-7.105842e-04	-2.851709e-01	1.000024e+00	9.406599e-02	-5.762577e-01	1.496376e+01
137	-5.569713e-02	0.000000e+00	-5.569991e-02	0.000000e+00	7.134833e-04	-1.437130e-02	7.079205e-04	0.000000e+00	1.000024e+00	9.405680e-02	-5.761847e-01	1.496229e+01
138	-5.574753e-02	0.000000e+00	-5.574734e-02	0.000000e+00	-5.039414e-05	0.000000e+00	-4.743198e-05	0.000000e+00	1.000024e+00	9.405680e-02	1.000000e+00	1.400000e+01
139	-5.577173e-02	0.000000e+00	-5.577163e-02	0.000000e+00	-2.420024e-05	0.000000e+00	-2.429099e-05	0.000000e+00	1.000024e+00	9.405680e-02	1.000000e+00	1.400000e+01
140	-5.575212e-02	0.000000e+00	-5.575220e-02	0.000000e+00	1.960665e-05	0.000000e+00	1.943517e-05	0.000000e+00	1.000024e+00	9.405680e-02	1.000000e+00	1.400000e+01
141	-5.547744e-02	0.000000e+00	-5.547851e-02	0.000000e+00	2.746820e-04	0.000000e+00	2.736850e-04	0.000000e+00	1.000024e+00	9.405680e-02	1.000000e+00	1.400000e+01
142	-5.546617e-02	0.000000e+00	-5.546621e-02	0.000000e+00	1.127147e-05	0.000000e+00	1.229652e-05	0.000000e+00	1.000024e+00	9.405680e-02	1.000000e+00	1.400000e+01
143	-5.553317e-02	0.000000e+00	-5.553291e-02	0.000000e+00	-6.700499e-05	0.000000e+00	-6.669522e-05	0.000000e+00	1.000024e+00	9.405680e-02	1.000000e+00	1.400000e+01
144	-5.553785e-02	0.000000e+00	-5.553783e-02	4.066128e-01	-4.680434e-06	0.000000e+00	-4.922679e-06	4.066128e-01	1.000000e+00	1.000000e-01	9.999991e-01	1.400000e+01
145	-5.688522e-02	0.000000e+00	-5.687996e-02	0.000000e+00	-1.347367e-03	0.000000e+00	-1.342123e-03	-4.066128e-01	1.000000e+00	1.000000e-01	1.000000e+00	1.400000e+01
146	-5.530365e-02	0.000000e+00	-5.530981e-02	0.000000e+00	1.581571e-03	0.000000e+00	1.570150e-03	0.000000e+00	1.000000e+00	1.000000e-01	1.000000e+00	1.400000e+01
147	-5.541804e-02	0.000000e+00	-5.541761e-02	4.007573e-01	-1.143873e-04	0.000000e+00	-1.078071e-04	4.007573e-01	1.000000e+00	1.000000e-01	1.000000e+00	1.400000e+01
148	-5.668766e-02	0.000000e+00	-5.668269e-02	0.000000e+00	-1.269619e-03	0.000000e+00	-1.265081e-03	-4.007573e-01	1.000000e+00	1.000000e-01	1.000000e+00	1.400000e+01
149	-5.566917e-02	0.000000e+00	-5.567313e-02	1.562839e-01	1.018487e-03	0.000000e+00	1.009567e-03	1.562839e-01	1.000000e+00	1.000000e-01	1.000000e+00	1.400000e+01
150	-5.620430e-02	0.000000e+00	-5.620222e-02	0.000000e+00	-5.351273e-04	0.000000e+00	-5.290933e-04	-1.562839e-01	1.000000e+00	1.000000e-01	1.000000e+00	1.400000e+01
151	-5.553686e-02	0.000000e+00	-5.553946e-02	1.019363e-01	6.674308e-04	0.000000e+00	6.627568e-04	1.019363e-01	1.000000e+00	1.000000e-01	1.000000e+00	1.400000e+01
152	-5.605723e-02	0.000000e+00	-5.605521e-02	0.000000e+00	-5.203688e-04	0.000000e+00	-5.157473e-04	-1.019363e-01	1.000000e+00	1.000000e-01	1.000000e+00	1.400000e+01
153	-5.541888e-02	0.000000e+00	-5.542136e-02	0.000000e+00	6.383572e-04	0.000000e+00	6.338490e-04	0.000000e+00	1.000000e+00	1.000000e-01	1.000000e+00	1.400000e+01
154	-5.545840e-02	0.000000e+00	-5.545826e-02	7.531575e-02	-3.952800e-05	0.000000e+00	-3.689762e-05	7.531575e-02	1.000000e+00	1.000000e-01	1.000000e+00	1.400000e+01
155	-5.595854e-02	0.000000e+00	-5.595658e-02	0.000000e+00	-5.001311e-04	0.000000e+00	-4.983216e-04	-7.531575e-02	1.000000e+00	1.000000e-01	1.000000e+00	1.400000e+01
156	-5.560600e-02	0.000000e+00	-5.560737e-02	0.000000e+00	3.525388e-04	0.000000e+00	3.492151e-04	0.000000e+00	1.000000e+00	1.000000e-01	1.000000e+00	1.400000e+01
157	-5.569929e-02	0.000000e+00	-5.569893e-02	0.000000e+00	-9.329215e-05	0.000000e+00	-9.156360e-05	0.000000e+00	1.000000e+00	1.000000e-01	1.000000e+00	1.400000e+01
158	-5.577697e-02	0.000000e+00	-5.577667e-02	1.992687e-01	-7.768116e-05	0.000000e+00	-7.773539e-05	1.992687e-01	1.000000e+00	1.000000e-01	1.000000e+00	1.400000e+01
159	-5.623199e-02	0.000000e+00	-5.623021e-02	0.000000e+00	-4.550235e-04	0.000000e+00	-4.535497e-04	-1.992687e-01	1.000000e+00	1.000000e-01	1.000000e+00	1.400000e+01
160	-5.580459e-02	0.000000e+00	-5.580625e-02	2.928789e-01	4.274071e-04	0.000000e+00	4.239658e-04	2.928789e-01	1.000000e+00	1.000000e-01	1.000000e+00	1.400000e+01
161	-5.581918e-02	0.000000e+00	-5.581913e-02	0.000000e+00	-1.458966e-05	0.000000e+00	-1.287655e-05	-2.928789e-01	1.000000e+00	1.000000e-01	1.000000e+00	1.400000e+01
162	-5.546851e-02	0.000000e+00	-5.546988e-02	0.000000e+00	3.506689e-04	0.000000e+00	3.492488e-04	0.000000e+00	1.000000e+00	1.000000e-01	1.000000e+00	1.400000e+01
163	-5.548841e-02	0.000000e+00	-5.548834e-02	0.000000e+00	-1.990481e-05	0.000000e+00	-1.846281e-05	0.000000e+00	1.000000e+00	1.000000e-01	1.000000e+00	1.400000e+01
164	-5.562416e-02	0.000000e+00	-5.562363e-02	0.000000e+00	-1.357529e-04	0.000000e+00	-1.352947e-04	0.000000e+00	1.000000e+00	1.000000e-01	1.000000e+00	1.400000e+01
165	-5.551812e-02	0.000000e+00	-5.551853e-02	0.000000e+00	1.060491e-04	0.000000e+00	1.051063e-04	0.000000e+00	1.000000e+00	1.000000e-01	1.000000e+00	1.400000e+01
166	-5.559343e-02	0.000000e+00	-5.559313e-02	0.000000e+00	-7.531140e-05	0.000000e+00	-7.460664e-05	0.000000e+00	1.000000e+00	1.000000e-01	1.000000e+00	1.400000e+01
167	-5.559960e-02	0.000000e+00	-5.559957e-02	0.000000e+00	-6.168190e-06	0.000000e+00	-6.435528e-06	0.000000e+00	1.000000e+00	1.000000e-01	1.000000e+00	1.400000e+01
168	-5.550123e-02	0.000000e+00	-5.550161e-02	3.575026e-01	9.836983e-05	0.000000e+00	9.796043e-05	3.575026e-01	1.000000e+00	1.000000e-01	1.000000e+00	1.400000e+01
169	-5.616538e-02	0.000000e+00	-5.616278e-02	0.000000e+00	-6.641514e-04	0.000000e+00	-6.611744e-04	-3.575026e-01	1.000000e+00	1.000000e-01	1.000000e+00	1.400000e+01
170	-5.549772e-02	0.000000e+00	-5.550032e-02	0.000000e+00	6.676576e-04	0.000000e+00	6.624669e-04	0.000000e+00	1.000000e+00	1.000000e-01	1.000000e+00	1.400000e+01
171	-5.538955e-02	0.000000e+00	-5.538998e-02	0.000000e+00	1.081697e-04	0.000000e+00	1.103349e-04	0.000000e+00	1.000000e+00	1.000000e-01	1.000000e+00	1.400000e+01
172	-5.556218e-02	0.000000e+00	-5.556150e-02	0.000000e+00	-1.726257e-04	0.000000e+00	-1.715204e-04	0.000000e+00	1.000000e+00	1.000000e-01	1.000000e+00	1.400000e+01
173	-5.556090e-02	0.000000e+00	-5.556091e-02	0.000000e+00	1.271999e-06	0.000000e+00	5.970284e-07	0.000000e+00	1.000000e+00	1.000000e-01	1.000000e+00	1.400000e+01
174	-5.528576e-02	0.000000e+00	-5.528683e-02	3.385386e-01	2.751445e-04	0.000000e+00	2.740721e-04	3.385386e-01	1.000000e+00	1.000000e-01	1.000000e+00	1.400000e+01
175	-5.657827e-02	0.000000e+00	-5.657322e-02	0.000000e+00	-1.292508e-03	0.000000e+00	-1.286388e-03	-3.385386e-01	1.000000e+00	1.000000e-01	1.000000e+00	1.400000e+01
176	-5.551249e-02	0.000000e+00	-5.551664e-02	1.666653e+00	1.065772e-03	0.000000e+00	1.056584e-03	1.666653e+00	1.000000e+00	1.000000e-01	1.000000e+00	1.400000e+01
177	-5.602631e-02	0.000000e+00	-5.602432e-02	3.438048e-01	-5.138164e-04	0.000000e+00	-5.076820e-04	-1.322848e+00	1.000000e+00	1.000000e-01	1.000000e+00	1.400000e+01
178	-5.604606e-02	0.000000e+00	-5.604598e-02	0.000000e+00	-1.975036e-05	0.000000e+00	-2.165634e-05	-3.438048e-01	1.000000e+00	1.000000e-01	1.000000e+00	1.400000e+01
179	-5.545419e-02	0.000000e+00	-5.545650e-02	0.000000e+00	5.918755e-04	0.000000e+00	5.894789e-04	0.000000e+00	1.000000e+00	1.000000e-01	1.000000e+00	1.400000e+01
180	-5.555800e-02	0.000000e+00	-5.555760e-02	0.000000e+00	-1.038142e-04	0.000000e+00	-1.011060e-04	0.000000e+00	1.000000e+00	1.000000e-01	1.000000e+00	1.400000e+01
181	-5.575693e-02	0.000000e+00	-5.575615e-02	0.000000e+00	-1.989293e-04	0.000000e+00	-1.985472e-04	0.000000e+00	1.000000e+00	1.000000e-01	1.000000e+00	1.400000e+01
182	-5.569031e-02	0.000000e+00	-5.569057e-02	7.814957e-02	6.662135e-05	0.000000e+00	6.558553e-05	7.814957e-02	1.000000e+00	1.000000e-01	1.000000e+00	1.400000e+01
183	-5.593127e-02	0.000000e+00	-5.593033e-02	0.000000e+00	-2.409618e-04	0.000000e+00	-2.397643e-04	-7.814957e-02	1.000000e+00	1.000000e-01	1.000000e+00	1.400000e+01
184	-5.571546e-02	0.000000e+00	-5.571630e-02	0.000000e+00	2.158073e-04	0.000000e+00	2.140277e-04	0.000000e+00	1.000000e+00	1.000000e-01	1.000000e+00	1.400000e+01
185	-5.544482e-02	0.000000e+00	-5.544588e-02	0.000000e+00	2.706468e-04	0.000000e+00	2.704256e-04	0.000000e+00	1.000000e+00	1.000000e-01	1.000000e+00	1.400000e+01
186	-5.557059e-02	0.000000e+00	-5.557010e-02	0.000000e+00	-1.257746e-04	0.000000e+00	-1.242269e-04	0.000000e+00	1.000000e+00	1.000000e-01	1.000000e+00	1.400000e+01
187	-5.562287e-02	0.000000e+00	-5.562267e-02	0.000000e+00	-5.228135e-05	0.000000e+00	-5.256239e-05	0.000000e+00	1.000000e+00	1.000000e-01	1.000000e+00	1.400000e+01
188	-5.531271e-02	0.000000e+00	-5.531393e-02	3.595801e-02	3.101570e-04	0.000000e+00	3.087402e-04	3.595801e-02	1.000000e+00	1.000000e-01	1.000000e+00	1.400000e+01
189	-5.558489e-02	0.000000e+00	-5.558383e-02	0.000000e+00	-2.721782e-04	0.000000e+00	-2.699089e-04	-3.595801e-02	1.000000e+00	1.000000e-01	1.000000e+00	1.400000e+01
190	-5.513391e-02	0.000000e+00	-5.513567e-02	0.000000e+00	4.509847e-04	0.000000e+00	4.481687e-04	0.000000e+00	1.000000e+00	1.000000e-01	1.000000e+00	1.400000e+01
191	-5.517970e-02	0.000000e+00	-5.517953e-02	6.821404e-01	-4.579096e-05	0.000000e+00	-4.386143e-05	6.821404e-01	1.000000e+00	1.000000e-01	1.000000e+00	1.400000e+01
192	-5.518654e-02	0.000000e+00	-5.518651e-02	0.000000e+00	-6.841415e-06	0.000000e+00	-6.986025e-06	-6.821404e-01	1.000000e+00	1.000000e-01	1.000002e+00	1.400000e+01
193	-5.463345e-02	0.000000e+00	-5.463561e-02	0.000000e+00	5.530942e-04	0.000000e+00	5.509064e-04	0.000000e+00	1.000000e+00	1.000000e-01	1.000000e+00	1.400000e+01
194	-5.474097e-02	0.000000e+00	-5.474056e-02	0.000000e+00	-1.075222e-04	0.000000e+00	-1.049502e-04	0.000000e+00	1.000000e+00	1.000000e-01	1.000000e+00	1.400000e+01
195	-5.486353e-02	0.000000e+00	-5.486305e-02	8.348463e-01	-1.225655e-04	0.000000e+00	-1.224967e-04	8.348463e-01	1.000000e+00	1.000000e-01	1.000000e+00	1.400000e+01
