#sequence delta(k-1),f(k-1),theta(k),v(k),delta_diff(k-1),f_diff(k-1),theta_diff(k),v_diff(k),phi(1,1;k),phi(1,2;k),phi(2,1;k),phi(2,2;k)
1	-7.072887e-01	0.000000e+00	-7.069927e-01	8.904974e-01	-7.072887e-01	0.000000e+00	-7.549553e-02	8.890813e-01	8.302106e-01	1.000000e-01	1.000000e+00	8.000000e+00
2	-9.847754e-01	2.000000e-01	-9.836903e-01	1.837904e+00	-2.774867e-01	2.000000e-01	-2.766976e-01	9.474066e-01	8.384695e-01	9.404733e-02	1.046709e+00	7.966334e+00
3	-1.312633e+00	4.000000e-01	-1.311348e+00	4.004163e+00	-3.278580e-01	2.000000e-01	-3.276581e-01	2.166259e+00	8.488496e-01	8.771526e-02	9.138315e-01	8.047392e+00
4	-1.009912e+00	5.581111e-01	-1.011090e+00	6.826886e+00	3.027214e-01	1.581111e-01	3.002590e-01	2.822723e+00	8.528476e-01	8.980340e-02	1.086888e+00	8.137780e+00
5	-6.201864e-01	5.117495e-01	-6.217133e-01	5.942308e+00	3.897257e-01	-4.636166e-02	3.893762e-01	-8.845780e-01	8.633604e-01	8.855280e-02	9.268861e-01	8.156813e+00
6	-6.294774e-01	7.117495e-01	-6.294470e-01	8.871900e+00	-9.291016e-03	2.000000e-01	-7.733722e-03	2.929592e+00	8.634358e-01	8.693016e-02	9.212320e-01	8.278524e+00
7	-7.719163e-01	7.474244e-01	-7.713598e-01	9.716267e+00	-1.424390e-01	3.567496e-02	-1.419128e-01	8.443674e-01	8.649102e-01	8.656088e-02	8.756982e-01	8.289928e+00
8	-7.729233e-01	8.193692e-01	-7.729172e-01	1.005091e+01	-1.006939e-03	7.194474e-02	-1.557353e-03	3.346431e-01	8.649135e-01	8.632521e-02	8.758226e-01	8.281036e+00
9	-6.923241e-01	1.019369e+00	-6.926389e-01	1.223614e+01	8.059917e-02	2.000000e-01	8.027825e-02	2.185227e+00	8.646629e-01	8.570335e-02	8.929747e-01	8.323597e+00
10	-6.930792e-01	1.131275e+00	-6.930775e-01	1.388033e+01	-7.551484e-04	1.119055e-01	-4.386117e-04	1.644197e+00	8.646662e-01	8.520805e-02	8.927204e-01	8.361283e+00
11	-7.352832e-01	1.162316e+00	-7.351183e-01	1.341338e+01	-4.220391e-02	3.104178e-02	-4.204076e-02	-4.669591e-01	8.648303e-01	8.508740e-02	9.065103e-01	8.351140e+00
12	-7.396105e-01	1.362316e+00	-7.395930e-01	1.590106e+01	-4.327389e-03	2.000000e-01	-4.474707e-03	2.487683e+00	8.648660e-01	8.343426e-02	9.048551e-01	8.427640e+00
13	-7.211578e-01	1.410248e+00	-7.212299e-01	1.702799e+01	1.845269e-02	4.793132e-02	1.836313e-02	1.126928e+00	8.648521e-01	8.339799e-02	9.110375e-01	8.443699e+00
14	-7.280103e-01	1.409305e+00	-7.279838e-01	1.676225e+01	-6.852478e-03	-9.426391e-04	-6.753980e-03	-2.657385e-01	8.648545e-01	8.339832e-02	9.118563e-01	8.443812e+00
15	-7.505547e-01	1.557144e+00	-7.504665e-01	1.823592e+01	-2.254433e-02	1.478393e-01	-2.248265e-02	1.473668e+00	8.650167e-01	8.233477e-02	9.092522e-01	8.460888e+00
16	-7.576334e-01	1.668363e+00	-7.576054e-01	1.863010e+01	-7.078701e-03	1.112190e-01	-7.138873e-03	3.941872e-01	8.650507e-01	8.180066e-02	9.110579e-01	8.432516e+00
17	-7.563926e-01	1.866459e+00	-7.563974e-01	2.121118e+01	1.240724e-03	1.980957e-01	1.207991e-03	2.581074e+00	8.650414e-01	8.031768e-02	9.115836e-01	8.516449e+00
18	-7.672222e-01	1.838655e+00	-7.671800e-01	2.075610e+01	-1.082960e-02	-2.780381e-02	-1.078258e-02	-4.550761e-01	8.650372e-01	8.030687e-02	9.126553e-01	8.519200e+00
19	-7.838784e-01	1.934940e+00	-7.838132e-01	2.094624e+01	-1.665620e-02	9.628462e-02	-1.663325e-02	1.901438e-01	8.651156e-01	7.985364e-02	9.174972e-01	8.491210e+00
20	-7.916114e-01	2.134940e+00	-7.915809e-01	2.077095e+01	-7.732965e-03	2.000000e-01	-7.767732e-03	-1.752917e-01	8.651770e-01	7.826583e-02	9.242183e-01	8.317381e+00
21	-7.930816e-01	2.334940e+00	-7.930757e-01	2.227772e+01	-1.470189e-03	2.000000e-01	-1.494789e-03	1.506766e+00	8.651879e-01	7.678718e-02	9.243247e-01	8.302912e+00
22	-8.041844e-01	2.529820e+00	-8.041410e-01	2.313381e+01	-1.110284e-02	1.948806e-01	-1.106531e-02	8.560879e-01	8.652729e-01	7.529530e-02	9.282151e-01	8.234627e+00
23	-8.176274e-01	2.729820e+00	-8.175747e-01	2.527586e+01	-1.344296e-02	2.000000e-01	-1.343367e-02	2.142054e+00	8.653784e-01	7.372506e-02	9.250376e-01	8.281899e+00
24	-8.216333e-01	2.707756e+00	-8.216175e-01	2.543505e+01	-4.005925e-03	-2.206466e-02	-4.042752e-03	1.591940e-01	8.653764e-01	7.371405e-02	9.243801e-01	8.278278e+00
25	-8.256733e-01	2.704867e+00	-8.256575e-01	2.591316e+01	-4.040010e-03	-2.888633e-03	-4.040021e-03	4.781057e-01	8.653770e-01	7.371451e-02	9.234096e-01	8.277584e+00
26	-8.336283e-01	2.691812e+00	-8.335972e-01	2.605314e+01	-7.954992e-03	-1.305519e-02	-7.939699e-03	1.399831e-01	8.653774e-01	7.371509e-02	9.224446e-01	8.276000e+00
27	-8.371924e-01	2.736574e+00	-8.371783e-01	2.522013e+01	-3.564065e-03	4.476207e-02	-3.581157e-03	-8.330086e-01	8.653838e-01	7.363445e-02	9.244744e-01	8.250508e+00
28	-8.335470e-01	2.936574e+00	-8.335612e-01	2.635041e+01	3.645383e-03	2.000000e-01	3.617154e-03	1.130277e+00	8.653596e-01	7.230591e-02	9.235862e-01	8.201779e+00
29	-8.307514e-01	3.136574e+00	-8.307624e-01	2.841074e+01	2.795581e-03	2.000000e-01	2.798790e-03	2.060331e+00	8.653413e-01	7.099439e-02	9.241296e-01	8.240654e+00
30	-8.305442e-01	3.083727e+00	-8.305450e-01	2.784364e+01	2.072504e-04	-5.284728e-02	2.173736e-04	-5.671009e-01	8.653416e-01	7.089939e-02	9.241167e-01	8.243958e+00
31	-8.240787e-01	3.161100e+00	-8.241039e-01	2.920678e+01	6.465519e-03	7.737292e-02	6.441112e-03	1.363139e+00	8.653274e-01	7.072939e-02	9.263191e-01	8.270314e+00
32	-8.125345e-01	3.053458e+00	-8.125797e-01	2.782143e+01	1.154413e-02	-1.076416e-01	1.152419e-02	-1.385352e+00	8.653773e-01	7.026437e-02	9.235616e-01	8.296026e+00
33	-7.994536e-01	3.234576e+00	-7.995048e-01	2.908676e+01	1.308097e-02	1.811180e-01	1.307489e-02	1.265334e+00	8.653102e-01	6.933582e-02	9.220377e-01	8.274926e+00
34	-7.818994e-01	3.306856e+00	-7.819682e-01	2.937449e+01	1.755417e-02	7.228011e-02	1.753667e-02	2.877311e-01	8.652881e-01	6.924458e-02	9.193222e-01	8.263745e+00
35	-7.544062e-01	3.379915e+00	-7.545139e-01	2.855180e+01	2.749315e-02	7.305877e-02	2.745426e-02	-8.226915e-01	8.652699e-01	6.919635e-02	9.004216e-01	8.213519e+00
36	-7.171879e-01	3.579915e+00	-7.173337e-01	3.016168e+01	3.721838e-02	2.000000e-01	3.718024e-02	1.609878e+00	8.651164e-01	6.837143e-02	8.992726e-01	8.207345e+00
37	-6.903688e-01	3.586396e+00	-6.904741e-01	3.069595e+01	2.681906e-02	6.480566e-03	2.685953e-02	5.342688e-01	8.651574e-01	6.838133e-02	9.050917e-01	8.208751e+00
38	-5.796123e-01	3.491219e+00	-5.800454e-01	3.085094e+01	1.107565e-01	-9.517668e-02	1.104287e-01	1.549921e-01	8.662565e-01	6.743680e-02	9.486106e-01	8.171354e+00
39	-5.031482e-01	3.338493e+00	-5.034486e-01	3.028570e+01	7.646416e-02	-1.527254e-01	7.659684e-02	-5.652446e-01	8.669960e-01	6.595968e-02	9.704545e-01	8.127724e+00
40	-4.037233e-01	3.282719e+00	-4.041128e-01	2.952028e+01	9.942491e-02	-5.577432e-02	9.933574e-02	-7.654183e-01	8.677850e-01	6.551711e-02	9.512828e-01	8.138479e+00
41	-2.706775e-01	3.432928e+00	-2.711988e-01	3.206139e+01	1.330457e-01	1.502084e-01	1.329140e-01	2.541113e+00	8.682569e-01	6.604991e-02	1.025132e+00	8.221854e+00
42	-2.002944e-01	3.232928e+00	-2.005714e-01	3.069301e+01	7.038312e-02	-2.000000e-01	7.062738e-02	-1.368385e+00	8.690000e-01	6.393833e-02	1.031796e+00	8.202915e+00
43	-1.410361e-01	3.204416e+00	-1.412687e-01	3.016860e+01	5.925831e-02	-2.851135e-02	5.930272e-02	-5.244094e-01	8.692705e-01	6.380819e-02	1.021919e+00	8.207668e+00
44	-5.811419e-02	3.298294e+00	-5.843901e-02	3.123464e+01	8.292192e-02	9.387770e-02	8.282966e-02	1.066044e+00	8.694564e-01	6.401870e-02	1.030157e+00	8.216994e+00
45	-6.488088e-03	3.217349e+00	-6.691021e-03	2.931845e+01	5.162610e-02	-8.094482e-02	5.174799e-02	-1.916194e+00	8.697504e-01	6.355777e-02	9.983201e-01	8.266911e+00
46	1.127286e-02	3.417349e+00	1.120268e-02	3.061426e+01	1.776094e-02	2.000000e-01	1.789371e-02	1.295815e+00	8.696655e-01	6.260183e-02	9.952165e-01	8.231962e+00
47	3.912694e-02	3.466214e+00	3.901786e-02	3.266980e+01	2.785409e-02	4.886483e-02	2.781518e-02	2.055533e+00	8.696725e-01	6.261417e-02	1.016690e+00	8.269633e+00
48	7.488573e-02	3.266214e+00	7.474563e-02	3.004524e+01	3.575879e-02	-2.000000e-01	3.572776e-02	-2.624553e+00	8.699580e-01	6.101766e-02	9.999317e-01	8.363362e+00
49	8.884498e-02	3.423423e+00	8.878990e-02	3.096300e+01	1.395924e-02	1.572088e-01	1.404428e-02	9.177610e-01	8.699076e-01	6.045032e-02	9.972401e-01	8.333049e+00
50	8.470050e-02	3.410292e+00	8.471647e-02	3.053157e+01	-4.144479e-03	-1.313083e-02	-4.073429e-03	-4.314346e-01	8.699070e-01	6.044829e-02	9.978658e-01	8.335032e+00
51	9.091958e-02	3.416752e+00	9.089534e-02	2.967161e+01	6.219077e-03	6.460456e-03	6.178872e-03	-8.599622e-01	8.699081e-01	6.044945e-02	9.951481e-01	8.332208e+00
52	9.511694e-02	3.562820e+00	9.510045e-02	2.953050e+01	4.197364e-03	1.460673e-01	4.205104e-03	-1.411094e-01	8.698917e-01	5.988132e-02	9.924606e-01	8.238684e+00
53	8.167604e-02	3.757467e+00	8.172848e-02	2.947879e+01	-1.344090e-02	1.946479e-01	-1.337197e-02	-5.170484e-02	8.699753e-01	5.867137e-02	1.002748e+00	8.089704e+00
54	7.549629e-02	3.957467e+00	7.552064e-02	3.073598e+01	-6.179751e-03	2.000000e-01	-6.207846e-03	1.257188e+00	8.700115e-01	5.750104e-02	1.003768e+00	8.056682e+00
55	6.867299e-02	3.866949e+00	6.869974e-02	3.231111e+01	-6.823303e-03	-9.051828e-02	-6.820899e-03	1.575129e+00	8.699975e-01	5.731604e-02	9.963082e-01	7.957715e+00
56	4.606346e-02	3.666949e+00	4.615188e-02	3.129274e+01	-2.260953e-02	-2.000000e-01	-2.254785e-02	-1.018373e+00	8.699071e-01	5.651660e-02	9.900377e-01	7.902247e+00
57	3.555231e-02	3.466949e+00	3.559372e-02	2.972878e+01	-1.051115e-02	-2.000000e-01	-1.055817e-02	-1.563954e+00	8.698587e-01	5.559563e-02	9.899061e-01	7.899742e+00
58	2.954136e-02	3.349242e+00	2.956500e-02	2.898298e+01	-6.010956e-03	-1.177075e-01	-6.028719e-03	-7.457999e-01	8.698425e-01	5.527669e-02	9.893673e-01	7.889191e+00
59	9.217060e-03	3.257103e+00	9.296544e-03	2.815225e+01	-2.032430e-02	-9.213860e-02	-2.026845e-02	-8.307356e-01	8.698184e-01	5.516760e-02	9.901720e-01	7.892840e+00
60	4.918618e-03	3.254144e+00	4.935720e-03	2.794604e+01	-4.298442e-03	-2.959126e-03	-4.360825e-03	-2.062088e-01	8.698193e-01	5.516825e-02	9.905367e-01	7.893091e+00
61	5.114913e-03	3.248885e+00	5.114213e-03	2.810213e+01	1.962943e-04	-5.259007e-03	1.784930e-04	1.560904e-01	8.698194e-01	5.516751e-02	9.905551e-01	7.892597e+00
62	-2.508254e-03	3.143657e+00	-2.478478e-03	2.869368e+01	-7.623166e-03	-1.052279e-01	-7.592691e-03	5.915526e-01	8.698019e-01	5.492676e-02	9.854071e-01	7.821536e+00
63	-1.726082e-03	2.943657e+00	-1.729021e-03	2.693259e+01	7.821715e-04	-2.000000e-01	7.494572e-04	-1.761096e+00	8.698059e-01	5.389718e-02	9.853351e-01	7.839936e+00
64	2.885528e-03	2.929207e+00	2.867503e-03	2.683959e+01	4.611610e-03	-1.445034e-02	4.596524e-03	-9.299460e-02	8.698089e-01	5.388782e-02	9.853696e-01	7.839828e+00
65	5.165555e-04	2.859330e+00	5.257389e-04	2.605972e+01	-2.368973e-03	-6.987726e-02	-2.341764e-03	-7.798718e-01	8.698050e-01	5.377245e-02	9.856275e-01	7.847434e+00
66	-2.283781e-03	2.858943e+00	-2.272806e-03	2.523874e+01	-2.800336e-03	-3.865625e-04	-2.798545e-03	-8.209764e-01	8.698055e-01	5.377251e-02	9.867118e-01	7.847583e+00
67	3.770598e-04	2.974553e+00	3.667088e-04	2.566044e+01	2.660841e-03	1.156105e-01	2.639515e-03	4.216962e-01	8.697981e-01	5.345113e-02	9.860988e-01	7.820952e+00
68	1.352690e-03	2.961413e+00	1.348838e-03	2.507441e+01	9.756301e-04	-1.314095e-02	9.821296e-04	-5.860316e-01	8.697985e-01	5.344591e-02	9.858745e-01	7.823974e+00
69	-8.427853e-04	2.961074e+00	-8.342242e-04	2.362393e+01	-2.195475e-03	-3.380443e-04	-2.183063e-03	-1.450476e+00	8.697987e-01	5.344595e-02	9.873821e-01	7.824207e+00
70	-7.365003e-04	3.161074e+00	-7.368820e-04	2.650574e+01	1.062850e-04	2.000000e-01	9.734222e-05	2.881807e+00	8.697982e-01	5.245084e-02	9.874473e-01	7.946855e+00
71	1.025651e-03	2.961074e+00	1.018766e-03	2.413909e+01	1.762151e-03	-2.000000e-01	1.755648e-03	-2.366644e+00	8.698070e-01	5.145306e-02	9.868080e-01	8.019410e+00
72	1.661064e-04	2.950983e+00	1.694371e-04	2.426313e+01	-8.595441e-04	-1.009163e-02	-8.493285e-04	1.240332e-01	8.698068e-01	5.145106e-02	9.867240e-01	8.018424e+00
73	-7.147942e-04	2.750983e+00	-7.113402e-04	2.248371e+01	-8.809006e-04	-2.000000e-01	-8.807773e-04	-1.779414e+00	8.698026e-01	5.050332e-02	9.867957e-01	8.034710e+00
74	8.184883e-05	2.735780e+00	7.875043e-05	2.329695e+01	7.966430e-04	-1.520324e-02	7.900906e-04	8.132319e-01	8.698030e-01	5.049708e-02	9.871493e-01	8.027961e+00
75	4.783638e-04	2.535780e+00	4.768028e-04	2.103950e+01	3.965150e-04	-2.000000e-01	3.980524e-04	-2.257442e+00	8.698048e-01	4.955150e-02	9.870289e-01	8.088709e+00
76	-1.198514e-04	2.624666e+00	-1.175207e-04	2.139662e+01	-5.982152e-04	8.888630e-02	-5.943236e-04	3.571162e-01	8.698061e-01	4.936316e-02	9.871311e-01	8.073516e+00
77	-3.046153e-04	2.577956e+00	-3.038844e-04	2.245576e+01	-1.847639e-04	-4.670954e-02	-1.863637e-04	1.059138e+00	8.698059e-01	4.931262e-02	9.870052e-01	8.041681e+00
78	1.184406e-04	2.377956e+00	1.167909e-04	2.171577e+01	4.230558e-04	-2.000000e-01	4.206753e-04	-7.399927e-01	8.698079e-01	4.838915e-02	9.871762e-01	7.960845e+00
79	2.314737e-04	2.177956e+00	2.310257e-04	1.937219e+01	1.130331e-04	-2.000000e-01	1.142348e-04	-2.343577e+00	8.698084e-01	4.748630e-02	9.871366e-01	8.030839e+00
80	-8.122925e-05	2.226968e+00	-8.000950e-05	1.863666e+01	-3.127030e-04	4.901136e-02	-3.110352e-04	-7.355325e-01	8.698087e-01	4.743127e-02	9.873041e-01	8.004591e+00
81	-1.557678e-04	2.339208e+00	-1.554719e-04	1.967171e+01	-7.453856e-05	1.122406e-01	-7.546238e-05	1.035055e+00	8.698089e-01	4.714866e-02	9.872993e-01	8.011833e+00
82	-1.256091e-03	2.139208e+00	-1.251792e-03	1.835327e+01	-1.100323e-03	-2.000000e-01	-1.096320e-03	-1.318438e+00	8.698042e-01	4.628337e-02	9.871532e-01	7.985287e+00
83	-5.078612e-03	1.988424e+00	-5.063664e-03	1.691831e+01	-3.822521e-03	-1.507838e-01	-3.811872e-03	-1.434960e+00	8.697925e-01	4.582364e-02	9.875610e-01	8.001372e+00
84	-1.012341e-02	1.990753e+00	-1.010365e-02	1.813351e+01	-5.044800e-03	2.328186e-03	-5.039984e-03	1.215199e+00	8.697943e-01	4.582280e-02	9.846818e-01	8.002701e+00
85	-1.628172e-02	1.790753e+00	-1.625759e-02	1.726921e+01	-6.158309e-03	-2.000000e-01	-6.153940e-03	-8.643048e-01	8.697703e-01	4.504353e-02	9.825531e-01	7.933567e+00
86	-2.078790e-02	1.590753e+00	-2.077021e-02	1.542824e+01	-4.506182e-03	-2.000000e-01	-4.512619e-03	-1.840967e+00	8.697527e-01	4.425975e-02	9.830773e-01	7.956835e+00
87	-2.794372e-02	1.568825e+00	-2.791570e-02	1.581326e+01	-7.155815e-03	-2.192765e-02	-7.145490e-03	3.850239e-01	8.697525e-01	4.425924e-02	9.811522e-01	7.950935e+00
88	-3.292406e-02	1.368825e+00	-3.290450e-02	1.271268e+01	-4.980346e-03	-2.000000e-01	-4.988803e-03	-3.100587e+00	8.697335e-01	4.349601e-02	9.846438e-01	8.091153e+00
89	-3.590787e-02	1.568825e+00	-3.589614e-02	1.512591e+01	-2.983808e-03	2.000000e-01	-2.991640e-03	2.413231e+00	8.697461e-01	4.264887e-02	9.835351e-01	8.165470e+00
90	-4.330634e-02	1.368825e+00	-4.327739e-02	1.309783e+01	-7.398466e-03	-2.000000e-01	-7.381252e-03	-2.028083e+00	8.697200e-01	4.194260e-02	9.848708e-01	8.201580e+00
91	-4.916564e-02	1.366241e+00	-4.914264e-02	1.223730e+01	-5.859300e-03	-2.583969e-03	-5.865245e-03	-8.605215e-01	8.697218e-01	4.194341e-02	9.871907e-01	8.202603e+00
92	-5.240453e-02	1.441114e+00	-5.239179e-02	1.321376e+01	-3.238897e-03	7.487331e-02	-3.249156e-03	9.764515e-01	8.697273e-01	4.181670e-02	9.866300e-01	8.215565e+00
93	-5.591468e-02	1.241114e+00	-5.590092e-02	1.189154e+01	-3.510145e-03	-2.000000e-01	-3.509125e-03	-1.322215e+00	8.697144e-01	4.108026e-02	9.860998e-01	8.185355e+00
94	-6.273833e-02	1.089397e+00	-6.271162e-02	9.150087e+00	-6.823653e-03	-1.517170e-01	-6.810705e-03	-2.741453e+00	8.696972e-01	4.069865e-02	9.908834e-01	8.291713e+00
95	-6.572354e-02	1.289397e+00	-6.571178e-02	1.140816e+01	-2.985210e-03	2.000000e-01	-3.000154e-03	2.258077e+00	8.697091e-01	3.990292e-02	9.900455e-01	8.347846e+00
96	-6.757704e-02	1.089397e+00	-6.756976e-02	9.644163e+00	-1.853501e-03	-2.000000e-01	-1.857980e-03	-1.764001e+00	8.697024e-01	3.918254e-02	9.901254e-01	8.356470e+00
97	-7.253756e-02	1.038945e+00	-7.251816e-02	8.050602e+00	-4.960520e-03	-5.045241e-02	-4.948401e-03	-1.593562e+00	8.696993e-01	3.915040e-02	9.928718e-01	8.384402e+00
98	-7.512902e-02	1.217383e+00	-7.511882e-02	8.405296e+00	-2.591461e-03	1.784384e-01	-2.600668e-03	3.546941e-01	8.697082e-01	3.853863e-02	9.942516e-01	8.289390e+00
99	-7.593315e-02	1.289586e+00	-7.592997e-02	9.924029e+00	-8.041281e-04	7.220313e-02	-8.111458e-04	1.518733e+00	8.697093e-01	3.843962e-02	9.939008e-01	8.320895e+00
100	-7.871126e-02	1.089586e+00	-7.870040e-02	7.757325e+00	-2.778111e-03	-2.000000e-01	-2.770428e-03	-2.166704e+00	8.696998e-01	3.775659e-02	9.945473e-01	8.367442e+00
101	-8.227295e-02	1.038933e+00	-8.225899e-02	5.949945e+00	-3.561685e-03	-5.065296e-02	-3.558594e-03	-1.807380e+00	8.696973e-01	3.772171e-02	9.968790e-01	8.400602e+00
102	-8.338066e-02	1.214447e+00	-8.337628e-02	6.804511e+00	-1.107710e-03	1.755137e-01	-1.117284e-03	8.545664e-01	8.697008e-01	3.716548e-02	9.971996e-01	8.349800e+00
103	-8.324614e-02	1.155072e+00	-8.324665e-02	6.079271e+00	1.345192e-04	-5.937491e-02	1.296294e-04	-7.252399e-01	8.697010e-01	3.710300e-02	9.971850e-01	8.356264e+00
104	-8.402114e-02	1.065653e+00	-8.401811e-02	5.733773e+00	-7.749993e-04	-8.941964e-02	-7.714656e-04	-3.454979e-01	8.696998e-01	3.696677e-02	9.970374e-01	8.339237e+00
