#sequence delta(k-1),f(k-1),theta(k),v(k),delta_diff(k-1),f_diff(k-1),theta_diff(k),v_diff(k),phi(1,1;k),phi(1,2;k),phi(2,1;k),phi(2,2;k)
1	2.525696e+00	0.000000e+00	2.525384e+00	4.562374e-01	2.525696e+00	0.000000e+00	7.965943e-02	4.489321e-01	2.995644e-01	1.000000e-01	1.000000e+00	1.200000e+01
2	2.646273e+00	2.000000e-01	2.645801e+00	2.383869e+00	1.205769e-01	2.000000e-01	1.204171e-01	1.927632e+00	3.031492e-01	1.059460e-01	9.669411e-01	1.194517e+01
3	-3.136022e+00	3.336155e-01	-3.137981e+00	3.816403e+00	-5.782296e+00	1.336155e-01	-5.783782e+00	1.432534e+00	9.299019e-01	9.146322e-02	1.259675e-01	1.196460e+01
4	1.279307e+00	4.230815e-01	1.262052e+00	4.062066e+00	4.415329e+00	8.946603e-02	4.400033e+00	2.456627e-01	9.856964e-01	9.259376e-02	-1.434110e-01	1.195914e+01
5	-2.498647e+00	6.230815e-01	-2.508501e+00	6.388348e+00	-3.777954e+00	2.000000e-01	-3.770552e+00	2.326282e+00	1.000031e+00	9.183488e-02	-9.787037e-03	1.195207e+01
6	1.482252e+00	6.490816e-01	1.466663e+00	6.813538e+00	3.980899e+00	2.600007e-02	3.975164e+00	4.251900e-01	9.982837e-01	9.182347e-02	2.271612e-02	1.195228e+01
7	-2.499333e+00	7.444467e-01	-2.508385e+00	8.210287e+00	-3.981585e+00	9.536514e-02	-3.975048e+00	1.396749e+00	1.000201e+00	9.177755e-02	-5.084231e-02	1.195404e+01
8	1.442317e+00	7.822841e-01	1.426884e+00	7.929186e+00	3.941650e+00	3.783740e-02	3.935269e+00	-2.811019e-01	9.979280e-01	9.175573e-02	-1.646457e-01	1.195295e+01
9	-2.550322e+00	9.822841e-01	-2.559329e+00	1.085207e+01	-3.992638e+00	2.000000e-01	-3.986214e+00	2.922886e+00	1.002189e+00	9.154229e-02	-1.382620e-01	1.195163e+01
10	1.459597e+00	9.263791e-01	1.443898e+00	9.730479e+00	4.009919e+00	-5.590508e-02	4.003228e+00	-1.121592e+00	1.000008e+00	9.157269e-02	-1.169879e-01	1.195133e+01
11	-2.509507e+00	1.126379e+00	-2.518608e+00	1.228204e+01	-3.969104e+00	2.000000e-01	-3.962506e+00	2.551563e+00	1.002484e+00	9.144794e-02	-5.277118e-02	1.194809e+01
12	1.367568e+00	1.138170e+00	1.352388e+00	1.197626e+01	3.877076e+00	1.179094e-02	3.870996e+00	-3.057798e-01	9.988534e-01	9.143690e-02	-1.051181e-01	1.194793e+01
13	-2.577832e+00	1.320457e+00	-2.587023e+00	1.391203e+01	-3.945401e+00	1.822867e-01	-3.939411e+00	1.935767e+00	1.002091e+00	9.128731e-02	3.478461e-02	1.194147e+01
14	1.405815e+00	1.377833e+00	1.390218e+00	1.412579e+01	3.983647e+00	5.737599e-02	3.977241e+00	2.137579e-01	9.978618e-01	9.122640e-02	-9.437260e-02	1.193961e+01
15	-2.590161e+00	1.520121e+00	-2.599156e+00	1.581288e+01	-3.995976e+00	1.422886e-01	-3.989374e+00	1.687093e+00	1.001011e+00	9.111426e-02	-1.230212e-02	1.193669e+01
16	1.355197e+00	1.536395e+00	1.339750e+00	1.598438e+01	3.945358e+00	1.627376e-02	3.938906e+00	1.714992e-01	9.984670e-01	9.110376e-02	-6.801284e-03	1.193671e+01
17	-2.573523e+00	1.617933e+00	-2.582780e+00	1.754707e+01	-3.928719e+00	8.153834e-02	-3.922530e+00	1.562693e+00	1.000021e+00	9.107151e-02	-1.272071e-01	1.193921e+01
18	1.316029e+00	1.567915e+00	1.300799e+00	1.696749e+01	3.889552e+00	-5.001836e-02	3.883579e+00	-5.795823e-01	9.996977e-01	9.107567e-02	-1.669083e-02	1.193779e+01
19	-2.577259e+00	1.688545e+00	-2.586654e+00	1.892856e+01	-3.893288e+00	1.206295e-01	-3.887453e+00	1.961069e+00	1.001061e+00	9.103343e-02	-1.149138e-01	1.194083e+01
20	1.365037e+00	1.643884e+00	1.349600e+00	1.906389e+01	3.942295e+00	-4.466022e-02	3.936254e+00	1.353314e-01	9.997463e-01	9.104833e-02	1.245301e-01	1.193812e+01
21	-2.563157e+00	1.642743e+00	-2.572417e+00	1.892238e+01	-3.928194e+00	-1.141409e-03	-3.922017e+00	-1.415089e-01	9.986150e-01	9.104800e-02	4.717937e-02	1.193810e+01
22	1.242341e+00	1.766943e+00	1.227440e+00	2.024104e+01	3.805498e+00	1.241999e-01	3.799856e+00	1.318658e+00	9.960556e-01	9.096446e-02	-2.811616e-02	1.193564e+01
23	-2.681062e+00	1.831934e+00	-2.690338e+00	2.177300e+01	-3.923403e+00	6.499117e-02	-3.917778e+00	1.531965e+00	9.994325e-01	9.090853e-02	-1.665041e-01	1.193793e+01
24	1.149498e+00	1.750946e+00	1.134498e+00	2.042831e+01	3.830560e+00	-8.098816e-02	3.824837e+00	-1.344694e+00	1.000264e+00	9.089094e-02	-1.097927e-01	1.193673e+01
25	-2.688984e+00	1.913366e+00	-2.698592e+00	2.175883e+01	-3.838482e+00	1.624198e-01	-3.833091e+00	1.330522e+00	1.002083e+00	9.081401e-02	1.142350e-01	1.192725e+01
26	1.142795e+00	2.027446e+00	1.127790e+00	2.162793e+01	3.831779e+00	1.140806e-01	3.826382e+00	-1.309015e-01	9.969070e-01	9.065992e-02	-3.064159e-01	1.191473e+01
27	-2.708833e+00	2.227446e+00	-2.718390e+00	2.513354e+01	-3.851628e+00	2.000000e-01	-3.846180e+00	3.505614e+00	1.002240e+00	9.038298e-02	-2.939411e-01	1.191408e+01
28	1.173424e+00	2.027446e+00	1.158222e+00	2.134320e+01	3.882258e+00	-2.000000e-01	3.876612e+00	-3.790348e+00	1.003045e+00	9.034153e-02	-3.513533e-01	1.191704e+01
29	-2.787415e+00	2.227446e+00	-2.796546e+00	2.310801e+01	-3.960840e+00	2.000000e-01	-3.954768e+00	1.764812e+00	1.003031e+00	9.034221e-02	7.531957e-02	1.189550e+01
30	1.182601e+00	2.377073e+00	1.167058e+00	2.539302e+01	3.970016e+00	1.496261e-01	3.963604e+00	2.285007e+00	9.962523e-01	9.008671e-02	1.190315e-01	1.189714e+01
31	-2.663570e+00	2.291184e+00	-2.673150e+00	2.471647e+01	-3.846171e+00	-8.588898e-02	-3.840208e+00	-6.765439e-01	9.964075e-01	9.009018e-02	-5.563304e-02	1.189324e+01
32	1.145491e+00	2.313904e+00	1.130575e+00	2.441909e+01	3.809061e+00	2.272053e-02	3.803725e+00	-2.973869e-01	9.977886e-01	9.009842e-02	-1.335963e-01	1.189278e+01
33	-2.710890e+00	2.460010e+00	-2.720428e+00	2.511646e+01	-3.856381e+00	1.461064e-01	-3.851003e+00	6.973746e-01	1.001326e+00	8.996438e-02	2.037282e-01	1.188000e+01
34	1.186923e+00	2.612626e+00	1.171660e+00	2.731047e+01	3.897813e+00	1.526158e-01	3.892088e+00	2.194009e+00	9.960300e-01	8.975700e-02	1.148644e-01	1.187652e+01
35	-2.619331e+00	2.492289e+00	-2.629066e+00	2.588507e+01	-3.806254e+00	-1.203369e-01	-3.800726e+00	-1.425399e+00	9.957631e-01	8.974856e-02	1.823488e-02	1.187346e+01
36	1.263335e+00	2.562022e+00	1.248130e+00	2.681323e+01	3.882666e+00	6.973299e-02	3.877196e+00	9.281632e-01	9.967829e-01	8.976688e-02	2.458212e-02	1.187358e+01
37	-2.596647e+00	2.553590e+00	-2.606172e+00	2.731881e+01	-3.859981e+00	-8.432684e-03	-3.854302e+00	5.055802e-01	9.980808e-01	8.976971e-02	-1.274376e-01	1.187324e+01
38	1.320371e+00	2.486151e+00	1.305033e+00	2.523317e+01	3.917018e+00	-6.743813e-02	3.911205e+00	-2.085643e+00	9.997450e-01	8.974106e-02	-2.959878e-01	1.187615e+01
39	-2.517983e+00	2.686151e+00	-2.527593e+00	2.759231e+01	-3.838355e+00	2.000000e-01	-3.832627e+00	2.359141e+00	1.002614e+00	8.959155e-02	-4.550108e-02	1.186309e+01
40	1.275652e+00	2.663334e+00	1.260796e+00	2.742518e+01	3.793635e+00	-2.281750e-02	3.788389e+00	-1.671357e-01	9.997298e-01	8.960890e-02	1.521600e-02	1.186273e+01
41	-2.649297e+00	2.681373e+00	-2.658567e+00	2.820791e+01	-3.924949e+00	1.803916e-02	-3.919362e+00	7.827309e-01	9.991065e-01	8.961176e-02	-1.194156e-01	1.186335e+01
42	1.114549e+00	2.601947e+00	1.099810e+00	2.790917e+01	3.763845e+00	-7.942571e-02	3.758377e+00	-2.987355e-01	1.000215e+00	8.958838e-02	1.222316e-01	1.185825e+01
43	-2.700538e+00	2.560279e+00	-2.710237e+00	2.667040e+01	-3.815087e+00	-4.166834e-02	-3.810047e+00	-1.238770e+00	9.981149e-01	8.956545e-02	1.831599e-01	1.185891e+01
44	1.302460e+00	2.749457e+00	1.286786e+00	2.832889e+01	4.002999e+00	1.891784e-01	3.997023e+00	1.658487e+00	9.948776e-01	8.941246e-02	-9.440343e-02	1.184580e+01
45	-2.513607e+00	2.773737e+00	-2.523306e+00	2.752235e+01	-3.816068e+00	2.427903e-02	-3.810092e+00	-8.065403e-01	9.983232e-01	8.939053e-02	2.239312e-01	1.184377e+01
46	1.168920e+00	2.935306e+00	1.154498e+00	2.950431e+01	3.682528e+00	1.615693e-01	3.677803e+00	1.981961e+00	9.954072e-01	8.926260e-02	5.419444e-02	1.183632e+01
47	-2.691377e+00	2.815560e+00	-2.700898e+00	2.849649e+01	-3.860297e+00	-1.197463e-01	-3.855395e+00	-1.007824e+00	9.958708e-01	8.927698e-02	-7.994249e-02	1.183216e+01
48	1.127795e+00	2.782484e+00	1.112839e+00	2.805288e+01	3.819172e+00	-3.307576e-02	3.813737e+00	-4.436040e-01	9.987774e-01	8.925181e-02	-2.458741e-02	1.183168e+01
49	-2.730073e+00	2.817247e+00	-2.739605e+00	2.937307e+01	-3.857867e+00	3.476340e-02	-3.852444e+00	1.320192e+00	9.992974e-01	8.924712e-02	-2.012829e-01	1.183328e+01
50	1.009551e+00	2.643868e+00	9.949057e-01	2.884611e+01	3.739624e+00	-1.733796e-01	3.734511e+00	-5.269589e-01	1.002179e+00	8.911354e-02	3.039252e-01	1.180985e+01
51	-2.842596e+00	2.479507e+00	-2.852150e+00	2.784056e+01	-3.852147e+00	-1.643608e-01	-3.847055e+00	-1.005551e+00	9.960749e-01	8.885311e-02	-1.530907e-01	1.179035e+01
52	8.349103e-01	2.444706e+00	8.205078e-01	2.743165e+01	3.677506e+00	-3.480106e-02	3.672657e+00	-4.089145e-01	9.989277e-01	8.882611e-02	-2.608573e-02	1.178915e+01
53	-3.013943e+00	2.508046e+00	-3.023509e+00	2.852240e+01	-3.848853e+00	6.334046e-02	-3.844016e+00	1.090750e+00	9.999966e-01	8.880852e-02	-7.905207e-02	1.179002e+01
54	6.040142e-01	2.433329e+00	5.898442e-01	2.706062e+01	3.617957e+00	-7.471685e-02	3.613353e+00	-1.461778e+00	1.000462e+00	8.879891e-02	-1.461887e-01	1.179141e+01
55	3.046603e+00	2.569083e+00	3.037006e+00	2.970100e+01	2.442589e+00	1.357532e-01	2.447162e+00	2.640378e+00	9.979598e-01	8.865986e-02	2.597227e-01	1.181397e+01
56	2.235422e+00	2.369083e+00	2.238553e+00	2.757581e+01	-8.111812e-01	-2.000000e-01	-7.984533e-01	-2.125187e+00	9.897324e-01	8.663136e-02	1.316799e-01	1.178240e+01
57	6.987262e-01	2.378739e+00	7.047412e-01	2.813293e+01	-1.536695e+00	9.656112e-03	-1.533812e+00	5.571142e-01	9.943283e-01	8.660248e-02	-8.444243e-02	1.178376e+01
58	7.276603e-01	2.288237e+00	7.275708e-01	2.689849e+01	2.893412e-02	-9.050144e-02	2.282964e-02	-1.234440e+00	9.943543e-01	8.652128e-02	-8.670746e-02	1.179084e+01
59	1.518918e+00	2.346773e+00	1.515827e+00	2.810279e+01	7.912574e-01	5.853594e-02	7.882557e-01	1.204306e+00	9.933254e-01	8.644517e-02	7.987520e-02	1.180317e+01
60	1.185105e+00	2.216846e+00	1.186397e+00	2.678731e+01	-3.338130e-01	-1.299273e-01	-3.294299e-01	-1.315479e+00	9.913308e-01	8.566882e-02	4.340888e-02	1.178897e+01
61	5.763518e-01	2.218083e+00	5.787348e-01	2.581013e+01	-6.087530e-01	1.237211e-03	-6.076619e-01	-9.771783e-01	9.923779e-01	8.566669e-02	2.789081e-01	1.178849e+01
62	6.813292e-01	2.374805e+00	6.809285e-01	2.758385e+01	1.049774e-01	1.567214e-01	1.021937e-01	1.773715e+00	9.916230e-01	8.453962e-02	2.738582e-01	1.178096e+01
63	1.010679e+00	2.275000e+00	1.009390e+00	2.662224e+01	3.293493e-01	-9.980446e-02	3.284620e-01	-9.616086e-01	9.931456e-01	8.407822e-02	2.921706e-01	1.177541e+01
64	7.393783e-01	2.225785e+00	7.404330e-01	2.764079e+01	-2.713002e-01	-4.921463e-02	-2.689574e-01	1.018547e+00	9.925719e-01	8.397415e-02	8.393218e-02	1.173763e+01
65	5.579390e-01	2.025785e+00	5.586519e-01	2.578200e+01	-1.814393e-01	-2.000000e-01	-1.817811e-01	-1.858792e+00	9.913158e-01	8.258964e-02	4.202670e-02	1.169144e+01
66	7.410759e-01	1.977214e+00	7.403633e-01	2.613419e+01	1.831369e-01	-4.857135e-02	1.817114e-01	3.521948e-01	9.916727e-01	8.249498e-02	1.199941e-01	1.167076e+01
67	8.076576e-01	1.823374e+00	8.073948e-01	2.406477e+01	6.658175e-02	-1.538397e-01	6.703148e-02	-2.069424e+00	9.920999e-01	8.150809e-02	1.111994e-01	1.169108e+01
68	6.259030e-01	1.919993e+00	6.266119e-01	2.688339e+01	-1.817547e-01	9.661829e-02	-1.807828e-01	2.818626e+00	9.928049e-01	8.113331e-02	-3.330601e-02	1.176790e+01
69	6.169489e-01	1.719993e+00	6.169866e-01	2.394430e+01	-8.954116e-03	-2.000000e-01	-9.625322e-03	-2.939089e+00	9.927403e-01	7.969057e-02	-3.086340e-02	1.182246e+01
70	7.626490e-01	1.805181e+00	7.620800e-01	2.570788e+01	1.457002e-01	8.518850e-02	1.450934e-01	1.763578e+00	9.923078e-01	7.943772e-02	2.105974e-02	1.185281e+01
71	7.105177e-01	1.605181e+00	7.107191e-01	2.395231e+01	-5.213137e-02	-2.000000e-01	-5.136096e-02	-1.755576e+00	9.919137e-01	7.792561e-02	6.123035e-03	1.179551e+01
72	6.488058e-01	1.519551e+00	6.490476e-01	2.441796e+01	-6.171187e-02	-8.562993e-02	-6.167143e-02	4.656537e-01	9.917325e-01	7.767425e-02	-3.690582e-02	1.173580e+01
73	7.097215e-01	1.319551e+00	7.094845e-01	2.198627e+01	6.091574e-02	-2.000000e-01	6.043688e-02	-2.431689e+00	9.921731e-01	7.622770e-02	-3.923568e-02	1.174345e+01
74	7.439991e-01	1.386499e+00	7.438643e-01	2.377530e+01	3.427760e-02	6.694748e-02	3.437979e-02	1.789033e+00	9.920963e-01	7.607762e-02	-2.293182e-02	1.177530e+01
75	6.946977e-01	1.186499e+00	6.948897e-01	2.009535e+01	-4.930148e-02	-2.000000e-01	-4.897460e-02	-3.679959e+00	9.917488e-01	7.466802e-02	7.476299e-03	1.189865e+01
76	6.954696e-01	1.386499e+00	6.954674e-01	2.311007e+01	7.719630e-04	2.000000e-01	5.776405e-04	3.014723e+00	9.917434e-01	7.325964e-02	7.704572e-03	1.195779e+01
77	7.341011e-01	1.186499e+00	7.339502e-01	2.003899e+01	3.863151e-02	-2.000000e-01	3.848287e-02	-3.071075e+00	9.920098e-01	7.188014e-02	-4.516443e-03	1.202106e+01
78	7.321150e-01	1.331445e+00	7.321222e-01	2.167972e+01	-1.986151e-03	1.449466e-01	-1.828069e-03	1.640721e+00	9.920194e-01	7.117996e-02	-4.421494e-03	1.201413e+01
79	7.155790e-01	1.180205e+00	7.156437e-01	2.006418e+01	-1.653595e-02	-1.512400e-01	-1.647849e-02	-1.615531e+00	9.919364e-01	7.042074e-02	-5.985414e-03	1.199983e+01
80	7.297096e-01	1.147056e+00	7.296546e-01	2.018673e+01	1.413054e-02	-3.314968e-02	1.401098e-02	1.225489e-01	9.919520e-01	7.038409e-02	-2.494591e-03	1.199164e+01
81	7.431669e-01	1.002638e+00	7.431141e-01	1.923007e+01	1.345734e-02	-1.444182e-01	1.345950e-02	-9.566616e-01	9.920170e-01	6.968656e-02	2.408980e-03	1.193902e+01
82	7.373607e-01	8.908443e-01	7.373832e-01	1.710052e+01	-5.806236e-03	-1.117932e-01	-5.730979e-03	-2.129552e+00	9.919956e-01	6.927393e-02	4.587460e-03	1.198096e+01
83	7.368553e-01	1.066984e+00	7.368574e-01	2.090472e+01	-5.053538e-04	1.761394e-01	-5.257664e-04	3.804204e+00	9.919985e-01	6.826662e-02	4.187065e-03	1.212052e+01
84	7.477196e-01	8.669837e-01	7.476772e-01	1.860640e+01	1.086428e-02	-2.000000e-01	1.081979e-02	-2.298319e+00	9.920678e-01	6.699111e-02	4.823189e-03	1.210881e+01
85	7.520608e-01	7.490191e-01	7.520436e-01	1.639879e+01	4.341159e-03	-1.179646e-01	4.366466e-03	-2.207619e+00	9.920841e-01	6.654804e-02	3.227496e-03	1.215217e+01
86	7.487558e-01	8.464722e-01	7.487686e-01	1.863533e+01	-3.304982e-03	9.745315e-02	-3.275015e-03	2.236546e+00	9.920942e-01	6.624943e-02	1.583358e-03	1.220065e+01
87	7.536748e-01	6.464722e-01	7.536557e-01	1.652369e+01	4.919050e-03	-2.000000e-01	4.887042e-03	-2.111638e+00	9.921246e-01	6.501475e-02	2.335819e-03	1.217006e+01
88	7.614993e-01	5.353973e-01	7.614686e-01	1.618439e+01	7.824450e-03	-1.110750e-01	7.812976e-03	-3.393017e-01	9.921514e-01	6.463345e-02	6.075589e-03	1.211697e+01
89	7.719181e-01	3.353973e-01	7.718773e-01	1.377259e+01	1.041880e-02	-2.000000e-01	1.040862e-02	-2.411808e+00	9.922145e-01	6.342289e-02	6.131490e-03	1.211589e+01
90	7.778802e-01	4.013117e-01	7.778568e-01	1.436035e+01	5.962152e-03	6.591446e-02	5.979521e-03	5.877687e-01	9.922029e-01	6.329428e-02	5.535578e-03	1.210931e+01
91	7.809132e-01	2.701619e-01	7.809013e-01	1.189756e+01	3.032987e-03	-1.311499e-01	3.044497e-03	-2.462794e+00	9.922148e-01	6.277940e-02	4.286208e-03	1.216333e+01
92	7.840610e-01	4.701619e-01	7.840487e-01	1.288099e+01	3.147826e-03	2.000000e-01	3.147423e-03	9.834281e-01	9.921964e-01	6.161223e-02	2.161761e-03	1.202835e+01
93	7.847859e-01	4.360852e-01	7.847830e-01	1.255139e+01	7.248298e-04	-3.407671e-02	7.342931e-04	-3.295978e-01	9.921971e-01	6.157802e-02	2.189388e-03	1.202705e+01
94	7.877395e-01	2.895894e-01	7.877279e-01	9.175437e+00	2.953605e-03	-1.464958e-01	2.944936e-03	-3.375953e+00	9.922097e-01	6.095597e-02	-5.100836e-05	1.213817e+01
95	7.892295e-01	4.895894e-01	7.892236e-01	1.143540e+01	1.489985e-03	2.000000e-01	1.495669e-03	2.259968e+00	9.922012e-01	5.982213e-02	-1.673465e-04	1.212256e+01
96	7.897810e-01	2.895894e-01	7.897788e-01	8.731397e+00	5.515229e-04	-2.000000e-01	5.552110e-04	-2.704007e+00	9.922043e-01	5.870705e-02	-2.391312e-04	1.214859e+01
97	7.898668e-01	4.393243e-01	7.898664e-01	9.818143e+00	8.579187e-05	1.497349e-01	8.762554e-05	1.086745e+00	9.922040e-01	5.808894e-02	-2.686434e-04	1.209708e+01
98	7.900627e-01	2.944439e-01	7.900620e-01	8.980544e+00	1.959520e-04	-1.448804e-01	1.955289e-04	-8.375983e-01	9.922047e-01	5.751571e-02	-1.843593e-04	1.203476e+01
99	7.904609e-01	1.024335e-01	7.904593e-01	4.882427e+00	3.981575e-04	-1.920104e-01	3.973660e-04	-4.098117e+00	9.922068e-01	5.652651e-02	-5.162669e-04	1.219483e+01
100	7.902322e-01	3.024335e-01	7.902331e-01	6.958434e+00	-2.286805e-04	2.000000e-01	-2.262350e-04	2.076007e+00	9.922080e-01	5.547362e-02	-4.776142e-04	1.216102e+01
101	7.898158e-01	1.539833e-01	7.898174e-01	5.883240e+00	-4.164388e-04	-1.484502e-01	-4.156958e-04	-1.075194e+00	9.922064e-01	5.489944e-02	-6.204623e-04	1.211010e+01
102	7.895864e-01	7.685948e-02	7.895873e-01	3.870082e+00	-2.293377e-04	-7.712380e-02	-2.300657e-04	-2.013158e+00	9.922059e-01	5.474488e-02	-5.032499e-04	1.214952e+01
103	7.898119e-01	2.768595e-01	7.898110e-01	7.225914e+00	2.254892e-04	2.000000e-01	2.237097e-04	3.355832e+00	9.922048e-01	5.372512e-02	-4.060207e-04	1.223575e+01
104	7.890826e-01	7.685948e-02	7.890855e-01	6.597833e+00	-7.292728e-04	-2.000000e-01	-7.255502e-04	-6.280811e-01	9.922011e-01	5.272454e-02	-1.023799e-03	1.206633e+01
105	7.881910e-01	0.000000e+00	7.881945e-01	3.825426e+00	-8.916734e-04	-7.685948e-02	-8.910245e-04	-2.772407e+00	9.921994e-01	5.257726e-02	-2.446620e-04	1.213349e+01
106	7.874027e-01	0.000000e+00	7.874058e-01	2.182883e+00	-7.882657e-04	0.000000e+00	-7.886671e-04	-1.642544e+00	9.921994e-01	5.257726e-02	1.000000e+00	1.200000e+01
107	7.876021e-01	1.079871e-01	7.876013e-01	2.116809e+00	1.993830e-04	1.079871e-01	1.955234e-04	-6.607381e-02	9.921989e-01	5.228760e-02	9.998717e-01	1.193054e+01
108	7.878026e-01	8.241600e-02	7.878018e-01	1.632574e+00	2.005211e-04	-2.557114e-02	2.005015e-04	-4.842346e-01	9.921990e-01	5.227135e-02	9.998547e-01	1.193271e+01
109	7.871673e-01	0.000000e+00	7.871698e-01	0.000000e+00	-6.353407e-04	-8.241600e-02	-6.320757e-04	-1.632574e+00	9.921977e-01	5.210334e-02	1.000050e+00	1.195802e+01
110	7.874012e-01	0.000000e+00	7.874003e-01	0.000000e+00	2.339669e-04	0.000000e+00	2.305839e-04	0.000000e+00	9.921977e-01	5.210334e-02	1.000000e+00	1.200000e+01
111	7.872263e-01	0.000000e+00	7.872270e-01	0.000000e+00	-1.749268e-04	0.000000e+00	-1.733428e-04	0.000000e+00	9.921977e-01	5.210334e-02	1.000000e+00	1.200000e+01
112	7.871965e-01	0.000000e+00	7.871966e-01	4.959434e-01	-2.981685e-05	0.000000e+00	-3.037750e-05	4.959434e-01	9.921977e-01	5.210334e-02	1.000000e+00	1.200000e+01
113	7.881000e-01	0.000000e+00	7.880965e-01	0.000000e+00	9.035276e-04	0.000000e+00	8.998796e-04	-4.959434e-01	9.921977e-01	5.210334e-02	1.000000e+00	1.200000e+01
114	7.870847e-01	0.000000e+00	7.870887e-01	0.000000e+00	-1.015317e-03	0.000000e+00	-1.007836e-03	0.000000e+00	9.921977e-01	5.210334e-02	1.000000e+00	1.200000e+01
115	7.873958e-01	0.000000e+00	7.873946e-01	0.000000e+00	3.110642e-04	0.000000e+00	3.059123e-04	0.000000e+00	9.921977e-01	5.210334e-02	1.000000e+00	1.200000e+01
116	7.874642e-01	0.000000e+00	7.874639e-01	0.000000e+00	6.841265e-05	0.000000e+00	6.934038e-05	0.000000e+00	9.921977e-01	5.210334e-02	1.000000e+00	1.200000e+01
117	7.873519e-01	0.000000e+00	7.873523e-01	8.313105e-01	-1.122836e-04	0.000000e+00	-1.115741e-04	8.313105e-01	9.921977e-01	5.210334e-02	1.000000e+00	1.200000e+01
118	7.875769e-01	0.000000e+00	7.875760e-01	0.000000e+00	2.249897e-04	0.000000e+00	2.236750e-04	-8.313105e-01	9.921977e-01	5.210334e-02	1.000000e+00	1.200000e+01
119	7.873907e-01	0.000000e+00	7.873914e-01	0.000000e+00	-1.862360e-04	0.000000e+00	-1.846348e-04	0.000000e+00	9.921977e-01	5.210334e-02	1.000000e+00	1.200000e+01
120	7.874707e-01	0.000000e+00	7.874703e-01	0.000000e+00	7.999993e-05	0.000000e+00	7.896620e-05	0.000000e+00	9.921977e-01	5.210334e-02	1.000000e+00	1.200000e+01
121	7.874598e-01	0.000000e+00	7.874598e-01	0.000000e+00	-1.085899e-05	0.000000e+00	-1.050811e-05	0.000000e+00	9.921977e-01	5.210334e-02	1.000000e+00	1.200000e+01
122	7.874476e-01	0.000000e+00	7.874476e-01	0.000000e+00	-1.222062e-05	0.000000e+00	-1.221393e-05	0.000000e+00	9.921977e-01	5.210334e-02	1.000000e+00	1.200000e+01
123	7.874576e-01	0.000000e+00	7.874575e-01	0.000000e+00	9.979192e-06	0.000000e+00	9.892500e-06	0.000000e+00	1.000000e+00	1.000000e-01	1.000000e+00	1.200000e+01
124	7.874528e-01	0.000000e+00	7.874528e-01	0.000000e+00	-4.731688e-06	0.000000e+00	-4.674562e-06	0.000000e+00	1.000000e+00	1.000000e-01	1.000000e+00	1.200000e+01
125	7.874555e-01	0.000000e+00	7.874555e-01	0.000000e+00	2.665663e-06	0.000000e+00	2.636991e-06	0.000000e+00	1.000000e+00	1.000000e-01	1.000000e+00	1.200000e+01
126	7.874543e-01	0.000000e+00	7.874543e-01	0.000000e+00	-1.203861e-06	0.000000e+00	-1.188857e-06	0.000000e+00	1.000000e+00	1.000000e-01	1.000000e+00	1.200000e+01
127	7.874547e-01	0.000000e+00	7.874547e-01	1.196124e+00	3.989105e-07	0.000000e+00	3.927082e-07	1.196124e+00	1.000000e+00	1.000000e-01	1.000000e+00	1.200000e+01
128	7.880041e-01	0.000000e+00	7.880020e-01	0.000000e+00	5.494157e-04	0.000000e+00	5.472711e-04	-1.196124e+00	1.000000e+00	1.000000e-01	1.000000e+00	1.200000e+01
129	7.873077e-01	0.000000e+00	7.873104e-01	0.000000e+00	-6.963647e-04	0.000000e+00	-6.915068e-04	0.000000e+00	1.000000e+00	1.000000e-01	1.000000e+00	1.200000e+01
130	7.874149e-01	0.000000e+00	7.874145e-01	2.895959e-01	1.071404e-04	0.000000e+00	1.040207e-04	2.895959e-01	1.000000e+00	1.000000e-01	1.000000e+00	1.200000e+01
131	7.881923e-01	0.000000e+00	7.881893e-01	0.000000e+00	7.774513e-04	0.000000e+00	7.748207e-04	-2.895959e-01	1.000000e+00	1.000000e-01	1.000000e+00	1.200000e+01
132	7.856942e-01	0.000000e+00	7.857040e-01	2.180365e-02	-2.498081e-03	0.000000e+00	-2.485296e-03	2.180365e-02	1.000000e+00	1.000000e-01	1.000000e+00	1.200000e+01
133	7.870478e-01	0.000000e+00	7.870425e-01	1.100915e-01	1.353536e-03	0.000000e+00	1.338541e-03	8.828786e-02	1.000000e+00	1.000000e-01	1.000000e+00	1.200000e+01
134	7.880104e-01	0.000000e+00	7.880066e-01	0.000000e+00	9.625949e-04	0.000000e+00	9.640635e-04	-1.100915e-01	1.000000e+00	1.000000e-01	1.000000e+00	1.200000e+01
135	7.872479e-01	0.000000e+00	7.872509e-01	0.000000e+00	-7.624694e-04	0.000000e+00	-7.557251e-04	0.000000e+00	1.000000e+00	1.000000e-01	1.000000e+00	1.200000e+01
136	7.882483e-01	0.000000e+00	7.882444e-01	0.000000e+00	1.000429e-03	0.000000e+00	9.935686e-04	0.000000e+00	1.000000e+00	1.000000e-01	1.000000e+00	1.200000e+01
137	7.870263e-01	0.000000e+00	7.870311e-01	4.355373e-02	-1.222003e-03	0.000000e+00	-1.213348e-03	4.355373e-02	1.000000e+00	1.000000e-01	1.000000e+00	1.200000e+01
138	7.873575e-01	0.000000e+00	7.873562e-01	0.000000e+00	3.311382e-04	0.000000e+00	3.251050e-04	-4.355373e-02	1.000000e+00	1.000000e-01	1.000000e+00	1.200000e+01
139	7.881780e-01	0.000000e+00	7.881748e-01	0.000000e+00	8.205192e-04	0.000000e+00	8.185840e-04	0.000000e+00	1.000000e+00	1.000000e-01	1.000000e+00	1.200000e+01
140	7.871237e-01	0.000000e+00	7.871278e-01	0.000000e+00	-1.054303e-03	0.000000e+00	-1.046987e-03	0.000000e+00	1.000000e+00	1.000000e-01	1.000000e+00	1.200000e+01
141	7.880610e-01	0.000000e+00	7.880573e-01	0.000000e+00	9.372827e-04	0.000000e+00	9.295317e-04	0.000000e+00	1.000000e+00	1.000000e-01	1.000000e+00	1.200000e+01
142	7.873140e-01	0.000000e+00	7.873169e-01	0.000000e+00	-7.469861e-04	0.000000e+00	-7.404372e-04	0.000000e+00	1.000000e+00	1.000000e-01	1.000000e+00	1.200000e+01
143	7.879530e-01	0.000000e+00	7.879506e-01	0.000000e+00	6.390657e-04	0.000000e+00	6.336770e-04	0.000000e+00	9.999999e-01	1.000000e-01	1.000000e+00	1.200000e+01
144	7.874868e-01	0.000000e+00	7.874886e-01	0.000000e+00	-4.662430e-04	0.000000e+00	-4.619464e-04	0.000000e+00	9.999999e-01	1.000000e-01	1.000000e+00	1.200000e+01
145	7.877811e-01	0.000000e+00	7.877800e-01	0.000000e+00	2.943237e-04	0.000000e+00	2.913696e-04	0.000000e+00	9.999999e-01	1.000000e-01	1.000000e+00	1.200000e+01
146	7.875670e-01	0.000000e+00	7.875678e-01	1.229346e-01	-2.141658e-04	0.000000e+00	-2.121910e-04	1.229346e-01	9.999999e-01	1.000000e-01	1.000000e+00	1.200000e+01
147	7.876034e-01	0.000000e+00	7.876033e-01	0.000000e+00	3.645996e-05	0.000000e+00	3.548867e-05	-1.229346e-01	9.999999e-01	1.000000e-01	1.000000e+00	1.200000e+01
148	7.877422e-01	0.000000e+00	7.877416e-01	0.000000e+00	1.387660e-04	0.000000e+00	1.383626e-04	0.000000e+00	9.999999e-01	1.000000e-01	1.000000e+00	1.200000e+01
149	7.875526e-01	0.000000e+00	7.875533e-01	2.051560e-01	-1.896298e-04	0.000000e+00	-1.883486e-04	2.051560e-01	9.999999e-01	1.000000e-01	1.000000e+00	1.200000e+01
150	7.876151e-01	0.000000e+00	7.876149e-01	1.292471e-01	6.255900e-05	0.000000e+00	6.157889e-05	-7.590892e-02	9.999999e-01	1.000000e-01	1.000000e+00	1.200000e+01
151	7.876716e-01	0.000000e+00	7.876713e-01	0.000000e+00	5.644219e-05	0.000000e+00	5.646226e-05	-1.292471e-01	9.999999e-01	1.000000e-01	1.000000e+00	1.200000e+01
152	7.876804e-01	0.000000e+00	7.876804e-01	0.000000e+00	8.862480e-06	0.000000e+00	9.048416e-06	0.000000e+00	1.000000e+00	1.000000e-01	1.000000e+00	1.200000e+01
153	7.883814e-01	0.000000e+00	7.883786e-01	0.000000e+00	7.009637e-04	0.000000e+00	6.982609e-04	0.000000e+00	1.000000e+00	1.000000e-01	1.000000e+00	1.200000e+01
154	7.883089e-01	0.000000e+00	7.883092e-01	0.000000e+00	-7.250971e-05	0.000000e+00	-6.949888e-05	0.000000e+00	1.000000e+00	1.000000e-01	1.000000e+00	1.200000e+01
155	7.881561e-01	0.000000e+00	7.881567e-01	0.000000e+00	-1.527345e-04	0.000000e+00	-1.524094e-04	0.000000e+00	1.000000e+00	1.000000e-01	1.000000e+00	1.200000e+01
156	7.882689e-01	2.885261e-03	7.882685e-01	0.000000e+00	1.127814e-04	2.885261e-03	1.117455e-04	0.000000e+00	1.000000e+00	9.999960e-02	9.999981e-01	1.199995e+01
157	7.882077e-01	1.112067e-02	7.882080e-01	1.225562e+00	-6.118567e-05	8.235411e-03	-6.051016e-05	1.225562e+00	1.000000e+00	9.999638e-02	9.999654e-01	1.200436e+01
158	7.882040e-01	0.000000e+00	7.882040e-01	0.000000e+00	-3.754925e-06	-1.112067e-02	-3.976625e-06	-1.225562e+00	1.000000e+00	1.000000e-01	9.999673e-01	1.201013e+01
159	7.863706e-01	0.000000e+00	7.863778e-01	0.000000e+00	-1.833368e-03	0.000000e+00	-1.826222e-03	0.000000e+00	1.000000e+00	1.000000e-01	1.000000e+00	1.200000e+01
160	7.881449e-01	0.000000e+00	7.881380e-01	0.000000e+00	1.774260e-03	0.000000e+00	1.760196e-03	0.000000e+00	1.000000e+00	1.000000e-01	1.000000e+00	1.200000e+01
161	7.884070e-01	0.000000e+00	7.884060e-01	0.000000e+00	2.621423e-04	0.000000e+00	2.679940e-04	0.000000e+00	1.000000e+00	1.000000e-01	1.000000e+00	1.200000e+01
162	7.879167e-01	0.000000e+00	7.879186e-01	0.000000e+00	-4.903686e-04	0.000000e+00	-4.874062e-04	0.000000e+00	1.000000e+00	1.000000e-01	1.000000e+00	1.200000e+01
163	7.880527e-01	0.000000e+00	7.880522e-01	1.381660e+00	1.360249e-04	0.000000e+00	1.335896e-04	1.381660e+00	1.000000e+00	1.000000e-01	1.000000e+00	1.200000e+01
164	7.873374e-01	0.000000e+00	7.873402e-01	0.000000e+00	-7.152571e-04	0.000000e+00	-7.119413e-04	-1.381660e+00	1.000000e+00	1.000000e-01	1.000000e+00	1.200000e+01
165	7.876645e-01	0.000000e+00	7.876632e-01	0.000000e+00	3.270337e-04	0.000000e+00	3.229752e-04	0.000000e+00	1.000000e+00	1.000000e-01	1.000000e+00	1.200000e+01
166	7.874149e-01	0.000000e+00	7.874158e-01	0.000000e+00	-2.495883e-04	0.000000e+00	-2.473518e-04	0.000000e+00	1.000000e+00	1.000000e-01	1.000000e+00	1.200000e+01
167	7.877997e-01	0.000000e+00	7.877982e-01	6.924986e-02	3.848054e-04	0.000000e+00	3.823360e-04	6.924986e-02	1.000000e+00	1.000000e-01	1.000000e+00	1.200000e+01
168	7.877411e-01	0.000000e+00	7.877413e-01	9.309213e-01	-5.858837e-05	0.000000e+00	-5.686601e-05	8.616715e-01	1.000000e+00	1.000000e-01	1.000000e+00	1.200000e+01
169	7.875434e-01	0.000000e+00	7.875442e-01	0.000000e+00	-1.977034e-04	0.000000e+00	-1.971532e-04	-9.309213e-01	1.000000e+00	1.000000e-01	1.000000e+00	1.200000e+01
170	7.873610e-01	0.000000e+00	7.873617e-01	0.000000e+00	-1.823809e-04	0.000000e+00	-1.824386e-04	0.000000e+00	1.000000e+00	1.000000e-01	1.000000e+00	1.200000e+01
171	7.876202e-01	0.000000e+00	7.876192e-01	0.000000e+00	2.592232e-04	0.000000e+00	2.574980e-04	0.000000e+00	1.000000e+00	1.000000e-01	1.000000e+00	1.200000e+01
172	7.873226e-01	0.000000e+00	7.873238e-01	0.000000e+00	-2.975835e-04	0.000000e+00	-2.954152e-04	0.000000e+00	1.000000e+00	1.000000e-01	1.000000e+00	1.200000e+01
173	7.877550e-01	0.000000e+00	7.877533e-01	0.000000e+00	4.323149e-04	0.000000e+00	4.294723e-04	0.000000e+00	1.000000e+00	1.000000e-01	1.000000e+00	1.200000e+01
174	7.870200e-01	0.000000e+00	7.870228e-01	0.000000e+00	-7.349822e-04	0.000000e+00	-7.304336e-04	0.000000e+00	1.000000e+00	1.000000e-01	1.000000e+00	1.200000e+01
175	7.877780e-01	0.000000e+00	7.877750e-01	0.000000e+00	7.580068e-04	0.000000e+00	7.521926e-04	0.000000e+00	1.000000e+00	1.000000e-01	1.000000e+00	1.200000e+01
176	7.877392e-01	0.000000e+00	7.877393e-01	0.000000e+00	-3.880006e-05	0.000000e+00	-3.571025e-05	0.000000e+00	1.000000e+00	1.000000e-01	1.000000e+00	1.200000e+01
177	7.866881e-01	0.000000e+00	7.866922e-01	0.000000e+00	-1.051034e-03	0.000000e+00	-1.047068e-03	0.000000e+00	1.000000e+00	1.000000e-01	1.000000e+00	1.200000e+01
178	7.888180e-01	0.000000e+00	7.888097e-01	0.000000e+00	2.129887e-03	0.000000e+00	2.117477e-03	0.000000e+00	1.000000e+00	1.000000e-01	1.000000e+00	1.200000e+01
179	7.848104e-01	0.000000e+00	7.848260e-01	0.000000e+00	-4.007616e-03	0.000000e+00	-3.983689e-03	0.000000e+00	9.999999e-01	1.000000e-01	1.000000e+00	1.200000e+01
180	7.916699e-01	0.000000e+00	7.916432e-01	0.000000e+00	6.859481e-03	0.000000e+00	6.817124e-03	0.000000e+00	9.999998e-01	1.000000e-01	1.000000e+00	1.200000e+01
181	7.790603e-01	0.000000e+00	7.791094e-01	0.000000e+00	-1.260964e-02	0.000000e+00	-1.253375e-02	0.000000e+00	9.999993e-01	1.000000e-01	1.000000e+00	1.200000e+01
182	7.858681e-01	0.000000e+00	7.858417e-01	0.000000e+00	6.807878e-03	0.000000e+00	6.732325e-03	0.000000e+00	9.999991e-01	1.000000e-01	1.000000e+00	1.200000e+01
183	7.889644e-01	0.000000e+00	7.889522e-01	0.000000e+00	3.096246e-03	0.000000e+00	3.110450e-03	0.000000e+00	9.999991e-01	1.000000e-01	1.000000e+00	1.200000e+01
184	7.869100e-01	0.000000e+00	7.869180e-01	5.118194e-02	-2.054340e-03	0.000000e+00	-2.034165e-03	5.118194e-02	9.999991e-01	1.000000e-01	1.000000e+00	1.200000e+01
185	7.876885e-01	0.000000e+00	7.876855e-01	0.000000e+00	7.784797e-04	0.000000e+00	7.674928e-04	-5.118194e-02	9.999991e-01	1.000000e-01	1.000000e+00	1.200000e+01
186	7.870508e-01	0.000000e+00	7.870533e-01	3.272680e-01	-6.377149e-04	0.000000e+00	-6.322258e-04	3.272680e-01	9.999991e-01	1.000000e-01	1.000000e+00	1.200000e+01
187	7.879843e-01	0.000000e+00	7.879807e-01	0.000000e+00	9.334837e-04	0.000000e+00	9.273676e-04	-3.272680e-01	9.999991e-01	1.000000e-01	1.000000e+00	1.200000e+01
188	7.871030e-01	0.000000e+00	7.871064e-01	0.000000e+00	-8.813198e-04	0.000000e+00	-8.742546e-04	0.000000e+00	9.999991e-01	1.000000e-01	1.000000e+00	1.200000e+01
189	7.871545e-01	0.000000e+00	7.871543e-01	0.000000e+00	5.149861e-05	0.000000e+00	4.788239e-05	0.000000e+00	9.999991e-01	1.000000e-01	1.000000e+00	1.200000e+01
190	7.873415e-01	0.000000e+00	7.873407e-01	0.000000e+00	1.869823e-04	0.000000e+00	1.864389e-04	0.000000e+00	9.999991e-01	1.000000e-01	1.000000e+00	1.200000e+01
191	7.871798e-01	0.000000e+00	7.871804e-01	0.000000e+00	-1.616985e-04	0.000000e+00	-1.603386e-04	0.000000e+00	9.999991e-01	1.000000e-01	1.000000e+00	1.200000e+01
192	7.873247e-01	0.000000e+00	7.873242e-01	0.000000e+00	1.449807e-04	0.000000e+00	1.437880e-04	0.000000e+00	9.999991e-01	1.000000e-01	1.000000e+00	1.200000e+01
193	7.871726e-01	0.000000e+00	7.871732e-01	0.000000e+00	-1.521293e-04	0.000000e+00	-1.509734e-04	0.000000e+00	9.999991e-01	1.000000e-01	1.000000e+00	1.200000e+01
194	7.873679e-01	0.000000e+00	7.873672e-01	4.078138e-01	1.953220e-04	0.000000e+00	1.939693e-04	4.078138e-01	9.999991e-01	1.000000e-01	1.000000e+00	1.200000e+01
195	7.881534e-01	0.000000e+00	7.881504e-01	0.000000e+00	7.855054e-04	0.000000e+00	7.831948e-04	-4.078138e-01	9.999991e-01	1.000000e-01	1.000000e+00	1.200000e+01
196	7.857903e-01	0.000000e+00	7.857995e-01	2.533445e-01	-2.363115e-03	0.000000e+00	-2.350824e-03	2.533445e-01	9.999991e-01	1.000000e-01	1.000000e+00	1.200000e+01
197	7.876976e-01	0.000000e+00	7.876902e-01	0.000000e+00	1.907309e-03	0.000000e+00	1.890676e-03	-2.533445e-01	9.999990e-01	1.000000e-01	1.000000e+00	1.200000e+01
198	7.872673e-01	0.000000e+00	7.872690e-01	0.000000e+00	-4.303120e-04	0.000000e+00	-4.212457e-04	0.000000e+00	9.999990e-01	1.000000e-01	1.000000e+00	1.200000e+01
199	7.873450e-01	0.000000e+00	7.873447e-01	0.000000e+00	7.770088e-05	0.000000e+00	7.575187e-05	0.000000e+00	9.999990e-01	1.000000e-01	1.000000e+00	1.200000e+01
200	7.873573e-01	0.000000e+00	7.873572e-01	0.000000e+00	1.225768e-05	0.000000e+00	1.250570e-05	0.000000e+00	9.999990e-01	1.000000e-01	1.000000e+00	1.200000e+01
201	7.873228e-01	0.000000e+00	7.873229e-01	0.000000e+00	-3.448323e-05	0.000000e+00	-3.429967e-05	0.000000e+00	9.999990e-01	1.000000e-01	1.000000e+00	1.200000e+01
202	7.873632e-01	0.000000e+00	7.873630e-01	9.437296e-01	4.040248e-05	0.000000e+00	4.011068e-05	9.437296e-01	9.999990e-01	1.000000e-01	1.000000e+00	1.200000e+01
203	7.880302e-01	0.000000e+00	7.880276e-01	0.000000e+00	6.670272e-04	0.000000e+00	6.645783e-04	-9.437296e-01	9.999990e-01	1.000000e-01	1.000000e+00	1.200000e+01
204	7.868635e-01	0.000000e+00	7.868681e-01	0.000000e+00	-1.166674e-03	0.000000e+00	-1.159521e-03	0.000000e+00	9.999990e-01	1.000000e-01	1.000000e+00	1.200000e+01
205	7.873242e-01	0.000000e+00	7.873224e-01	5.683444e-01	4.606473e-04	0.000000e+00	4.543185e-04	5.683444e-01	9.999990e-01	1.000000e-01	1.000000e+00	1.200000e+01
206	7.881946e-01	0.000000e+00	7.881911e-01	0.000000e+00	8.703643e-04	0.000000e+00	8.687391e-04	-5.683444e-01	9.999990e-01	1.000000e-01	1.000000e+00	1.200000e+01
207	7.869398e-01	0.000000e+00	7.869447e-01	0.000000e+00	-1.254775e-03	0.000000e+00	-1.246480e-03	0.000000e+00	9.999990e-01	1.000000e-01	1.000000e+00	1.200000e+01
208	7.873897e-01	0.000000e+00	7.873879e-01	0.000000e+00	4.498688e-04	0.000000e+00	4.432425e-04	0.000000e+00	9.999990e-01	1.000000e-01	1.000000e+00	1.200000e+01
209	7.874196e-01	0.000000e+00	7.874195e-01	0.000000e+00	2.992537e-05	0.000000e+00	3.153989e-05	0.000000e+00	9.999990e-01	1.000000e-01	1.000000e+00	1.200000e+01
210	7.872854e-01	0.000000e+00	7.872859e-01	0.000000e+00	-1.342050e-04	0.000000e+00	-1.335576e-04	0.000000e+00	9.999990e-01	1.000000e-01	1.000000e+00	1.200000e+01
211	7.873491e-01	0.000000e+00	7.873489e-01	0.000000e+00	6.375301e-05	0.000000e+00	6.298227e-05	0.000000e+00	9.999990e-01	1.000000e-01	1.000000e+00	1.200000e+01
212	7.873577e-01	0.000000e+00	7.873577e-01	0.000000e+00	8.607520e-06	0.000000e+00	8.819922e-06	0.000000e+00	1.000000e+00	1.000000e-01	1.000000e+00	1.200000e+01
213	7.873392e-01	0.000000e+00	7.873393e-01	0.000000e+00	-1.851048e-05	0.000000e+00	-1.840372e-05	0.000000e+00	1.000000e+00	1.000000e-01	1.000000e+00	1.200000e+01
214	7.873444e-01	0.000000e+00	7.873443e-01	0.000000e+00	5.133714e-06	0.000000e+00	5.041771e-06	0.000000e+00	1.000000e+00	1.000000e-01	1.000000e+00	1.200000e+01
215	7.873470e-01	0.000000e+00	7.873470e-01	0.000000e+00	2.655305e-06	0.000000e+00	2.664627e-06	0.000000e+00	1.000000e+00	1.000000e-01	1.000000e+00	1.200000e+01
216	7.873447e-01	0.000000e+00	7.873447e-01	0.000000e+00	-2.302256e-06	0.000000e+00	-2.282854e-06	0.000000e+00	1.000000e+00	1.000000e-01	1.000000e+00	1.200000e+01
217	7.873456e-01	0.000000e+00	7.873456e-01	0.000000e+00	8.841032e-07	0.000000e+00	8.717323e-07	0.000000e+00	1.000000e+00	1.000000e-01	1.000000e+00	1.200000e+01
218	7.873454e-01	0.000000e+00	7.873454e-01	0.000000e+00	-1.779458e-07	0.000000e+00	-1.738455e-07	0.000000e+00	1.000000e+00	1.000000e-01	1.000000e+00	1.200000e+01
219	7.873454e-01	0.000000e+00	7.873454e-01	0.000000e+00	-9.520575e-09	0.000000e+00	-1.016247e-08	0.000000e+00	1.000000e+00	1.000000e-01	1.000000e+00	1.200000e+01
220	7.873455e-01	0.000000e+00	7.873455e-01	5.735721e-01	5.976225e-08	0.000000e+00	5.948911e-08	5.735721e-01	1.000000e+00	1.000000e-01	1.000000e+00	1.200000e+01
221	7.881016e-01	0.000000e+00	7.880987e-01	0.000000e+00	7.561794e-04	0.000000e+00	7.532258e-04	-5.735721e-01	1.000000e+00	1.000000e-01	1.000000e+00	1.200000e+01
222	7.866106e-01	0.000000e+00	7.866164e-01	0.000000e+00	-1.491055e-03	0.000000e+00	-1.482288e-03	0.000000e+00	1.000000e+00	1.000000e-01	1.000000e+00	1.200000e+01
223	7.877713e-01	0.000000e+00	7.877668e-01	0.000000e+00	1.160715e-03	0.000000e+00	1.150390e-03	0.000000e+00	1.000000e+00	1.000000e-01	1.000000e+00	1.200000e+01
224	7.866041e-01	0.000000e+00	7.866087e-01	0.000000e+00	-1.167167e-03	0.000000e+00	-1.158114e-03	0.000000e+00	1.000000e+00	1.000000e-01	1.000000e+00	1.200000e+01
225	7.878225e-01	0.000000e+00	7.878178e-01	0.000000e+00	1.218390e-03	0.000000e+00	1.209107e-03	0.000000e+00	1.000000e+00	1.000000e-01	1.000000e+00	1.200000e+01
226	7.867200e-01	0.000000e+00	7.867243e-01	0.000000e+00	-1.102501e-03	0.000000e+00	-1.093471e-03	0.000000e+00	1.000000e+00	1.000000e-01	1.000000e+00	1.200000e+01
227	7.875568e-01	0.000000e+00	7.875536e-01	6.566611e-01	8.367874e-04	0.000000e+00	8.292473e-04	6.566611e-01	1.000000e+00	1.000000e-01	1.000000e+00	1.200000e+01
228	7.882454e-01	0.000000e+00	7.882427e-01	0.000000e+00	6.885990e-04	0.000000e+00	6.891485e-04	-6.566611e-01	1.000000e+00	1.000000e-01	1.000000e+00	1.200000e+01
229	7.868047e-01	0.000000e+00	7.868103e-01	0.000000e+00	-1.440754e-03	0.000000e+00	-1.432435e-03	0.000000e+00	1.000000e+00	1.000000e-01	1.000000e+00	1.200000e+01
230	7.874172e-01	0.000000e+00	7.874148e-01	0.000000e+00	6.124981e-04	0.000000e+00	6.045101e-04	0.000000e+00	1.000000e+00	1.000000e-01	1.000000e+00	1.200000e+01
231	7.874306e-01	0.000000e+00	7.874305e-01	0.000000e+00	1.340253e-05	0.000000e+00	1.571155e-05	0.000000e+00	1.000000e+00	1.000000e-01	1.000000e+00	1.200000e+01
232	7.872660e-01	0.000000e+00	7.872666e-01	0.000000e+00	-1.645779e-04	0.000000e+00	-1.638736e-04	0.000000e+00	1.000000e+00	1.000000e-01	1.000000e+00	1.200000e+01
233	7.874357e-01	0.000000e+00	7.874351e-01	0.000000e+00	1.697358e-04	0.000000e+00	1.684326e-04	0.000000e+00	1.000000e+00	1.000000e-01	1.000000e+00	1.200000e+01
234	7.872157e-01	0.000000e+00	7.872166e-01	0.000000e+00	-2.199817e-04	0.000000e+00	-2.184644e-04	0.000000e+00	1.000000e+00	1.000000e-01	1.000000e+00	1.200000e+01
235	7.875851e-01	0.000000e+00	7.875837e-01	0.000000e+00	3.694094e-04	0.000000e+00	3.671130e-04	0.000000e+00	1.000000e+00	1.000000e-01	1.000000e+00	1.200000e+01
236	7.869228e-01	0.000000e+00	7.869254e-01	0.000000e+00	-6.623014e-04	0.000000e+00	-6.582803e-04	0.000000e+00	1.000000e+00	1.000000e-01	1.000000e+00	1.200000e+01
237	7.860817e-01	0.000000e+00	7.860850e-01	0.000000e+00	-8.411666e-04	0.000000e+00	-8.404522e-04	0.000000e+00	1.000000e+00	1.000000e-01	1.000000e+00	1.200000e+01
238	7.863187e-01	0.000000e+00	7.863178e-01	0.000000e+00	2.370047e-04	0.000000e+00	2.327959e-04	0.000000e+00	1.000000e+00	1.000000e-01	1.000000e+00	1.200000e+01
239	7.899987e-01	0.000000e+00	7.899843e-01	0.000000e+00	3.680000e-03	0.000000e+00	3.666534e-03	0.000000e+00	9.999999e-01	1.000000e-01	1.000000e+00	1.200000e+01
240	7.865594e-01	0.000000e+00	7.865728e-01	6.457762e-01	-3.439257e-03	0.000000e+00	-3.411500e-03	6.457762e-01	9.999999e-01	1.000000e-01	1.000000e+00	1.200000e+01
241	7.874820e-01	0.000000e+00	7.874784e-01	0.000000e+00	9.225750e-04	0.000000e+00	9.056450e-04	-6.457762e-01	9.999999e-01	1.000000e-01	1.000000e+00	1.200000e+01
242	7.875973e-01	0.000000e+00	7.875968e-01	0.000000e+00	1.153064e-04	0.000000e+00	1.183936e-04	0.000000e+00	9.999999e-01	1.000000e-01	1.000000e+00	1.200000e+01
243	7.871501e-01	0.000000e+00	7.871519e-01	3.173520e-02	-4.471746e-04	0.000000e+00	-4.449654e-04	3.173520e-02	9.999999e-01	1.000000e-01	1.000000e+00	1.200000e+01
244	7.880949e-01	0.000000e+00	7.880912e-01	0.000000e+00	9.447302e-04	0.000000e+00	9.393017e-04	-3.173520e-02	9.999999e-01	1.000000e-01	1.000000e+00	1.200000e+01
245	7.865179e-01	0.000000e+00	7.865241e-01	0.000000e+00	-1.576953e-03	0.000000e+00	-1.567124e-03	0.000000e+00	9.999999e-01	1.000000e-01	1.000000e+00	1.200000e+01
246	7.893815e-01	0.000000e+00	7.893703e-01	0.000000e+00	2.863574e-03	0.000000e+00	2.846267e-03	0.000000e+00	9.999998e-01	1.000000e-01	1.000000e+00	1.200000e+01
247	7.838778e-01	0.000000e+00	7.838993e-01	0.000000e+00	-5.503672e-03	0.000000e+00	-5.471055e-03	0.000000e+00	9.999998e-01	1.000000e-01	1.000000e+00	1.200000e+01
248	7.942073e-01	0.000000e+00	7.941670e-01	0.000000e+00	1.032947e-02	0.000000e+00	1.026775e-02	0.000000e+00	9.999995e-01	1.000000e-01	1.000000e+00	1.200000e+01
249	7.775917e-01	0.000000e+00	7.776564e-01	0.000000e+00	-1.661563e-02	0.000000e+00	-1.651061e-02	0.000000e+00	9.999986e-01	1.000000e-01	1.000000e+00	1.200000e+01
250	8.008135e-01	0.000000e+00	8.007230e-01	0.000000e+00	2.322185e-02	0.000000e+00	2.306664e-02	0.000000e+00	9.999969e-01	1.000000e-01	1.000000e+00	1.200000e+01
251	7.712409e-01	0.000000e+00	7.713561e-01	0.000000e+00	-2.957258e-02	0.000000e+00	-2.936696e-02	0.000000e+00	9.999940e-01	1.000000e-01	1.000000e+00	1.200000e+01
252	8.083625e-01	0.000000e+00	8.082179e-01	0.000000e+00	3.712154e-02	0.000000e+00	3.686181e-02	0.000000e+00	9.999895e-01	1.000000e-01	1.000000e+00	1.200000e+01
253	7.598909e-01	0.000000e+00	7.600796e-01	0.000000e+00	-4.847159e-02	0.000000e+00	-4.813825e-02	0.000000e+00	9.999818e-01	1.000000e-01	1.000000e+00	1.200000e+01
254	7.799656e-01	0.000000e+00	7.798879e-01	0.000000e+00	2.007470e-02	0.000000e+00	1.980824e-02	0.000000e+00	9.999793e-01	1.000000e-01	1.000000e+00	1.200000e+01
255	7.913055e-01	0.000000e+00	7.912609e-01	1.190354e+00	1.133989e-02	0.000000e+00	1.137297e-02	1.190354e+00	9.999795e-01	1.000000e-01	1.000000e+00	1.200000e+01
256	7.877529e-01	0.000000e+00	7.877666e-01	0.000000e+00	-3.552603e-03	0.000000e+00	-3.494300e-03	-1.190354e+00	9.999794e-01	1.000000e-01	1.000000e+00	1.200000e+01
257	7.816804e-01	0.000000e+00	7.817042e-01	0.000000e+00	-6.072476e-03	0.000000e+00	-6.062405e-03	0.000000e+00	9.999793e-01	1.000000e-01	1.000000e+00	1.200000e+01
258	7.936739e-01	0.000000e+00	7.936272e-01	0.000000e+00	1.199356e-02	0.000000e+00	1.192303e-02	0.000000e+00	9.999789e-01	1.000000e-01	1.000000e+00	1.200000e+01
259	7.760770e-01	0.000000e+00	7.761456e-01	0.000000e+00	-1.759693e-02	0.000000e+00	-1.748162e-02	0.000000e+00	9.999780e-01	1.000000e-01	1.000000e+00	1.200000e+01
260	8.033839e-01	0.000000e+00	8.032775e-01	0.000000e+00	2.730686e-02	0.000000e+00	2.713190e-02	0.000000e+00	9.999757e-01	1.000000e-01	1.000000e+00	1.200000e+01
261	7.592948e-01	0.000000e+00	7.594666e-01	0.000000e+00	-4.408906e-02	0.000000e+00	-4.381086e-02	0.000000e+00	9.999699e-01	1.000000e-01	1.000000e+00	1.200000e+01
262	8.341714e-01	0.000000e+00	8.338796e-01	0.000000e+00	7.487659e-02	0.000000e+00	7.441297e-02	0.000000e+00	9.999535e-01	1.000000e-01	1.000000e+00	1.200000e+01
263	8.051665e-01	0.000000e+00	8.052787e-01	0.000000e+00	-2.900490e-02	0.000000e+00	-2.860092e-02	0.000000e+00	9.999480e-01	1.000000e-01	1.000000e+00	1.200000e+01
264	7.891493e-01	0.000000e+00	7.892123e-01	0.000000e+00	-1.601718e-02	0.000000e+00	-1.606633e-02	0.000000e+00	9.999484e-01	1.000000e-01	1.000000e+00	1.200000e+01
265	8.025512e-01	0.000000e+00	8.024991e-01	7.929342e-01	1.340188e-02	0.000000e+00	1.328677e-02	7.929342e-01	9.999476e-01	1.000000e-01	1.000000e+00	1.200000e+01
266	7.880186e-01	0.000000e+00	7.880751e-01	0.000000e+00	-1.453263e-02	0.000000e+00	-1.442396e-02	-7.929342e-01	9.999469e-01	1.000000e-01	1.000000e+00	1.200000e+01
267	7.973188e-01	0.000000e+00	7.972827e-01	0.000000e+00	9.300204e-03	0.000000e+00	9.207532e-03	0.000000e+00	9.999465e-01	1.000000e-01	1.000000e+00	1.200000e+01
268	7.991996e-01	0.000000e+00	7.991921e-01	0.000000e+00	1.880780e-03	0.000000e+00	1.909400e-03	0.000000e+00	9.999465e-01	1.000000e-01	1.000000e+00	1.200000e+01
269	7.960007e-01	0.000000e+00	7.960132e-01	0.000000e+00	-3.198827e-03	0.000000e+00	-3.178872e-03	0.000000e+00	9.999465e-01	1.000000e-01	1.000000e+00	1.200000e+01
270	7.966161e-01	0.000000e+00	7.966138e-01	0.000000e+00	6.153845e-04	0.000000e+00	6.005631e-04	0.000000e+00	9.999465e-01	1.000000e-01	1.000000e+00	1.200000e+01
271	7.971565e-01	0.000000e+00	7.971543e-01	1.055230e-01	5.403419e-04	0.000000e+00	5.405771e-04	1.055230e-01	9.999465e-01	1.000000e-01	1.000000e+00	1.200000e+01
272	7.880903e-01	0.000000e+00	7.881257e-01	0.000000e+00	-9.066188e-03	0.000000e+00	-9.028662e-03	-1.055230e-01	9.999463e-01	1.000000e-01	1.000000e+00	1.200000e+01
273	7.967096e-01	0.000000e+00	7.966761e-01	0.000000e+00	8.619320e-03	0.000000e+00	8.550382e-03	0.000000e+00	9.999460e-01	1.000000e-01	1.000000e+00	1.200000e+01
274	7.981347e-01	0.000000e+00	7.981290e-01	0.000000e+00	1.425145e-03	0.000000e+00	1.452978e-03	0.000000e+00	9.999461e-01	1.000000e-01	1.000000e+00	1.200000e+01
275	7.958387e-01	0.000000e+00	7.958477e-01	0.000000e+00	-2.295998e-03	0.000000e+00	-2.281354e-03	0.000000e+00	9.999461e-01	1.000000e-01	1.000000e+00	1.200000e+01
276	7.968453e-01	0.000000e+00	7.968414e-01	0.000000e+00	1.006588e-03	0.000000e+00	9.937448e-04	0.000000e+00	9.999460e-01	1.000000e-01	1.000000e+00	1.200000e+01
277	7.965684e-01	0.000000e+00	7.965695e-01	1.584772e+00	-2.768939e-04	0.000000e+00	-2.719304e-04	1.584772e+00	9.999460e-01	1.000000e-01	1.000000e+00	1.200000e+01
278	7.842306e-01	0.000000e+00	7.842788e-01	0.000000e+00	-1.233786e-02	0.000000e+00	-1.229073e-02	-1.584772e+00	9.999458e-01	1.000000e-01	1.000000e+00	1.200000e+01
279	8.022454e-01	0.000000e+00	8.021752e-01	0.000000e+00	1.801487e-02	0.000000e+00	1.789649e-02	0.000000e+00	9.999448e-01	1.000000e-01	1.000000e+00	1.200000e+01
280	7.722763e-01	0.000000e+00	7.723931e-01	0.000000e+00	-2.996909e-02	0.000000e+00	-2.978212e-02	0.000000e+00	9.999421e-01	1.000000e-01	1.000000e+00	1.200000e+01
281	8.182612e-01	0.000000e+00	8.180820e-01	0.000000e+00	4.598483e-02	0.000000e+00	4.568887e-02	0.000000e+00	9.999357e-01	1.000000e-01	1.000000e+00	1.200000e+01
282	7.520851e-01	0.000000e+00	7.523429e-01	7.085861e-02	-6.617607e-02	0.000000e+00	-6.573910e-02	7.085861e-02	9.999222e-01	1.000000e-01	1.000000e+00	1.200000e+01
283	7.727418e-01	0.000000e+00	7.726621e-01	9.817532e-01	2.065665e-02	0.000000e+00	2.031917e-02	9.108946e-01	9.999189e-01	1.000000e-01	1.000000e+00	1.200000e+01
284	8.014490e-01	0.000000e+00	8.013366e-01	0.000000e+00	2.870728e-02	0.000000e+00	2.867451e-02	-9.817532e-01	9.999184e-01	1.000000e-01	1.000000e+00	1.200000e+01
285	8.076570e-01	0.000000e+00	8.076323e-01	0.000000e+00	6.207939e-03	0.000000e+00	6.295699e-03	0.000000e+00	9.999187e-01	1.000000e-01	1.000000e+00	1.200000e+01
286	7.976752e-01	0.000000e+00	7.977141e-01	0.000000e+00	-9.981745e-03	0.000000e+00	-9.918161e-03	0.000000e+00	9.999184e-01	1.000000e-01	1.000000e+00	1.200000e+01
287	7.987396e-01	0.000000e+00	7.987355e-01	0.000000e+00	1.064330e-03	0.000000e+00	1.021430e-03	0.000000e+00	9.999184e-01	1.000000e-01	1.000000e+00	1.200000e+01
288	8.008971e-01	0.000000e+00	8.008886e-01	0.000000e+00	2.157510e-03	0.000000e+00	2.153072e-03	0.000000e+00	9.999184e-01	1.000000e-01	1.000000e+00	1.200000e+01
289	8.000639e-01	0.000000e+00	8.000671e-01	7.558880e-01	-8.332054e-04	0.000000e+00	-8.215402e-04	7.558880e-01	9.999184e-01	1.000000e-01	1.000000e+00	1.200000e+01
290	7.848714e-01	0.000000e+00	7.849308e-01	0.000000e+00	-1.519241e-02	0.000000e+00	-1.513627e-02	-7.558880e-01	9.999180e-01	1.000000e-01	1.000000e+00	1.200000e+01
291	7.979258e-01	0.000000e+00	7.978750e-01	0.000000e+00	1.305436e-02	0.000000e+00	1.294424e-02	0.000000e+00	9.999173e-01	1.000000e-01	1.000000e+00	1.200000e+01
292	7.793569e-01	0.000000e+00	7.794292e-01	0.000000e+00	-1.856891e-02	0.000000e+00	-1.844581e-02	0.000000e+00	9.999162e-01	1.000000e-01	1.000000e+00	1.200000e+01
293	8.036689e-01	0.000000e+00	8.035742e-01	0.000000e+00	2.431196e-02	0.000000e+00	2.414494e-02	0.000000e+00	9.999143e-01	1.000000e-01	1.000000e+00	1.200000e+01
294	7.766717e-01	0.000000e+00	7.767768e-01	0.000000e+00	-2.699719e-02	0.000000e+00	-2.679742e-02	0.000000e+00	9.999118e-01	1.000000e-01	1.000000e+00	1.200000e+01
295	7.980332e-01	0.000000e+00	7.979501e-01	0.000000e+00	2.136151e-02	0.000000e+00	2.117339e-02	0.000000e+00	9.999099e-01	1.000000e-01	1.000000e+00	1.200000e+01
296	7.839605e-01	0.000000e+00	7.840151e-01	0.000000e+00	-1.407273e-02	0.000000e+00	-1.393505e-02	0.000000e+00	9.999090e-01	1.000000e-01	1.000000e+00	1.200000e+01
297	7.905203e-01	0.000000e+00	7.904949e-01	1.146241e-01	6.559866e-03	0.000000e+00	6.479807e-03	1.146241e-01	9.999088e-01	1.000000e-01	1.000000e+00	1.200000e+01
298	7.892458e-01	0.000000e+00	7.892507e-01	0.000000e+00	-1.274530e-03	0.000000e+00	-1.244240e-03	-1.146241e-01	9.999087e-01	1.000000e-01	1.000000e+00	1.200000e+01
299	7.870377e-01	0.000000e+00	7.870463e-01	0.000000e+00	-2.208117e-03	0.000000e+00	-2.204352e-03	0.000000e+00	9.999087e-01	1.000000e-01	1.000000e+00	1.200000e+01
300	7.877739e-01	0.000000e+00	7.877710e-01	0.000000e+00	7.362209e-04	0.000000e+00	7.247343e-04	0.000000e+00	9.999087e-01	1.000000e-01	1.000000e+00	1.200000e+01
301	7.861282e-01	0.000000e+00	7.861346e-01	0.000000e+00	-1.645724e-03	0.000000e+00	-1.636465e-03	0.000000e+00	9.999087e-01	1.000000e-01	1.000000e+00	1.200000e+01
302	7.880758e-01	0.000000e+00	7.880682e-01	0.000000e+00	1.947661e-03	0.000000e+00	1.933660e-03	0.000000e+00	9.999087e-01	1.000000e-01	1.000000e+00	1.200000e+01
303	7.881512e-01	0.000000e+00	7.881509e-01	6.145546e-01	7.538316e-05	0.000000e+00	8.264206e-05	6.145546e-01	9.999087e-01	1.000000e-01	1.000000e+00	1.200000e+01
304	7.867901e-01	0.000000e+00	7.867954e-01	0.000000e+00	-1.361148e-03	0.000000e+00	-1.355508e-03	-6.145546e-01	9.999087e-01	1.000000e-01	1.000000e+00	1.200000e+01
305	7.873253e-01	0.000000e+00	7.873232e-01	4.535587e-02	5.352196e-04	0.000000e+00	5.278339e-04	4.535587e-02	9.999087e-01	1.000000e-01	1.000000e+00	1.200000e+01
306	7.872224e-01	0.000000e+00	7.872228e-01	0.000000e+00	-1.028921e-04	0.000000e+00	-1.004283e-04	-4.535587e-02	9.999087e-01	1.000000e-01	1.000000e+00	1.200000e+01
307	7.867402e-01	0.000000e+00	7.867421e-01	0.000000e+00	-4.821823e-04	0.000000e+00	-4.806911e-04	0.000000e+00	9.999087e-01	1.000000e-01	1.000000e+00	1.200000e+01
308	7.874339e-01	0.000000e+00	7.874312e-01	0.000000e+00	6.937312e-04	0.000000e+00	6.891436e-04	0.000000e+00	9.999087e-01	1.000000e-01	1.000000e+00	1.200000e+01
309	7.866017e-01	0.000000e+00	7.866049e-01	0.000000e+00	-8.322508e-04	0.000000e+00	-8.263079e-04	0.000000e+00	9.999087e-01	1.000000e-01	1.000000e+00	1.200000e+01
310	7.875914e-01	0.000000e+00	7.875875e-01	0.000000e+00	9.897051e-04	0.000000e+00	9.826113e-04	0.000000e+00	9.999087e-01	1.000000e-01	1.000000e+00	1.200000e+01
311	7.864050e-01	0.000000e+00	7.864096e-01	0.000000e+00	-1.186393e-03	0.000000e+00	-1.177921e-03	0.000000e+00	9.999087e-01	1.000000e-01	1.000000e+00	1.200000e+01
312	7.880287e-01	0.000000e+00	7.880224e-01	0.000000e+00	1.623734e-03	0.000000e+00	1.612790e-03	0.000000e+00	9.999087e-01	1.000000e-01	1.000000e+00	1.200000e+01
313	7.860585e-01	0.000000e+00	7.860661e-01	0.000000e+00	-1.970267e-03	0.000000e+00	-1.956271e-03	0.000000e+00	9.999087e-01	1.000000e-01	1.000000e+00	1.200000e+01
314	7.883158e-01	0.000000e+00	7.883071e-01	0.000000e+00	2.257383e-03	0.000000e+00	2.240923e-03	0.000000e+00	9.999086e-01	1.000000e-01	1.000000e+00	1.200000e+01
315	7.860341e-01	0.000000e+00	7.860430e-01	0.000000e+00	-2.281717e-03	0.000000e+00	-2.264050e-03	0.000000e+00	9.999086e-01	1.000000e-01	1.000000e+00	1.200000e+01
316	7.885341e-01	0.000000e+00	7.885243e-01	9.541609e-02	2.499935e-03	0.000000e+00	2.481326e-03	9.541609e-02	9.999086e-01	1.000000e-01	1.000000e+00	1.200000e+01
317	7.876701e-01	0.000000e+00	7.876734e-01	0.000000e+00	-8.639592e-04	0.000000e+00	-8.508917e-04	-9.541609e-02	9.999086e-01	1.000000e-01	1.000000e+00	1.200000e+01
318	7.858299e-01	0.000000e+00	7.858371e-01	0.000000e+00	-1.840238e-03	0.000000e+00	-1.836373e-03	0.000000e+00	9.999086e-01	1.000000e-01	1.000000e+00	1.200000e+01
319	7.884588e-01	0.000000e+00	7.884486e-01	9.279201e-03	2.628970e-03	0.000000e+00	2.611527e-03	9.279201e-03	9.999086e-01	1.000000e-01	1.000000e+00	1.200000e+01
320	7.877435e-01	0.000000e+00	7.877462e-01	1.254339e-01	-7.153880e-04	0.000000e+00	-7.023922e-04	1.161547e-01	9.999086e-01	1.000000e-01	1.000000e+00	1.200000e+01
321	7.868839e-01	0.000000e+00	7.868872e-01	0.000000e+00	-8.595776e-04	0.000000e+00	-8.589636e-04	-1.254339e-01	9.999086e-01	1.000000e-01	1.000000e+00	1.200000e+01
322	7.865111e-01	0.000000e+00	7.865126e-01	0.000000e+00	-3.727553e-04	0.000000e+00	-3.746546e-04	0.000000e+00	9.999086e-01	1.000000e-01	1.000000e+00	1.200000e+01
323	7.871501e-01	0.000000e+00	7.871476e-01	6.421342e-03	6.389669e-04	0.000000e+00	6.350074e-04	6.421342e-03	9.999086e-01	1.000000e-01	1.000000e+00	1.200000e+01
324	7.872528e-01	0.000000e+00	7.872524e-01	0.000000e+00	1.026969e-04	0.000000e+00	1.047762e-04	-6.421342e-03	9.999086e-01	1.000000e-01	1.000000e+00	1.200000e+01
325	7.863131e-01	0.000000e+00	7.863168e-01	5.277986e-01	-9.396397e-04	0.000000e+00	-9.355600e-04	5.277986e-01	9.999086e-01	1.000000e-01	1.000000e+00	1.200000e+01
326	7.868856e-01	0.000000e+00	7.868834e-01	0.000000e+00	5.724593e-04	0.000000e+00	5.665686e-04	-5.277986e-01	9.999086e-01	1.000000e-01	1.000000e+00	1.200000e+01
327	7.870560e-01	0.000000e+00	7.870553e-01	0.000000e+00	1.703489e-04	0.000000e+00	1.718966e-04	0.000000e+00	9.999086e-01	1.000000e-01	1.000000e+00	1.200000e+01
328	7.868451e-01	0.000000e+00	7.868459e-01	0.000000e+00	-2.108402e-04	0.000000e+00	-2.093451e-04	0.000000e+00	9.999086e-01	1.000000e-01	1.000000e+00	1.200000e+01
329	7.869201e-01	0.000000e+00	7.869198e-01	0.000000e+00	7.494199e-05	0.000000e+00	7.383149e-05	0.000000e+00	9.999086e-01	1.000000e-01	1.000000e+00	1.200000e+01
330	7.869095e-01	0.000000e+00	7.869095e-01	0.000000e+00	-1.057301e-05	0.000000e+00	-1.024330e-05	0.000000e+00	9.999086e-01	1.000000e-01	1.000000e+00	1.200000e+01
331	7.869063e-01	0.000000e+00	7.869063e-01	3.378767e-01	-3.224935e-06	0.000000e+00	-3.252350e-06	3.378767e-01	1.000000e+00	1.000000e-01	9.999995e-01	1.200000e+01
332	7.870814e-01	0.000000e+00	7.870807e-01	0.000000e+00	1.751510e-04	0.000000e+00	1.744541e-04	-3.378767e-01	1.000000e+00	1.000000e-01	1.000000e+00	1.200000e+01
333	7.867211e-01	0.000000e+00	7.867225e-01	0.000000e+00	-3.603365e-04	0.000000e+00	-3.582475e-04	0.000000e+00	1.000000e+00	1.000000e-01	1.000000e+00	1.200000e+01
334	7.869909e-01	0.000000e+00	7.869899e-01	1.209614e+00	2.698690e-04	0.000000e+00	2.674154e-04	1.209614e+00	1.000000e+00	1.000000e-01	1.000000e+00	1.200000e+01
335	7.860348e-01	0.000000e+00	7.860385e-01	0.000000e+00	-9.561838e-04	0.000000e+00	-9.514041e-04	-1.209614e+00	1.000000e+00	1.000000e-01	1.000000e+00	1.200000e+01
336	7.868290e-01	0.000000e+00	7.868259e-01	0.000000e+00	7.941964e-04	0.000000e+00	7.873776e-04	0.000000e+00	1.000000e+00	1.000000e-01	1.000000e+00	1.200000e+01
337	7.865386e-01	0.000000e+00	7.865397e-01	0.000000e+00	-2.903518e-04	0.000000e+00	-2.861419e-04	0.000000e+00	1.000000e+00	1.000000e-01	1.000000e+00	1.200000e+01
338	7.865486e-01	0.000000e+00	7.865485e-01	0.000000e+00	9.966961e-06	0.000000e+00	8.810285e-06	0.000000e+00	1.000000e+00	1.000000e-01	1.000000e+00	1.200000e+01
339	7.866144e-01	0.000000e+00	7.866142e-01	0.000000e+00	6.587257e-05	0.000000e+00	6.564967e-05	0.000000e+00	1.000000e+00	1.000000e-01	1.000000e+00	1.200000e+01
340	7.865655e-01	0.000000e+00	7.865657e-01	9.438105e-01	-4.896048e-05	0.000000e+00	-4.851278e-05	9.438105e-01	1.000000e+00	1.000000e-01	1.000000e+00	1.200000e+01
341	7.861909e-01	0.000000e+00	7.861923e-01	0.000000e+00	-3.746160e-04	0.000000e+00	-3.733422e-04	-9.438105e-01	1.000000e+00	1.000000e-01	1.000000e+00	1.200000e+01
342	7.860495e-01	0.000000e+00	7.860500e-01	0.000000e+00	-1.413880e-04	0.000000e+00	-1.422941e-04	0.000000e+00	1.000000e+00	1.000000e-01	1.000000e+00	1.200000e+01
343	7.863374e-01	0.000000e+00	7.863363e-01	0.000000e+00	2.879231e-04	0.000000e+00	2.862426e-04	0.000000e+00	1.000000e+00	1.000000e-01	1.000000e+00	1.200000e+01
344	7.860132e-01	0.000000e+00	7.860144e-01	0.000000e+00	-3.242418e-04	0.000000e+00	-3.218571e-04	0.000000e+00	1.000000e+00	1.000000e-01	1.000000e+00	1.200000e+01
345	7.864135e-01	0.000000e+00	7.864120e-01	0.000000e+00	4.003770e-04	0.000000e+00	3.975558e-04	0.000000e+00	1.000000e+00	1.000000e-01	1.000000e+00	1.200000e+01
346	7.859225e-01	0.000000e+00	7.859244e-01	0.000000e+00	-4.910294e-04	0.000000e+00	-4.875584e-04	0.000000e+00	1.000000e+00	1.000000e-01	1.000000e+00	1.200000e+01
347	7.864596e-01	0.000000e+00	7.864576e-01	4.142950e-01	5.371463e-04	0.000000e+00	5.331436e-04	4.142950e-01	1.000000e+00	1.000000e-01	1.000000e+00	1.200000e+01
348	7.864903e-01	0.000000e+00	7.864902e-01	0.000000e+00	3.066000e-05	0.000000e+00	3.262283e-05	-4.142950e-01	1.000000e+00	1.000000e-01	1.000000e+00	1.200000e+01
349	7.857132e-01	0.000000e+00	7.857163e-01	0.000000e+00	-7.770837e-04	0.000000e+00	-7.739208e-04	0.000000e+00	1.000000e+00	1.000000e-01	1.000000e+00	1.200000e+01
350	7.866324e-01	0.000000e+00	7.866288e-01	0.000000e+00	9.191696e-04	0.000000e+00	9.125560e-04	0.000000e+00	1.000000e+00	1.000000e-01	1.000000e+00	1.200000e+01
351	7.858068e-01	0.000000e+00	7.858100e-01	0.000000e+00	-8.256407e-04	0.000000e+00	-8.188509e-04	0.000000e+00	1.000000e+00	1.000000e-01	1.000000e+00	1.200000e+01
352	7.864568e-01	0.000000e+00	7.864543e-01	0.000000e+00	6.500841e-04	0.000000e+00	6.443461e-04	0.000000e+00	1.000000e+00	1.000000e-01	1.000000e+00	1.200000e+01
353	7.856726e-01	0.000000e+00	7.856757e-01	0.000000e+00	-7.842181e-04	0.000000e+00	-7.786378e-04	0.000000e+00	1.000000e+00	1.000000e-01	1.000000e+00	1.200000e+01
354	7.866612e-01	0.000000e+00	7.866574e-01	8.109898e-01	9.886267e-04	0.000000e+00	9.817233e-04	8.109898e-01	1.000000e+00	1.000000e-01	1.000000e+00	1.200000e+01
355	7.864561e-01	0.000000e+00	7.864569e-01	0.000000e+00	-2.051793e-04	0.000000e+00	-2.005429e-04	-8.109898e-01	1.000000e+00	1.000000e-01	1.000000e+00	1.200000e+01
356	7.853997e-01	0.000000e+00	7.854038e-01	0.000000e+00	-1.056405e-03	0.000000e+00	-1.053062e-03	0.000000e+00	1.000000e+00	1.000000e-01	1.000000e+00	1.200000e+01
357	7.860711e-01	0.000000e+00	7.860685e-01	0.000000e+00	6.714598e-04	0.000000e+00	6.647234e-04	0.000000e+00	1.000000e+00	1.000000e-01	1.000000e+00	1.200000e+01
358	7.860061e-01	0.000000e+00	7.860064e-01	0.000000e+00	-6.500924e-05	0.000000e+00	-6.215872e-05	0.000000e+00	1.000000e+00	1.000000e-01	1.000000e+00	1.200000e+01
359	7.858969e-01	0.000000e+00	7.858973e-01	0.000000e+00	-1.092100e-04	0.000000e+00	-1.090262e-04	0.000000e+00	1.000000e+00	1.000000e-01	1.000000e+00	1.200000e+01
360	7.860091e-01	0.000000e+00	7.860086e-01	0.000000e+00	1.121471e-04	0.000000e+00	1.112831e-04	0.000000e+00	1.000000e+00	1.000000e-01	1.000000e+00	1.200000e+01
361	7.859230e-01	0.000000e+00	7.859233e-01	0.000000e+00	-8.603899e-05	0.000000e+00	-8.526820e-05	0.000000e+00	1.000000e+00	1.000000e-01	1.000000e+00	1.200000e+01
362	7.859920e-01	0.000000e+00	7.859917e-01	0.000000e+00	6.898066e-05	0.000000e+00	6.837812e-05	0.000000e+00	1.000000e+00	1.000000e-01	1.000000e+00	1.200000e+01
363	7.859170e-01	0.000000e+00	7.859173e-01	0.000000e+00	-7.503406e-05	0.000000e+00	-7.447386e-05	0.000000e+00	1.000000e+00	1.000000e-01	1.000000e+00	1.200000e+01
364	7.860026e-01	0.000000e+00	7.860023e-01	0.000000e+00	8.566270e-05	0.000000e+00	8.503717e-05	0.000000e+00	1.000000e+00	1.000000e-01	1.000000e+00	1.200000e+01
365	7.858973e-01	0.000000e+00	7.858977e-01	0.000000e+00	-1.053304e-04	0.000000e+00	-1.045868e-04	0.000000e+00	1.000000e+00	1.000000e-01	1.000000e+00	1.200000e+01
366	7.860321e-01	0.000000e+00	7.860315e-01	0.000000e+00	1.347834e-04	0.000000e+00	1.338484e-04	0.000000e+00	1.000000e+00	1.000000e-01	1.000000e+00	1.200000e+01
367	7.858256e-01	0.000000e+00	7.858264e-01	0.000000e+00	-2.064887e-04	0.000000e+00	-2.051593e-04	0.000000e+00	1.000000e+00	1.000000e-01	1.000000e+00	1.200000e+01
368	7.861579e-01	0.000000e+00	7.861566e-01	0.000000e+00	3.323189e-04	0.000000e+00	3.302194e-04	0.000000e+00	1.000000e+00	1.000000e-01	1.000000e+00	1.200000e+01
369	7.858293e-01	0.000000e+00	7.858306e-01	0.000000e+00	-3.285970e-04	0.000000e+00	-3.260235e-04	0.000000e+00	1.000000e+00	1.000000e-01	1.000000e+00	1.200000e+01
370	7.858237e-01	0.000000e+00	7.858237e-01	0.000000e+00	-5.650065e-06	0.000000e+00	-6.901524e-06	0.000000e+00	1.000000e+00	1.000000e-01	1.000000e+00	1.200000e+01
371	7.859088e-01	0.000000e+00	7.859085e-01	7.398744e-02	8.518861e-05	0.000000e+00	8.482888e-05	7.398744e-02	1.000000e+00	1.000000e-01	1.000000e+00	1.200000e+01
372	7.870969e-01	0.000000e+00	7.870923e-01	3.854064e-01	1.188104e-03	0.000000e+00	1.183795e-03	3.114190e-01	1.000000e+00	1.000000e-01	1.000000e+00	1.200000e+01
373	7.872021e-01	0.000000e+00	7.872016e-01	0.000000e+00	1.051288e-04	0.000000e+00	1.093424e-04	-3.854064e-01	1.000000e+00	1.000000e-01	1.000000e+00	1.200000e+01
374	7.847129e-01	0.000000e+00	7.847226e-01	2.275276e-01	-2.489206e-03	0.000000e+00	-2.479056e-03	2.275276e-01	1.000000e+00	1.000000e-01	1.000000e+00	1.200000e+01
375	7.864507e-01	0.000000e+00	7.864440e-01	0.000000e+00	1.737840e-03	0.000000e+00	1.721368e-03	-2.275276e-01	1.000000e+00	1.000000e-01	1.000000e+00	1.200000e+01
376	7.863326e-01	0.000000e+00	7.863330e-01	0.000000e+00	-1.180980e-04	0.000000e+00	-1.109125e-04	0.000000e+00	1.000000e+00	1.000000e-01	1.000000e+00	1.200000e+01
377	7.859174e-01	0.000000e+00	7.859190e-01	2.824972e-01	-4.151961e-04	0.000000e+00	-4.140075e-04	2.824972e-01	1.000000e+00	1.000000e-01	1.000000e+00	1.200000e+01
378	7.869394e-01	0.000000e+00	7.869354e-01	2.870840e-01	1.021934e-03	0.000000e+00	1.016325e-03	4.586775e-03	1.000000e+00	1.000000e-01	1.000000e+00	1.200000e+01
379	7.865319e-01	0.000000e+00	7.865335e-01	0.000000e+00	-4.074458e-04	0.000000e+00	-4.018842e-04	-2.870840e-01	1.000000e+00	1.000000e-01	1.000000e+00	1.200000e+01
380	7.847558e-01	0.000000e+00	7.847627e-01	0.000000e+00	-1.776143e-03	0.000000e+00	-1.770775e-03	0.000000e+00	1.000000e+00	1.000000e-01	1.000000e+00	1.200000e+01
381	7.855407e-01	0.000000e+00	7.855377e-01	0.000000e+00	7.849760e-04	0.000000e+00	7.749926e-04	0.000000e+00	1.000000e+00	1.000000e-01	1.000000e+00	1.200000e+01
382	7.858902e-01	0.000000e+00	7.858889e-01	0.000000e+00	3.495112e-04	0.000000e+00	3.511733e-04	0.000000e+00	1.000000e+00	1.000000e-01	1.000000e+00	1.200000e+01
383	7.856271e-01	0.000000e+00	7.856281e-01	0.000000e+00	-2.631353e-04	0.000000e+00	-2.607357e-04	0.000000e+00	1.000000e+00	1.000000e-01	1.000000e+00	1.200000e+01
384	7.856434e-01	0.000000e+00	7.856433e-01	0.000000e+00	1.623631e-05	0.000000e+00	1.515439e-05	0.000000e+00	1.000000e+00	1.000000e-01	1.000000e+00	1.200000e+01
385	7.856985e-01	0.000000e+00	7.856982e-01	1.688142e-01	5.511264e-05	0.000000e+00	5.495656e-05	1.688142e-01	1.000000e+00	1.000000e-01	1.000000e+00	1.200000e+01
386	7.870590e-01	0.000000e+00	7.870536e-01	0.000000e+00	1.360498e-03	0.000000e+00	1.355398e-03	-1.688142e-01	1.000000e+00	1.000000e-01	1.000000e+00	1.200000e+01
387	7.853739e-01	0.000000e+00	7.853805e-01	0.000000e+00	-1.685064e-03	0.000000e+00	-1.673187e-03	0.000000e+00	9.999999e-01	1.000000e-01	1.000000e+00	1.200000e+01
388	7.854500e-01	0.000000e+00	7.854497e-01	0.000000e+00	7.607022e-05	0.000000e+00	6.923719e-05	0.000000e+00	9.999999e-01	1.000000e-01	1.000000e+00	1.200000e+01
389	7.858628e-01	0.000000e+00	7.858612e-01	0.000000e+00	4.128433e-04	0.000000e+00	4.115011e-04	0.000000e+00	9.999999e-01	1.000000e-01	1.000000e+00	1.200000e+01
390	7.857960e-01	0.000000e+00	7.857963e-01	0.000000e+00	-6.680357e-05	0.000000e+00	-6.493519e-05	0.000000e+00	9.999999e-01	1.000000e-01	1.000000e+00	1.200000e+01
391	7.857161e-01	0.000000e+00	7.857164e-01	0.000000e+00	-7.991108e-05	0.000000e+00	-7.985258e-05	0.000000e+00	9.999999e-01	1.000000e-01	1.000000e+00	1.200000e+01
392	7.857904e-01	0.000000e+00	7.857901e-01	0.000000e+00	7.426467e-05	0.000000e+00	7.366265e-05	0.000000e+00	9.999999e-01	1.000000e-01	1.000000e+00	1.200000e+01
393	7.857453e-01	0.000000e+00	7.857455e-01	7.263875e-01	-4.507522e-05	0.000000e+00	-4.461141e-05	7.263875e-01	9.999999e-01	1.000000e-01	1.000000e+00	1.200000e+01
394	7.868760e-01	0.000000e+00	7.868716e-01	0.000000e+00	1.130700e-03	0.000000e+00	1.126109e-03	-7.263875e-01	9.999999e-01	1.000000e-01	1.000000e+00	1.200000e+01
395	7.854126e-01	0.000000e+00	7.854183e-01	0.000000e+00	-1.463415e-03	0.000000e+00	-1.453300e-03	0.000000e+00	9.999999e-01	1.000000e-01	1.000000e+00	1.200000e+01
396	7.857247e-01	0.000000e+00	7.857235e-01	0.000000e+00	3.121000e-04	0.000000e+00	3.052039e-04	0.000000e+00	9.999999e-01	1.000000e-01	1.000000e+00	1.200000e+01
397	7.859329e-01	0.000000e+00	7.859321e-01	0.000000e+00	2.082059e-04	0.000000e+00	2.085848e-04	0.000000e+00	9.999999e-01	1.000000e-01	1.000000e+00	1.200000e+01
398	7.858220e-01	0.000000e+00	7.858224e-01	3.084980e-01	-1.108596e-04	0.000000e+00	-1.096117e-04	3.084980e-01	9.999999e-01	1.000000e-01	1.000000e+00	1.200000e+01
399	7.863763e-01	0.000000e+00	7.863741e-01	0.000000e+00	5.542713e-04	0.000000e+00	5.516780e-04	-3.084980e-01	9.999999e-01	1.000000e-01	1.000000e+00	1.200000e+01
400	7.852536e-01	0.000000e+00	7.852579e-01	0.000000e+00	-1.122716e-03	0.000000e+00	-1.116176e-03	0.000000e+00	9.999999e-01	1.000000e-01	1.000000e+00	1.200000e+01
401	7.873207e-01	0.000000e+00	7.873127e-01	0.000000e+00	2.067141e-03	0.000000e+00	2.054706e-03	0.000000e+00	9.999999e-01	1.000000e-01	1.000000e+00	1.200000e+01
402	7.837567e-01	0.000000e+00	7.837706e-01	0.000000e+00	-3.564006e-03	0.000000e+00	-3.542058e-03	0.000000e+00	9.999999e-01	1.000000e-01	1.000000e+00	1.200000e+01
403	7.897840e-01	0.000000e+00	7.897605e-01	0.000000e+00	6.027243e-03	0.000000e+00	5.989863e-03	0.000000e+00	9.999998e-01	1.000000e-01	1.000000e+00	1.200000e+01
404	7.808334e-01	0.000000e+00	7.808683e-01	0.000000e+00	-8.950525e-03	0.000000e+00	-8.892164e-03	0.000000e+00	9.999995e-01	1.000000e-01	1.000000e+00	1.200000e+01
405	7.926116e-01	0.000000e+00	7.925658e-01	0.000000e+00	1.177820e-02	0.000000e+00	1.169746e-02	0.000000e+00	9.999991e-01	1.000000e-01	1.000000e+00	1.200000e+01
406	7.784966e-01	0.000000e+00	7.785516e-01	0.000000e+00	-1.411502e-02	0.000000e+00	-1.401419e-02	0.000000e+00	9.999984e-01	1.000000e-01	1.000000e+00	1.200000e+01
407	7.916442e-01	0.000000e+00	7.915930e-01	0.000000e+00	1.314756e-02	0.000000e+00	1.304146e-02	0.000000e+00	9.999977e-01	1.000000e-01	1.000000e+00	1.200000e+01
408	7.820512e-01	0.000000e+00	7.820884e-01	4.756513e-01	-9.592994e-03	0.000000e+00	-9.504578e-03	4.756513e-01	9.999973e-01	1.000000e-01	1.000000e+00	1.200000e+01
409	7.844420e-01	0.000000e+00	7.844328e-01	0.000000e+00	2.390821e-03	0.000000e+00	2.344355e-03	-4.756513e-01	9.999973e-01	1.000000e-01	1.000000e+00	1.200000e+01
410	7.892487e-01	0.000000e+00	7.892299e-01	0.000000e+00	4.806699e-03	0.000000e+00	4.797081e-03	0.000000e+00	9.999973e-01	1.000000e-01	1.000000e+00	1.200000e+01
411	7.867948e-01	0.000000e+00	7.868044e-01	0.000000e+00	-2.453854e-03	0.000000e+00	-2.425530e-03	0.000000e+00	9.999972e-01	1.000000e-01	1.000000e+00	1.200000e+01
412	7.872643e-01	0.000000e+00	7.872625e-01	0.000000e+00	4.694401e-04	0.000000e+00	4.581316e-04	0.000000e+00	9.999972e-01	1.000000e-01	1.000000e+00	1.200000e+01
413	7.875202e-01	0.000000e+00	7.875191e-01	3.579139e-01	2.558709e-04	0.000000e+00	2.566610e-04	3.579139e-01	9.999972e-01	1.000000e-01	1.000000e+00	1.200000e+01
414	7.865363e-01	0.000000e+00	7.865402e-01	0.000000e+00	-9.838195e-04	0.000000e+00	-9.789739e-04	-3.579139e-01	9.999972e-01	1.000000e-01	1.000000e+00	1.200000e+01
415	7.875627e-01	0.000000e+00	7.875587e-01	0.000000e+00	1.026401e-03	0.000000e+00	1.018567e-03	0.000000e+00	9.999972e-01	1.000000e-01	1.000000e+00	1.200000e+01
416	7.870485e-01	0.000000e+00	7.870505e-01	3.223859e-01	-5.141855e-04	0.000000e+00	-5.081982e-04	3.223859e-01	9.999972e-01	1.000000e-01	1.000000e+00	1.200000e+01
417	7.851214e-01	0.000000e+00	7.851290e-01	0.000000e+00	-1.927120e-03	0.000000e+00	-1.921578e-03	-3.223859e-01	9.999972e-01	1.000000e-01	1.000000e+00	1.200000e+01
418	7.863208e-01	0.000000e+00	7.863161e-01	0.000000e+00	1.199345e-03	0.000000e+00	1.187154e-03	0.000000e+00	9.999972e-01	1.000000e-01	1.000000e+00	1.200000e+01
419	7.876655e-01	0.000000e+00	7.876602e-01	0.000000e+00	1.344708e-03	0.000000e+00	1.344093e-03	0.000000e+00	9.999972e-01	1.000000e-01	1.000000e+00	1.200000e+01
420	7.873125e-01	0.000000e+00	7.873138e-01	0.000000e+00	-3.530235e-04	0.000000e+00	-3.463941e-04	0.000000e+00	9.999972e-01	1.000000e-01	1.000000e+00	1.200000e+01
421	7.870373e-01	0.000000e+00	7.870384e-01	2.106888e-02	-2.751215e-04	0.000000e+00	-2.753999e-04	2.106888e-02	9.999972e-01	1.000000e-01	1.000000e+00	1.200000e+01
422	7.853711e-01	0.000000e+00	7.853776e-01	0.000000e+00	-1.666212e-03	0.000000e+00	-1.660779e-03	-2.106888e-02	9.999972e-01	1.000000e-01	1.000000e+00	1.200000e+01
423	7.874015e-01	0.000000e+00	7.873936e-01	0.000000e+00	2.030368e-03	0.000000e+00	2.015950e-03	0.000000e+00	9.999972e-01	1.000000e-01	1.000000e+00	1.200000e+01
424	7.868258e-01	0.000000e+00	7.868280e-01	6.515376e-01	-5.756958e-04	0.000000e+00	-5.655722e-04	6.515376e-01	9.999972e-01	1.000000e-01	1.000000e+00	1.200000e+01
425	7.848908e-01	0.000000e+00	7.848984e-01	0.000000e+00	-1.935004e-03	0.000000e+00	-1.929654e-03	-6.515376e-01	9.999972e-01	1.000000e-01	1.000000e+00	1.200000e+01
426	7.865112e-01	0.000000e+00	7.865049e-01	0.000000e+00	1.620398e-03	0.000000e+00	1.606531e-03	0.000000e+00	9.999972e-01	1.000000e-01	1.000000e+00	1.200000e+01
427	7.867187e-01	0.000000e+00	7.867178e-01	0.000000e+00	2.074587e-04	0.000000e+00	2.129238e-04	0.000000e+00	9.999972e-01	1.000000e-01	1.000000e+00	1.200000e+01
428	7.862989e-01	0.000000e+00	7.863006e-01	0.000000e+00	-4.197360e-04	0.000000e+00	-4.172646e-04	0.000000e+00	9.999972e-01	1.000000e-01	1.000000e+00	1.200000e+01
429	7.863484e-01	0.000000e+00	7.863482e-01	0.000000e+00	4.949109e-05	0.000000e+00	4.766783e-05	0.000000e+00	9.999972e-01	1.000000e-01	1.000000e+00	1.200000e+01
430	7.864522e-01	0.000000e+00	7.864518e-01	0.000000e+00	1.037933e-04	0.000000e+00	1.035741e-04	0.000000e+00	9.999972e-01	1.000000e-01	1.000000e+00	1.200000e+01
431	7.864305e-01	0.000000e+00	7.864306e-01	0.000000e+00	-2.173295e-05	0.000000e+00	-2.124347e-05	0.000000e+00	9.999972e-01	1.000000e-01	1.000000e+00	1.200000e+01
432	7.864103e-01	0.000000e+00	7.864103e-01	8.296541e-01	-2.020537e-05	0.000000e+00	-2.020942e-05	8.296541e-01	9.999972e-01	1.000000e-01	1.000000e+00	1.200000e+01
433	7.850253e-01	0.000000e+00	7.850307e-01	0.000000e+00	-1.384923e-03	0.000000e+00	-1.379593e-03	-8.296541e-01	9.999972e-01	1.000000e-01	1.000000e+00	1.200000e+01
434	7.857777e-01	0.000000e+00	7.857748e-01	0.000000e+00	7.523561e-04	0.000000e+00	7.440281e-04	0.000000e+00	9.999972e-01	1.000000e-01	1.000000e+00	1.200000e+01
435	7.864255e-01	0.000000e+00	7.864230e-01	0.000000e+00	6.478016e-04	0.000000e+00	6.481775e-04	0.000000e+00	9.999972e-01	1.000000e-01	1.000000e+00	1.200000e+01
436	7.860902e-01	0.000000e+00	7.860915e-01	0.000000e+00	-3.352772e-04	0.000000e+00	-3.314356e-04	0.000000e+00	9.999972e-01	1.000000e-01	1.000000e+00	1.200000e+01
437	7.861216e-01	0.000000e+00	7.861215e-01	1.011376e-01	3.139666e-05	0.000000e+00	2.997935e-05	1.011376e-01	9.999972e-01	1.000000e-01	1.000000e+00	1.200000e+01
438	7.864180e-01	0.000000e+00	7.864168e-01	0.000000e+00	2.963837e-04	0.000000e+00	2.953431e-04	-1.011376e-01	9.999972e-01	1.000000e-01	1.000000e+00	1.200000e+01
439	7.860664e-01	0.000000e+00	7.860678e-01	1.428125e-01	-3.515565e-04	0.000000e+00	-3.490296e-04	1.428125e-01	9.999972e-01	1.000000e-01	1.000000e+00	1.200000e+01
440	7.853119e-01	0.000000e+00	7.853148e-01	0.000000e+00	-7.545627e-04	0.000000e+00	-7.529786e-04	-1.428125e-01	9.999972e-01	1.000000e-01	1.000000e+00	1.200000e+01
441	7.850970e-01	0.000000e+00	7.850978e-01	0.000000e+00	-2.148922e-04	0.000000e+00	-2.169941e-04	0.000000e+00	9.999972e-01	1.000000e-01	1.000000e+00	1.200000e+01
442	7.856344e-01	0.000000e+00	7.856323e-01	0.000000e+00	5.374061e-04	0.000000e+00	5.344592e-04	0.000000e+00	9.999972e-01	1.000000e-01	1.000000e+00	1.200000e+01
443	7.848580e-01	0.000000e+00	7.848610e-01	0.000000e+00	-7.763915e-04	0.000000e+00	-7.712710e-04	0.000000e+00	9.999972e-01	1.000000e-01	1.000000e+00	1.200000e+01
444	7.860005e-01	0.000000e+00	7.859961e-01	0.000000e+00	1.142513e-03	0.000000e+00	1.135037e-03	0.000000e+00	9.999972e-01	1.000000e-01	1.000000e+00	1.200000e+01
445	7.854685e-01	0.000000e+00	7.854706e-01	0.000000e+00	-5.320238e-04	0.000000e+00	-5.255118e-04	0.000000e+00	9.999972e-01	1.000000e-01	1.000000e+00	1.200000e+01
446	7.860178e-01	0.000000e+00	7.860157e-01	0.000000e+00	5.493036e-04	0.000000e+00	5.451051e-04	0.000000e+00	9.999971e-01	1.000000e-01	1.000000e+00	1.200000e+01
447	7.850225e-01	0.000000e+00	7.850264e-01	0.000000e+00	-9.953212e-04	0.000000e+00	-9.893039e-04	0.000000e+00	9.999971e-01	1.000000e-01	1.000000e+00	1.200000e+01
448	7.853196e-01	0.000000e+00	7.853184e-01	0.000000e+00	2.971195e-04	0.000000e+00	2.920944e-04	0.000000e+00	9.999971e-01	1.000000e-01	1.000000e+00	1.200000e+01
449	7.854589e-01	0.000000e+00	7.854583e-01	8.588863e-01	1.392909e-04	0.000000e+00	1.398878e-04	8.588863e-01	9.999971e-01	1.000000e-01	1.000000e+00	1.200000e+01
450	7.864698e-01	0.000000e+00	7.864658e-01	0.000000e+00	1.010867e-03	0.000000e+00	1.007464e-03	-8.588863e-01	9.999971e-01	1.000000e-01	1.000000e+00	1.200000e+01
451	7.844683e-01	0.000000e+00	7.844761e-01	0.000000e+00	-2.001435e-03	0.000000e+00	-1.989681e-03	0.000000e+00	9.999971e-01	1.000000e-01	1.000000e+00	1.200000e+01
452	7.881737e-01	0.000000e+00	7.881593e-01	0.000000e+00	3.705404e-03	0.000000e+00	3.683157e-03	0.000000e+00	9.999971e-01	1.000000e-01	1.000000e+00	1.200000e+01
453	7.856080e-01	0.000000e+00	7.856180e-01	0.000000e+00	-2.565720e-03	0.000000e+00	-2.541310e-03	0.000000e+00	9.999971e-01	1.000000e-01	1.000000e+00	1.200000e+01
454	7.847851e-01	0.000000e+00	7.847883e-01	0.000000e+00	-8.229491e-04	0.000000e+00	-8.296614e-04	0.000000e+00	9.999971e-01	1.000000e-01	1.000000e+00	1.200000e+01
455	7.880462e-01	0.000000e+00	7.880334e-01	0.000000e+00	3.261104e-03	0.000000e+00	3.245125e-03	0.000000e+00	9.999970e-01	1.000000e-01	1.000000e+00	1.200000e+01
456	7.860364e-01	0.000000e+00	7.860442e-01	0.000000e+00	-2.009776e-03	0.000000e+00	-1.989249e-03	0.000000e+00	9.999970e-01	1.000000e-01	1.000000e+00	1.200000e+01
457	7.857273e-01	0.000000e+00	7.857285e-01	0.000000e+00	-3.090830e-04	0.000000e+00	-3.156462e-04	0.000000e+00	9.999970e-01	1.000000e-01	1.000000e+00	1.200000e+01
458	7.863217e-01	0.000000e+00	7.863194e-01	0.000000e+00	5.943857e-04	0.000000e+00	5.908309e-04	0.000000e+00	9.999970e-01	1.000000e-01	1.000000e+00	1.200000e+01
459	7.856582e-01	0.000000e+00	7.856608e-01	0.000000e+00	-6.634333e-04	0.000000e+00	-6.585339e-04	0.000000e+00	9.999970e-01	1.000000e-01	1.000000e+00	1.200000e+01
460	7.861782e-01	0.000000e+00	7.861762e-01	0.000000e+00	5.199583e-04	0.000000e+00	5.153548e-04	0.000000e+00	9.999970e-01	1.000000e-01	1.000000e+00	1.200000e+01
461	7.861543e-01	0.000000e+00	7.861544e-01	1.258180e-01	-2.387431e-05	0.000000e+00	-2.176794e-05	1.258180e-01	9.999970e-01	1.000000e-01	1.000000e+00	1.200000e+01
462	7.870626e-01	0.000000e+00	7.870590e-01	0.000000e+00	9.082193e-04	0.000000e+00	9.045865e-04	-1.258180e-01	9.999970e-01	1.000000e-01	1.000000e+00	1.200000e+01
463	7.858299e-01	0.000000e+00	7.858347e-01	0.000000e+00	-1.232656e-03	0.000000e+00	-1.224307e-03	0.000000e+00	9.999970e-01	1.000000e-01	1.000000e+00	1.200000e+01
464	7.860143e-01	0.000000e+00	7.860136e-01	9.014814e-01	1.843976e-04	0.000000e+00	1.788948e-04	9.014814e-01	9.999970e-01	1.000000e-01	1.000000e+00	1.200000e+01
465	7.864306e-01	0.000000e+00	7.864290e-01	0.000000e+00	4.162933e-04	0.000000e+00	4.153660e-04	-9.014814e-01	9.999970e-01	1.000000e-01	1.000000e+00	1.200000e+01
466	7.855098e-01	0.000000e+00	7.855134e-01	0.000000e+00	-9.207927e-04	0.000000e+00	-9.155734e-04	0.000000e+00	9.999970e-01	1.000000e-01	1.000000e+00	1.200000e+01
467	7.862608e-01	0.000000e+00	7.862579e-01	0.000000e+00	7.509759e-04	0.000000e+00	7.444659e-04	0.000000e+00	9.999970e-01	1.000000e-01	1.000000e+00	1.200000e+01
468	7.863400e-01	0.000000e+00	7.863397e-01	0.000000e+00	7.921586e-05	0.000000e+00	8.181450e-05	0.000000e+00	9.999970e-01	1.000000e-01	1.000000e+00	1.200000e+01
469	7.861280e-01	0.000000e+00	7.861288e-01	0.000000e+00	-2.119633e-04	0.000000e+00	-2.108157e-04	0.000000e+00	9.999970e-01	1.000000e-01	1.000000e+00	1.200000e+01
470	7.862123e-01	0.000000e+00	7.862120e-01	0.000000e+00	8.427083e-05	0.000000e+00	8.311815e-05	0.000000e+00	9.999970e-01	1.000000e-01	1.000000e+00	1.200000e+01
471	7.862019e-01	0.000000e+00	7.862020e-01	0.000000e+00	-1.036206e-05	0.000000e+00	-9.996902e-06	0.000000e+00	9.999970e-01	1.000000e-01	1.000000e+00	1.200000e+01
472	7.861900e-01	0.000000e+00	7.861900e-01	0.000000e+00	-1.195037e-05	0.000000e+00	-1.194274e-05	0.000000e+00	9.999970e-01	1.000000e-01	1.000000e+00	1.200000e+01
473	7.862045e-01	0.000000e+00	7.862044e-01	0.000000e+00	1.449842e-05	0.000000e+00	1.439514e-05	0.000000e+00	9.999970e-01	1.000000e-01	1.000000e+00	1.200000e+01
474	7.861966e-01	0.000000e+00	7.861966e-01	0.000000e+00	-7.906408e-06	0.000000e+00	-7.819293e-06	0.000000e+00	1.000000e+00	1.000000e-01	1.000000e+00	1.200000e+01
475	7.861977e-01	0.000000e+00	7.861977e-01	0.000000e+00	1.162445e-06	0.000000e+00	1.127360e-06	0.000000e+00	1.000000e+00	1.000000e-01	1.000000e+00	1.200000e+01
476	7.861989e-01	0.000000e+00	7.861989e-01	0.000000e+00	1.187679e-06	0.000000e+00	1.187443e-06	0.000000e+00	1.000000e+00	1.000000e-01	1.000000e+00	1.200000e+01
477	7.861980e-01	0.000000e+00	7.861980e-01	0.000000e+00	-8.846819e-07	0.000000e+00	-8.765876e-07	0.000000e+00	1.000000e+00	1.000000e-01	1.000000e+00	1.200000e+01
478	7.861981e-01	0.000000e+00	7.861981e-01	0.000000e+00	4.286983e-08	0.000000e+00	3.927820e-08	0.000000e+00	1.000000e+00	1.000000e-01	1.000000e+00	1.200000e+01
479	7.861983e-01	0.000000e+00	7.861983e-01	2.667993e-01	2.006145e-07	0.000000e+00	1.999843e-07	2.667993e-01	1.000000e+00	1.000000e-01	1.000000e+00	1.200000e+01
480	7.870456e-01	0.000000e+00	7.870423e-01	0.000000e+00	8.472787e-04	0.000000e+00	8.439698e-04	-2.667993e-01	1.000000e+00	1.000000e-01	1.000000e+00	1.200000e+01
481	7.860437e-01	0.000000e+00	7.860476e-01	3.785807e-01	-1.001893e-03	0.000000e+00	-9.946823e-04	3.785807e-01	1.000000e+00	1.000000e-01	1.000000e+00	1.200000e+01
482	7.861576e-01	0.000000e+00	7.861572e-01	0.000000e+00	1.139126e-04	0.000000e+00	1.095821e-04	-3.785807e-01	1.000000e+00	1.000000e-01	1.000000e+00	1.200000e+01
483	7.863582e-01	0.000000e+00	7.863574e-01	0.000000e+00	2.006283e-04	0.000000e+00	2.002727e-04	0.000000e+00	1.000000e+00	1.000000e-01	1.000000e+00	1.200000e+01
484	7.863289e-01	0.000000e+00	7.863290e-01	0.000000e+00	-2.932301e-05	0.000000e+00	-2.842615e-05	0.000000e+00	1.000000e+00	1.000000e-01	1.000000e+00	1.200000e+01
485	7.856167e-01	0.000000e+00	7.856195e-01	0.000000e+00	-7.121777e-04	0.000000e+00	-7.095068e-04	0.000000e+00	1.000000e+00	1.000000e-01	1.000000e+00	1.200000e+01
486	7.870895e-01	0.000000e+00	7.870837e-01	2.262713e-03	1.472754e-03	0.000000e+00	1.464229e-03	2.262713e-03	1.000000e+00	1.000000e-01	1.000000e+00	1.200000e+01
487	7.867804e-01	0.000000e+00	7.867816e-01	0.000000e+00	-3.090478e-04	0.000000e+00	-3.021209e-04	-2.262713e-03	1.000000e+00	1.000000e-01	1.000000e+00	1.200000e+01
488	7.845781e-01	0.000000e+00	7.845867e-01	0.000000e+00	-2.202318e-03	0.000000e+00	-2.194895e-03	0.000000e+00	1.000000e+00	1.000000e-01	1.000000e+00	1.200000e+01
489	7.862527e-01	0.000000e+00	7.862462e-01	0.000000e+00	1.674600e-03	0.000000e+00	1.659485e-03	0.000000e+00	1.000000e+00	1.000000e-01	1.000000e+00	1.200000e+01
490	7.867354e-01	0.000000e+00	7.867335e-01	0.000000e+00	4.826667e-04	0.000000e+00	4.872636e-04	0.000000e+00	1.000000e+00	1.000000e-01	1.000000e+00	1.200000e+01
491	7.862752e-01	0.000000e+00	7.862770e-01	0.000000e+00	-4.601569e-04	0.000000e+00	-4.564560e-04	0.000000e+00	1.000000e+00	1.000000e-01	1.000000e+00	1.200000e+01
492	7.855783e-01	0.000000e+00	7.855810e-01	0.000000e+00	-6.968879e-04	0.000000e+00	-6.959487e-04	0.000000e+00	1.000000e+00	1.000000e-01	1.000000e+00	1.200000e+01
493	7.861880e-01	0.000000e+00	7.861856e-01	3.467001e-01	6.096521e-04	0.000000e+00	6.045521e-04	3.467001e-01	1.000000e+00	1.000000e-01	1.000000e+00	1.200000e+01
494	7.865245e-01	0.000000e+00	7.865231e-01	0.000000e+00	3.364982e-04	0.000000e+00	3.375453e-04	-3.467001e-01	1.000000e+00	1.000000e-01	1.000000e+00	1.200000e+01
495	7.851796e-01	0.000000e+00	7.851848e-01	0.000000e+00	-1.344871e-03	0.000000e+00	-1.338299e-03	0.000000e+00	1.000000e+00	1.000000e-01	1.000000e+00	1.200000e+01
496	7.874961e-01	0.000000e+00	7.874870e-01	2.158291e-01	2.316479e-03	0.000000e+00	2.302203e-03	2.158291e-01	9.999999e-01	1.000000e-01	1.000000e+00	1.200000e+01
497	7.868560e-01	0.000000e+00	7.868584e-01	0.000000e+00	-6.401227e-04	0.000000e+00	-6.286292e-04	-2.158291e-01	9.999999e-01	1.000000e-01	1.000000e+00	1.200000e+01
498	7.843131e-01	0.000000e+00	7.843230e-01	0.000000e+00	-2.542865e-03	0.000000e+00	-2.535388e-03	0.000000e+00	9.999999e-01	1.000000e-01	1.000000e+00	1.200000e+01
499	7.886063e-01	0.000000e+00	7.885896e-01	1.366006e-01	4.293224e-03	0.000000e+00	4.266550e-03	1.366006e-01	9.999999e-01	1.000000e-01	1.000000e+00	1.200000e+01
