#sequence delta(k-1),f(k-1),theta(k),v(k),delta_diff(k-1),f_diff(k-1),theta_diff(k),v_diff(k),phi(1,1;k),phi(1,2;k),phi(2,1;k),phi(2,2;k)
1	1.080577e+00	0.000000e+00	1.080197e+00	0.000000e+00	1.080577e+00	0.000000e+00	9.678881e-02	-4.694822e-03	6.811811e-01	1.000000e-01	1.000000e+00	6.000000e+00
2	2.716778e+00	2.000000e-01	2.710385e+00	1.045640e+00	1.636201e+00	2.000000e-01	1.630188e+00	1.045640e+00	8.445033e-01	1.199636e-01	4.099764e-01	5.927879e+00
3	1.434790e+00	4.000000e-01	1.439773e+00	2.347530e+00	-1.281988e+00	2.000000e-01	-1.270612e+00	1.301890e+00	9.145851e-01	1.090303e-01	1.977427e-01	5.960989e+00
4	1.503273e+00	6.000000e-01	1.503025e+00	3.689084e+00	6.848314e-02	2.000000e-01	6.325230e-02	1.341554e+00	9.139110e-01	1.070615e-01	2.020641e-01	5.973609e+00
5	1.489391e+00	8.000000e-01	1.489444e+00	5.037680e+00	-1.388228e-02	2.000000e-01	-1.358097e-02	1.348596e+00	9.140551e-01	1.049841e-01	2.010513e-01	5.988201e+00
6	1.228609e+00	1.000000e+00	1.229627e+00	5.768349e+00	-2.607825e-01	2.000000e-01	-2.598169e-01	7.306689e-01	9.190434e-01	1.011585e-01	2.497702e-01	5.950837e+00
7	1.088909e+00	1.200000e+00	1.089459e+00	6.972726e+00	-1.396992e-01	2.000000e-01	-1.401684e-01	1.204377e+00	9.211061e-01	9.820542e-02	2.466060e-01	5.955367e+00
8	1.104142e+00	1.400000e+00	1.104085e+00	7.162963e+00	1.523289e-02	2.000000e-01	1.462585e-02	1.902373e-01	9.209710e-01	9.643170e-02	2.394805e-01	5.861813e+00
9	1.138219e+00	1.600000e+00	1.138086e+00	7.717724e+00	3.407695e-02	2.000000e-01	3.400096e-02	5.547605e-01	9.207067e-01	9.488006e-02	2.295558e-01	5.803564e+00
10	1.124953e+00	1.800000e+00	1.125004e+00	9.427943e+00	-1.326648e-02	2.000000e-01	-1.308184e-02	1.710219e+00	9.208292e-01	9.303206e-02	2.261424e-01	5.855023e+00
11	1.102833e+00	1.985937e+00	1.102919e+00	1.118843e+01	-2.211990e-02	1.859370e-01	-2.208460e-02	1.760488e+00	9.210256e-01	9.138167e-02	2.191536e-01	5.913770e+00
12	1.122950e+00	2.010401e+00	1.122872e+00	1.268833e+01	2.011760e-02	2.446428e-02	1.995274e-02	1.499902e+00	9.210178e-01	9.137225e-02	2.320554e-01	5.929459e+00
13	1.172013e+00	1.831819e+00	1.171821e+00	1.061336e+01	4.906240e-02	-1.785823e-01	4.894869e-02	-2.074970e+00	9.214779e-01	8.969775e-02	2.085145e-01	6.015146e+00
14	1.206149e+00	2.031819e+00	1.206015e+00	1.165692e+01	3.413665e-02	2.000000e-01	3.419451e-02	1.043555e+00	9.212364e-01	8.828276e-02	2.058677e-01	5.999639e+00
15	1.217216e+00	2.231819e+00	1.217173e+00	1.267326e+01	1.106686e-02	2.000000e-01	1.115721e-02	1.016340e+00	9.211503e-01	8.672797e-02	2.049099e-01	5.982328e+00
16	1.263124e+00	2.431819e+00	1.262945e+00	1.272158e+01	4.590789e-02	2.000000e-01	4.577214e-02	4.832223e-02	9.208543e-01	8.543827e-02	1.801885e-01	5.874629e+00
17	1.319730e+00	2.631819e+00	1.319509e+00	1.344614e+01	5.660623e-02	2.000000e-01	5.656391e-02	7.245565e-01	9.205213e-01	8.426195e-02	1.680666e-01	5.831800e+00
18	1.379409e+00	2.831819e+00	1.379175e+00	1.499551e+01	5.967878e-02	2.000000e-01	5.966661e-02	1.549378e+00	9.201851e-01	8.313497e-02	1.784145e-01	5.866478e+00
19	1.401317e+00	3.031819e+00	1.401231e+00	1.596680e+01	2.190783e-02	2.000000e-01	2.205533e-02	9.712855e-01	9.200348e-01	8.176329e-02	1.763142e-01	5.847304e+00
20	1.438993e+00	3.231819e+00	1.438846e+00	1.641859e+01	3.767628e-02	2.000000e-01	3.761526e-02	4.517897e-01	9.197998e-01	8.051604e-02	1.636147e-01	5.779890e+00
21	1.485563e+00	3.431819e+00	1.485380e+00	1.689283e+01	4.656959e-02	2.000000e-01	4.653461e-02	4.742427e-01	9.195311e-01	7.936206e-02	1.486806e-01	5.715754e+00
22	1.495786e+00	3.631819e+00	1.495746e+00	1.696695e+01	1.022345e-02	2.000000e-01	1.036529e-02	7.411769e-02	9.194602e-01	7.797365e-02	1.435841e-01	5.616051e+00
23	1.493825e+00	3.831819e+00	1.493833e+00	1.697003e+01	-1.961307e-03	2.000000e-01	-1.913156e-03	3.080678e-03	9.194745e-01	7.651097e-02	1.446069e-01	5.511751e+00
24	1.517018e+00	4.031819e+00	1.516927e+00	1.834738e+01	2.319299e-02	2.000000e-01	2.309492e-02	1.377351e+00	9.193284e-01	7.525091e-02	1.475401e-01	5.537045e+00
25	1.560472e+00	4.231819e+00	1.560302e+00	2.018147e+01	4.345394e-02	2.000000e-01	4.337442e-02	1.834090e+00	9.190934e-01	7.416926e-02	1.621019e-01	5.604067e+00
26	1.589781e+00	4.314615e+00	1.589666e+00	2.063878e+01	2.930872e-02	8.279569e-02	2.936367e-02	4.573118e-01	9.190419e-01	7.402373e-02	1.619434e-01	5.603619e+00
27	1.587601e+00	4.514615e+00	1.587609e+00	2.127713e+01	-2.179681e-03	2.000000e-01	-2.056465e-03	6.383433e-01	9.190570e-01	7.263991e-02	1.624327e-01	5.558725e+00
28	1.793056e+00	4.714615e+00	1.792254e+00	2.329842e+01	2.054552e-01	2.000000e-01	2.046446e-01	2.021297e+00	9.191780e-01	7.275776e-02	2.445640e-01	5.638675e+00
29	2.349112e+00	4.514615e+00	2.346937e+00	2.279729e+01	5.560559e-01	-2.000000e-01	5.546832e-01	-5.011338e-01	9.322473e-01	6.805706e-02	3.548852e-01	5.598995e+00
30	2.948722e+00	4.558510e+00	2.946371e+00	2.281468e+01	5.996100e-01	4.389573e-02	5.994345e-01	1.739210e-02	9.412839e-01	6.871861e-02	2.484659e-01	5.591205e+00
31	-3.100445e+00	4.758510e+00	-3.101368e+00	2.258166e+01	-6.049167e+00	2.000000e-01	-6.047740e+00	-2.330194e-01	9.959508e-01	6.691119e-02	2.258923e-01	5.591951e+00
32	1.423900e+00	4.958510e+00	1.406223e+00	2.293171e+01	4.524345e+00	2.000000e-01	4.507591e+00	3.500439e-01	9.936946e-01	6.681146e-02	-1.159693e-01	5.576839e+00
33	-1.925815e+00	5.000000e+00	-1.937343e+00	2.423536e+01	-3.349715e+00	4.148966e-02	-3.343566e+00	1.303649e+00	9.979652e-01	6.675856e-02	-2.805410e-01	5.578877e+00
34	2.066665e+00	5.000000e+00	2.051024e+00	2.463685e+01	3.992480e+00	0.000000e+00	3.988368e+00	4.014963e-01	9.988132e-01	6.675856e-02	1.000000e+00	6.000000e+00
35	-1.857205e+00	5.000000e+00	-1.866482e+00	2.658452e+01	-3.923870e+00	0.000000e+00	-3.917506e+00	1.947666e+00	9.984475e-01	6.675856e-02	1.000000e+00	6.000000e+00
36	1.819098e+00	4.800000e+00	1.804701e+00	2.508766e+01	3.676302e+00	-2.000000e-01	3.671183e+00	-1.496855e+00	1.001577e+00	6.658830e-02	1.079381e-01	6.048530e+00
37	-1.988952e+00	5.000000e+00	-1.998677e+00	2.559381e+01	-3.808050e+00	2.000000e-01	-3.803378e+00	5.061516e-01	1.002154e+00	6.655798e-02	1.719138e-01	6.045170e+00
38	1.829261e+00	5.000000e+00	1.814308e+00	2.628088e+01	3.818213e+00	0.000000e+00	3.812985e+00	6.870696e-01	9.992108e-01	6.655798e-02	1.000000e+00	6.000000e+00
39	-1.946117e+00	5.000000e+00	-1.955972e+00	2.661992e+01	-3.775378e+00	0.000000e+00	-3.770280e+00	3.390368e-01	9.987432e-01	6.655798e-02	1.000000e+00	6.000000e+00
40	1.829276e+00	4.972039e+00	1.814490e+00	2.626880e+01	3.775394e+00	-2.796086e-02	3.770462e+00	-3.511226e-01	9.991127e-01	6.655524e-02	1.264784e-01	6.006469e+00
41	-1.985409e+00	5.000000e+00	-1.995109e+00	2.727726e+01	-3.814685e+00	2.796086e-02	-3.809599e+00	1.008457e+00	9.991477e-01	6.655499e-02	-1.631702e-01	6.008592e+00
42	1.808189e+00	4.845178e+00	1.793332e+00	2.732612e+01	3.793597e+00	-1.548219e-01	3.788441e+00	4.886885e-02	1.000988e+00	6.647989e-02	1.876927e-01	5.994273e+00
43	-2.054027e+00	4.645178e+00	-2.063542e+00	2.616994e+01	-3.862216e+00	-2.000000e-01	-3.856874e+00	-1.156180e+00	9.961294e-01	6.622831e-02	2.160231e-02	5.985672e+00
44	1.833634e+00	4.829487e+00	1.818411e+00	2.699695e+01	3.887661e+00	1.843092e-01	3.881953e+00	8.270082e-01	9.955119e-01	6.619903e-02	-5.597448e-02	5.981995e+00
45	-2.043905e+00	4.880135e+00	-2.053361e+00	2.728202e+01	-3.877539e+00	5.064775e-02	-3.871772e+00	2.850688e-01	9.987525e-01	6.615670e-02	-5.177484e-03	5.981331e+00
46	1.558096e+00	4.869457e+00	1.543989e+00	2.669191e+01	3.602001e+00	-1.067820e-02	3.597351e+00	-5.901079e-01	9.988780e-01	6.615633e-02	-1.211690e-01	5.981675e+00
47	-2.199476e+00	5.000000e+00	-2.209396e+00	2.620047e+01	-3.757572e+00	1.305431e-01	-3.753386e+00	-4.914440e-01	1.000795e+00	6.608973e-02	2.610134e-01	5.968397e+00
48	1.484158e+00	5.000000e+00	1.469730e+00	2.870162e+01	3.683633e+00	0.000000e+00	3.679126e+00	2.501153e+00	9.991237e-01	6.608973e-02	1.000000e+00	6.000000e+00
49	-2.291535e+00	4.800000e+00	-2.301386e+00	2.798592e+01	-3.775693e+00	-2.000000e-01	-3.771116e+00	-7.157026e-01	9.959352e-01	6.592083e-02	6.232642e-02	5.950331e+00
50	1.494132e+00	4.630112e+00	1.479306e+00	2.746543e+01	3.785667e+00	-1.698885e-01	3.780692e+00	-5.204875e-01	1.000686e+00	6.570762e-02	1.182629e-01	5.947821e+00
51	-2.201902e+00	4.528491e+00	-2.212066e+00	2.584545e+01	-3.696034e+00	-1.016210e-01	-3.691372e+00	-1.619978e+00	9.975772e-01	6.562215e-02	2.478702e-01	5.951384e+00
52	1.677888e+00	4.728491e+00	1.662693e+00	2.677791e+01	3.879790e+00	2.000000e-01	3.874759e+00	9.324526e-01	9.956892e-01	6.552482e-02	-1.509860e-02	5.937828e+00
53	-2.181423e+00	4.804195e+00	-2.190951e+00	2.708998e+01	-3.859311e+00	7.570485e-02	-3.853643e+00	3.120678e-01	9.991450e-01	6.545703e-02	2.736261e-02	5.936996e+00
54	1.328111e+00	4.810283e+00	1.314365e+00	2.651077e+01	3.509534e+00	6.087285e-03	3.505316e+00	-5.792044e-01	9.987686e-01	6.545638e-02	-1.382996e-01	5.936708e+00
55	-2.495987e+00	4.988378e+00	-2.505646e+00	2.866015e+01	-3.824098e+00	1.780950e-01	-3.820011e+00	2.149374e+00	1.001447e+00	6.533164e-02	-2.611461e-01	5.942429e+00
56	1.385996e+00	4.788378e+00	1.370795e+00	2.753915e+01	3.881983e+00	-2.000000e-01	3.876441e+00	-1.120994e+00	1.001858e+00	6.531046e-02	-2.808966e-02	5.930422e+00
57	-2.340027e+00	4.656970e+00	-2.350075e+00	2.687386e+01	-3.726023e+00	-1.314079e-01	-3.720870e+00	-6.652884e-01	9.972590e-01	6.514827e-02	-3.017182e-02	5.930349e+00
58	1.298068e+00	4.583595e+00	1.283817e+00	2.783787e+01	3.638095e+00	-7.337514e-02	3.633892e+00	9.640123e-01	9.996514e-01	6.510002e-02	3.120023e-01	5.923448e+00
59	-2.415385e+00	4.383595e+00	-2.425479e+00	2.584442e+01	-3.713453e+00	-2.000000e-01	-3.709296e+00	-1.993452e+00	9.961119e-01	6.490938e-02	2.340370e-01	5.919249e+00
60	1.521331e+00	4.583595e+00	1.505914e+00	2.721958e+01	3.936716e+00	2.000000e-01	3.931393e+00	1.375158e+00	9.954724e-01	6.487689e-02	7.836003e-02	5.911340e+00
61	-2.336491e+00	4.383595e+00	-2.346025e+00	2.616574e+01	-3.857822e+00	-2.000000e-01	-3.851939e+00	-1.053838e+00	9.951710e-01	6.486127e-02	-1.492208e-02	5.906504e+00
62	1.149590e+00	4.285960e+00	1.135935e+00	2.465286e+01	3.486081e+00	-9.763467e-02	3.481961e+00	-1.512883e+00	9.996249e-01	6.473653e-02	-2.216837e-01	5.912294e+00
63	-2.690525e+00	4.485960e+00	-2.700121e+00	2.535075e+01	-3.840115e+00	2.000000e-01	-3.836057e+00	6.978852e-01	1.001870e+00	6.461961e-02	6.863201e-02	5.897174e+00
64	1.153048e+00	4.503478e+00	1.137997e+00	2.587506e+01	3.843573e+00	1.751762e-02	3.838118e+00	5.243128e-01	9.988714e-01	6.460595e-02	1.028564e-01	5.897330e+00
65	-2.598781e+00	4.303478e+00	-2.608728e+00	2.268722e+01	-3.751829e+00	-2.000000e-01	-3.746725e+00	-3.187843e+00	9.958213e-01	6.444335e-02	4.616810e-01	5.916458e+00
66	1.310956e+00	4.503478e+00	1.295645e+00	2.446948e+01	3.909737e+00	2.000000e-01	3.904373e+00	1.782269e+00	9.954107e-01	6.442235e-02	2.031302e-01	5.903232e+00
67	-2.398360e+00	4.309454e+00	-2.408474e+00	2.315543e+01	-3.709316e+00	-1.940238e-01	-3.704119e+00	-1.314051e+00	9.952604e-01	6.441449e-02	7.267769e-02	5.896409e+00
68	1.051999e+00	4.439883e+00	1.038482e+00	2.349478e+01	3.450359e+00	1.304291e-01	3.446955e+00	3.393449e-01	9.963313e-01	6.445497e-02	-8.753744e-02	5.890352e+00
69	-2.647095e+00	4.481737e+00	-2.657242e+00	2.270951e+01	-3.699094e+00	4.185418e-02	-3.695724e+00	-7.852653e-01	9.992210e-01	6.442227e-02	2.161788e-01	5.886916e+00
70	1.241954e+00	4.681737e+00	1.226723e+00	2.489771e+01	3.889049e+00	2.000000e-01	3.883965e+00	2.188199e+00	9.960054e-01	6.425691e-02	2.527888e-01	5.888799e+00
71	-2.470300e+00	4.481737e+00	-2.480402e+00	2.383034e+01	-3.712254e+00	-2.000000e-01	-3.707125e+00	-1.067369e+00	9.953029e-01	6.421906e-02	1.899792e-02	5.876203e+00
72	9.854017e-01	4.281737e+00	9.718634e-01	2.185176e+01	3.455702e+00	-2.000000e-01	3.452266e+00	-1.978586e+00	1.001323e+00	6.387064e-02	-1.850408e-01	5.888012e+00
73	-2.724975e+00	4.424725e+00	-2.735078e+00	2.169991e+01	-3.710377e+00	1.429874e-01	-3.706941e+00	-1.518493e-01	1.001499e+00	6.386386e-02	1.901288e-01	5.873554e+00
74	1.143537e+00	4.527154e+00	1.128386e+00	2.306862e+01	3.868511e+00	1.024295e-01	3.863464e+00	1.368712e+00	9.977346e-01	6.376419e-02	1.969637e-01	5.873735e+00
75	-2.656105e+00	4.327154e+00	-2.665866e+00	2.183711e+01	-3.799642e+00	-2.000000e-01	-3.794252e+00	-1.231505e+00	9.956457e-01	6.365423e-02	4.544819e-02	5.865759e+00
76	9.167209e-01	4.127154e+00	9.027264e-01	2.059709e+01	3.572826e+00	-2.000000e-01	3.568592e+00	-1.240024e+00	1.001160e+00	6.334553e-02	-7.109370e-03	5.868702e+00
77	-2.782046e+00	4.040030e+00	-2.792196e+00	1.922395e+01	-3.698766e+00	-8.712443e-02	-3.694922e+00	-1.373142e+00	9.981019e-01	6.327349e-02	1.918099e-01	5.873387e+00
78	1.024239e+00	4.223314e+00	1.009331e+00	2.049773e+01	3.806285e+00	1.832844e-01	3.801527e+00	1.273782e+00	9.961036e-01	6.317727e-02	7.519794e-02	5.867772e+00
79	-2.753359e+00	4.023314e+00	-2.763205e+00	1.864341e+01	-3.777598e+00	-2.000000e-01	-3.772536e+00	-1.854325e+00	9.954482e-01	6.314257e-02	1.624839e-01	5.872393e+00
80	7.209169e-01	4.112785e+00	7.073071e-01	1.857449e+01	3.474276e+00	8.947049e-02	3.470512e+00	-6.891967e-02	9.969488e-01	6.318121e-02	-1.091924e-01	5.865397e+00
81	-3.010194e+00	4.085803e+00	-3.020216e+00	1.804687e+01	-3.731111e+00	-2.698145e-02	-3.727524e+00	-5.276208e-01	9.983050e-01	6.319102e-02	6.373366e-02	5.866647e+00
82	9.002220e-01	4.023741e+00	8.849078e-01	1.739345e+01	3.910416e+00	-6.206234e-02	3.905124e+00	-6.534143e-01	9.994344e-01	6.317310e-02	-5.194149e-02	5.868483e+00
83	-2.771468e+00	3.963166e+00	-2.781729e+00	1.636056e+01	-3.671690e+00	-6.057473e-02	-3.666637e+00	-1.032892e+00	9.979019e-01	6.314781e-02	1.436097e-01	5.871709e+00
84	6.890601e-01	4.044644e+00	6.755023e-01	1.537279e+01	3.460529e+00	8.147781e-02	3.457232e+00	-9.877673e-01	9.976241e-01	6.314127e-02	-3.179764e-01	5.860841e+00
85	-2.969370e+00	4.244644e+00	-2.979676e+00	1.617025e+01	-3.658430e+00	2.000000e-01	-3.655179e+00	7.974567e-01	1.001695e+00	6.291870e-02	2.858186e-02	5.841896e+00
86	7.193407e-01	4.087478e+00	7.048914e-01	1.495857e+01	3.688711e+00	-1.571654e-01	3.684568e+00	-1.211684e+00	1.001581e+00	6.292356e-02	-6.086070e-02	5.845707e+00
87	-2.920102e+00	4.043896e+00	-2.930485e+00	1.455177e+01	-3.639443e+00	-4.358250e-02	-3.635377e+00	-4.067938e-01	9.987325e-01	6.288945e-02	2.383826e-02	5.846721e+00
88	5.684547e-01	3.927966e+00	5.547870e-01	1.450400e+01	3.488557e+00	-1.159302e-01	3.485272e+00	-4.777491e-02	1.000702e+00	6.282400e-02	1.516219e-01	5.842474e+00
89	3.128594e+00	3.727966e+00	3.118540e+00	1.399006e+01	2.560139e+00	-2.000000e-01	2.563753e+00	-5.139400e-01	1.004772e+00	6.250606e-02	2.270061e-01	5.836585e+00
90	2.209206e+00	3.527966e+00	2.212759e+00	1.274530e+01	-9.193873e-01	-2.000000e-01	-9.057813e-01	-1.244759e+00	9.955407e-01	6.049795e-02	1.872704e-01	5.827941e+00
91	1.731825e+00	3.393394e+00	1.733704e+00	1.193606e+01	-4.773816e-01	-1.345720e-01	-4.790551e-01	-8.092373e-01	9.946645e-01	6.025097e-02	1.742587e-01	5.824273e+00
92	1.726635e+00	3.264098e+00	1.726662e+00	1.156661e+01	-5.190080e-03	-1.292958e-01	-7.041115e-03	-3.694518e-01	9.946501e-01	5.989093e-02	1.733186e-01	5.800855e+00
93	1.703972e+00	3.064098e+00	1.704061e+00	1.054900e+01	-2.266275e-02	-2.000000e-01	-2.260173e-02	-1.017607e+00	9.945243e-01	5.878120e-02	1.717730e-01	5.787214e+00
94	1.604886e+00	2.912498e+00	1.605273e+00	9.531192e+00	-9.908650e-02	-1.515996e-01	-9.878773e-02	-1.017809e+00	9.941230e-01	5.816713e-02	1.774895e-01	5.795960e+00
95	1.640980e+00	2.858571e+00	1.640841e+00	9.569890e+00	3.609448e-02	-5.392760e-02	3.556759e-02	3.869834e-02	9.941712e-01	5.809500e-02	1.833896e-01	5.787145e+00
96	1.783310e+00	2.658571e+00	1.782754e+00	8.430575e+00	1.423301e-01	-2.000000e-01	1.419131e-01	-1.139315e+00	9.949609e-01	5.698543e-02	1.828654e-01	5.787882e+00
97	1.813145e+00	2.530995e+00	1.813027e+00	8.351275e+00	2.983522e-02	-1.275756e-01	3.027302e-02	-7.929986e-02	9.950713e-01	5.651329e-02	1.920497e-01	5.748610e+00
98	1.866770e+00	2.330995e+00	1.866560e+00	7.068637e+00	5.362480e-02	-2.000000e-01	5.353359e-02	-1.282638e+00	9.953575e-01	5.544598e-02	1.884783e-01	5.761930e+00
99	2.001014e+00	2.217057e+00	2.000489e+00	5.998172e+00	1.342437e-01	-1.139384e-01	1.339285e-01	-1.070466e+00	9.957735e-01	5.509288e-02	1.608960e-01	5.785340e+00
100	2.160011e+00	2.200519e+00	2.159388e+00	5.069851e+00	1.589971e-01	-1.653801e-02	1.588992e-01	-9.283202e-01	9.958842e-01	5.508136e-02	9.689743e-02	5.791997e+00
101	2.264249e+00	2.283210e+00	2.263840e+00	7.234306e+00	1.042385e-01	8.269165e-02	1.044520e-01	2.164454e+00	9.956922e-01	5.492904e-02	1.791243e-01	5.857227e+00
102	2.298124e+00	2.083210e+00	2.297990e+00	6.347540e+00	3.387457e-02	-2.000000e-01	3.415027e-02	-8.867654e-01	9.958721e-01	5.386718e-02	1.835169e-01	5.831292e+00
103	2.373481e+00	1.883210e+00	2.373186e+00	6.504399e+00	7.535730e-02	-2.000000e-01	7.519633e-02	1.568592e-01	9.962544e-01	5.285262e-02	2.293360e-01	5.709687e+00
104	2.450860e+00	1.683210e+00	2.450557e+00	6.125416e+00	7.737864e-02	-2.000000e-01	7.737012e-02	-3.789835e-01	9.966442e-01	5.184487e-02	2.561104e-01	5.640484e+00
105	2.502591e+00	1.483210e+00	2.502387e+00	4.810150e+00	5.173054e-02	-2.000000e-01	5.183069e-02	-1.315266e+00	9.969003e-01	5.085493e-02	2.512887e-01	5.659125e+00
106	2.536148e+00	1.283210e+00	2.536016e+00	5.628713e+00	3.355768e-02	-2.000000e-01	3.362906e-02	8.185624e-01	9.970619e-01	4.989183e-02	2.816195e-01	5.478357e+00
107	2.548772e+00	1.083210e+00	2.548722e+00	3.970699e+00	1.262348e-02	-2.000000e-01	1.270554e-02	-1.658014e+00	9.971212e-01	4.895145e-02	2.782931e-01	5.531059e+00
108	2.574984e+00	8.832104e-01	2.574882e+00	3.255278e+00	2.621273e-02	-2.000000e-01	2.615997e-02	-7.154213e-01	9.972410e-01	4.803780e-02	2.829728e-01	5.495353e+00
109	2.587737e+00	6.832104e-01	2.587687e+00	1.418650e+00	1.275271e-02	-2.000000e-01	1.280508e-02	-1.836628e+00	9.972986e-01	4.713490e-02	2.785716e-01	5.564378e+00
110	2.572458e+00	6.099532e-01	2.572518e+00	1.634801e+00	-1.527908e-02	-7.325721e-02	-1.516937e-02	2.161512e-01	9.972731e-01	4.701270e-02	2.740263e-01	5.542585e+00
111	2.574078e+00	4.099532e-01	2.574072e+00	1.440644e+00	1.619953e-03	-2.000000e-01	1.554370e-03	-1.941567e-01	9.972801e-01	4.614267e-02	2.747157e-01	5.457465e+00
112	2.600927e+00	2.099532e-01	2.600822e+00	8.043173e-02	2.684861e-02	-2.000000e-01	2.674980e-02	-1.360213e+00	9.973952e-01	4.528586e-02	2.712649e-01	5.483171e+00
113	2.589108e+00	2.477033e-01	2.589154e+00	2.320380e+00	-1.181884e-02	3.775018e-02	-1.166818e-02	2.239948e+00	9.974041e-01	4.525738e-02	2.598429e-01	5.519654e+00
114	2.591080e+00	4.770334e-02	2.591073e+00	0.000000e+00	1.972339e-03	-2.000000e-01	1.919056e-03	-2.320380e+00	9.974123e-01	4.441883e-02	2.587252e-01	5.632998e+00
115	2.602304e+00	2.477033e-01	2.602260e+00	5.269785e-01	1.122381e-02	2.000000e-01	1.118746e-02	5.269785e-01	9.973659e-01	4.359079e-02	2.555761e-01	5.576884e+00
116	2.586257e+00	2.823102e-01	2.586319e+00	2.222952e+00	-1.604713e-02	3.460690e-02	-1.594074e-02	1.695974e+00	9.973769e-01	4.356707e-02	2.440969e-01	5.601640e+00
117	2.614833e+00	8.231024e-02	2.614722e+00	6.795275e-01	2.857626e-02	-2.000000e-01	2.840236e-02	-1.543425e+00	9.974915e-01	4.276506e-02	2.383760e-01	5.641679e+00
118	2.600167e+00	6.938506e-02	2.600224e+00	1.378074e+00	-1.466571e-02	-1.292519e-02	-1.449748e-02	6.985464e-01	9.974867e-01	4.276086e-02	2.329785e-01	5.636922e+00
119	2.594773e+00	0.000000e+00	2.594794e+00	0.000000e+00	-5.394594e-03	-6.938506e-02	-5.430152e-03	-1.378074e+00	9.974792e-01	4.266493e-02	2.354982e-01	5.669330e+00
120	2.610188e+00	6.018556e-02	2.610128e+00	0.000000e+00	1.541573e-02	6.018556e-02	1.533430e-02	0.000000e+00	9.974602e-01	4.259044e-02	2.329779e-01	5.659491e+00
121	2.597238e+00	1.278975e-01	2.597288e+00	5.272185e-01	-1.295039e-02	6.771195e-02	-1.283990e-02	5.272185e-01	9.974774e-01	4.250040e-02	2.320757e-01	5.664208e+00
122	2.593937e+00	2.666040e-02	2.593951e+00	8.125942e-01	-3.300659e-03	-1.012371e-01	-3.337921e-03	2.853757e-01	9.974707e-01	4.229673e-02	2.307349e-01	5.623085e+00
123	2.598187e+00	0.000000e+00	2.598170e+00	6.448437e-02	4.249198e-03	-2.666040e-02	4.219561e-03	-7.481098e-01	9.974730e-01	4.228270e-02	2.295260e-01	5.630670e+00
124	2.596505e+00	0.000000e+00	2.596511e+00	0.000000e+00	-1.681676e-03	0.000000e+00	-1.658624e-03	-6.448437e-02	9.974730e-01	4.228270e-02	1.000000e+00	6.000000e+00
125	2.614019e+00	0.000000e+00	2.613951e+00	0.000000e+00	1.751454e-02	0.000000e+00	1.743964e-02	0.000000e+00	9.974727e-01	4.228270e-02	1.000000e+00	6.000000e+00
126	2.611062e+00	0.000000e+00	2.611074e+00	1.684198e-01	-2.957044e-03	0.000000e+00	-2.877369e-03	1.684198e-01	9.974726e-01	4.228270e-02	1.000000e+00	6.000000e+00
127	2.594934e+00	0.000000e+00	2.594997e+00	0.000000e+00	-1.612820e-02	0.000000e+00	-1.607644e-02	-1.684198e-01	9.974725e-01	4.228270e-02	1.000000e+00	6.000000e+00
128	2.611720e+00	0.000000e+00	2.611654e+00	6.844060e-01	1.678547e-02	0.000000e+00	1.665710e-02	6.844060e-01	9.974718e-01	4.228270e-02	1.000000e+00	6.000000e+00
129	2.600497e+00	0.000000e+00	2.600541e+00	0.000000e+00	-1.122270e-02	0.000000e+00	-1.111379e-02	-6.844060e-01	9.974714e-01	4.228270e-02	1.000000e+00	6.000000e+00
130	2.604756e+00	0.000000e+00	2.604739e+00	0.000000e+00	4.258913e-03	0.000000e+00	4.198863e-03	0.000000e+00	9.974713e-01	4.228270e-02	1.000000e+00	6.000000e+00
131	2.605990e+00	0.000000e+00	2.605986e+00	0.000000e+00	1.234543e-03	0.000000e+00	1.246123e-03	0.000000e+00	9.974713e-01	4.228270e-02	1.000000e+00	6.000000e+00
132	2.604491e+00	0.000000e+00	2.604497e+00	6.911709e-02	-1.499597e-03	0.000000e+00	-1.488872e-03	6.911709e-02	9.974713e-01	4.228270e-02	1.000000e+00	6.000000e+00
133	2.594974e+00	0.000000e+00	2.595012e+00	0.000000e+00	-9.516491e-03	0.000000e+00	-9.485133e-03	-6.911709e-02	9.974713e-01	4.228270e-02	1.000000e+00	6.000000e+00
134	2.607593e+00	0.000000e+00	2.607544e+00	0.000000e+00	1.261878e-02	0.000000e+00	1.253243e-02	0.000000e+00	9.974710e-01	4.228270e-02	1.000000e+00	6.000000e+00
135	2.601467e+00	0.000000e+00	2.601491e+00	9.470238e-01	-6.125848e-03	0.000000e+00	-6.052964e-03	9.470238e-01	9.974708e-01	4.228270e-02	1.000000e+00	6.000000e+00
136	2.595831e+00	0.000000e+00	2.595854e+00	0.000000e+00	-5.635874e-03	0.000000e+00	-5.637503e-03	-9.470238e-01	9.974708e-01	4.228270e-02	1.000000e+00	6.000000e+00
137	2.607669e+00	0.000000e+00	2.607623e+00	0.000000e+00	1.183803e-02	0.000000e+00	1.176977e-02	0.000000e+00	9.974706e-01	4.228270e-02	1.000000e+00	6.000000e+00
138	2.604048e+00	0.000000e+00	2.604062e+00	0.000000e+00	-3.621769e-03	0.000000e+00	-3.561646e-03	0.000000e+00	9.974705e-01	4.228270e-02	1.000000e+00	6.000000e+00
139	2.603202e+00	2.253029e-03	2.603206e+00	8.394905e-01	-8.453226e-04	2.253029e-03	-8.559333e-04	8.394905e-01	9.974706e-01	4.228258e-02	9.996680e-01	6.000885e+00
140	2.596786e+00	0.000000e+00	2.596811e+00	0.000000e+00	-6.416133e-03	-2.253029e-03	-6.394413e-03	-8.394905e-01	9.974703e-01	4.228247e-02	1.002166e+00	6.001762e+00
141	2.607503e+00	0.000000e+00	2.607461e+00	8.959568e-01	1.071647e-02	0.000000e+00	1.064963e-02	8.959568e-01	9.974701e-01	4.228247e-02	1.000000e+00	6.000000e+00
142	2.599186e+00	0.000000e+00	2.599218e+00	0.000000e+00	-8.316952e-03	0.000000e+00	-8.242864e-03	-8.959568e-01	9.974699e-01	4.228247e-02	1.000000e+00	6.000000e+00
143	2.621689e+00	0.000000e+00	2.621602e+00	3.320943e-01	2.250357e-02	0.000000e+00	2.238347e-02	3.320943e-01	9.974692e-01	4.228247e-02	1.000000e+00	6.000000e+00
144	2.607619e+00	0.000000e+00	2.607673e+00	0.000000e+00	-1.407077e-02	0.000000e+00	-1.392837e-02	-3.320943e-01	9.974685e-01	4.228247e-02	1.000000e+00	6.000000e+00
145	2.598849e+00	0.000000e+00	2.598884e+00	1.652428e+00	-8.769152e-03	0.000000e+00	-8.789306e-03	1.652428e+00	9.974686e-01	4.228247e-02	1.000000e+00	6.000000e+00
146	2.609469e+00	0.000000e+00	2.609427e+00	5.205804e-03	1.061937e-02	0.000000e+00	1.054356e-02	-1.647222e+00	9.974684e-01	4.228247e-02	1.000000e+00	6.000000e+00
147	2.606614e+00	1.217968e-01	2.606625e+00	8.052587e-02	-2.854338e-03	1.217968e-01	-2.802002e-03	7.532006e-02	9.974753e-01	4.198932e-02	1.000878e+00	5.962523e+00
148	2.603431e+00	2.244373e-01	2.603443e+00	6.840895e-01	-3.183442e-03	1.026405e-01	-3.181952e-03	6.035636e-01	9.974818e-01	4.177998e-02	1.000886e+00	5.962268e+00
149	2.605333e+00	1.125809e-01	2.605326e+00	2.310838e-02	1.902022e-03	-1.118564e-01	1.882163e-03	-6.609811e-01	9.974859e-01	4.153402e-02	1.000890e+00	5.962055e+00
150	2.604499e+00	1.312703e-01	2.604502e+00	0.000000e+00	-8.344679e-04	1.868937e-02	-8.238560e-04	-2.310838e-02	9.974862e-01	4.152721e-02	1.000943e+00	5.960868e+00
151	2.616897e+00	1.622047e-01	2.616848e+00	0.000000e+00	1.239823e-02	3.093442e-02	1.234658e-02	0.000000e+00	9.974786e-01	4.150804e-02	9.997844e-01	5.957978e+00
152	2.601583e+00	2.009663e-01	2.601642e+00	2.236449e-01	-1.531395e-02	3.876162e-02	-1.520590e-02	2.236449e-01	9.974897e-01	4.147972e-02	9.997262e-01	5.958126e+00
153	2.601012e+00	1.698732e-01	2.601015e+00	7.409955e-01	-5.707569e-04	-3.109318e-02	-6.279254e-04	5.173506e-01	9.974894e-01	4.146155e-02	9.995356e-01	5.947745e+00
154	2.606904e+00	0.000000e+00	2.606881e+00	0.000000e+00	5.892382e-03	-1.698732e-01	5.866912e-03	-7.409955e-01	9.975088e-01	4.090217e-02	1.000263e+00	5.926788e+00
155	2.617944e+00	0.000000e+00	2.617901e+00	0.000000e+00	1.103941e-02	0.000000e+00	1.101921e-02	0.000000e+00	9.975089e-01	4.090217e-02	1.000000e+00	6.000000e+00
156	2.602935e+00	0.000000e+00	2.602993e+00	0.000000e+00	-1.500892e-02	0.000000e+00	-1.490725e-02	0.000000e+00	9.975084e-01	4.090217e-02	1.000000e+00	6.000000e+00
157	2.624659e+00	0.000000e+00	2.624574e+00	0.000000e+00	2.172362e-02	0.000000e+00	2.158053e-02	0.000000e+00	9.975075e-01	4.090217e-02	1.000000e+00	6.000000e+00
158	2.590788e+00	0.000000e+00	2.590920e+00	1.033947e+00	-3.387045e-02	0.000000e+00	-3.365385e-02	1.033947e+00	9.975054e-01	4.090217e-02	1.000000e+00	6.000000e+00
159	2.606010e+00	0.000000e+00	2.605951e+00	2.086427e-01	1.522173e-02	0.000000e+00	1.503081e-02	-8.253044e-01	9.975042e-01	4.090217e-02	1.000000e+00	6.000000e+00
160	2.608840e+00	0.000000e+00	2.608829e+00	7.436222e-01	2.830260e-03	0.000000e+00	2.877919e-03	5.349795e-01	9.975043e-01	4.090217e-02	1.000000e+00	6.000000e+00
161	2.608448e+00	0.000000e+00	2.608449e+00	0.000000e+00	-3.925182e-04	0.000000e+00	-3.797431e-04	-7.436222e-01	9.975043e-01	4.090217e-02	1.000000e+00	6.000000e+00
162	2.627345e+00	0.000000e+00	2.627271e+00	7.913912e-01	1.889744e-02	0.000000e+00	1.882214e-02	7.913912e-01	9.975041e-01	4.090217e-02	1.000000e+00	6.000000e+00
163	2.609365e+00	0.000000e+00	2.609435e+00	0.000000e+00	-1.798021e-02	0.000000e+00	-1.783645e-02	-7.913912e-01	9.975032e-01	4.090217e-02	1.000000e+00	6.000000e+00
164	2.617621e+00	0.000000e+00	2.617589e+00	0.000000e+00	8.256343e-03	0.000000e+00	8.154418e-03	0.000000e+00	9.975029e-01	4.090217e-02	1.000000e+00	6.000000e+00
165	2.608058e+00	0.000000e+00	2.608096e+00	0.000000e+00	-9.562881e-03	0.000000e+00	-9.493673e-03	0.000000e+00	9.975027e-01	4.090217e-02	1.000000e+00	6.000000e+00
166	2.616999e+00	0.000000e+00	2.616964e+00	0.000000e+00	8.940401e-03	0.000000e+00	8.868393e-03	0.000000e+00	9.975025e-01	4.090217e-02	1.000000e+00	6.000000e+00
167	2.618095e+00	0.000000e+00	2.618091e+00	0.000000e+00	1.096614e-03	0.000000e+00	1.126972e-03	0.000000e+00	9.975025e-01	4.090217e-02	1.000000e+00	6.000000e+00
168	2.615376e+00	0.000000e+00	2.615387e+00	0.000000e+00	-2.719416e-03	0.000000e+00	-2.704391e-03	0.000000e+00	9.975025e-01	4.090217e-02	1.000000e+00	6.000000e+00
169	2.616669e+00	0.000000e+00	2.616664e+00	0.000000e+00	1.293068e-03	0.000000e+00	1.277453e-03	0.000000e+00	9.975025e-01	4.090217e-02	1.000000e+00	6.000000e+00
170	2.616309e+00	7.345148e-03	2.616310e+00	6.812472e-01	-3.602533e-04	7.345148e-03	-3.538560e-04	6.812472e-01	9.975025e-01	4.090114e-02	9.998909e-01	6.002224e+00
171	2.605702e+00	0.000000e+00	2.605743e+00	2.875852e-02	-1.060670e-02	-7.345148e-03	-1.056665e-02	-6.524887e-01	9.975010e-01	4.090005e-02	1.002902e+00	6.004310e+00
172	2.601440e+00	0.000000e+00	2.601457e+00	0.000000e+00	-4.261908e-03	0.000000e+00	-4.286535e-03	-2.875852e-02	9.975010e-01	4.090005e-02	1.000000e+00	6.000000e+00
173	2.623502e+00	0.000000e+00	2.623416e+00	0.000000e+00	2.206215e-02	0.000000e+00	2.195923e-02	0.000000e+00	9.975005e-01	4.090005e-02	1.000000e+00	6.000000e+00
174	2.621590e+00	0.000000e+00	2.621597e+00	0.000000e+00	-1.912420e-03	0.000000e+00	-1.819172e-03	0.000000e+00	9.975004e-01	4.090005e-02	1.000000e+00	6.000000e+00
175	2.616320e+00	0.000000e+00	2.616340e+00	0.000000e+00	-5.270004e-03	0.000000e+00	-5.256525e-03	0.000000e+00	9.975004e-01	4.090005e-02	1.000000e+00	6.000000e+00
176	2.617653e+00	0.000000e+00	2.617648e+00	0.000000e+00	1.332931e-03	0.000000e+00	1.307191e-03	0.000000e+00	9.975004e-01	4.090005e-02	1.000000e+00	6.000000e+00
177	2.618377e+00	0.000000e+00	2.618375e+00	0.000000e+00	7.246595e-04	0.000000e+00	7.269350e-04	0.000000e+00	9.975004e-01	4.090005e-02	1.000000e+00	6.000000e+00
178	2.617521e+00	0.000000e+00	2.617524e+00	0.000000e+00	-8.565782e-04	0.000000e+00	-8.503926e-04	0.000000e+00	9.975004e-01	4.090005e-02	1.000000e+00	6.000000e+00
179	2.618233e+00	0.000000e+00	2.618230e+00	1.536855e-01	7.119931e-04	0.000000e+00	7.058901e-04	1.536855e-01	9.975004e-01	4.090005e-02	1.000000e+00	6.000000e+00
180	2.604574e+00	0.000000e+00	2.604628e+00	0.000000e+00	-1.365845e-02	0.000000e+00	-1.360234e-02	-1.536855e-01	9.975003e-01	4.090005e-02	1.000000e+00	6.000000e+00
181	2.630834e+00	0.000000e+00	2.630732e+00	0.000000e+00	2.625949e-02	0.000000e+00	2.610378e-02	0.000000e+00	9.974992e-01	4.090005e-02	1.000000e+00	6.000000e+00
182	2.602135e+00	0.000000e+00	2.602246e+00	2.333064e-03	-2.869932e-02	0.000000e+00	-2.848524e-02	2.333064e-03	9.974972e-01	4.090005e-02	1.000000e+00	6.000000e+00
183	2.596869e+00	0.000000e+00	2.596890e+00	0.000000e+00	-5.265916e-03	0.000000e+00	-5.356616e-03	-2.333064e-03	9.974975e-01	4.090005e-02	1.000000e+00	6.000000e+00
184	2.649091e+00	4.973357e-03	2.648887e+00	0.000000e+00	5.222213e-02	4.973357e-03	5.199721e-02	0.000000e+00	9.974901e-01	4.089935e-02	9.979672e-01	5.999806e+00
185	2.579336e+00	1.786753e-02	2.579608e+00	1.083949e+00	-6.975457e-02	1.289417e-02	-6.927898e-02	1.083949e+00	9.974976e-01	4.089796e-02	9.623985e-01	6.006381e+00
186	2.603605e+00	0.000000e+00	2.603511e+00	0.000000e+00	2.426897e-02	-1.786753e-02	2.390355e-02	-1.083949e+00	9.975025e-01	4.089435e-02	9.508762e-01	6.014864e+00
187	2.652433e+00	1.770022e-02	2.652242e+00	4.500087e-01	4.882783e-02	1.770022e-02	4.873047e-02	4.500087e-01	9.974863e-01	4.088848e-02	9.577579e-01	6.017359e+00
188	2.613704e+00	0.000000e+00	2.613854e+00	0.000000e+00	-3.872938e-02	-1.770022e-02	-3.838774e-02	-4.500087e-01	9.974685e-01	4.088034e-02	9.633896e-01	6.019933e+00
189	2.617931e+00	0.000000e+00	2.617915e+00	0.000000e+00	4.227129e-03	0.000000e+00	4.060665e-03	0.000000e+00	9.974682e-01	4.088034e-02	1.000000e+00	6.000000e+00
190	2.622492e+00	0.000000e+00	2.622474e+00	3.033813e-01	4.560952e-03	0.000000e+00	4.558998e-03	3.033813e-01	9.974682e-01	4.088034e-02	1.000000e+00	6.000000e+00
191	2.605806e+00	0.000000e+00	2.605871e+00	4.472568e-01	-1.668545e-02	0.000000e+00	-1.660246e-02	1.438755e-01	9.974679e-01	4.088034e-02	1.000000e+00	6.000000e+00
192	2.602610e+00	0.000000e+00	2.602623e+00	0.000000e+00	-3.196353e-03	0.000000e+00	-3.248720e-03	-4.472568e-01	9.974680e-01	4.088034e-02	1.000000e+00	6.000000e+00
193	2.635091e+00	0.000000e+00	2.634965e+00	0.000000e+00	3.248155e-02	0.000000e+00	3.234198e-02	0.000000e+00	9.974671e-01	4.088034e-02	1.000000e+00	6.000000e+00
194	2.622875e+00	0.000000e+00	2.622922e+00	0.000000e+00	-1.221620e-02	0.000000e+00	-1.204215e-02	0.000000e+00	9.974663e-01	4.088034e-02	1.000000e+00	6.000000e+00
195	2.618184e+00	0.000000e+00	2.618203e+00	5.623993e-01	-4.691079e-03	0.000000e+00	-4.719794e-03	5.623993e-01	9.974664e-01	4.088034e-02	1.000000e+00	6.000000e+00
196	2.607594e+00	0.000000e+00	2.607635e+00	0.000000e+00	-1.059034e-02	0.000000e+00	-1.056740e-02	-5.623993e-01	9.974664e-01	4.088034e-02	1.000000e+00	6.000000e+00
197	2.627702e+00	0.000000e+00	2.627624e+00	0.000000e+00	2.010843e-02	0.000000e+00	1.998860e-02	0.000000e+00	9.974657e-01	4.088034e-02	1.000000e+00	6.000000e+00
198	2.595310e+00	0.000000e+00	2.595436e+00	0.000000e+00	-3.239212e-02	0.000000e+00	-3.218751e-02	0.000000e+00	9.974639e-01	4.088034e-02	1.000000e+00	6.000000e+00
199	2.617050e+00	0.000000e+00	2.616966e+00	0.000000e+00	2.173983e-02	0.000000e+00	2.152917e-02	0.000000e+00	9.974623e-01	4.088034e-02	1.000000e+00	6.000000e+00
200	2.624434e+00	0.000000e+00	2.624404e+00	0.000000e+00	7.383613e-03	0.000000e+00	7.438869e-03	0.000000e+00	9.974625e-01	4.088034e-02	1.000000e+00	6.000000e+00
201	2.618389e+00	0.000000e+00	2.618412e+00	0.000000e+00	-6.044800e-03	0.000000e+00	-5.992129e-03	0.000000e+00	9.974624e-01	4.088034e-02	1.000000e+00	6.000000e+00
202	2.618377e+00	0.000000e+00	2.618377e+00	0.000000e+00	-1.145418e-05	0.000000e+00	-3.481619e-05	0.000000e+00	9.974624e-01	4.088034e-02	1.000000e+00	6.000000e+00
203	2.619888e+00	0.000000e+00	2.619883e+00	0.000000e+00	1.511162e-03	0.000000e+00	1.505123e-03	0.000000e+00	9.974624e-01	4.088034e-02	1.000000e+00	6.000000e+00
204	2.619239e+00	0.000000e+00	2.619241e+00	0.000000e+00	-6.496888e-04	0.000000e+00	-6.412715e-04	0.000000e+00	9.974624e-01	4.088034e-02	1.000000e+00	6.000000e+00
205	2.619132e+00	0.000000e+00	2.619132e+00	0.000000e+00	-1.072573e-04	0.000000e+00	-1.093433e-04	0.000000e+00	9.974624e-01	4.088034e-02	1.000000e+00	6.000000e+00
206	2.619351e+00	0.000000e+00	2.619350e+00	0.000000e+00	2.191812e-04	0.000000e+00	2.178979e-04	0.000000e+00	9.974624e-01	4.088034e-02	1.000000e+00	6.000000e+00
207	2.619223e+00	0.000000e+00	2.619224e+00	1.194151e-01	-1.274276e-04	0.000000e+00	-1.260787e-04	1.194151e-01	9.974624e-01	4.088034e-02	1.000000e+00	6.000000e+00
208	2.604314e+00	0.000000e+00	2.604372e+00	9.014320e-01	-1.490977e-02	0.000000e+00	-1.485202e-02	7.820168e-01	9.974623e-01	4.088034e-02	1.000000e+00	6.000000e+00
209	2.607117e+00	0.000000e+00	2.607106e+00	0.000000e+00	2.803183e-03	0.000000e+00	2.734218e-03	-9.014320e-01	9.974622e-01	4.088034e-02	1.000000e+00	6.000000e+00
210	2.636990e+00	0.000000e+00	2.636874e+00	0.000000e+00	2.987365e-02	0.000000e+00	2.976763e-02	0.000000e+00	9.974618e-01	4.088034e-02	1.000000e+00	6.000000e+00
211	2.618620e+00	0.000000e+00	2.618691e+00	5.059112e-01	-1.837016e-02	0.000000e+00	-1.818213e-02	5.059112e-01	9.974605e-01	4.088034e-02	1.000000e+00	6.000000e+00
212	2.601984e+00	0.000000e+00	2.602050e+00	0.000000e+00	-1.663573e-02	0.000000e+00	-1.664177e-02	-5.059112e-01	9.974609e-01	4.088034e-02	1.000000e+00	6.000000e+00
213	2.636198e+00	0.000000e+00	2.636064e+00	0.000000e+00	3.421315e-02	0.000000e+00	3.401450e-02	0.000000e+00	9.974591e-01	4.088034e-02	1.000000e+00	6.000000e+00
214	2.610364e+00	0.000000e+00	2.610465e+00	0.000000e+00	-2.583323e-02	0.000000e+00	-2.559945e-02	0.000000e+00	9.974570e-01	4.088034e-02	1.000000e+00	6.000000e+00
215	2.632039e+00	0.000000e+00	2.631954e+00	3.895970e-02	2.167421e-02	0.000000e+00	2.148955e-02	3.895970e-02	9.974557e-01	4.088034e-02	1.000000e+00	6.000000e+00
216	2.609361e+00	0.000000e+00	2.609449e+00	4.178316e-01	-2.267785e-02	0.000000e+00	-2.250533e-02	3.788719e-01	9.974545e-01	4.088034e-02	1.000000e+00	6.000000e+00
217	2.601105e+00	0.000000e+00	2.601138e+00	0.000000e+00	-8.255644e-03	0.000000e+00	-8.311307e-03	-4.178316e-01	9.974548e-01	4.088034e-02	1.000000e+00	6.000000e+00
218	2.641173e+00	0.000000e+00	2.641017e+00	0.000000e+00	4.006804e-02	0.000000e+00	3.987906e-02	0.000000e+00	9.974531e-01	4.088034e-02	1.000000e+00	6.000000e+00
219	2.620921e+00	0.000000e+00	2.620999e+00	3.438020e-01	-2.025228e-02	0.000000e+00	-2.001739e-02	3.438020e-01	9.974513e-01	4.088034e-02	1.000000e+00	6.000000e+00
220	2.600678e+00	0.000000e+00	2.600758e+00	0.000000e+00	-2.024245e-02	0.000000e+00	-2.024157e-02	-3.438020e-01	9.974518e-01	4.088034e-02	1.000000e+00	6.000000e+00
221	2.654395e+00	0.000000e+00	2.654186e+00	2.056227e-01	5.371678e-02	0.000000e+00	5.342788e-02	2.056227e-01	9.974479e-01	4.088034e-02	1.000000e+00	6.000000e+00
222	2.619336e+00	0.000000e+00	2.619472e+00	2.900564e-01	-3.505909e-02	0.000000e+00	-3.471344e-02	8.443371e-02	9.974437e-01	4.088034e-02	1.000000e+00	6.000000e+00
223	2.599774e+00	0.000000e+00	2.599851e+00	0.000000e+00	-1.956241e-02	0.000000e+00	-1.962159e-02	-2.900564e-01	9.974447e-01	4.088034e-02	1.000000e+00	6.000000e+00
224	2.621573e+00	0.000000e+00	2.621488e+00	5.709123e-01	2.179888e-02	0.000000e+00	2.163708e-02	5.709123e-01	9.974436e-01	4.088034e-02	1.000000e+00	6.000000e+00
225	2.614231e+00	0.000000e+00	2.614259e+00	0.000000e+00	-7.341828e-03	0.000000e+00	-7.228629e-03	-5.709123e-01	9.974433e-01	4.088034e-02	1.000000e+00	6.000000e+00
226	2.609422e+00	0.000000e+00	2.609441e+00	0.000000e+00	-4.808391e-03	0.000000e+00	-4.817845e-03	0.000000e+00	9.974433e-01	4.088034e-02	1.000000e+00	6.000000e+00
227	2.612894e+00	0.000000e+00	2.612881e+00	0.000000e+00	3.471785e-03	0.000000e+00	3.439403e-03	0.000000e+00	9.974433e-01	4.088034e-02	1.000000e+00	6.000000e+00
228	2.612591e+00	0.000000e+00	2.612592e+00	6.492130e-02	-3.034923e-04	0.000000e+00	-2.888716e-04	6.492130e-02	9.974433e-01	4.088034e-02	1.000000e+00	6.000000e+00
229	2.608826e+00	0.000000e+00	2.608840e+00	3.129863e-01	-3.765050e-03	0.000000e+00	-3.751471e-03	2.480650e-01	9.974433e-01	4.088034e-02	1.000000e+00	6.000000e+00
230	2.609491e+00	0.000000e+00	2.609489e+00	0.000000e+00	6.656535e-04	0.000000e+00	6.483991e-04	-3.129863e-01	9.974433e-01	4.088034e-02	1.000000e+00	6.000000e+00
231	2.613229e+00	0.000000e+00	2.613214e+00	0.000000e+00	3.737784e-03	0.000000e+00	3.725716e-03	0.000000e+00	9.974433e-01	4.088034e-02	1.000000e+00	6.000000e+00
232	2.612622e+00	0.000000e+00	2.612624e+00	0.000000e+00	-6.071280e-04	0.000000e+00	-5.902029e-04	0.000000e+00	9.974433e-01	4.088034e-02	1.000000e+00	6.000000e+00
233	2.611920e+00	0.000000e+00	2.611923e+00	0.000000e+00	-7.018828e-04	0.000000e+00	-7.014465e-04	0.000000e+00	9.974433e-01	4.088034e-02	1.000000e+00	6.000000e+00
234	2.612595e+00	0.000000e+00	2.612592e+00	0.000000e+00	6.746567e-04	0.000000e+00	6.692813e-04	0.000000e+00	9.974433e-01	4.088034e-02	1.000000e+00	6.000000e+00
235	2.612285e+00	0.000000e+00	2.612286e+00	1.649019e+00	-3.095539e-04	0.000000e+00	-3.057303e-04	1.649019e+00	9.974433e-01	4.088034e-02	1.000000e+00	6.000000e+00
236	2.609286e+00	0.000000e+00	2.609298e+00	0.000000e+00	-2.999220e-03	0.000000e+00	-2.988699e-03	-1.649019e+00	9.974433e-01	4.088034e-02	1.000000e+00	6.000000e+00
237	2.613695e+00	1.296725e-01	2.613677e+00	2.098327e+00	4.408686e-03	1.296725e-01	4.379790e-03	2.098327e+00	9.974322e-01	4.055548e-02	1.002733e+00	6.080375e+00
238	2.609266e+00	0.000000e+00	2.609283e+00	3.596759e-01	-4.428484e-03	-1.296725e-01	-4.394077e-03	-1.738651e+00	9.974212e-01	4.023285e-02	1.004705e+00	6.138141e+00
239	2.608980e+00	8.994733e-02	2.608981e+00	0.000000e+00	-2.863856e-04	8.994733e-02	-3.024313e-04	-3.596759e-01	9.974217e-01	4.007815e-02	1.004829e+00	6.099355e+00
240	2.611341e+00	2.580945e-01	2.611331e+00	0.000000e+00	2.360869e-03	1.681472e-01	2.350466e-03	0.000000e+00	9.974142e-01	3.954707e-02	1.003692e+00	6.018396e+00
241	2.608192e+00	4.342349e-01	2.608204e+00	2.241605e+00	-3.148596e-03	1.761404e-01	-3.127115e-03	2.241605e+00	9.974245e-01	3.897426e-02	1.001948e+00	6.116000e+00
242	2.611023e+00	2.342349e-01	2.611012e+00	1.760145e+00	2.830880e-03	-2.000000e-01	2.807607e-03	-4.814603e-01	9.974347e-01	3.824976e-02	1.002922e+00	6.047181e+00
243	2.610989e+00	3.423495e-02	2.610989e+00	8.867575e-01	-3.416121e-05	-2.000000e-01	-2.306055e-05	-8.733874e-01	9.974346e-01	3.753624e-02	1.002916e+00	6.015879e+00
244	2.605986e+00	0.000000e+00	2.606006e+00	2.541666e-01	-5.002518e-03	-3.423495e-02	-4.983067e-03	-6.325909e-01	9.974315e-01	3.751525e-02	1.003918e+00	6.022731e+00
245	2.606321e+00	0.000000e+00	2.606320e+00	6.541237e-02	3.347947e-04	0.000000e+00	3.140218e-04	-1.887542e-01	9.974315e-01	3.751525e-02	1.000000e+00	6.000000e+00
246	2.607601e+00	0.000000e+00	2.607596e+00	0.000000e+00	1.279731e-03	0.000000e+00	1.275959e-03	-6.541237e-02	9.974315e-01	3.751525e-02	1.000000e+00	6.000000e+00
247	2.606574e+00	0.000000e+00	2.606578e+00	9.926832e-01	-1.027180e-03	0.000000e+00	-1.018183e-03	9.926832e-01	9.974315e-01	3.751525e-02	1.000000e+00	6.000000e+00
248	2.607280e+00	0.000000e+00	2.607277e+00	0.000000e+00	7.060850e-04	0.000000e+00	6.993496e-04	-9.926832e-01	9.974315e-01	3.751525e-02	1.000000e+00	6.000000e+00
249	2.607178e+00	1.925653e-03	2.607179e+00	0.000000e+00	-1.011644e-04	1.925653e-03	-9.803743e-05	0.000000e+00	9.974315e-01	3.751519e-02	1.000001e+00	5.999990e+00
250	2.607086e+00	1.185423e-02	2.607086e+00	0.000000e+00	-9.268124e-05	9.928573e-03	-9.270216e-05	0.000000e+00	9.974315e-01	3.751343e-02	1.000003e+00	5.999709e+00
251	2.607232e+00	2.978589e-02	2.607231e+00	4.887213e-01	1.459865e-04	1.793166e-02	1.450541e-04	4.887213e-01	9.974315e-01	3.750769e-02	1.000030e+00	6.002954e+00
252	2.607497e+00	0.000000e+00	2.607496e+00	0.000000e+00	2.650601e-04	-2.978589e-02	2.645913e-04	-4.887213e-01	9.974316e-01	3.749189e-02	9.999905e-01	6.007340e+00
253	2.606612e+00	0.000000e+00	2.606616e+00	3.780820e-01	-8.846077e-04	0.000000e+00	-8.801186e-04	3.780820e-01	9.974316e-01	3.749189e-02	1.000000e+00	6.000000e+00
254	2.607328e+00	0.000000e+00	2.607325e+00	0.000000e+00	7.159493e-04	0.000000e+00	7.097147e-04	-3.780820e-01	9.974316e-01	3.749189e-02	1.000000e+00	6.000000e+00
255	2.607178e+00	0.000000e+00	2.607178e+00	0.000000e+00	-1.503710e-04	0.000000e+00	-1.470113e-04	0.000000e+00	9.974316e-01	3.749189e-02	1.000000e+00	6.000000e+00
256	2.607152e+00	0.000000e+00	2.607153e+00	0.000000e+00	-2.539304e-05	0.000000e+00	-2.586811e-05	0.000000e+00	9.974316e-01	3.749189e-02	1.000000e+00	6.000000e+00
257	2.607216e+00	0.000000e+00	2.607216e+00	0.000000e+00	6.369787e-05	0.000000e+00	6.334800e-05	0.000000e+00	9.974316e-01	3.749189e-02	1.000000e+00	6.000000e+00
258	2.607142e+00	0.000000e+00	2.607142e+00	1.839016e+00	-7.433273e-05	0.000000e+00	-7.379491e-05	1.839016e+00	9.974316e-01	3.749189e-02	1.000000e+00	6.000000e+00
259	2.607369e+00	0.000000e+00	2.607368e+00	1.981041e+00	2.275352e-04	0.000000e+00	2.263581e-04	1.420254e-01	9.974316e-01	3.749189e-02	1.000000e+00	6.000000e+00
260	2.594067e+00	0.000000e+00	2.594119e+00	2.519742e+00	-1.330223e-02	0.000000e+00	-1.324938e-02	5.387009e-01	9.974315e-01	3.749189e-02	1.000000e+00	6.000000e+00
261	2.581884e+00	0.000000e+00	2.581931e+00	6.239066e-01	-1.218356e-02	0.000000e+00	-1.218773e-02	-1.895836e+00	9.974317e-01	3.749189e-02	1.000000e+00	6.000000e+00
262	2.589775e+00	7.940156e-02	2.589744e+00	2.837338e+00	7.891246e-03	7.940156e-02	7.812812e-03	2.213431e+00	9.974204e-01	3.737778e-02	1.006461e+00	6.065008e+00
263	2.593422e+00	0.000000e+00	2.593408e+00	1.775348e+00	3.647556e-03	-7.940156e-02	3.663827e-03	-1.061990e+00	9.974256e-01	3.726524e-02	1.005452e+00	6.086969e+00
264	2.559980e+00	0.000000e+00	2.560111e+00	9.014222e-01	-3.344222e-02	0.000000e+00	-3.329728e-02	-8.739256e-01	9.974246e-01	3.726524e-02	1.000000e+00	6.000000e+00
265	2.572502e+00	0.000000e+00	2.572453e+00	0.000000e+00	1.252153e-02	0.000000e+00	1.234255e-02	-9.014222e-01	9.974237e-01	3.726524e-02	1.000000e+00	6.000000e+00
266	2.583973e+00	1.968028e-02	2.583928e+00	1.637975e-01	1.147140e-02	1.968028e-02	1.147481e-02	1.637975e-01	9.974199e-01	3.725869e-02	1.000187e+00	6.000320e+00
267	2.578824e+00	0.000000e+00	2.578844e+00	0.000000e+00	-5.148805e-03	-1.968028e-02	-5.083869e-03	-1.637975e-01	9.974180e-01	3.725135e-02	1.000286e+00	6.000699e+00
268	2.595541e+00	9.461819e-03	2.595476e+00	4.258157e-01	1.671652e-02	9.461819e-03	1.663137e-02	4.258157e-01	9.974149e-01	3.724958e-02	1.003083e+00	6.002282e+00
269	2.576440e+00	0.000000e+00	2.576514e+00	0.000000e+00	-1.910077e-02	-9.461819e-03	-1.896119e-02	-4.258157e-01	9.974109e-01	3.724759e-02	1.006256e+00	6.003854e+00
270	2.570157e+00	0.000000e+00	2.570182e+00	0.000000e+00	-6.282958e-03	0.000000e+00	-6.332483e-03	0.000000e+00	9.974111e-01	3.724759e-02	1.000000e+00	6.000000e+00
271	2.592435e+00	0.000000e+00	2.592348e+00	4.836707e-01	2.227802e-02	0.000000e+00	2.216626e-02	4.836707e-01	9.974105e-01	3.724759e-02	1.000000e+00	6.000000e+00
272	2.577766e+00	0.000000e+00	2.577823e+00	0.000000e+00	-1.466861e-02	0.000000e+00	-1.452472e-02	-4.836707e-01	9.974098e-01	3.724759e-02	1.000000e+00	6.000000e+00
273	2.563003e+00	0.000000e+00	2.563061e+00	0.000000e+00	-1.476352e-02	0.000000e+00	-1.476258e-02	0.000000e+00	9.974100e-01	3.724759e-02	1.000000e+00	6.000000e+00
274	2.594439e+00	0.000000e+00	2.594316e+00	0.000000e+00	3.143598e-02	0.000000e+00	3.125552e-02	0.000000e+00	9.974085e-01	3.724759e-02	1.000000e+00	6.000000e+00
275	2.537499e+00	0.000000e+00	2.537721e+00	5.338099e-01	-5.693939e-02	0.000000e+00	-5.659488e-02	5.338099e-01	9.974032e-01	3.724759e-02	1.000000e+00	6.000000e+00
276	2.569612e+00	0.000000e+00	2.569488e+00	0.000000e+00	3.211273e-02	0.000000e+00	3.176622e-02	-5.338099e-01	9.973992e-01	3.724759e-02	1.000000e+00	6.000000e+00
277	2.597043e+00	0.000000e+00	2.596936e+00	0.000000e+00	2.743126e-02	0.000000e+00	2.744819e-02	0.000000e+00	9.974004e-01	3.724759e-02	1.000000e+00	6.000000e+00
278	2.543268e+00	0.000000e+00	2.543478e+00	9.256195e-02	-5.377499e-02	0.000000e+00	-5.345771e-02	9.256195e-02	9.973958e-01	3.724759e-02	1.000000e+00	6.000000e+00
279	2.564169e+00	0.000000e+00	2.564088e+00	0.000000e+00	2.090065e-02	0.000000e+00	2.061019e-02	-9.256195e-02	9.973935e-01	3.724759e-02	1.000000e+00	6.000000e+00
280	2.607414e+00	0.000000e+00	2.607245e+00	0.000000e+00	4.324490e-02	0.000000e+00	4.315648e-02	0.000000e+00	9.973940e-01	3.724759e-02	1.000000e+00	6.000000e+00
281	2.522309e+00	0.000000e+00	2.522640e+00	0.000000e+00	-8.510551e-02	0.000000e+00	-8.460449e-02	0.000000e+00	9.973827e-01	3.724759e-02	1.000000e+00	6.000000e+00
282	2.589696e+00	0.000000e+00	2.589434e+00	0.000000e+00	6.738771e-02	0.000000e+00	6.679399e-02	0.000000e+00	9.973694e-01	3.724759e-02	1.000000e+00	6.000000e+00
283	2.597818e+00	0.000000e+00	2.597786e+00	0.000000e+00	8.122258e-03	0.000000e+00	8.351444e-03	0.000000e+00	9.973704e-01	3.724759e-02	1.000000e+00	6.000000e+00
284	2.580123e+00	0.000000e+00	2.580192e+00	9.612550e-01	-1.769552e-02	0.000000e+00	-1.759378e-02	9.612550e-01	9.973699e-01	3.724759e-02	1.000000e+00	6.000000e+00
285	2.567367e+00	0.000000e+00	2.567417e+00	0.000000e+00	-1.275580e-02	0.000000e+00	-1.277470e-02	-9.612550e-01	9.973702e-01	3.724759e-02	1.000000e+00	6.000000e+00
286	2.574751e+00	0.000000e+00	2.574722e+00	0.000000e+00	7.383334e-03	0.000000e+00	7.304591e-03	0.000000e+00	9.973700e-01	3.724759e-02	1.000000e+00	6.000000e+00
287	2.567006e+00	4.834631e-03	2.567036e+00	0.000000e+00	-7.744170e-03	4.834631e-03	-7.685386e-03	0.000000e+00	9.973705e-01	3.724727e-02	1.000078e+00	5.999951e+00
288	2.577391e+00	1.771299e-02	2.577350e+00	9.795536e-01	1.038454e-02	1.287836e-02	1.031395e-02	9.795536e-01	9.973680e-01	3.724407e-02	1.004477e+00	6.005406e+00
289	2.575474e+00	0.000000e+00	2.575481e+00	1.104282e+00	-1.917255e-03	-1.771299e-02	-1.869476e-03	1.247288e-01	9.973673e-01	3.723816e-02	1.004265e+00	6.003446e+00
290	2.572512e+00	0.000000e+00	2.572523e+00	0.000000e+00	-2.962067e-03	0.000000e+00	-2.957799e-03	-1.104282e+00	9.973673e-01	3.723816e-02	1.000000e+00	6.000000e+00
291	2.563453e+00	2.499270e-02	2.563488e+00	8.626664e-01	-9.058986e-03	2.499270e-02	-9.035154e-03	8.626664e-01	9.973713e-01	3.722712e-02	9.968953e-01	6.008565e+00
292	2.550325e+00	0.000000e+00	2.550377e+00	0.000000e+00	-1.312734e-02	-2.499270e-02	-1.311135e-02	-8.626664e-01	9.973656e-01	3.721629e-02	1.001255e+00	6.016865e+00
293	2.555589e+00	0.000000e+00	2.555568e+00	0.000000e+00	5.263439e-03	0.000000e+00	5.191663e-03	0.000000e+00	9.973655e-01	3.721629e-02	1.000000e+00	6.000000e+00
294	2.548854e+00	0.000000e+00	2.548880e+00	0.000000e+00	-6.734598e-03	0.000000e+00	-6.688011e-03	0.000000e+00	9.973654e-01	3.721629e-02	1.000000e+00	6.000000e+00
295	2.565663e+00	0.000000e+00	2.565598e+00	3.570352e-01	1.680913e-02	0.000000e+00	1.671734e-02	3.570352e-01	9.973650e-01	3.721629e-02	1.000000e+00	6.000000e+00
296	2.559196e+00	0.000000e+00	2.559221e+00	8.609988e-01	-6.466703e-03	0.000000e+00	-6.376140e-03	5.039636e-01	9.973648e-01	3.721629e-02	1.000000e+00	6.000000e+00
297	2.551946e+00	0.000000e+00	2.551974e+00	0.000000e+00	-7.250595e-03	0.000000e+00	-7.247179e-03	-8.609988e-01	9.973649e-01	3.721629e-02	1.000000e+00	6.000000e+00
298	2.545521e+00	0.000000e+00	2.545546e+00	0.000000e+00	-6.424865e-03	0.000000e+00	-6.428077e-03	0.000000e+00	9.973649e-01	3.721629e-02	1.000000e+00	6.000000e+00
299	2.556636e+00	0.000000e+00	2.556592e+00	1.225071e+00	1.111467e-02	0.000000e+00	1.104615e-02	1.225071e+00	9.973647e-01	3.721629e-02	1.000000e+00	6.000000e+00
300	2.555487e+00	0.000000e+00	2.555492e+00	4.853179e-01	-1.148377e-03	0.000000e+00	-1.100742e-03	-7.397533e-01	9.973647e-01	3.721629e-02	1.000000e+00	6.000000e+00
301	2.555650e+00	0.000000e+00	2.555649e+00	0.000000e+00	1.622393e-04	0.000000e+00	1.573058e-04	-4.853179e-01	9.973647e-01	3.721629e-02	1.000000e+00	6.000000e+00
302	2.540925e+00	0.000000e+00	2.540982e+00	0.000000e+00	-1.472500e-02	0.000000e+00	-1.466686e-02	0.000000e+00	9.973646e-01	3.721629e-02	1.000000e+00	6.000000e+00
303	2.547682e+00	0.000000e+00	2.547656e+00	2.764620e+00	6.757697e-03	0.000000e+00	6.674007e-03	2.764620e+00	9.973643e-01	3.721629e-02	1.000000e+00	6.000000e+00
304	2.513309e+00	0.000000e+00	2.513443e+00	2.017638e+00	-3.437337e-02	0.000000e+00	-3.421303e-02	-7.469816e-01	9.973632e-01	3.721629e-02	1.000000e+00	6.000000e+00
305	2.526182e+00	0.000000e+00	2.526132e+00	7.582959e-01	1.287325e-02	0.000000e+00	1.268932e-02	-1.259342e+00	9.973623e-01	3.721629e-02	1.000000e+00	6.000000e+00
306	2.536358e+00	0.000000e+00	2.536318e+00	0.000000e+00	1.017629e-02	0.000000e+00	1.018611e-02	-7.582959e-01	9.973625e-01	3.721629e-02	1.000000e+00	6.000000e+00
307	2.528784e+00	9.122834e-02	2.528813e+00	3.227283e-01	-7.574554e-03	9.122834e-02	-7.505177e-03	3.227283e-01	9.973745e-01	3.707192e-02	1.000778e+00	5.990633e+00
308	2.531851e+00	7.499589e-02	2.531839e+00	2.582013e-01	3.067064e-03	-1.623245e-02	3.025766e-03	-6.452696e-02	9.973753e-01	3.706753e-02	1.000821e+00	5.990404e+00
309	2.534510e+00	3.794119e-02	2.534499e+00	1.398345e-01	2.658756e-03	-3.705469e-02	2.660190e-03	-1.183668e-01	9.973770e-01	3.704323e-02	1.000948e+00	5.988629e+00
310	2.503514e+00	9.730320e-03	2.503635e+00	0.000000e+00	-3.099540e-02	-2.821087e-02	-3.086393e-02	-1.398345e-01	9.973609e-01	3.702856e-02	1.000064e+00	5.987824e+00
311	2.525897e+00	1.711310e-02	2.525810e+00	0.000000e+00	2.238256e-02	7.382782e-03	2.217456e-02	0.000000e+00	9.973564e-01	3.702708e-02	9.993560e-01	5.987590e+00
312	2.527716e+00	3.256038e-02	2.527709e+00	0.000000e+00	1.819420e-03	1.544728e-02	1.898932e-03	0.000000e+00	9.973560e-01	3.702350e-02	9.992745e-01	5.986898e+00
313	2.521396e+00	5.607180e-02	2.521421e+00	8.727877e-01	-6.319850e-03	2.351142e-02	-6.287745e-03	8.727877e-01	9.973586e-01	3.701396e-02	9.970587e-01	5.995142e+00
314	2.530989e+00	0.000000e+00	2.530952e+00	0.000000e+00	9.593015e-03	-5.607180e-02	9.530980e-03	-8.727877e-01	9.973678e-01	3.695975e-02	9.945739e-01	6.009666e+00
315	2.523280e+00	0.000000e+00	2.523310e+00	0.000000e+00	-7.709031e-03	0.000000e+00	-7.641687e-03	0.000000e+00	9.973677e-01	3.695975e-02	1.000000e+00	6.000000e+00
316	2.525877e+00	0.000000e+00	2.525867e+00	0.000000e+00	2.596754e-03	0.000000e+00	2.556760e-03	0.000000e+00	9.973676e-01	3.695975e-02	1.000000e+00	6.000000e+00
317	2.525515e+00	0.000000e+00	2.525517e+00	1.008741e+00	-3.619182e-04	0.000000e+00	-3.505172e-04	1.008741e+00	9.973676e-01	3.695975e-02	1.000000e+00	6.000000e+00
318	2.532044e+00	0.000000e+00	2.532018e+00	0.000000e+00	6.528732e-03	0.000000e+00	6.501860e-03	-1.008741e+00	9.973676e-01	3.695975e-02	1.000000e+00	6.000000e+00
319	2.521776e+00	6.703158e-03	2.521816e+00	0.000000e+00	-1.026759e-02	6.703158e-03	-1.020209e-02	0.000000e+00	9.973686e-01	3.695908e-02	1.000146e+00	5.999905e+00
320	2.525700e+00	2.147284e-02	2.525685e+00	5.522748e-01	3.924068e-03	1.476968e-02	3.868888e-03	5.522748e-01	9.973675e-01	3.695494e-02	1.001003e+00	6.003130e+00
321	2.533993e+00	0.000000e+00	2.533961e+00	3.941632e-01	8.292598e-03	-2.147284e-02	8.275318e-03	-1.581116e-01	9.973707e-01	3.694680e-02	1.000855e+00	6.003512e+00
322	2.500273e+00	0.000000e+00	2.500405e+00	3.578013e-01	-3.372001e-02	0.000000e+00	-3.355597e-02	-3.636194e-02	9.973695e-01	3.694680e-02	1.000000e+00	6.000000e+00
323	2.495873e+00	0.000000e+00	2.495890e+00	0.000000e+00	-4.400465e-03	0.000000e+00	-4.514354e-03	-3.578013e-01	9.973697e-01	3.694680e-02	1.000000e+00	6.000000e+00
324	2.500474e+00	0.000000e+00	2.500456e+00	0.000000e+00	4.601109e-03	0.000000e+00	4.565502e-03	0.000000e+00	9.973697e-01	3.694680e-02	1.000000e+00	6.000000e+00
325	2.495922e+00	0.000000e+00	2.495940e+00	3.817731e-01	-4.551366e-03	0.000000e+00	-4.515753e-03	3.817731e-01	9.973696e-01	3.694680e-02	1.000000e+00	6.000000e+00
326	2.503690e+00	0.000000e+00	2.503660e+00	0.000000e+00	7.767549e-03	0.000000e+00	7.719567e-03	-3.817731e-01	9.973695e-01	3.694680e-02	1.000000e+00	6.000000e+00
327	2.494568e+00	0.000000e+00	2.494603e+00	0.000000e+00	-9.122200e-03	0.000000e+00	-9.056411e-03	0.000000e+00	9.973693e-01	3.694680e-02	1.000000e+00	6.000000e+00
328	2.501989e+00	0.000000e+00	2.501960e+00	0.000000e+00	7.421544e-03	0.000000e+00	7.357177e-03	0.000000e+00	9.973692e-01	3.694680e-02	1.000000e+00	6.000000e+00
329	2.495670e+00	0.000000e+00	2.495695e+00	0.000000e+00	-6.319118e-03	0.000000e+00	-6.265695e-03	0.000000e+00	9.973691e-01	3.694680e-02	1.000000e+00	6.000000e+00
330	2.500853e+00	0.000000e+00	2.500833e+00	0.000000e+00	5.183126e-03	0.000000e+00	5.138404e-03	0.000000e+00	9.973690e-01	3.694680e-02	1.000000e+00	6.000000e+00
331	2.496659e+00	0.000000e+00	2.496675e+00	0.000000e+00	-4.194638e-03	0.000000e+00	-4.158181e-03	0.000000e+00	9.973689e-01	3.694680e-02	1.000000e+00	6.000000e+00
332	2.500162e+00	0.000000e+00	2.500148e+00	0.000000e+00	3.503460e-03	0.000000e+00	3.473532e-03	0.000000e+00	9.973689e-01	3.694680e-02	1.000000e+00	6.000000e+00
333	2.497235e+00	0.000000e+00	2.497246e+00	0.000000e+00	-2.927131e-03	0.000000e+00	-2.902128e-03	0.000000e+00	9.973689e-01	3.694680e-02	1.000000e+00	6.000000e+00
334	2.500235e+00	0.000000e+00	2.500223e+00	0.000000e+00	3.000141e-03	0.000000e+00	2.977085e-03	0.000000e+00	9.973689e-01	3.694680e-02	1.000000e+00	6.000000e+00
335	2.495797e+00	0.000000e+00	2.495814e+00	1.368276e-01	-4.437978e-03	0.000000e+00	-4.409013e-03	1.368276e-01	9.973688e-01	3.694680e-02	1.000000e+00	6.000000e+00
336	2.503975e+00	0.000000e+00	2.503944e+00	0.000000e+00	8.178404e-03	0.000000e+00	8.129235e-03	-1.368276e-01	9.973687e-01	3.694680e-02	1.000000e+00	6.000000e+00
337	2.489329e+00	0.000000e+00	2.489386e+00	1.041647e+00	-1.464644e-02	0.000000e+00	-1.455748e-02	1.041647e+00	9.973684e-01	3.694680e-02	1.000000e+00	6.000000e+00
338	2.504805e+00	0.000000e+00	2.504745e+00	0.000000e+00	1.547639e-02	0.000000e+00	1.535907e-02	-1.041647e+00	9.973678e-01	3.694680e-02	1.000000e+00	6.000000e+00
339	2.498795e+00	1.326928e-02	2.498818e+00	4.033480e-01	-6.010863e-03	1.326928e-02	-5.927387e-03	4.033480e-01	9.973690e-01	3.694413e-02	9.990586e-01	6.002078e+00
340	2.503496e+00	0.000000e+00	2.503477e+00	0.000000e+00	4.701144e-03	-1.326928e-02	4.659626e-03	-4.033480e-01	9.973700e-01	3.694123e-02	9.983254e-01	6.004148e+00
341	2.498734e+00	0.000000e+00	2.498753e+00	0.000000e+00	-4.761298e-03	0.000000e+00	-4.724497e-03	0.000000e+00	9.973700e-01	3.694123e-02	1.000000e+00	6.000000e+00
342	2.504016e+00	0.000000e+00	2.503996e+00	2.305584e-01	5.281948e-03	0.000000e+00	5.242861e-03	2.305584e-01	9.973699e-01	3.694123e-02	1.000000e+00	6.000000e+00
343	2.505865e+00	0.000000e+00	2.505857e+00	0.000000e+00	1.848277e-03	0.000000e+00	1.861537e-03	-2.305584e-01	9.973699e-01	3.694123e-02	1.000000e+00	6.000000e+00
344	2.490849e+00	0.000000e+00	2.490907e+00	0.000000e+00	-1.501605e-02	0.000000e+00	-1.495012e-02	0.000000e+00	9.973697e-01	3.694123e-02	1.000000e+00	6.000000e+00
345	2.527726e+00	0.000000e+00	2.527582e+00	0.000000e+00	3.687728e-02	0.000000e+00	3.667483e-02	0.000000e+00	9.973679e-01	3.694123e-02	1.000000e+00	6.000000e+00
346	2.512864e+00	0.000000e+00	2.512922e+00	0.000000e+00	-1.486176e-02	0.000000e+00	-1.466045e-02	0.000000e+00	9.973668e-01	3.694123e-02	1.000000e+00	6.000000e+00
347	2.517864e+00	0.000000e+00	2.517844e+00	0.000000e+00	4.999662e-03	0.000000e+00	4.922865e-03	0.000000e+00	9.973666e-01	3.694123e-02	1.000000e+00	6.000000e+00
348	2.515910e+00	0.000000e+00	2.515918e+00	1.634918e-01	-1.953279e-03	0.000000e+00	-1.926419e-03	1.634918e-01	9.973666e-01	3.694123e-02	1.000000e+00	6.000000e+00
349	2.533065e+00	0.000000e+00	2.532998e+00	0.000000e+00	1.715483e-02	0.000000e+00	1.708030e-02	-1.634918e-01	9.973663e-01	3.694123e-02	1.000000e+00	6.000000e+00
350	2.496387e+00	0.000000e+00	2.496530e+00	0.000000e+00	-3.667787e-02	0.000000e+00	-3.646788e-02	0.000000e+00	9.973644e-01	3.694123e-02	1.000000e+00	6.000000e+00
351	2.551710e+00	0.000000e+00	2.551494e+00	5.786927e-01	5.532221e-02	0.000000e+00	5.496366e-02	5.786927e-01	9.973588e-01	3.694123e-02	1.000000e+00	6.000000e+00
352	2.535697e+00	0.000000e+00	2.535759e+00	0.000000e+00	-1.601283e-02	0.000000e+00	-1.573558e-02	-5.786927e-01	9.973570e-01	3.694123e-02	1.000000e+00	6.000000e+00
353	2.461979e+00	0.000000e+00	2.462267e+00	0.000000e+00	-7.371786e-02	0.000000e+00	-7.349137e-02	0.000000e+00	9.973559e-01	3.694123e-02	1.000000e+00	6.000000e+00
354	2.576701e+00	0.000000e+00	2.576254e+00	0.000000e+00	1.147220e-01	0.000000e+00	1.139868e-01	0.000000e+00	9.973325e-01	3.694123e-02	1.000000e+00	6.000000e+00
355	2.419053e+00	0.000000e+00	2.419667e+00	0.000000e+00	-1.576478e-01	0.000000e+00	-1.565867e-01	0.000000e+00	9.972851e-01	3.694123e-02	1.000000e+00	6.000000e+00
356	2.451016e+00	0.000000e+00	2.450894e+00	0.000000e+00	3.196286e-02	0.000000e+00	3.122634e-02	0.000000e+00	9.972753e-01	3.694123e-02	1.000000e+00	6.000000e+00
357	2.487149e+00	0.000000e+00	2.487007e+00	1.544048e-01	3.613247e-02	0.000000e+00	3.611331e-02	1.544048e-01	9.972766e-01	3.694123e-02	1.000000e+00	6.000000e+00
358	2.563684e+00	0.000000e+00	2.563384e+00	4.232283e-02	7.653515e-02	0.000000e+00	7.637725e-02	-1.120819e-01	9.972785e-01	3.694123e-02	1.000000e+00	6.000000e+00
359	2.551637e+00	0.000000e+00	2.551683e+00	0.000000e+00	-1.204632e-02	0.000000e+00	-1.170092e-02	-4.232283e-02	9.972767e-01	3.694123e-02	1.000000e+00	6.000000e+00
360	2.374679e+00	0.000000e+00	2.375371e+00	0.000000e+00	-1.769582e-01	0.000000e+00	-1.763126e-01	0.000000e+00	9.972631e-01	3.694123e-02	1.000000e+00	6.000000e+00
361	2.420264e+00	0.000000e+00	2.420089e+00	0.000000e+00	4.558480e-02	0.000000e+00	4.471801e-02	0.000000e+00	9.972471e-01	3.694123e-02	1.000000e+00	6.000000e+00
362	2.456802e+00	0.000000e+00	2.456658e+00	4.521716e-02	3.653792e-02	0.000000e+00	3.656987e-02	4.521716e-02	9.972494e-01	3.694123e-02	1.000000e+00	6.000000e+00
363	2.565632e+00	0.000000e+00	2.565207e+00	0.000000e+00	1.088304e-01	0.000000e+00	1.085481e-01	-4.521716e-02	9.972503e-01	3.694123e-02	1.000000e+00	6.000000e+00
364	2.424936e+00	0.000000e+00	2.425484e+00	0.000000e+00	-1.406960e-01	0.000000e+00	-1.397224e-01	0.000000e+00	9.972114e-01	3.694123e-02	1.000000e+00	6.000000e+00
365	2.419555e+00	0.000000e+00	2.419578e+00	2.422741e-01	-5.381737e-03	0.000000e+00	-5.906505e-03	2.422741e-01	9.972128e-01	3.694123e-02	1.000000e+00	6.000000e+00
366	2.539717e+00	0.000000e+00	2.539248e+00	0.000000e+00	1.201623e-01	0.000000e+00	1.196698e-01	-2.422741e-01	9.972039e-01	3.694123e-02	1.000000e+00	6.000000e+00
367	2.445445e+00	0.000000e+00	2.445811e+00	0.000000e+00	-9.427220e-02	0.000000e+00	-9.343649e-02	0.000000e+00	9.971784e-01	3.694123e-02	1.000000e+00	6.000000e+00
368	2.472476e+00	0.000000e+00	2.472371e+00	8.333913e-01	2.703093e-02	0.000000e+00	2.656035e-02	8.333913e-01	9.971733e-01	3.694123e-02	1.000000e+00	6.000000e+00
369	2.549479e+00	0.000000e+00	2.549178e+00	2.627568e-01	7.700387e-02	0.000000e+00	7.680682e-02	-5.706345e-01	9.971741e-01	3.694123e-02	1.000000e+00	6.000000e+00
370	2.546067e+00	0.000000e+00	2.546079e+00	8.551362e-02	-3.412159e-03	0.000000e+00	-3.098804e-03	-1.772432e-01	9.971736e-01	3.694123e-02	1.000000e+00	6.000000e+00
371	2.531122e+00	0.000000e+00	2.531181e+00	0.000000e+00	-1.494489e-02	0.000000e+00	-1.489862e-02	-8.551362e-02	9.971736e-01	3.694123e-02	1.000000e+00	6.000000e+00
372	2.430781e+00	0.000000e+00	2.431173e+00	1.067749e+00	-1.003417e-01	0.000000e+00	-1.000080e-01	1.067749e+00	9.971712e-01	3.694123e-02	1.000000e+00	6.000000e+00
373	2.533718e+00	0.000000e+00	2.533317e+00	3.772863e-01	1.029370e-01	0.000000e+00	1.021443e-01	-6.904624e-01	9.971468e-01	3.694123e-02	1.000000e+00	6.000000e+00
374	2.557161e+00	0.000000e+00	2.557068e+00	0.000000e+00	2.344350e-02	0.000000e+00	2.375092e-02	-3.772863e-01	9.971509e-01	3.694123e-02	1.000000e+00	6.000000e+00
375	2.482731e+00	0.000000e+00	2.483022e+00	0.000000e+00	-7.442999e-02	0.000000e+00	-7.404647e-02	0.000000e+00	9.971449e-01	3.694123e-02	1.000000e+00	6.000000e+00
376	2.564881e+00	0.000000e+00	2.564561e+00	9.393620e-01	8.215007e-02	0.000000e+00	8.153992e-02	9.393620e-01	9.971303e-01	3.694123e-02	1.000000e+00	6.000000e+00
377	2.542310e+00	0.000000e+00	2.542397e+00	6.753842e-01	-2.257088e-02	0.000000e+00	-2.216419e-02	-2.639778e-01	9.971266e-01	3.694123e-02	1.000000e+00	6.000000e+00
378	2.522294e+00	0.000000e+00	2.522373e+00	0.000000e+00	-2.001616e-02	0.000000e+00	-2.002455e-02	-6.753842e-01	9.971273e-01	3.694123e-02	1.000000e+00	6.000000e+00
379	2.416077e+00	0.000000e+00	2.416492e+00	8.754502e-01	-1.062172e-01	0.000000e+00	-1.058805e-01	8.754502e-01	9.971257e-01	3.694123e-02	1.000000e+00	6.000000e+00
380	2.506846e+00	0.000000e+00	2.506493e+00	7.218801e-01	9.076933e-02	0.000000e+00	9.000116e-02	-1.535701e-01	9.971039e-01	3.694123e-02	1.000000e+00	6.000000e+00
381	2.529068e+00	0.000000e+00	2.528980e+00	1.070827e+00	2.222153e-02	0.000000e+00	2.248630e-02	3.489464e-01	9.971074e-01	3.694123e-02	1.000000e+00	6.000000e+00
382	2.438385e+00	0.000000e+00	2.438739e+00	0.000000e+00	-9.068270e-02	0.000000e+00	-9.024063e-02	-1.070827e+00	9.970997e-01	3.694123e-02	1.000000e+00	6.000000e+00
383	2.499234e+00	1.927248e-02	2.498998e+00	2.125844e-01	6.084913e-02	1.927248e-02	6.025894e-02	2.125844e-01	9.970672e-01	3.693094e-02	1.001041e+00	6.000330e+00
384	2.480101e+00	0.000000e+00	2.480174e+00	7.620705e-02	-1.913366e-02	-1.927248e-02	-1.882353e-02	-1.363773e-01	9.970584e-01	3.692211e-02	1.001056e+00	6.000344e+00
385	2.463176e+00	0.000000e+00	2.463242e+00	1.007083e-01	-1.692483e-02	0.000000e+00	-1.693224e-02	2.450123e-02	9.970589e-01	3.692211e-02	1.000000e+00	6.000000e+00
386	2.464144e+00	0.000000e+00	2.464140e+00	9.368804e-01	9.679413e-04	0.000000e+00	8.980187e-04	8.361721e-01	9.970588e-01	3.692211e-02	1.000000e+00	6.000000e+00
387	2.467241e+00	0.000000e+00	2.467229e+00	0.000000e+00	3.097508e-03	0.000000e+00	3.088917e-03	-9.368804e-01	9.970588e-01	3.692211e-02	1.000000e+00	6.000000e+00
388	2.457597e+00	0.000000e+00	2.457635e+00	0.000000e+00	-9.644054e-03	0.000000e+00	-9.594316e-03	0.000000e+00	9.970587e-01	3.692211e-02	1.000000e+00	6.000000e+00
389	2.473578e+00	9.645356e-04	2.473515e+00	0.000000e+00	1.598033e-02	9.645356e-04	1.588043e-02	0.000000e+00	9.970581e-01	3.692207e-02	9.998348e-01	5.999990e+00
390	2.446520e+00	1.000940e-02	2.446626e+00	0.000000e+00	-2.705741e-02	9.044863e-03	-2.688969e-02	0.000000e+00	9.970612e-01	3.692101e-02	1.000184e+00	5.999873e+00
391	2.496314e+00	2.713443e-02	2.496120e+00	0.000000e+00	4.979370e-02	1.712503e-02	4.949416e-02	0.000000e+00	9.970427e-01	3.691463e-02	9.965813e-01	5.998634e+00
392	2.498597e+00	5.233935e-02	2.498587e+00	2.281511e-02	2.282957e-03	2.520492e-02	2.467376e-03	2.281511e-02	9.970419e-01	3.690578e-02	9.964397e-01	5.997070e+00
393	2.505595e+00	7.744231e-02	2.505567e+00	0.000000e+00	6.998071e-03	2.510296e-02	6.980373e-03	-2.281511e-02	9.970388e-01	3.689477e-02	9.958404e-01	5.994921e+00
394	2.481594e+00	1.151237e-01	2.481688e+00	0.000000e+00	-2.400071e-02	3.768138e-02	-2.387969e-02	0.000000e+00	9.970541e-01	3.687081e-02	9.981410e-01	5.991309e+00
395	2.494937e+00	1.608832e-01	2.494885e+00	0.000000e+00	1.334244e-02	4.575955e-02	1.319704e-02	0.000000e+00	9.970427e-01	3.683187e-02	9.963211e-01	5.985067e+00
396	2.488951e+00	2.147200e-01	2.488974e+00	2.443144e-01	-5.985404e-03	5.383674e-02	-5.910473e-03	2.443144e-01	9.970482e-01	3.678270e-02	9.965253e-01	5.983230e+00
397	2.503075e+00	1.890574e-01	2.503020e+00	1.658995e-01	1.412357e-02	-2.566255e-02	1.404531e-02	-7.841484e-02	9.970543e-01	3.677165e-02	9.969347e-01	5.982486e+00
398	2.507517e+00	1.601706e-01	2.507499e+00	8.641488e-01	4.442298e-03	-2.888679e-02	4.479810e-03	6.982493e-01	9.970566e-01	3.675638e-02	9.987626e-01	5.970600e+00
399	2.499094e+00	0.000000e+00	2.499127e+00	8.116287e-01	-8.422660e-03	-1.601706e-01	-8.372260e-03	-5.252006e-02	9.970333e-01	3.631224e-02	9.951595e-01	5.902080e+00
400	2.447451e+00	0.000000e+00	2.447653e+00	0.000000e+00	-5.164348e-02	0.000000e+00	-5.147445e-02	-8.116287e-01	9.970329e-01	3.631224e-02	1.000000e+00	6.000000e+00
401	2.474946e+00	0.000000e+00	2.474839e+00	0.000000e+00	2.749495e-02	0.000000e+00	2.718647e-02	0.000000e+00	9.970299e-01	3.631224e-02	1.000000e+00	6.000000e+00
402	2.478899e+00	0.000000e+00	2.478883e+00	5.869196e-01	3.953214e-03	0.000000e+00	4.043969e-03	5.869196e-01	9.970301e-01	3.631224e-02	1.000000e+00	6.000000e+00
403	2.461135e+00	0.000000e+00	2.461205e+00	0.000000e+00	-1.776370e-02	0.000000e+00	-1.767851e-02	-5.869196e-01	9.970298e-01	3.631224e-02	1.000000e+00	6.000000e+00
404	2.471470e+00	0.000000e+00	2.471430e+00	6.885897e-01	1.033472e-02	0.000000e+00	1.022529e-02	6.885897e-01	9.970294e-01	3.631224e-02	1.000000e+00	6.000000e+00
405	2.502275e+00	0.000000e+00	2.502154e+00	0.000000e+00	3.080457e-02	0.000000e+00	3.072418e-02	-6.885897e-01	9.970296e-01	3.631224e-02	1.000000e+00	6.000000e+00
406	2.352536e+00	0.000000e+00	2.353120e+00	2.471336e-01	-1.497388e-01	0.000000e+00	-1.490339e-01	2.471336e-01	9.970113e-01	3.631224e-02	1.000000e+00	6.000000e+00
407	2.441626e+00	0.000000e+00	2.441280e+00	0.000000e+00	8.909014e-02	0.000000e+00	8.815997e-02	-2.471336e-01	9.969833e-01	3.631224e-02	1.000000e+00	6.000000e+00
408	2.516900e+00	0.000000e+00	2.516604e+00	3.597390e-01	7.527384e-02	0.000000e+00	7.532418e-02	3.597390e-01	9.969932e-01	3.631224e-02	1.000000e+00	6.000000e+00
409	2.477660e+00	0.000000e+00	2.477812e+00	0.000000e+00	-3.924017e-02	0.000000e+00	-3.879266e-02	-3.597390e-01	9.969871e-01	3.631224e-02	1.000000e+00	6.000000e+00
410	2.401882e+00	0.000000e+00	2.402179e+00	0.000000e+00	-7.577731e-02	0.000000e+00	-7.563284e-02	0.000000e+00	9.969901e-01	3.631224e-02	1.000000e+00	6.000000e+00
411	2.561492e+00	0.000000e+00	2.560870e+00	1.420740e-01	1.596101e-01	0.000000e+00	1.586912e-01	1.420740e-01	9.969573e-01	3.631224e-02	1.000000e+00	6.000000e+00
412	2.500983e+00	0.000000e+00	2.501217e+00	0.000000e+00	-6.050954e-02	0.000000e+00	-5.965328e-02	-1.420740e-01	9.969380e-01	3.631224e-02	1.000000e+00	6.000000e+00
413	2.322654e+00	0.000000e+00	2.323352e+00	0.000000e+00	-1.783287e-01	0.000000e+00	-1.778651e-01	0.000000e+00	9.969449e-01	3.631224e-02	1.000000e+00	6.000000e+00
414	2.644036e+00	0.000000e+00	2.642783e+00	0.000000e+00	3.213816e-01	0.000000e+00	3.194314e-01	0.000000e+00	9.968043e-01	3.631224e-02	1.000000e+00	6.000000e+00
415	2.106469e+00	0.000000e+00	2.108564e+00	0.000000e+00	-5.375671e-01	0.000000e+00	-5.342195e-01	0.000000e+00	9.964407e-01	3.631224e-02	1.000000e+00	6.000000e+00
416	2.949772e+00	0.000000e+00	2.946486e+00	0.000000e+00	8.433036e-01	0.000000e+00	8.379227e-01	0.000000e+00	9.957376e-01	3.631224e-02	1.000000e+00	6.000000e+00
417	1.652911e+00	0.000000e+00	1.657964e+00	0.000000e+00	-1.296861e+00	0.000000e+00	-1.288522e+00	0.000000e+00	9.947969e-01	3.631224e-02	1.000000e+00	6.000000e+00
418	-2.688570e+00	0.000000e+00	-2.696135e+00	0.000000e+00	-4.341481e+00	0.000000e+00	-4.354100e+00	0.000000e+00	1.001762e+00	3.631224e-02	1.000000e+00	6.000000e+00
419	1.211667e+00	0.000000e+00	1.196403e+00	0.000000e+00	3.900238e+00	0.000000e+00	3.892538e+00	0.000000e+00	9.986250e-01	3.631224e-02	1.000000e+00	6.000000e+00
420	-1.112513e+00	0.000000e+00	-1.128038e+00	0.000000e+00	-2.324181e+00	0.000000e+00	-2.324440e+00	0.000000e+00	9.996558e-01	3.631224e-02	1.000000e+00	6.000000e+00
421	1.197995e+00	0.000000e+00	1.188909e+00	3.949085e-01	2.310508e+00	0.000000e+00	2.316946e+00	3.949085e-01	1.001819e+00	3.631224e-02	1.000000e+00	6.000000e+00
422	-3.087403e+00	0.000000e+00	-3.095243e+00	0.000000e+00	-4.285398e+00	0.000000e+00	-4.284151e+00	-3.949085e-01	1.000011e+00	3.631224e-02	1.000000e+00	6.000000e+00
423	1.041404e-02	0.000000e+00	-1.717428e-03	0.000000e+00	3.097817e+00	0.000000e+00	3.093525e+00	0.000000e+00	9.989132e-01	3.631224e-02	1.000000e+00	6.000000e+00
424	-1.717151e+00	0.000000e+00	-1.734994e+00	4.363358e-01	-1.727565e+00	0.000000e+00	-1.733276e+00	4.363358e-01	1.001412e+00	3.631224e-02	1.000000e+00	6.000000e+00
425	1.892281e+00	0.000000e+00	1.878112e+00	0.000000e+00	3.609431e+00	0.000000e+00	3.613105e+00	-4.363358e-01	1.001087e+00	3.631224e-02	1.000000e+00	6.000000e+00
426	-1.973579e+00	0.000000e+00	-1.983077e+00	0.000000e+00	-3.865860e+00	0.000000e+00	-3.861189e+00	0.000000e+00	9.991639e-01	3.631224e-02	1.000000e+00	6.000000e+00
427	-2.366847e-01	0.000000e+00	-2.435065e-01	0.000000e+00	1.736894e+00	0.000000e+00	1.739571e+00	0.000000e+00	1.000522e+00	3.631224e-02	1.000000e+00	6.000000e+00
428	-2.255832e+00	0.000000e+00	-2.272515e+00	0.000000e+00	-2.019148e+00	0.000000e+00	-2.029009e+00	0.000000e+00	1.003302e+00	3.631224e-02	1.000000e+00	6.000000e+00
429	1.475914e-01	0.000000e+00	1.381378e-01	2.383332e-01	2.403424e+00	0.000000e+00	2.410653e+00	2.383332e-01	1.003095e+00	3.631224e-02	1.000000e+00	6.000000e+00
430	3.120659e+00	0.000000e+00	3.109009e+00	4.417379e-01	2.973068e+00	0.000000e+00	2.970871e+00	2.034048e-01	1.000125e+00	3.631224e-02	1.000000e+00	6.000000e+00
431	3.097260e+00	0.000000e+00	3.097306e+00	0.000000e+00	-2.339917e-02	0.000000e+00	-1.170280e-02	-4.417379e-01	9.999947e-01	3.631224e-02	1.000000e+00	6.000000e+00
432	2.459802e+00	0.000000e+00	2.462292e+00	5.187699e-01	-6.374584e-01	0.000000e+00	-6.350140e-01	5.187699e-01	9.993804e-01	3.631224e-02	1.000000e+00	6.000000e+00
433	2.335443e+00	0.000000e+00	2.335939e+00	0.000000e+00	-1.243587e-01	0.000000e+00	-1.263534e-01	-5.187699e-01	9.995018e-01	3.631224e-02	1.000000e+00	6.000000e+00
434	2.925041e+00	0.000000e+00	2.922739e+00	0.000000e+00	5.895976e-01	0.000000e+00	5.868009e-01	0.000000e+00	9.989047e-01	3.631224e-02	1.000000e+00	6.000000e+00
435	1.934588e+00	0.000000e+00	1.938448e+00	0.000000e+00	-9.904530e-01	0.000000e+00	-9.842918e-01	0.000000e+00	9.973024e-01	3.631224e-02	1.000000e+00	6.000000e+00
436	2.633234e+00	0.000000e+00	2.630520e+00	1.263951e-01	6.986467e-01	0.000000e+00	6.920728e-01	1.263951e-01	9.960515e-01	3.631224e-02	1.000000e+00	6.000000e+00
437	2.638575e+00	0.000000e+00	2.638543e+00	0.000000e+00	5.340187e-03	0.000000e+00	8.022736e-03	-1.263951e-01	9.960583e-01	3.631224e-02	1.000000e+00	6.000000e+00
438	2.337988e+00	0.000000e+00	2.339162e+00	4.151606e-01	-3.005865e-01	0.000000e+00	-2.993810e-01	4.151606e-01	9.960555e-01	3.631224e-02	1.000000e+00	6.000000e+00
439	2.440962e+00	0.000000e+00	2.440564e+00	0.000000e+00	1.029739e-01	0.000000e+00	1.014022e-01	-4.151606e-01	9.959988e-01	3.631224e-02	1.000000e+00	6.000000e+00
440	2.845094e+00	0.000000e+00	2.843513e+00	0.000000e+00	4.041316e-01	0.000000e+00	4.029491e-01	0.000000e+00	9.960759e-01	3.631224e-02	1.000000e+00	6.000000e+00
441	2.875534e+00	0.000000e+00	2.875409e+00	0.000000e+00	3.043996e-02	0.000000e+00	3.189508e-02	0.000000e+00	9.960987e-01	3.631224e-02	1.000000e+00	6.000000e+00
442	2.767938e+00	0.000000e+00	2.768358e+00	2.755745e-01	-1.075959e-01	0.000000e+00	-1.070510e-01	2.755745e-01	9.960923e-01	3.631224e-02	1.000000e+00	6.000000e+00
443	2.422128e+00	0.000000e+00	2.423480e+00	0.000000e+00	-3.458100e-01	0.000000e+00	-3.448773e-01	-2.755745e-01	9.961572e-01	3.631224e-02	1.000000e+00	6.000000e+00
444	2.815610e+00	0.000000e+00	2.814078e+00	0.000000e+00	3.934820e-01	0.000000e+00	3.905978e-01	0.000000e+00	9.959192e-01	3.631224e-02	1.000000e+00	6.000000e+00
445	2.858964e+00	0.000000e+00	2.858789e+00	0.000000e+00	4.335478e-02	0.000000e+00	4.471120e-02	0.000000e+00	9.959507e-01	3.631224e-02	1.000000e+00	6.000000e+00
446	2.755061e+00	0.000000e+00	2.755466e+00	0.000000e+00	-1.039039e-01	0.000000e+00	-1.033233e-01	0.000000e+00	9.959429e-01	3.631224e-02	1.000000e+00	6.000000e+00
447	2.097386e+00	0.000000e+00	2.099957e+00	0.000000e+00	-6.576744e-01	0.000000e+00	-6.555090e-01	0.000000e+00	9.960720e-01	3.631224e-02	1.000000e+00	6.000000e+00
448	2.712667e+00	0.000000e+00	2.710273e+00	7.982685e-01	6.152805e-01	0.000000e+00	6.103165e-01	7.982685e-01	9.954461e-01	3.631224e-02	1.000000e+00	6.000000e+00
449	2.577989e+00	0.000000e+00	2.578506e+00	0.000000e+00	-1.346777e-01	0.000000e+00	-1.317675e-01	-7.982685e-01	9.953005e-01	3.631224e-02	1.000000e+00	6.000000e+00
450	2.439351e+00	0.000000e+00	2.439895e+00	4.635925e-01	-1.386379e-01	0.000000e+00	-1.386110e-01	4.635925e-01	9.953412e-01	3.631224e-02	1.000000e+00	6.000000e+00
451	2.462733e+00	0.000000e+00	2.462644e+00	1.070637e+00	2.338211e-02	0.000000e+00	2.274933e-02	6.070445e-01	9.953354e-01	3.631224e-02	1.000000e+00	6.000000e+00
452	2.536110e+00	0.000000e+00	2.535823e+00	7.970256e-01	7.337707e-02	0.000000e+00	7.317931e-02	-2.736114e-01	9.953404e-01	3.631224e-02	1.000000e+00	6.000000e+00
453	2.522450e+00	0.000000e+00	2.522502e+00	0.000000e+00	-1.366085e-02	0.000000e+00	-1.332164e-02	-7.970256e-01	9.953386e-01	3.631224e-02	1.000000e+00	6.000000e+00
454	2.395313e+00	0.000000e+00	2.395810e+00	8.029205e-01	-1.271364e-01	0.000000e+00	-1.266918e-01	8.029205e-01	9.953475e-01	3.631224e-02	1.000000e+00	6.000000e+00
455	2.430479e+00	0.000000e+00	2.430344e+00	0.000000e+00	3.516607e-02	0.000000e+00	3.453381e-02	-8.029205e-01	9.953397e-01	3.631224e-02	1.000000e+00	6.000000e+00
456	2.602313e+00	0.000000e+00	2.601641e+00	0.000000e+00	1.718339e-01	0.000000e+00	1.712976e-01	0.000000e+00	9.953609e-01	3.631224e-02	1.000000e+00	6.000000e+00
457	2.692218e+00	0.000000e+00	2.691864e+00	0.000000e+00	8.990460e-02	0.000000e+00	9.022254e-02	0.000000e+00	9.953922e-01	3.631224e-02	1.000000e+00	6.000000e+00
458	2.629463e+00	0.000000e+00	2.629706e+00	0.000000e+00	-6.275504e-02	0.000000e+00	-6.215747e-02	0.000000e+00	9.953830e-01	3.631224e-02	1.000000e+00	6.000000e+00
459	2.650303e+00	0.000000e+00	2.650222e+00	1.279922e+00	2.084018e-02	0.000000e+00	2.051597e-02	1.279922e+00	9.953808e-01	3.631224e-02	1.000000e+00	6.000000e+00
460	2.524820e+00	0.000000e+00	2.525310e+00	0.000000e+00	-1.254831e-01	0.000000e+00	-1.249128e-01	-1.279922e+00	9.953813e-01	3.631224e-02	1.000000e+00	6.000000e+00
461	2.666698e+00	6.064566e-02	2.666146e+00	6.989980e-01	1.418783e-01	6.064566e-02	1.408361e-01	6.989980e-01	9.952089e-01	3.623853e-02	1.012870e+00	6.005501e+00
462	2.528389e+00	0.000000e+00	2.528927e+00	4.226101e-02	-1.383092e-01	-6.064566e-02	-1.372188e-01	-6.567370e-01	9.950383e-01	3.616375e-02	1.022772e+00	6.009843e+00
463	2.386911e+00	0.000000e+00	2.387465e+00	0.000000e+00	-1.414782e-01	0.000000e+00	-1.414615e-01	-4.226101e-02	9.950839e-01	3.616375e-02	1.000000e+00	6.000000e+00
464	2.638608e+00	0.000000e+00	2.637627e+00	0.000000e+00	2.516975e-01	0.000000e+00	2.501617e-01	0.000000e+00	9.950494e-01	3.616375e-02	1.000000e+00	6.000000e+00
465	2.150153e+00	0.000000e+00	2.152057e+00	0.000000e+00	-4.884554e-01	0.000000e+00	-4.855702e-01	0.000000e+00	9.949526e-01	3.616375e-02	1.000000e+00	6.000000e+00
466	2.639743e+00	0.000000e+00	2.637837e+00	0.000000e+00	4.895898e-01	0.000000e+00	4.857805e-01	0.000000e+00	9.946747e-01	3.616375e-02	1.000000e+00	6.000000e+00
467	2.514881e+00	0.000000e+00	2.515361e+00	9.679454e-01	-1.248619e-01	0.000000e+00	-1.224766e-01	9.679454e-01	9.945734e-01	3.616375e-02	1.000000e+00	6.000000e+00
468	2.445164e+00	0.000000e+00	2.445438e+00	0.000000e+00	-6.971631e-02	0.000000e+00	-6.992241e-02	-9.679454e-01	9.945927e-01	3.616375e-02	1.000000e+00	6.000000e+00
469	2.514279e+00	0.000000e+00	2.514010e+00	9.486841e-03	6.911439e-02	0.000000e+00	6.857127e-02	9.486841e-03	9.945872e-01	3.616375e-02	1.000000e+00	6.000000e+00
470	2.485693e+00	3.785135e-03	2.485804e+00	0.000000e+00	-2.858537e-02	3.785135e-03	-2.820585e-02	-9.486841e-03	9.945860e-01	3.616391e-02	1.000049e+00	5.999994e+00
471	2.506729e+00	1.752655e-02	2.506647e+00	4.954451e-01	2.103560e-02	1.374142e-02	2.084325e-02	4.954451e-01	9.945803e-01	3.616016e-02	1.003964e+00	6.002551e+00
472	2.477489e+00	0.000000e+00	2.477603e+00	0.000000e+00	-2.924019e-02	-1.752655e-02	-2.904455e-02	-4.954451e-01	9.945709e-01	3.615458e-02	1.008974e+00	6.005554e+00
473	2.504877e+00	0.000000e+00	2.504771e+00	0.000000e+00	2.738845e-02	0.000000e+00	2.716801e-02	0.000000e+00	9.945700e-01	3.615458e-02	1.000000e+00	6.000000e+00
474	2.507417e+00	0.000000e+00	2.507406e+00	0.000000e+00	2.539484e-03	0.000000e+00	2.635689e-03	0.000000e+00	9.945701e-01	3.615458e-02	1.000000e+00	6.000000e+00
475	2.499623e+00	0.000000e+00	2.499654e+00	1.061996e+00	-7.793191e-03	0.000000e+00	-7.752454e-03	1.061996e+00	9.945701e-01	3.615458e-02	1.000000e+00	6.000000e+00
476	2.385028e+00	0.000000e+00	2.385476e+00	0.000000e+00	-1.145955e-01	0.000000e+00	-1.141781e-01	-1.061996e+00	9.945812e-01	3.615458e-02	1.000000e+00	6.000000e+00
477	2.490686e+00	1.768868e-02	2.490275e+00	9.181525e-01	1.056579e-01	1.768868e-02	1.047991e-01	9.181525e-01	9.945350e-01	3.614684e-02	1.035248e+00	6.005901e+00
478	2.424021e+00	0.000000e+00	2.424280e+00	2.262507e-01	-6.666514e-02	-1.768868e-02	-6.599536e-02	-6.919018e-01	9.945052e-01	3.613892e-02	1.051570e+00	6.010232e+00
479	2.404536e+00	0.000000e+00	2.404613e+00	0.000000e+00	-1.948442e-02	0.000000e+00	-1.966611e-02	-2.262507e-01	9.945079e-01	3.613892e-02	1.000000e+00	6.000000e+00
480	2.427558e+00	0.000000e+00	2.427468e+00	7.454183e-02	2.302149e-02	0.000000e+00	2.285474e-02	7.454183e-02	9.945074e-01	3.613892e-02	1.000000e+00	6.000000e+00
481	2.427165e+00	0.000000e+00	2.427166e+00	0.000000e+00	-3.929833e-04	0.000000e+00	-3.021719e-04	-7.454183e-02	9.945074e-01	3.613892e-02	1.000000e+00	6.000000e+00
482	2.406476e+00	0.000000e+00	2.406557e+00	6.459772e-01	-2.068844e-02	0.000000e+00	-2.060881e-02	6.459772e-01	9.945077e-01	3.613892e-02	1.000000e+00	6.000000e+00
483	2.417891e+00	0.000000e+00	2.417847e+00	0.000000e+00	1.141478e-02	0.000000e+00	1.128969e-02	-6.459772e-01	9.945074e-01	3.613892e-02	1.000000e+00	6.000000e+00
484	2.424108e+00	0.000000e+00	2.424084e+00	1.803080e-01	6.216977e-03	0.000000e+00	6.236793e-03	1.803080e-01	9.945076e-01	3.613892e-02	1.000000e+00	6.000000e+00
485	2.422987e+00	0.000000e+00	2.422991e+00	0.000000e+00	-1.121290e-03	0.000000e+00	-1.092548e-03	-1.803080e-01	9.945075e-01	3.613892e-02	1.000000e+00	6.000000e+00
486	2.415392e+00	0.000000e+00	2.415421e+00	0.000000e+00	-7.595202e-03	0.000000e+00	-7.569801e-03	0.000000e+00	9.945076e-01	3.613892e-02	1.000000e+00	6.000000e+00
487	2.420270e+00	0.000000e+00	2.420251e+00	0.000000e+00	4.877924e-03	0.000000e+00	4.829300e-03	0.000000e+00	9.945076e-01	3.613892e-02	1.000000e+00	6.000000e+00
488	2.418915e+00	0.000000e+00	2.418920e+00	1.417840e-01	-1.354665e-03	0.000000e+00	-1.330509e-03	1.417840e-01	9.945075e-01	3.613892e-02	1.000000e+00	6.000000e+00
489	2.421281e+00	0.000000e+00	2.421272e+00	1.761306e+00	2.365996e-03	0.000000e+00	2.351556e-03	1.619522e+00	9.945075e-01	3.613892e-02	1.000000e+00	6.000000e+00
490	2.307136e+00	0.000000e+00	2.307582e+00	5.116295e-01	-1.141449e-01	0.000000e+00	-1.136898e-01	-1.249676e+00	9.945168e-01	3.613892e-02	1.000000e+00	6.000000e+00
491	2.344047e+00	0.000000e+00	2.343904e+00	0.000000e+00	3.691072e-02	0.000000e+00	3.632243e-02	-5.116295e-01	9.945100e-01	3.613892e-02	1.000000e+00	6.000000e+00
492	2.385062e+00	8.128851e-02	2.384902e+00	1.570241e-01	4.101561e-02	8.128851e-02	4.099728e-02	1.570241e-01	9.944571e-01	3.603391e-02	9.927878e-01	5.985706e+00
493	2.372783e+00	1.142969e-01	2.372831e+00	0.000000e+00	-1.227899e-02	3.300840e-02	-1.207087e-02	-1.570241e-01	9.944632e-01	3.601747e-02	9.947837e-01	5.980341e+00
494	2.408848e+00	1.863931e-01	2.408708e+00	6.144124e-01	3.606498e-02	7.209617e-02	3.587694e-02	6.144124e-01	9.944190e-01	3.592923e-02	9.973002e-01	5.985372e+00
495	2.427610e+00	4.604019e-02	2.427536e+00	0.000000e+00	1.876137e-02	-1.403529e-01	1.882823e-02	-6.144124e-01	9.944650e-01	3.558505e-02	9.991261e-01	5.971712e+00
496	2.398254e+00	3.506458e-02	2.398368e+00	1.232771e-01	-2.935613e-02	-1.097561e-02	-2.916791e-02	1.232771e-01	9.944592e-01	3.558288e-02	9.960857e-01	5.970575e+00
497	2.414006e+00	0.000000e+00	2.413945e+00	0.000000e+00	1.575271e-02	-3.506458e-02	1.557724e-02	-1.232771e-01	9.944679e-01	3.556359e-02	9.966120e-01	5.969404e+00
498	2.402802e+00	0.000000e+00	2.402845e+00	2.161497e-01	-1.120448e-02	0.000000e+00	-1.109986e-02	2.161497e-01	9.944677e-01	3.556359e-02	1.000000e+00	6.000000e+00
499	2.418289e+00	0.000000e+00	2.418228e+00	0.000000e+00	1.548678e-02	0.000000e+00	1.538293e-02	-2.161497e-01	9.944675e-01	3.556359e-02	1.000000e+00	6.000000e+00
