#sequence delta(k-1),f(k-1),theta(k),v(k),delta_diff(k-1),f_diff(k-1),theta_diff(k),v_diff(k),phi(1,1;k),phi(1,2;k),phi(2,1;k),phi(2,2;k)
1	7.433014e-01	0.000000e+00	7.436395e-01	0.000000e+00	7.433014e-01	0.000000e+00	-8.622779e-02	-8.063725e-03	7.705146e-01	1.000000e-01	1.000000e+00	1.100000e+01
2	-3.246014e-01	2.000000e-01	-3.204285e-01	1.632694e+00	-1.067903e+00	2.000000e-01	-1.064068e+00	1.632694e+00	8.538444e-01	8.439376e-02	8.403168e-01	1.102991e+01
3	6.301174e-01	4.000000e-01	6.264043e-01	2.728952e+00	9.547187e-01	2.000000e-01	9.468328e-01	1.096258e+00	8.891137e-01	9.178218e-02	2.527686e-01	1.090682e+01
4	5.440374e-01	6.000000e-01	5.443592e-01	4.884536e+00	-8.607995e-02	2.000000e-01	-8.204514e-02	2.155584e+00	8.900670e-01	8.956735e-02	2.529293e-01	1.090645e+01
5	4.668320e-01	8.000000e-01	4.671348e-01	8.785929e+00	-7.720544e-02	2.000000e-01	-7.722434e-02	3.901394e+00	8.910141e-01	8.711385e-02	1.905656e-01	1.106800e+01
6	7.095173e-01	6.244592e-01	7.085705e-01	6.228701e+00	2.426853e-01	-1.755408e-01	2.414357e-01	-2.557228e+00	8.954814e-01	8.388252e-02	1.176849e-01	1.112072e+01
7	8.386208e-01	8.244592e-01	8.381128e-01	7.955135e+00	1.291035e-01	2.000000e-01	1.295423e-01	1.726434e+00	8.953118e-01	8.361979e-02	8.709816e-02	1.107334e+01
8	7.596197e-01	1.024459e+00	7.599263e-01	1.004955e+01	-7.900107e-02	2.000000e-01	-7.818644e-02	2.094415e+00	8.961987e-01	8.137461e-02	9.125635e-02	1.106281e+01
9	6.809082e-01	1.224459e+00	6.812169e-01	1.128246e+01	-7.871150e-02	2.000000e-01	-7.870945e-02	1.232914e+00	8.970919e-01	7.910493e-02	1.267940e-01	1.097251e+01
10	6.977692e-01	1.424459e+00	6.977046e-01	1.223294e+01	1.686102e-02	2.000000e-01	1.648770e-02	9.504752e-01	8.969784e-01	7.775843e-02	1.170105e-01	1.085646e+01
11	7.239016e-01	1.624459e+00	7.237993e-01	1.425008e+01	2.613241e-02	2.000000e-01	2.609473e-02	2.017141e+00	8.968215e-01	7.655763e-02	1.150980e-01	1.084182e+01
12	6.876582e-01	1.785561e+00	6.877994e-01	1.545017e+01	-3.624344e-02	1.611017e-01	-3.599993e-02	1.200093e+00	8.970904e-01	7.536259e-02	1.243097e-01	1.080088e+01
13	6.305779e-01	1.985561e+00	6.308014e-01	1.714164e+01	-5.708028e-02	2.000000e-01	-5.699793e-02	1.691470e+00	8.976441e-01	7.342244e-02	1.365604e-01	1.075795e+01
14	5.878041e-01	2.115019e+00	5.879721e-01	1.662704e+01	-4.277380e-02	1.294583e-01	-4.282936e-02	-5.146001e-01	8.979247e-01	7.257320e-02	1.748378e-01	1.064210e+01
15	5.260770e-01	2.315019e+00	5.263188e-01	1.862215e+01	-6.172709e-02	2.000000e-01	-6.165327e-02	1.995110e+00	8.985198e-01	7.064498e-02	1.783531e-01	1.063072e+01
16	4.210526e-01	2.455142e+00	4.214638e-01	2.009259e+01	-1.050244e-01	1.401225e-01	-1.048550e-01	1.470442e+00	8.995215e-01	6.930852e-02	1.783742e-01	1.063069e+01
17	2.580124e-01	2.545921e+00	2.586509e-01	2.004378e+01	-1.630402e-01	9.077973e-02	-1.628129e-01	-4.881890e-02	9.012301e-01	6.835718e-02	2.533349e-01	1.058895e+01
18	3.336813e-02	2.745921e+00	3.424814e-02	2.145928e+01	-2.246443e-01	2.000000e-01	-2.244028e-01	1.415502e+00	9.048663e-01	6.511990e-02	3.192205e-01	1.053029e+01
19	3.808189e-01	2.941607e+00	3.794651e-01	2.526614e+01	3.474507e-01	1.956853e-01	3.452169e-01	3.806862e+00	9.076300e-01	6.667646e-02	5.692352e-01	1.067110e+01
20	8.972554e-01	2.741607e+00	8.952328e-01	2.237979e+01	5.164365e-01	-2.000000e-01	5.157677e-01	-2.886353e+00	9.204701e-01	6.170389e-02	3.467382e-01	1.075727e+01
21	9.233216e-01	2.941607e+00	9.232119e-01	2.536912e+01	2.606620e-02	2.000000e-01	2.797910e-02	2.989336e+00	9.203687e-01	6.092601e-02	3.567959e-01	1.083444e+01
22	6.420181e-01	2.782292e+00	6.431165e-01	2.330082e+01	-2.813035e-01	-1.593146e-01	-2.800953e-01	-2.068307e+00	9.218272e-01	6.175204e-02	3.875075e-01	1.085183e+01
23	7.891335e-01	2.982292e+00	7.885632e-01	2.487280e+01	1.471154e-01	2.000000e-01	1.454466e-01	1.571986e+00	9.216565e-01	6.151991e-02	3.430784e-01	1.079143e+01
24	9.416528e-01	3.178127e+00	9.410548e-01	2.670780e+01	1.525192e-01	1.958345e-01	1.524916e-01	1.834997e+00	9.216476e-01	6.150850e-02	3.198389e-01	1.076159e+01
25	8.657008e-01	3.212679e+00	8.659952e-01	2.729857e+01	-7.595194e-02	3.455249e-02	-7.505958e-02	5.907714e-01	9.219059e-01	6.139100e-02	3.110945e-01	1.076557e+01
26	7.890208e-01	3.232593e+00	7.893215e-01	2.668193e+01	-7.668001e-02	1.991403e-02	-7.667368e-02	-6.166362e-01	9.221675e-01	6.132307e-02	3.404019e-01	1.075796e+01
27	8.743179e-01	3.432593e+00	8.739859e-01	2.818115e+01	8.529708e-02	2.000000e-01	8.466438e-02	1.499221e+00	9.219198e-01	6.074224e-02	3.134315e-01	1.069472e+01
28	9.295221e-01	3.512187e+00	9.293052e-01	2.869815e+01	5.520422e-02	7.959381e-02	5.531930e-02	5.169998e-01	9.219091e-01	6.072684e-02	3.042566e-01	1.068149e+01
29	8.401292e-01	3.579029e+00	8.404776e-01	3.011706e+01	-8.939289e-02	6.684172e-02	-8.882761e-02	1.418902e+00	9.223511e-01	6.039634e-02	2.733616e-01	1.070459e+01
30	7.892901e-01	3.416448e+00	7.894900e-01	2.722109e+01	-5.083917e-02	-1.625804e-01	-5.098756e-02	-2.895962e+00	9.222149e-01	5.996067e-02	3.005379e-01	1.079150e+01
31	8.372996e-01	3.616448e+00	8.371128e-01	2.926744e+01	4.800952e-02	2.000000e-01	4.762281e-02	2.046342e+00	9.220218e-01	5.915647e-02	2.977155e-01	1.077974e+01
32	8.158878e-01	3.649288e+00	8.159707e-01	2.897995e+01	-2.141175e-02	3.283940e-02	-2.114208e-02	-2.874884e-01	9.220558e-01	5.910437e-02	3.041700e-01	1.076984e+01
33	7.101703e-01	3.849288e+00	7.105836e-01	3.148756e+01	-1.057176e-01	2.000000e-01	-1.053872e-01	2.507607e+00	9.230218e-01	5.727673e-02	2.852803e-01	1.080558e+01
34	6.082828e-01	3.649288e+00	6.086824e-01	3.035060e+01	-1.018875e-01	-2.000000e-01	-1.019012e-01	-1.136959e+00	9.228520e-01	5.694326e-02	2.355604e-01	1.070798e+01
35	3.987363e-01	3.612324e+00	3.995564e-01	3.007562e+01	-2.095465e-01	-3.696373e-02	-2.091260e-01	-2.749790e-01	9.241796e-01	5.717746e-02	2.189958e-01	1.070506e+01
36	-4.837219e-02	3.666168e+00	-4.662247e-02	2.895464e+01	-4.471085e-01	5.384419e-02	-4.461789e-01	-1.120979e+00	9.311307e-01	5.634036e-02	5.274114e-01	1.066792e+01
37	-5.191382e-01	3.866168e+00	-5.172925e-01	3.144996e+01	-4.707661e-01	2.000000e-01	-4.706700e-01	2.495327e+00	9.397512e-01	5.267806e-02	4.067798e-01	1.071917e+01
38	-2.562996e-01	3.674404e+00	-2.573191e-01	3.001067e+01	2.628387e-01	-1.917638e-01	2.599734e-01	-1.439291e+00	9.424869e-01	5.068211e-02	4.671735e-01	1.067510e+01
39	2.267603e-02	3.715180e+00	2.158230e-02	3.063144e+01	2.789756e-01	4.077582e-02	2.789014e-01	6.207692e-01	9.442589e-01	5.094111e-02	4.742026e-01	1.067613e+01
40	1.475513e-02	3.658477e+00	1.478180e-02	2.961352e+01	-7.920902e-03	-5.670358e-02	-6.800502e-03	-1.017919e+00	9.442455e-01	5.084518e-02	4.757381e-01	1.068712e+01
41	1.952072e-01	3.792901e+00	1.945024e-01	3.128958e+01	1.804521e-01	1.344239e-01	1.797206e-01	1.676057e+00	9.444541e-01	5.100054e-02	4.885791e-01	1.069669e+01
42	7.330156e-01	3.593933e+00	7.309120e-01	2.873883e+01	5.378084e-01	-1.989677e-01	5.364096e-01	-2.550750e+00	9.529273e-01	4.786581e-02	3.382504e-01	1.075230e+01
43	9.501340e-01	3.793933e+00	9.492777e-01	3.031392e+01	2.171184e-01	2.000000e-01	2.183657e-01	1.575092e+00	9.531145e-01	4.803826e-02	2.741315e-01	1.069324e+01
44	7.817594e-01	3.713913e+00	7.824138e-01	2.994334e+01	-1.683746e-01	-8.001991e-02	-1.668639e-01	-3.705774e-01	9.533141e-01	4.813314e-02	2.323688e-01	1.067339e+01
45	1.049306e+00	3.597660e+00	1.048263e+00	2.832664e+01	2.675466e-01	-1.162533e-01	2.658497e-01	-1.616708e+00	9.553119e-01	4.726505e-02	1.789701e-01	1.069660e+01
46	1.410240e+00	3.725105e+00	1.408826e+00	3.212870e+01	3.609338e-01	1.274454e-01	3.605623e-01	3.802065e+00	9.568669e-01	4.781411e-02	5.582336e-01	1.083051e+01
47	1.476403e+00	3.525105e+00	1.476139e+00	2.952815e+01	6.616372e-02	-2.000000e-01	6.731371e-02	-2.600553e+00	9.572840e-01	4.655325e-02	5.437406e-01	1.087432e+01
48	1.638751e+00	3.476015e+00	1.638116e+00	2.933302e+01	1.623478e-01	-4.908993e-02	1.619766e-01	-1.951288e-01	9.579567e-01	4.634984e-02	5.627777e-01	1.086857e+01
49	1.922617e+00	3.276015e+00	1.921506e+00	2.575041e+01	2.838658e-01	-2.000000e-01	2.833897e-01	-3.582613e+00	9.605928e-01	4.449261e-02	3.632933e-01	1.100912e+01
50	2.035266e+00	3.476015e+00	2.034821e+00	2.789800e+01	1.126485e-01	2.000000e-01	1.133155e-01	2.147592e+00	9.603950e-01	4.414158e-02	3.583324e-01	1.100031e+01
51	2.011632e+00	3.276015e+00	2.011723e+00	2.520672e+01	-2.363343e-02	-2.000000e-01	-2.309848e-02	-2.691282e+00	9.603023e-01	4.335690e-02	3.636440e-01	1.104526e+01
52	2.097595e+00	3.444852e+00	2.097260e+00	2.758559e+01	8.596284e-02	1.688373e-01	8.553682e-02	2.378871e+00	9.601285e-01	4.301547e-02	3.830087e-01	1.108329e+01
53	2.276747e+00	3.244852e+00	2.276046e+00	2.466060e+01	1.791521e-01	-2.000000e-01	1.787864e-01	-2.924991e+00	9.613918e-01	4.160517e-02	3.191928e-01	1.115453e+01
54	2.276042e+00	3.359630e+00	2.276042e+00	2.416256e+01	-7.046536e-04	1.147777e-01	-3.516778e-06	-4.980378e-01	9.613931e-01	4.138302e-02	3.197841e-01	1.105823e+01
55	2.146517e+00	3.462395e+00	2.147023e+00	2.494794e+01	-1.295255e-01	1.027644e-01	-1.290195e-01	7.853772e-01	9.619241e-01	4.096180e-02	3.385749e-01	1.104332e+01
56	2.145300e+00	3.262395e+00	2.145307e+00	2.322352e+01	-1.216770e-03	-2.000000e-01	-1.715999e-03	-1.724412e+00	9.619197e-01	4.024959e-02	3.383003e-01	1.099818e+01
57	2.098690e+00	3.138969e+00	2.098872e+00	2.156230e+01	-4.661015e-02	-1.234257e-01	-4.643479e-02	-1.661221e+00	9.618458e-01	4.005383e-02	3.446215e-01	1.101492e+01
58	1.855132e+00	3.169564e+00	1.856084e+00	2.154826e+01	-2.435584e-01	3.059490e-02	-2.427884e-01	-1.404253e-02	9.629406e-01	3.991630e-02	3.746194e-01	1.101115e+01
59	1.715720e+00	3.057972e+00	1.716268e+00	2.120163e+01	-1.394117e-01	-1.115916e-01	-1.398156e-01	-3.466315e-01	9.630133e-01	3.997453e-02	3.137175e-01	1.096240e+01
60	1.715051e+00	2.857972e+00	1.715055e+00	1.900220e+01	-6.691948e-04	-2.000000e-01	-1.212735e-03	-2.199426e+00	9.630110e-01	3.928284e-02	3.137196e-01	1.096303e+01
61	1.663086e+00	2.868527e+00	1.663289e+00	1.862289e+01	-5.196484e-02	1.055432e-02	-5.176659e-02	-3.793152e-01	9.630637e-01	3.927213e-02	3.255194e-01	1.096063e+01
62	1.533956e+00	2.799686e+00	1.534461e+00	1.696917e+01	-1.291298e-01	-6.884035e-02	-1.288276e-01	-1.653719e+00	9.631708e-01	3.932920e-02	3.775372e-01	1.098836e+01
63	1.530327e+00	2.884254e+00	1.530344e+00	1.847240e+01	-3.628540e-03	8.456827e-02	-4.117599e-03	1.503227e+00	9.631776e-01	3.917114e-02	3.765491e-01	1.101139e+01
64	1.559220e+00	2.684254e+00	1.559107e+00	1.416580e+01	2.889248e-02	-2.000000e-01	2.876354e-02	-4.306593e+00	9.632955e-01	3.835474e-02	3.481012e-01	1.120831e+01
65	1.526899e+00	2.884254e+00	1.527024e+00	1.713889e+01	-3.232131e-02	2.000000e-01	-3.208269e-02	2.973082e+00	9.634252e-01	3.755243e-02	3.369285e-01	1.127745e+01
66	1.494203e+00	2.684254e+00	1.494331e+00	1.589488e+01	-3.269605e-02	-2.000000e-01	-3.269366e-02	-1.244006e+00	9.633290e-01	3.696439e-02	3.213680e-01	1.118226e+01
67	1.490160e+00	2.484254e+00	1.490176e+00	1.492762e+01	-4.042402e-03	-2.000000e-01	-4.154321e-03	-9.672612e-01	9.633156e-01	3.630007e-02	3.189763e-01	1.106394e+01
68	1.499415e+00	2.284254e+00	1.499379e+00	1.362330e+01	9.255223e-03	-2.000000e-01	9.202842e-03	-1.304322e+00	9.633481e-01	3.559718e-02	3.228789e-01	1.097960e+01
69	1.496305e+00	2.084254e+00	1.496317e+00	1.155413e+01	-3.110175e-03	-2.000000e-01	-3.062078e-03	-2.069163e+00	9.633379e-01	3.494024e-02	3.226939e-01	1.096770e+01
70	1.491721e+00	1.890264e+00	1.491739e+00	8.819533e+00	-4.584290e-03	-1.939906e-01	-4.578344e-03	-2.734600e+00	9.633238e-01	3.434187e-02	3.239880e-01	1.102247e+01
71	1.493702e+00	1.951687e+00	1.493695e+00	1.019091e+01	1.981216e-03	6.142291e-02	1.955593e-03	1.371372e+00	9.633218e-01	3.428181e-02	3.246396e-01	1.104267e+01
72	1.498069e+00	1.751687e+00	1.498052e+00	7.365033e+00	4.366536e-03	-2.000000e-01	4.357118e-03	-2.825873e+00	9.633361e-01	3.362920e-02	3.233814e-01	1.110030e+01
73	1.500287e+00	1.736209e+00	1.500278e+00	8.076285e+00	2.217994e-03	-1.547781e-02	2.226350e-03	7.112523e-01	9.633367e-01	3.362471e-02	3.243109e-01	1.109381e+01
74	1.500440e+00	1.536209e+00	1.500440e+00	5.348345e+00	1.535435e-04	-2.000000e-01	1.616404e-04	-2.727940e+00	9.633372e-01	3.299709e-02	3.242745e-01	1.114124e+01
75	1.501666e+00	1.482532e+00	1.501661e+00	5.795647e+00	1.226000e-03	-5.367676e-02	1.221842e-03	4.473026e-01	9.633383e-01	3.295096e-02	3.248821e-01	1.111463e+01
76	1.503602e+00	1.282532e+00	1.503594e+00	3.666690e+00	1.935726e-03	-2.000000e-01	1.932938e-03	-2.128957e+00	9.633443e-01	3.233082e-02	3.249663e-01	1.110594e+01
77	1.504556e+00	1.099809e+00	1.504552e+00	1.460358e+00	9.541234e-04	-1.827229e-01	9.579469e-04	-2.206332e+00	9.633469e-01	3.182319e-02	3.248872e-01	1.112108e+01
78	1.504423e+00	1.047340e+00	1.504424e+00	0.000000e+00	-1.328865e-04	-5.246904e-02	-1.286255e-04	-1.460358e+00	9.633468e-01	3.178164e-02	3.249425e-01	1.114290e+01
79	1.504857e+00	1.069900e+00	1.504855e+00	0.000000e+00	4.338222e-04	2.255979e-02	4.316251e-04	0.000000e+00	9.633467e-01	3.177411e-02	3.248907e-01	1.114021e+01
80	1.504896e+00	1.069632e+00	1.504896e+00	3.828071e-03	3.926598e-05	-2.676057e-04	4.079863e-05	3.828071e-03	9.633467e-01	3.177411e-02	3.248908e-01	1.114021e+01
81	1.503865e+00	1.077499e+00	1.503869e+00	0.000000e+00	-1.031157e-03	7.866835e-03	-1.026970e-03	-3.828071e-03	9.633468e-01	3.177305e-02	3.249354e-01	1.113986e+01
82	1.504744e+00	1.094621e+00	1.504740e+00	1.494176e+00	8.785922e-04	1.712223e-02	8.711486e-04	1.494176e+00	9.633466e-01	3.176883e-02	3.254792e-01	1.115046e+01
83	1.504281e+00	8.946215e-01	1.504283e+00	0.000000e+00	-4.622820e-04	-2.000000e-01	-4.570733e-04	-1.494176e+00	9.633452e-01	3.117815e-02	3.253207e-01	1.108191e+01
84	1.504543e+00	8.678928e-01	1.504542e+00	0.000000e+00	2.615028e-04	-2.672871e-02	2.586958e-04	0.000000e+00	9.633453e-01	3.116748e-02	3.253575e-01	1.107815e+01
85	1.504598e+00	8.498077e-01	1.504597e+00	0.000000e+00	5.458700e-05	-1.808502e-02	5.538430e-05	0.000000e+00	9.633453e-01	3.116262e-02	3.253627e-01	1.107643e+01
86	1.504529e+00	8.403174e-01	1.504529e+00	0.000000e+00	-6.874568e-05	-9.490295e-03	-6.826079e-05	0.000000e+00	9.633453e-01	3.116129e-02	3.253593e-01	1.107595e+01
87	1.504530e+00	8.393778e-01	1.504530e+00	0.000000e+00	7.356406e-07	-9.396707e-04	4.661233e-07	0.000000e+00	1.000000e+00	1.000000e-01	3.253593e-01	1.107595e+01
88	1.504812e+00	8.469481e-01	1.504811e+00	1.067563e-01	2.827625e-04	7.570351e-03	2.816598e-04	1.067563e-01	9.999999e-01	9.999727e-02	3.253623e-01	1.107603e+01
89	1.503488e+00	8.421680e-01	1.503494e+00	0.000000e+00	-1.323903e-03	-4.780134e-03	-1.317631e-03	-1.067563e-01	9.999996e-01	9.999617e-02	3.253959e-01	1.107615e+01
90	1.504742e+00	8.572312e-01	1.504737e+00	1.154994e+00	1.253302e-03	1.506321e-02	1.243260e-03	1.154994e+00	9.999987e-01	9.998533e-02	3.259839e-01	1.108322e+01
91	1.503597e+00	6.572312e-01	1.503601e+00	0.000000e+00	-1.144799e-03	-2.000000e-01	-1.135470e-03	-1.154994e+00	9.999880e-01	9.812199e-02	3.254177e-01	1.098430e+01
92	1.504493e+00	5.885203e-01	1.504490e+00	0.000000e+00	8.962111e-04	-6.871086e-02	8.882749e-04	0.000000e+00	9.999909e-01	9.790272e-02	3.257381e-01	1.095974e+01
93	1.504565e+00	5.282066e-01	1.504565e+00	5.072346e-01	7.168612e-05	-6.031378e-02	7.487592e-05	5.072346e-01	9.999911e-01	9.773377e-02	3.257778e-01	1.092633e+01
94	1.503486e+00	3.781583e-01	1.503491e+00	0.000000e+00	-1.078302e-03	-1.500483e-01	-1.073797e-03	-5.072346e-01	9.999837e-01	9.669988e-02	3.252041e-01	1.084651e+01
95	1.504094e+00	2.906338e-01	1.504092e+00	0.000000e+00	6.074426e-04	-8.752445e-02	6.008753e-04	0.000000e+00	9.999861e-01	9.634963e-02	3.254770e-01	1.080720e+01
96	1.504323e+00	2.115627e-01	1.504323e+00	0.000000e+00	2.295606e-04	-7.907115e-02	2.310110e-04	0.000000e+00	9.999869e-01	9.606433e-02	3.255698e-01	1.077521e+01
97	1.504359e+00	1.409832e-01	1.504359e+00	2.959658e-01	3.587771e-05	-7.057951e-02	3.663995e-05	2.959658e-01	9.999870e-01	9.583756e-02	3.255878e-01	1.073988e+01
98	1.503890e+00	2.075002e-02	1.503891e+00	0.000000e+00	-4.697223e-04	-1.202331e-01	-4.677444e-04	-2.959658e-01	9.999845e-01	9.518409e-02	3.253673e-01	1.068343e+01
99	1.504263e+00	0.000000e+00	1.504262e+00	0.000000e+00	3.736323e-04	-2.075002e-02	3.703457e-04	0.000000e+00	9.999848e-01	9.516466e-02	3.254066e-01	1.068125e+01
100	1.504389e+00	0.000000e+00	1.504389e+00	0.000000e+00	1.261386e-04	0.000000e+00	1.270926e-04	0.000000e+00	9.999848e-01	9.516466e-02	1.000000e+00	1.100000e+01
101	1.504305e+00	0.000000e+00	1.504306e+00	0.000000e+00	-8.419677e-05	0.000000e+00	-8.337142e-05	0.000000e+00	9.999848e-01	9.516466e-02	1.000000e+00	1.100000e+01
102	1.504263e+00	0.000000e+00	1.504263e+00	0.000000e+00	-4.236302e-05	0.000000e+00	-4.252320e-05	0.000000e+00	9.999848e-01	9.516466e-02	1.000000e+00	1.100000e+01
103	1.504280e+00	0.000000e+00	1.504280e+00	0.000000e+00	1.691797e-05	0.000000e+00	1.668578e-05	0.000000e+00	9.999848e-01	9.516466e-02	1.000000e+00	1.100000e+01
104	1.504289e+00	0.000000e+00	1.504289e+00	6.550790e-02	9.714504e-06	0.000000e+00	9.741736e-06	6.550790e-02	1.000000e+00	1.000000e-01	1.000000e+00	1.100000e+01
105	1.503862e+00	0.000000e+00	1.503864e+00	2.405152e-01	-4.270413e-04	0.000000e+00	-4.253351e-04	1.750073e-01	1.000000e+00	1.000000e-01	1.000000e+00	1.100000e+01
106	1.504232e+00	0.000000e+00	1.504230e+00	0.000000e+00	3.691134e-04	0.000000e+00	3.660101e-04	-2.405152e-01	1.000000e+00	1.000000e-01	1.000000e+00	1.100000e+01
107	1.504439e+00	0.000000e+00	1.504438e+00	1.199483e+00	2.070317e-04	0.000000e+00	2.076527e-04	1.199483e+00	1.000000e+00	1.000000e-01	1.000000e+00	1.100000e+01
108	1.504457e+00	0.000000e+00	1.504457e+00	2.187713e-01	1.808139e-05	0.000000e+00	1.882190e-05	-9.807119e-01	1.000000e+00	1.000000e-01	1.000000e+00	1.100000e+01
109	1.505184e+00	0.000000e+00	1.505181e+00	0.000000e+00	7.274335e-04	0.000000e+00	7.246655e-04	-2.187713e-01	1.000000e+00	1.000000e-01	1.000000e+00	1.100000e+01
110	1.505913e+00	0.000000e+00	1.505910e+00	0.000000e+00	7.287439e-04	0.000000e+00	7.287280e-04	0.000000e+00	1.000000e+00	1.000000e-01	1.000000e+00	1.100000e+01
111	1.505628e+00	0.000000e+00	1.505629e+00	0.000000e+00	-2.846287e-04	0.000000e+00	-2.806703e-04	0.000000e+00	1.000000e+00	1.000000e-01	1.000000e+00	1.100000e+01
112	1.505477e+00	0.000000e+00	1.505478e+00	0.000000e+00	-1.513206e-04	0.000000e+00	-1.518259e-04	0.000000e+00	1.000000e+00	1.000000e-01	1.000000e+00	1.100000e+01
113	1.505380e+00	0.000000e+00	1.505380e+00	4.322811e-01	-9.710141e-05	0.000000e+00	-9.731518e-05	4.322811e-01	1.000000e+00	1.000000e-01	1.000000e+00	1.100000e+01
114	1.505163e+00	0.000000e+00	1.505164e+00	0.000000e+00	-2.164314e-04	0.000000e+00	-2.159661e-04	-4.322811e-01	1.000000e+00	1.000000e-01	1.000000e+00	1.100000e+01
115	1.505774e+00	0.000000e+00	1.505771e+00	0.000000e+00	6.102853e-04	0.000000e+00	6.070577e-04	0.000000e+00	1.000000e+00	1.000000e-01	1.000000e+00	1.100000e+01
116	1.505528e+00	0.000000e+00	1.505529e+00	0.000000e+00	-2.457292e-04	0.000000e+00	-2.423980e-04	0.000000e+00	1.000000e+00	1.000000e-01	1.000000e+00	1.100000e+01
117	1.505371e+00	0.000000e+00	1.505372e+00	4.018239e-01	-1.568266e-04	0.000000e+00	-1.571608e-04	4.018239e-01	1.000000e+00	1.000000e-01	1.000000e+00	1.100000e+01
118	1.505147e+00	0.000000e+00	1.505148e+00	2.596459e-01	-2.238601e-04	0.000000e+00	-2.235995e-04	-1.421780e-01	1.000000e+00	1.000000e-01	1.000000e+00	1.100000e+01
119	1.505517e+00	0.000000e+00	1.505516e+00	0.000000e+00	3.697857e-04	0.000000e+00	3.674678e-04	-2.596459e-01	1.000000e+00	1.000000e-01	1.000000e+00	1.100000e+01
120	1.506369e+00	0.000000e+00	1.506365e+00	0.000000e+00	8.517079e-04	0.000000e+00	8.498164e-04	0.000000e+00	1.000000e+00	1.000000e-01	1.000000e+00	1.100000e+01
121	1.506013e+00	0.000000e+00	1.506015e+00	0.000000e+00	-3.553842e-04	0.000000e+00	-3.506764e-04	0.000000e+00	1.000000e+00	1.000000e-01	1.000000e+00	1.100000e+01
122	1.505836e+00	0.000000e+00	1.505836e+00	0.000000e+00	-1.778023e-04	0.000000e+00	-1.784776e-04	0.000000e+00	1.000000e+00	1.000000e-01	1.000000e+00	1.100000e+01
123	1.505943e+00	0.000000e+00	1.505942e+00	6.503817e-02	1.072155e-04	0.000000e+00	1.060995e-04	6.503817e-02	1.000000e+00	1.000000e-01	1.000000e+00	1.100000e+01
124	1.505171e+00	0.000000e+00	1.505174e+00	0.000000e+00	-7.715653e-04	0.000000e+00	-7.681369e-04	-6.503817e-02	1.000000e+00	1.000000e-01	1.000000e+00	1.100000e+01
125	1.505987e+00	0.000000e+00	1.505984e+00	0.000000e+00	8.158392e-04	0.000000e+00	8.096518e-04	0.000000e+00	1.000000e+00	1.000000e-01	1.000000e+00	1.100000e+01
126	1.505964e+00	0.000000e+00	1.505964e+00	1.948678e-01	-2.302383e-05	0.000000e+00	-1.977119e-05	1.948678e-01	1.000000e+00	1.000000e-01	1.000000e+00	1.100000e+01
127	1.505152e+00	0.000000e+00	1.505155e+00	7.684955e-01	-8.118798e-04	0.000000e+00	-8.087856e-04	5.736278e-01	1.000000e+00	1.000000e-01	1.000000e+00	1.100000e+01
128	1.505518e+00	0.000000e+00	1.505517e+00	0.000000e+00	3.662776e-04	0.000000e+00	3.616875e-04	-7.684955e-01	1.000000e+00	1.000000e-01	1.000000e+00	1.100000e+01
129	1.506642e+00	0.000000e+00	1.506637e+00	0.000000e+00	1.123412e-03	0.000000e+00	1.120437e-03	0.000000e+00	1.000000e+00	1.000000e-01	1.000000e+00	1.100000e+01
130	1.506622e+00	0.000000e+00	1.506622e+00	0.000000e+00	-1.941435e-05	0.000000e+00	-1.496181e-05	0.000000e+00	1.000000e+00	1.000000e-01	1.000000e+00	1.100000e+01
131	1.506341e+00	0.000000e+00	1.506343e+00	0.000000e+00	-2.809870e-04	0.000000e+00	-2.799478e-04	0.000000e+00	1.000000e+00	1.000000e-01	1.000000e+00	1.100000e+01
132	1.506340e+00	0.000000e+00	1.506340e+00	0.000000e+00	-1.675811e-06	0.000000e+00	-2.762811e-06	0.000000e+00	1.000000e+00	1.000000e-01	1.000000e+00	1.100000e+01
133	1.506410e+00	0.000000e+00	1.506409e+00	9.744571e-01	6.985895e-05	0.000000e+00	6.957528e-05	9.744571e-01	1.000000e+00	1.000000e-01	1.000000e+00	1.100000e+01
134	1.506038e+00	0.000000e+00	1.506039e+00	0.000000e+00	-3.716548e-04	0.000000e+00	-3.699312e-04	-9.744571e-01	1.000000e+00	1.000000e-01	1.000000e+00	1.100000e+01
135	1.506477e+00	0.000000e+00	1.506475e+00	9.394134e-03	4.387735e-04	0.000000e+00	4.356145e-04	9.394134e-03	1.000000e+00	1.000000e-01	1.000000e+00	1.100000e+01
136	1.505998e+00	0.000000e+00	1.506000e+00	0.000000e+00	-4.782650e-04	0.000000e+00	-4.746952e-04	-9.394134e-03	1.000000e+00	1.000000e-01	1.000000e+00	1.100000e+01
137	1.506381e+00	0.000000e+00	1.506379e+00	0.000000e+00	3.820970e-04	0.000000e+00	3.787502e-04	0.000000e+00	1.000000e+00	1.000000e-01	1.000000e+00	1.100000e+01
138	1.506279e+00	0.000000e+00	1.506280e+00	0.000000e+00	-1.010788e-04	0.000000e+00	-9.920444e-05	0.000000e+00	1.000000e+00	1.000000e-01	1.000000e+00	1.100000e+01
139	1.506176e+00	0.000000e+00	1.506176e+00	0.000000e+00	-1.039323e-04	0.000000e+00	-1.039138e-04	0.000000e+00	1.000000e+00	1.000000e-01	1.000000e+00	1.100000e+01
140	1.506184e+00	0.000000e+00	1.506184e+00	0.000000e+00	8.225345e-06	0.000000e+00	7.787301e-06	0.000000e+00	1.000000e+00	1.000000e-01	1.000000e+00	1.100000e+01
141	1.506210e+00	0.000000e+00	1.506210e+00	1.689854e-01	2.633424e-05	0.000000e+00	2.626180e-05	1.689854e-01	1.000000e+00	1.000000e-01	1.000000e+00	1.100000e+01
142	1.505553e+00	0.000000e+00	1.505555e+00	1.641405e+00	-6.572525e-04	0.000000e+00	-6.545825e-04	1.472420e+00	1.000000e+00	1.000000e-01	1.000000e+00	1.100000e+01
143	1.506557e+00	0.000000e+00	1.506553e+00	0.000000e+00	1.004427e-03	0.000000e+00	9.979464e-04	-1.641405e+00	1.000000e+00	1.000000e-01	1.000000e+00	1.100000e+01
144	1.507533e+00	1.111565e-02	1.507530e+00	0.000000e+00	9.761602e-04	1.111565e-02	9.762453e-04	0.000000e+00	9.999995e-01	9.999413e-02	9.999429e-01	1.099935e+01
145	1.507287e+00	3.193098e-02	1.507287e+00	0.000000e+00	-2.469435e-04	2.081532e-02	-2.421654e-04	0.000000e+00	9.999997e-01	9.997360e-02	9.999697e-01	1.099709e+01
146	1.507285e+00	6.245240e-02	1.507285e+00	0.000000e+00	-1.023347e-06	3.052142e-02	-1.965308e-06	0.000000e+00	1.000000e+00	1.000000e-01	9.999698e-01	1.099222e+01
147	1.507346e+00	1.026847e-01	1.507346e+00	9.561712e-01	6.037511e-05	4.023227e-02	6.013159e-05	9.561712e-01	9.999999e-01	9.992317e-02	9.999846e-01	1.100204e+01
148	1.506208e+00	0.000000e+00	1.506212e+00	0.000000e+00	-1.138139e-03	-1.026847e-01	-1.133458e-03	-9.561712e-01	9.999944e-01	9.942511e-02	9.998906e-01	1.099356e+01
149	1.507428e+00	0.000000e+00	1.507423e+00	0.000000e+00	1.219820e-03	0.000000e+00	1.210627e-03	0.000000e+00	9.999944e-01	9.942511e-02	1.000000e+00	1.100000e+01
150	1.507351e+00	0.000000e+00	1.507351e+00	0.000000e+00	-7.687717e-05	0.000000e+00	-7.184785e-05	0.000000e+00	9.999944e-01	9.942511e-02	1.000000e+00	1.100000e+01
151	1.507066e+00	0.000000e+00	1.507067e+00	0.000000e+00	-2.849454e-04	0.000000e+00	-2.841129e-04	0.000000e+00	9.999944e-01	9.942511e-02	1.000000e+00	1.100000e+01
152	1.507248e+00	0.000000e+00	1.507247e+00	3.937866e-01	1.819743e-04	0.000000e+00	1.801536e-04	3.937866e-01	9.999944e-01	9.942511e-02	1.000000e+00	1.100000e+01
153	1.506345e+00	0.000000e+00	1.506348e+00	0.000000e+00	-9.029845e-04	0.000000e+00	-8.987535e-04	-3.937866e-01	9.999944e-01	9.942511e-02	1.000000e+00	1.100000e+01
154	1.507092e+00	0.000000e+00	1.507090e+00	9.630485e-01	7.477447e-04	0.000000e+00	7.413131e-04	9.630485e-01	9.999944e-01	9.942511e-02	1.000000e+00	1.100000e+01
155	1.506903e+00	0.000000e+00	1.506903e+00	0.000000e+00	-1.899431e-04	0.000000e+00	-1.863054e-04	-9.630485e-01	9.999944e-01	9.942511e-02	1.000000e+00	1.100000e+01
156	1.507205e+00	0.000000e+00	1.507203e+00	4.557989e-01	3.021036e-04	0.000000e+00	3.001957e-04	4.557989e-01	9.999944e-01	9.942511e-02	1.000000e+00	1.100000e+01
157	1.506689e+00	0.000000e+00	1.506691e+00	0.000000e+00	-5.156849e-04	0.000000e+00	-5.124979e-04	-4.557989e-01	9.999944e-01	9.942511e-02	1.000000e+00	1.100000e+01
158	1.507258e+00	0.000000e+00	1.507256e+00	0.000000e+00	5.691559e-04	0.000000e+00	5.649307e-04	0.000000e+00	9.999944e-01	9.942511e-02	1.000000e+00	1.100000e+01
159	1.507242e+00	0.000000e+00	1.507242e+00	0.000000e+00	-1.567332e-05	0.000000e+00	-1.340533e-05	0.000000e+00	9.999944e-01	9.942511e-02	1.000000e+00	1.100000e+01
160	1.507103e+00	0.000000e+00	1.507104e+00	0.000000e+00	-1.389565e-04	0.000000e+00	-1.384660e-04	0.000000e+00	9.999944e-01	9.942511e-02	1.000000e+00	1.100000e+01
161	1.507107e+00	0.000000e+00	1.507107e+00	0.000000e+00	3.367051e-06	0.000000e+00	2.813016e-06	0.000000e+00	1.000000e+00	1.000000e-01	1.000000e+00	1.100000e+01
162	1.507142e+00	0.000000e+00	1.507142e+00	0.000000e+00	3.491680e-05	0.000000e+00	3.479139e-05	0.000000e+00	1.000000e+00	1.000000e-01	1.000000e+00	1.100000e+01
163	1.507141e+00	0.000000e+00	1.507141e+00	0.000000e+00	-5.583729e-07	0.000000e+00	-4.202879e-07	0.000000e+00	1.000000e+00	1.000000e-01	1.000000e+00	1.100000e+01
164	1.507185e+00	0.000000e+00	1.507185e+00	0.000000e+00	4.380494e-05	0.000000e+00	4.363218e-05	0.000000e+00	1.000000e+00	1.000000e-01	1.000000e+00	1.100000e+01
165	1.507174e+00	0.000000e+00	1.507174e+00	7.117481e-01	-1.143727e-05	0.000000e+00	-1.122216e-05	7.117481e-01	1.000000e+00	1.000000e-01	1.000000e+00	1.100000e+01
166	1.506990e+00	0.000000e+00	1.506991e+00	0.000000e+00	-1.831657e-04	0.000000e+00	-1.824941e-04	-7.117481e-01	1.000000e+00	1.000000e-01	1.000000e+00	1.100000e+01
167	1.507443e+00	0.000000e+00	1.507442e+00	0.000000e+00	4.530606e-04	0.000000e+00	4.505780e-04	0.000000e+00	1.000000e+00	1.000000e-01	1.000000e+00	1.100000e+01
168	1.507247e+00	0.000000e+00	1.507248e+00	0.000000e+00	-1.966010e-04	0.000000e+00	-1.940729e-04	0.000000e+00	1.000000e+00	1.000000e-01	1.000000e+00	1.100000e+01
169	1.507159e+00	0.000000e+00	1.507159e+00	0.000000e+00	-8.782740e-05	0.000000e+00	-8.824242e-05	0.000000e+00	1.000000e+00	1.000000e-01	1.000000e+00	1.100000e+01
170	1.507232e+00	0.000000e+00	1.507232e+00	0.000000e+00	7.285044e-05	0.000000e+00	7.222117e-05	0.000000e+00	1.000000e+00	1.000000e-01	1.000000e+00	1.100000e+01
171	1.507249e+00	0.000000e+00	1.507249e+00	0.000000e+00	1.744924e-05	0.000000e+00	1.766319e-05	0.000000e+00	1.000000e+00	1.000000e-01	1.000000e+00	1.100000e+01
172	1.507233e+00	0.000000e+00	1.507233e+00	0.000000e+00	-1.679019e-05	0.000000e+00	-1.665561e-05	0.000000e+00	1.000000e+00	1.000000e-01	1.000000e+00	1.100000e+01
173	1.507229e+00	0.000000e+00	1.507229e+00	0.000000e+00	-3.912107e-06	0.000000e+00	-3.961887e-06	0.000000e+00	1.000000e+00	1.000000e-01	1.000000e+00	1.100000e+01
174	1.507225e+00	0.000000e+00	1.507225e+00	0.000000e+00	-3.824414e-06	0.000000e+00	-3.824951e-06	0.000000e+00	1.000000e+00	1.000000e-01	1.000000e+00	1.100000e+01
175	1.507226e+00	0.000000e+00	1.507226e+00	5.522806e-01	7.906735e-07	0.000000e+00	7.726437e-07	5.522806e-01	1.000000e+00	1.000000e-01	1.000000e+00	1.100000e+01
176	1.506636e+00	0.000000e+00	1.506638e+00	0.000000e+00	-5.895992e-04	0.000000e+00	-5.872930e-04	-5.522806e-01	1.000000e+00	1.000000e-01	1.000000e+00	1.100000e+01
177	1.507327e+00	0.000000e+00	1.507324e+00	0.000000e+00	6.908772e-04	0.000000e+00	6.858843e-04	0.000000e+00	1.000000e+00	1.000000e-01	1.000000e+00	1.100000e+01
178	1.507290e+00	0.000000e+00	1.507290e+00	0.000000e+00	-3.695483e-05	0.000000e+00	-3.413124e-05	0.000000e+00	1.000000e+00	1.000000e-01	1.000000e+00	1.100000e+01
179	1.507117e+00	0.000000e+00	1.507117e+00	2.777526e-01	-1.733654e-04	0.000000e+00	-1.728215e-04	2.777526e-01	1.000000e+00	1.000000e-01	1.000000e+00	1.100000e+01
180	1.506551e+00	0.000000e+00	1.506553e+00	0.000000e+00	-5.655171e-04	0.000000e+00	-5.639831e-04	-2.777526e-01	1.000000e+00	1.000000e-01	1.000000e+00	1.100000e+01
181	1.507051e+00	0.000000e+00	1.507049e+00	0.000000e+00	5.003480e-04	0.000000e+00	4.961905e-04	0.000000e+00	1.000000e+00	1.000000e-01	1.000000e+00	1.100000e+01
182	1.507210e+00	0.000000e+00	1.507210e+00	0.000000e+00	1.590818e-04	0.000000e+00	1.603986e-04	0.000000e+00	1.000000e+00	1.000000e-01	1.000000e+00	1.100000e+01
183	1.507064e+00	0.000000e+00	1.507064e+00	1.731127e-01	-1.468425e-04	0.000000e+00	-1.456424e-04	1.731127e-01	1.000000e+00	1.000000e-01	1.000000e+00	1.100000e+01
184	1.506221e+00	0.000000e+00	1.506225e+00	0.000000e+00	-8.421884e-04	0.000000e+00	-8.394675e-04	-1.731127e-01	1.000000e+00	1.000000e-01	1.000000e+00	1.100000e+01
185	1.507088e+00	0.000000e+00	1.507085e+00	0.000000e+00	8.667020e-04	0.000000e+00	8.600373e-04	0.000000e+00	1.000000e+00	1.000000e-01	1.000000e+00	1.100000e+01
186	1.507308e+00	3.442701e-03	1.507307e+00	5.855525e-01	2.197727e-04	3.442701e-03	2.222738e-04	5.855525e-01	1.000000e+00	9.999944e-02	1.000057e+00	1.100090e+01
187	1.506381e+00	0.000000e+00	1.506384e+00	0.000000e+00	-9.272502e-04	-3.442701e-03	-9.227599e-04	-5.855525e-01	9.999998e-01	9.999887e-02	1.000298e+00	1.100179e+01
188	1.506971e+00	0.000000e+00	1.506969e+00	0.000000e+00	5.902054e-04	0.000000e+00	5.842954e-04	0.000000e+00	9.999998e-01	9.999887e-02	1.000000e+00	1.100000e+01
189	1.507053e+00	0.000000e+00	1.507052e+00	0.000000e+00	8.166801e-05	0.000000e+00	8.363140e-05	0.000000e+00	9.999998e-01	9.999887e-02	1.000000e+00	1.100000e+01
190	1.506901e+00	0.000000e+00	1.506902e+00	0.000000e+00	-1.511768e-04	0.000000e+00	-1.502596e-04	0.000000e+00	9.999998e-01	9.999887e-02	1.000000e+00	1.100000e+01
191	1.507100e+00	0.000000e+00	1.507100e+00	0.000000e+00	1.991584e-04	0.000000e+00	1.977935e-04	0.000000e+00	9.999998e-01	9.999887e-02	1.000000e+00	1.100000e+01
192	1.507128e+00	2.858137e-03	1.507128e+00	0.000000e+00	2.758976e-05	2.858137e-03	2.825462e-05	0.000000e+00	9.999998e-01	9.999848e-02	9.999996e-01	1.099996e+01
193	1.507073e+00	1.566652e-02	1.507074e+00	0.000000e+00	-5.458741e-05	1.280838e-02	-5.426381e-05	0.000000e+00	9.999998e-01	9.999069e-02	1.000003e+00	1.099910e+01
194	1.507549e+00	3.842754e-02	1.507547e+00	0.000000e+00	4.757832e-04	2.276102e-02	4.737127e-04	0.000000e+00	9.999993e-01	9.996607e-02	9.999466e-01	1.099639e+01
195	1.507617e+00	7.114287e-02	1.507617e+00	7.854281e-01	6.818703e-05	3.271533e-02	6.977111e-05	7.854281e-01	9.999992e-01	9.991530e-02	9.999603e-01	1.100300e+01
196	1.505744e+00	0.000000e+00	1.505751e+00	0.000000e+00	-1.873494e-03	-7.114287e-02	-1.865903e-03	-7.854281e-01	9.999929e-01	9.967544e-02	9.999610e-01	1.100303e+01
197	1.506970e+00	0.000000e+00	1.506966e+00	2.050680e+00	1.226462e-03	0.000000e+00	1.214383e-03	2.050680e+00	9.999929e-01	9.967544e-02	1.000000e+00	1.100000e+01
198	1.506693e+00	0.000000e+00	1.506694e+00	5.751500e-01	-2.771980e-04	0.000000e+00	-2.713715e-04	-1.475530e+00	9.999929e-01	9.967544e-02	1.000000e+00	1.100000e+01
199	1.506574e+00	0.000000e+00	1.506575e+00	4.102633e-01	-1.189966e-04	0.000000e+00	-1.195918e-04	-1.648867e-01	9.999929e-01	9.967544e-02	1.000000e+00	1.100000e+01
200	1.506964e+00	0.000000e+00	1.506963e+00	0.000000e+00	3.897917e-04	0.000000e+00	3.878019e-04	-4.102633e-01	9.999929e-01	9.967544e-02	1.000000e+00	1.100000e+01
201	1.507383e+00	0.000000e+00	1.507381e+00	3.774684e-01	4.187088e-04	0.000000e+00	4.185880e-04	3.774684e-01	9.999929e-01	9.967544e-02	1.000000e+00	1.100000e+01
202	1.507057e+00	0.000000e+00	1.507058e+00	3.453003e-01	-3.257828e-04	0.000000e+00	-3.228751e-04	-3.216817e-02	9.999929e-01	9.967544e-02	1.000000e+00	1.100000e+01
203	1.507200e+00	0.000000e+00	1.507200e+00	0.000000e+00	1.433634e-04	0.000000e+00	1.415421e-04	-3.453003e-01	9.999929e-01	9.967544e-02	1.000000e+00	1.100000e+01
204	1.507517e+00	0.000000e+00	1.507516e+00	0.000000e+00	3.167743e-04	0.000000e+00	3.160898e-04	0.000000e+00	9.999929e-01	9.967544e-02	1.000000e+00	1.100000e+01
205	1.507485e+00	0.000000e+00	1.507485e+00	2.374368e-02	-3.245569e-05	0.000000e+00	-3.109419e-05	2.374368e-02	9.999929e-01	9.967544e-02	1.000000e+00	1.100000e+01
206	1.506910e+00	0.000000e+00	1.506912e+00	4.704228e-01	-5.747542e-04	0.000000e+00	-5.726305e-04	4.466792e-01	9.999929e-01	9.967544e-02	1.000000e+00	1.100000e+01
207	1.507164e+00	0.000000e+00	1.507163e+00	0.000000e+00	2.538983e-04	0.000000e+00	2.506697e-04	-4.704228e-01	9.999929e-01	9.967544e-02	1.000000e+00	1.100000e+01
208	1.508371e+00	0.000000e+00	1.508366e+00	0.000000e+00	1.207367e-03	0.000000e+00	1.203630e-03	0.000000e+00	9.999929e-01	9.967544e-02	1.000000e+00	1.100000e+01
