#sequence delta(k-1),f(k-1),theta(k),v(k),delta_diff(k-1),f_diff(k-1),theta_diff(k),v_diff(k),phi(1,1;k),phi(1,2;k),phi(2,1;k),phi(2,2;k)
1	-9.003748e-01	0.000000e+00	-9.002653e-01	0.000000e+00	-9.003748e-01	0.000000e+00	-2.790509e-02	-4.796499e-03	7.344865e-01	1.000000e-01	1.000000e+00	1.200000e+01
2	4.515800e-01	2.000000e-01	4.462993e-01	1.776135e+00	1.351955e+00	2.000000e-01	1.346565e+00	1.776135e+00	8.452543e-01	1.163863e-01	3.438985e-01	1.190294e+01
3	-1.015000e+00	4.000000e-01	-1.009292e+00	5.352889e+00	-1.466580e+00	2.000000e-01	-1.455591e+00	3.576754e+00	9.247881e-01	1.055402e-01	-2.214399e-01	1.198004e+01
4	-8.877717e-01	3.615884e-01	-8.882464e-01	4.446885e+00	1.272286e-01	-3.841156e-02	1.210457e-01	-9.060046e-01	9.252338e-01	1.054056e-01	-2.464596e-01	1.198759e+01
5	-4.439293e-01	5.615884e-01	-4.456649e-01	7.347254e+00	4.438424e-01	2.000000e-01	4.425815e-01	2.900369e+00	9.272775e-01	1.063265e-01	-1.310587e-01	1.203959e+01
6	-6.847191e-01	6.166170e-01	-6.837853e-01	6.608311e+00	-2.407898e-01	5.502857e-02	-2.381204e-01	-7.389425e-01	9.295742e-01	1.058016e-01	2.799167e-02	1.200324e+01
7	-9.379730e-01	8.166170e-01	-9.369801e-01	7.246182e+00	-2.532539e-01	2.000000e-01	-2.531948e-01	6.378710e-01	9.340263e-01	1.022857e-01	2.287405e-01	1.184471e+01
8	-9.575548e-01	1.016617e+00	-9.574744e-01	8.679972e+00	-1.958179e-02	2.000000e-01	-2.049434e-02	1.433790e+00	9.342329e-01	1.001755e-01	2.372257e-01	1.175804e+01
9	-8.970205e-01	1.216617e+00	-8.972567e-01	9.357999e+00	6.053424e-02	2.000000e-01	6.021773e-02	6.780266e-01	9.337722e-01	9.865350e-02	1.897280e-01	1.160111e+01
10	-9.189626e-01	1.416617e+00	-9.188778e-01	1.266034e+01	-2.194205e-02	2.000000e-01	-2.162111e-02	3.302338e+00	9.339854e-01	9.671084e-02	1.796525e-01	1.169295e+01
11	-1.004014e+00	1.404741e+00	-1.003681e+00	1.159641e+01	-8.505130e-02	-1.187634e-02	-8.480353e-02	-1.063924e+00	9.341551e-01	9.673455e-02	2.162718e-01	1.169807e+01
12	-1.090177e+00	1.604741e+00	-1.089839e+00	1.276742e+01	-8.616296e-02	2.000000e-01	-8.615765e-02	1.171003e+00	9.351552e-01	9.441317e-02	2.622471e-01	1.159135e+01
13	-1.176414e+00	1.804741e+00	-1.176076e+00	1.457427e+01	-8.623713e-02	2.000000e-01	-8.623682e-02	1.806854e+00	9.361345e-01	9.214198e-02	2.818057e-01	1.154599e+01
14	-1.228119e+00	2.004741e+00	-1.227916e+00	1.732272e+01	-5.170535e-02	2.000000e-01	-5.184024e-02	2.748449e+00	9.366603e-01	9.010816e-02	2.708927e-01	1.158820e+01
15	-1.326002e+00	2.013259e+00	-1.325619e+00	1.574068e+01	-9.788265e-02	8.518024e-03	-9.770280e-02	-1.582042e+00	9.369744e-01	9.008082e-02	3.474357e-01	1.158154e+01
16	-1.365513e+00	2.213259e+00	-1.365357e+00	1.943020e+01	-3.951068e-02	2.000000e-01	-3.973799e-02	3.689521e+00	9.373556e-01	8.815123e-02	3.219361e-01	1.171062e+01
17	-1.355898e+00	2.085946e+00	-1.355935e+00	1.822851e+01	9.614833e-03	-1.273129e-01	9.422048e-03	-1.201691e+00	9.374083e-01	8.745346e-02	3.232322e-01	1.169345e+01
18	-1.307792e+00	2.285946e+00	-1.307981e+00	2.014410e+01	4.810534e-02	2.000000e-01	4.795423e-02	1.915588e+00	9.370809e-01	8.609233e-02	3.134167e-01	1.165264e+01
19	-1.216589e+00	2.485946e+00	-1.216946e+00	2.253412e+01	9.120383e-02	2.000000e-01	9.103488e-02	2.390029e+00	9.365882e-01	8.501179e-02	3.147244e-01	1.165551e+01
20	-1.083532e+00	2.482985e+00	-1.084053e+00	2.291413e+01	1.330570e-01	-2.960668e-03	1.328929e-01	3.800073e-01	9.371222e-01	8.499991e-02	3.380692e-01	1.165499e+01
21	-9.667476e-01	2.559490e+00	-9.672058e-01	2.374867e+01	1.167840e-01	7.650467e-02	1.168469e-01	8.345400e-01	9.371718e-01	8.503241e-02	3.327622e-01	1.165152e+01
22	-9.424282e-01	2.654892e+00	-9.425250e-01	2.343914e+01	2.431937e-02	9.540237e-02	2.468081e-02	-3.095296e-01	9.371003e-01	8.475177e-02	3.163321e-01	1.158706e+01
23	-8.526839e-01	2.854892e+00	-8.530349e-01	2.638258e+01	8.974431e-02	2.000000e-01	8.949015e-02	2.943433e+00	9.366191e-01	8.367937e-02	3.412105e-01	1.164251e+01
24	-6.702022e-01	2.718268e+00	-6.709164e-01	2.444830e+01	1.824817e-01	-1.366238e-01	1.821185e-01	-1.934274e+00	9.385314e-01	8.224763e-02	3.069190e-01	1.166818e+01
25	-4.528823e-01	2.918268e+00	-4.537340e-01	2.748130e+01	2.173199e-01	2.000000e-01	2.171824e-01	3.032997e+00	9.382120e-01	8.195373e-02	3.694974e-01	1.172577e+01
26	-1.915102e-01	2.792880e+00	-1.925345e-01	2.462379e+01	2.613721e-01	-1.253887e-01	2.611995e-01	-2.857505e+00	9.413400e-01	8.045315e-02	1.927093e-01	1.181058e+01
27	1.936269e-01	2.992880e+00	1.921184e-01	2.732408e+01	3.851371e-01	2.000000e-01	3.846530e-01	2.700282e+00	9.423461e-01	8.097561e-02	2.368401e-01	1.183350e+01
28	2.996067e-01	3.023369e+00	2.991868e-01	2.630404e+01	1.059798e-01	3.048921e-02	1.070684e-01	-1.020032e+00	9.425827e-01	8.104369e-02	1.664929e-01	1.181326e+01
29	1.825380e-01	3.223369e+00	1.829936e-01	2.886730e+01	-1.170687e-01	2.000000e-01	-1.161932e-01	2.563258e+00	9.437771e-01	7.900326e-02	1.545739e-01	1.183362e+01
30	1.302619e-01	3.215721e+00	1.304679e-01	3.038932e+01	-5.227602e-02	-7.647653e-03	-5.252570e-02	1.522013e+00	9.438412e-01	7.901264e-02	1.143889e-01	1.182774e+01
31	-1.232641e-01	3.018223e+00	-1.222729e-01	2.721822e+01	-2.535260e-01	-1.974978e-01	-2.527409e-01	-3.171099e+00	9.435947e-01	7.882065e-02	2.067017e-01	1.189966e+01
32	-4.276806e-01	3.218223e+00	-4.264876e-01	3.000977e+01	-3.044165e-01	2.000000e-01	-3.042147e-01	2.791557e+00	9.480334e-01	7.590446e-02	1.423515e-01	1.194193e+01
33	-6.321918e-01	3.189519e+00	-6.313883e-01	2.852899e+01	-2.045112e-01	-2.870467e-02	-2.049007e-01	-1.480784e+00	9.488740e-01	7.602245e-02	2.478224e-01	1.195674e+01
34	-6.529918e-01	3.389519e+00	-6.529074e-01	3.293611e+01	-2.079995e-02	2.000000e-01	-2.151909e-02	4.407124e+00	9.490386e-01	7.444066e-02	2.282513e-01	1.214492e+01
35	-8.599874e-01	3.189519e+00	-8.591785e-01	3.088246e+01	-2.069957e-01	-2.000000e-01	-2.062711e-01	-2.053658e+00	9.485605e-01	7.397873e-02	1.883553e-01	1.210637e+01
36	-1.254147e+00	3.286147e+00	-1.252604e+00	3.192338e+01	-3.941591e-01	9.662814e-02	-3.934252e-01	1.040926e+00	9.531773e-01	7.284691e-02	1.978084e-01	1.210406e+01
37	-1.391847e+00	3.267157e+00	-1.391303e+00	3.099283e+01	-1.377006e-01	-1.898971e-02	-1.386995e-01	-9.305496e-01	9.535701e-01	7.290108e-02	2.414363e-01	1.211007e+01
38	-1.136324e+00	3.440762e+00	-1.137320e+00	3.216115e+01	2.555231e-01	1.736051e-01	2.539831e-01	1.168318e+00	9.532999e-01	7.271753e-02	1.260835e-01	1.203170e+01
39	-9.985664e-01	3.487783e+00	-9.991084e-01	3.213482e+01	1.377577e-01	4.702131e-02	1.382118e-01	-2.633424e-02	9.535245e-01	7.279418e-02	8.662223e-02	1.201823e+01
40	-1.017785e+00	3.545338e+00	-1.017712e+00	3.253837e+01	-1.921840e-02	5.755442e-02	-1.860344e-02	4.035491e-01	9.535652e-01	7.267226e-02	8.923271e-02	1.201041e+01
41	-8.763990e-01	3.534705e+00	-8.769510e-01	3.210878e+01	1.413858e-01	-1.063295e-02	1.407608e-01	-4.295852e-01	9.540115e-01	7.263869e-02	6.832194e-02	1.201199e+01
42	-7.804514e-01	3.582731e+00	-7.808283e-01	3.244775e+01	9.594762e-02	4.802559e-02	9.612268e-02	3.389720e-01	9.540613e-01	7.266362e-02	5.724414e-02	1.200644e+01
43	-8.717050e-01	3.573096e+00	-8.713500e-01	3.256101e+01	-9.125359e-02	-9.634603e-03	-9.052165e-02	1.132621e-01	9.541805e-01	7.267620e-02	4.713678e-02	1.200537e+01
44	-8.973260e-01	3.512912e+00	-8.972246e-01	3.098662e+01	-2.562109e-02	-6.018355e-02	-2.587461e-02	-1.574390e+00	9.541447e-01	7.259215e-02	5.746718e-02	1.202964e+01
45	-8.679586e-01	3.712641e+00	-8.680729e-01	3.165274e+01	2.936743e-02	1.997287e-01	2.915164e-02	6.661186e-01	9.539619e-01	7.134925e-02	3.370387e-02	1.186803e+01
46	-9.474504e-01	3.857471e+00	-9.471403e-01	3.321817e+01	-7.949181e-02	1.448298e-01	-7.906742e-02	1.565427e+00	9.544674e-01	7.042837e-02	3.931888e-02	1.185780e+01
47	-1.150854e+00	3.691898e+00	-1.150058e+00	3.057118e+01	-2.034035e-01	-1.655729e-01	-2.029178e-01	-2.646989e+00	9.541979e-01	7.020900e-02	1.024285e-01	1.190917e+01
48	-1.220481e+00	3.891898e+00	-1.220206e+00	3.259303e+01	-6.962712e-02	2.000000e-01	-7.014779e-02	2.021847e+00	9.547721e-01	6.855959e-02	1.138425e-01	1.187638e+01
49	-9.188237e-01	3.738274e+00	-9.200010e-01	3.325144e+01	3.016574e-01	-1.536238e-01	3.002050e-01	6.584147e-01	9.578516e-01	6.699130e-02	4.456775e-01	1.170739e+01
50	-7.737746e-01	3.538274e+00	-7.743458e-01	3.188717e+01	1.450491e-01	-2.000000e-01	1.456552e-01	-1.364275e+00	9.591967e-01	6.513669e-02	5.066891e-01	1.162326e+01
51	-9.620130e-01	3.364607e+00	-9.612799e-01	2.964988e+01	-1.882384e-01	-1.736674e-01	-1.869341e-01	-2.237291e+00	9.587694e-01	6.474247e-02	5.173664e-01	1.163311e+01
52	-8.896632e-01	3.482663e+00	-8.899430e-01	3.207278e+01	7.234981e-02	1.180559e-01	7.133698e-02	2.422906e+00	9.585762e-01	6.442737e-02	5.518187e-01	1.168933e+01
53	-7.217106e-01	3.282663e+00	-7.223677e-01	3.012958e+01	1.679526e-01	-2.000000e-01	1.675752e-01	-1.943203e+00	9.600779e-01	6.263915e-02	5.751157e-01	1.166159e+01
54	-8.111822e-01	3.220618e+00	-8.108353e-01	2.963036e+01	-8.947160e-02	-6.204440e-02	-8.846751e-02	-4.992155e-01	9.600222e-01	6.260052e-02	5.634645e-01	1.165351e+01
55	-8.827350e-01	3.138811e+00	-8.824542e-01	2.781672e+01	-7.155287e-02	-8.180711e-02	-7.161894e-02	-1.813646e+00	9.599481e-01	6.251574e-02	5.911703e-01	1.168519e+01
56	-7.644160e-01	3.300150e+00	-7.648771e-01	2.988506e+01	1.183190e-01	1.613389e-01	1.175771e-01	2.068344e+00	9.596126e-01	6.205824e-02	5.974032e-01	1.169369e+01
57	-7.620404e-01	3.100150e+00	-7.620515e-01	2.705423e+01	2.375643e-03	-2.000000e-01	2.825648e-03	-2.830828e+00	9.596269e-01	6.085141e-02	5.968572e-01	1.173965e+01
58	-8.397660e-01	3.223396e+00	-8.394624e-01	2.879454e+01	-7.772563e-02	1.232455e-01	-7.741098e-02	1.740306e+00	9.600040e-01	6.025343e-02	5.844423e-01	1.175933e+01
59	-8.037098e-01	3.023396e+00	-8.038495e-01	2.609085e+01	3.605619e-02	-2.000000e-01	3.561296e-02	-2.703690e+00	9.602230e-01	5.903881e-02	5.781851e-01	1.179404e+01
60	-7.427734e-01	3.107144e+00	-7.430120e-01	2.679271e+01	6.093641e-02	8.374811e-02	6.083749e-02	7.018645e-01	9.601476e-01	5.893516e-02	5.689406e-01	1.178134e+01
61	-7.803910e-01	2.973385e+00	-7.802450e-01	2.382566e+01	-3.761756e-02	-1.337583e-01	-3.723297e-02	-2.967054e+00	9.600278e-01	5.850923e-02	5.931826e-01	1.186754e+01
62	-8.005769e-01	3.173385e+00	-8.004975e-01	2.627491e+01	-2.018593e-02	2.000000e-01	-2.025252e-02	2.449248e+00	9.601460e-01	5.733824e-02	5.923582e-01	1.187570e+01
63	-7.542992e-01	2.973385e+00	-7.544796e-01	2.214306e+01	4.627773e-02	-2.000000e-01	4.601785e-02	-4.131851e+00	9.604270e-01	5.612387e-02	5.539491e-01	1.204170e+01
64	-7.083343e-01	3.173385e+00	-7.085145e-01	2.568107e+01	4.596488e-02	2.000000e-01	4.596509e-02	3.538014e+00	9.602258e-01	5.524877e-02	5.775606e-01	1.214444e+01
65	-7.084195e-01	2.973385e+00	-7.084199e-01	2.241871e+01	-8.524131e-05	-2.000000e-01	9.464280e-05	-3.262360e+00	9.602254e-01	5.420319e-02	5.775936e-01	1.222206e+01
66	-6.850088e-01	3.052219e+00	-6.851003e-01	2.403051e+01	2.341069e-02	7.883324e-02	2.331962e-02	1.611797e+00	9.601873e-01	5.407507e-02	5.846286e-01	1.224575e+01
67	-5.973794e-01	2.852219e+00	-5.977221e-01	2.138736e+01	8.762942e-02	-2.000000e-01	8.737821e-02	-2.643153e+00	9.607587e-01	5.277116e-02	5.746586e-01	1.226850e+01
68	-5.040405e-01	2.801491e+00	-5.044065e-01	2.096609e+01	9.333887e-02	-5.072734e-02	9.331559e-02	-4.212707e-01	9.610371e-01	5.261982e-02	5.811588e-01	1.226497e+01
69	-4.342162e-01	2.607864e+00	-4.344904e-01	1.813641e+01	6.982433e-02	-1.936273e-01	6.991609e-02	-2.829675e+00	9.614594e-01	5.144889e-02	5.650683e-01	1.230959e+01
70	-3.271531e-01	2.718998e+00	-3.275724e-01	2.080218e+01	1.070631e-01	1.111340e-01	1.069180e-01	2.665765e+00	9.613721e-01	5.135830e-02	6.272484e-01	1.237413e+01
71	-2.425622e-01	2.518998e+00	-2.428942e-01	1.929013e+01	8.459090e-02	-2.000000e-01	8.467812e-02	-1.512049e+00	9.619070e-01	5.009360e-02	6.629595e-01	1.228970e+01
72	-1.727554e-01	2.318998e+00	-1.730294e-01	1.674173e+01	6.980672e-02	-2.000000e-01	6.986481e-02	-2.548399e+00	9.623200e-01	4.891024e-02	6.585250e-01	1.230241e+01
73	-1.252032e-01	2.258401e+00	-1.253901e-01	1.700690e+01	4.755221e-02	-6.059667e-02	4.763937e-02	2.651734e-01	9.624291e-01	4.877126e-02	6.805803e-01	1.227430e+01
74	-5.072146e-02	2.058401e+00	-5.101313e-02	1.428127e+01	7.448179e-02	-2.000000e-01	7.437693e-02	-2.725632e+00	9.628597e-01	4.761505e-02	6.694606e-01	1.230416e+01
75	1.438938e-02	2.059626e+00	1.413390e-02	1.549621e+01	6.511083e-02	1.224282e-03	6.514703e-02	1.214944e+00	9.629336e-01	4.761645e-02	7.051463e-01	1.230483e+01
76	3.050601e-02	1.859626e+00	3.044206e-02	1.173870e+01	1.611663e-02	-2.000000e-01	1.630816e-02	-3.757512e+00	9.630110e-01	4.665612e-02	6.953313e-01	1.242663e+01
77	4.082840e-02	2.017718e+00	4.078783e-02	1.455171e+01	1.032239e-02	1.580922e-01	1.034578e-02	2.813011e+00	9.629773e-01	4.613914e-02	6.994051e-01	1.248902e+01
78	6.789282e-02	1.817718e+00	6.778694e-02	1.225261e+01	2.706442e-02	-2.000000e-01	2.699911e-02	-2.299098e+00	9.631053e-01	4.519279e-02	7.016701e-01	1.247228e+01
79	1.082509e-01	1.617718e+00	1.080928e-01	8.684370e+00	4.035807e-02	-2.000000e-01	4.030589e-02	-3.568243e+00	9.633021e-01	4.421792e-02	6.809734e-01	1.257485e+01
80	1.221697e-01	1.737755e+00	1.221147e-01	1.071971e+01	1.391879e-02	1.200370e-01	1.402186e-02	2.035340e+00	9.632712e-01	4.395222e-02	6.843629e-01	1.260408e+01
81	1.157173e-01	1.537755e+00	1.157423e-01	8.495127e+00	-6.452368e-03	-2.000000e-01	-6.372391e-03	-2.224582e+00	9.632453e-01	4.314815e-02	6.834595e-01	1.257608e+01
82	1.233624e-01	1.337755e+00	1.233327e-01	7.018337e+00	7.645115e-03	-2.000000e-01	7.590359e-03	-1.476790e+00	9.632768e-01	4.232336e-02	6.871379e-01	1.247985e+01
83	1.347479e-01	1.137755e+00	1.347033e-01	3.975190e+00	1.138551e-02	-2.000000e-01	1.137068e-02	-3.043147e+00	9.633238e-01	4.149747e-02	6.841954e-01	1.253154e+01
84	1.376282e-01	1.219948e+00	1.376168e-01	4.770331e+00	2.880308e-03	8.219365e-02	2.913473e-03	7.951410e-01	9.633194e-01	4.137016e-02	6.838725e-01	1.252233e+01
85	1.344806e-01	1.019948e+00	1.344929e-01	1.350958e+00	-3.147641e-03	-2.000000e-01	-3.123965e-03	-3.419373e+00	9.633074e-01	4.060809e-02	6.852104e-01	1.260734e+01
86	1.334581e-01	1.168925e+00	1.334621e-01	3.583335e+00	-1.022519e-03	1.489762e-01	-1.030728e-03	2.232377e+00	9.633103e-01	4.018149e-02	6.850399e-01	1.263217e+01
87	1.367409e-01	9.689246e-01	1.367281e-01	2.483618e+00	3.282844e-03	-2.000000e-01	3.265994e-03	-1.099717e+00	9.633228e-01	3.942337e-02	6.872176e-01	1.249950e+01
88	1.386843e-01	7.689246e-01	1.386766e-01	1.453238e+00	1.943327e-03	-2.000000e-01	1.948494e-03	-1.030379e+00	9.633300e-01	3.868189e-02	6.885463e-01	1.236276e+01
89	1.372908e-01	5.689246e-01	1.372962e-01	0.000000e+00	-1.393447e-03	-2.000000e-01	-1.380393e-03	-1.453238e+00	9.633250e-01	3.796489e-02	6.878842e-01	1.226774e+01
90	1.372486e-01	5.241227e-01	1.372488e-01	8.976556e-02	-4.215731e-05	-4.480189e-02	-4.738479e-05	8.976556e-02	9.633249e-01	3.792888e-02	6.878714e-01	1.225414e+01
91	1.370490e-01	4.695232e-01	1.370497e-01	0.000000e+00	-1.996857e-04	-5.459948e-02	-1.990907e-04	-8.976556e-02	9.633247e-01	3.787542e-02	6.878165e-01	1.223914e+01
92	1.378459e-01	4.308244e-01	1.378428e-01	0.000000e+00	7.969616e-04	-3.869876e-02	7.930708e-04	0.000000e+00	9.633253e-01	3.784803e-02	6.879955e-01	1.223045e+01
93	1.376112e-01	3.989055e-01	1.376121e-01	4.709373e-01	-2.346812e-04	-3.191897e-02	-2.306665e-04	4.709373e-01	9.633252e-01	3.782980e-02	6.878995e-01	1.221739e+01
94	1.370350e-01	2.870065e-01	1.370372e-01	0.000000e+00	-5.762699e-04	-1.118989e-01	-5.749199e-04	-4.709373e-01	9.633240e-01	3.760724e-02	6.876556e-01	1.217003e+01
95	1.374204e-01	2.296626e-01	1.374189e-01	6.928146e-01	3.854011e-04	-5.734398e-02	3.816498e-04	6.928146e-01	9.633244e-01	3.754832e-02	6.879097e-01	1.213222e+01
96	1.373965e-01	5.094519e-02	1.373966e-01	0.000000e+00	-2.389189e-05	-1.787174e-01	-2.230774e-05	-6.928146e-01	9.633243e-01	3.698755e-02	6.878933e-01	1.200894e+01
97	1.377310e-01	0.000000e+00	1.377296e-01	0.000000e+00	3.344728e-04	-5.094519e-02	3.330792e-04	0.000000e+00	9.633246e-01	3.694175e-02	6.879903e-01	1.199416e+01
98	1.376508e-01	0.000000e+00	1.376511e-01	0.000000e+00	-8.011750e-05	0.000000e+00	-7.850345e-05	0.000000e+00	9.633246e-01	3.694175e-02	1.000000e+00	1.200000e+01
99	1.375665e-01	0.000000e+00	1.375669e-01	0.000000e+00	-8.430364e-05	0.000000e+00	-8.428099e-05	0.000000e+00	9.633246e-01	3.694175e-02	1.000000e+00	1.200000e+01
100	1.375792e-01	0.000000e+00	1.375792e-01	0.000000e+00	1.266729e-05	0.000000e+00	1.228858e-05	0.000000e+00	9.633246e-01	3.694175e-02	1.000000e+00	1.200000e+01
101	1.375996e-01	0.000000e+00	1.375995e-01	0.000000e+00	2.038855e-05	0.000000e+00	2.035691e-05	0.000000e+00	9.633246e-01	3.694175e-02	1.000000e+00	1.200000e+01
102	1.375768e-01	0.000000e+00	1.375769e-01	0.000000e+00	-2.280806e-05	0.000000e+00	-2.263944e-05	0.000000e+00	9.633246e-01	3.694175e-02	1.000000e+00	1.200000e+01
103	1.375841e-01	0.000000e+00	1.375841e-01	0.000000e+00	7.327785e-06	0.000000e+00	7.210726e-06	0.000000e+00	1.000000e+00	1.000000e-01	1.000000e+00	1.200000e+01
104	1.375908e-01	0.000000e+00	1.375908e-01	0.000000e+00	6.706278e-06	0.000000e+00	6.708249e-06	0.000000e+00	1.000000e+00	1.000000e-01	1.000000e+00	1.200000e+01
105	1.376936e-01	0.000000e+00	1.376932e-01	0.000000e+00	1.027990e-04	0.000000e+00	1.024236e-04	0.000000e+00	1.000000e+00	1.000000e-01	1.000000e+00	1.200000e+01
106	1.375398e-01	0.000000e+00	1.375404e-01	0.000000e+00	-1.538415e-04	0.000000e+00	-1.528405e-04	0.000000e+00	1.000000e+00	1.000000e-01	1.000000e+00	1.200000e+01
107	1.376658e-01	0.000000e+00	1.376653e-01	0.000000e+00	1.259773e-04	0.000000e+00	1.248882e-04	0.000000e+00	1.000000e+00	1.000000e-01	1.000000e+00	1.200000e+01
108	1.376698e-01	0.000000e+00	1.376698e-01	5.496416e-01	4.076407e-06	0.000000e+00	4.548328e-06	5.496416e-01	1.000000e+00	1.000000e-01	1.000001e+00	1.200000e+01
109	1.368489e-01	0.000000e+00	1.368521e-01	0.000000e+00	-8.208846e-04	0.000000e+00	-8.176603e-04	-5.496416e-01	1.000000e+00	1.000000e-01	1.000000e+00	1.200000e+01
110	1.375096e-01	0.000000e+00	1.375071e-01	0.000000e+00	6.606962e-04	0.000000e+00	6.549213e-04	0.000000e+00	1.000000e+00	1.000000e-01	1.000000e+00	1.200000e+01
111	1.376902e-01	0.000000e+00	1.376895e-01	0.000000e+00	1.805903e-04	0.000000e+00	1.824431e-04	0.000000e+00	1.000000e+00	1.000000e-01	1.000000e+00	1.200000e+01
112	1.373813e-01	0.000000e+00	1.373825e-01	0.000000e+00	-3.089054e-04	0.000000e+00	-3.069861e-04	0.000000e+00	1.000000e+00	1.000000e-01	1.000000e+00	1.200000e+01
113	1.374656e-01	0.000000e+00	1.374653e-01	0.000000e+00	8.430548e-05	0.000000e+00	8.277699e-05	0.000000e+00	1.000000e+00	1.000000e-01	1.000000e+00	1.200000e+01
114	1.375299e-01	0.000000e+00	1.375296e-01	0.000000e+00	6.425950e-05	0.000000e+00	6.433184e-05	0.000000e+00	1.000000e+00	1.000000e-01	1.000000e+00	1.200000e+01
115	1.375014e-01	0.000000e+00	1.375015e-01	0.000000e+00	-2.852945e-05	0.000000e+00	-2.816671e-05	0.000000e+00	1.000000e+00	1.000000e-01	1.000000e+00	1.200000e+01
116	1.374900e-01	0.000000e+00	1.374901e-01	9.680659e-01	-1.132849e-05	0.000000e+00	-1.139427e-05	9.680659e-01	1.000000e+00	1.000000e-01	1.000000e+00	1.200000e+01
117	1.369100e-01	0.000000e+00	1.369122e-01	0.000000e+00	-5.800638e-04	0.000000e+00	-5.778425e-04	-9.680659e-01	1.000000e+00	1.000000e-01	1.000000e+00	1.200000e+01
118	1.375633e-01	0.000000e+00	1.375608e-01	0.000000e+00	6.533546e-04	0.000000e+00	6.485452e-04	0.000000e+00	1.000000e+00	1.000000e-01	1.000000e+00	1.200000e+01
119	1.377252e-01	0.000000e+00	1.377246e-01	0.000000e+00	1.618743e-04	0.000000e+00	1.637753e-04	0.000000e+00	1.000000e+00	1.000000e-01	1.000000e+00	1.200000e+01
120	1.375795e-01	0.000000e+00	1.375801e-01	0.000000e+00	-1.456524e-04	0.000000e+00	-1.444437e-04	0.000000e+00	1.000000e+00	1.000000e-01	1.000000e+00	1.200000e+01
121	1.375239e-01	0.000000e+00	1.375241e-01	0.000000e+00	-5.565502e-05	0.000000e+00	-5.600185e-05	0.000000e+00	1.000000e+00	1.000000e-01	1.000000e+00	1.200000e+01
122	1.375682e-01	0.000000e+00	1.375681e-01	0.000000e+00	4.434096e-05	0.000000e+00	4.394900e-05	0.000000e+00	1.000000e+00	1.000000e-01	1.000000e+00	1.200000e+01
123	1.375696e-01	0.000000e+00	1.375696e-01	0.000000e+00	1.356474e-06	0.000000e+00	1.522852e-06	0.000000e+00	1.000000e+00	1.000000e-01	1.000000e+00	1.200000e+01
124	1.375582e-01	0.000000e+00	1.375582e-01	0.000000e+00	-1.139202e-05	0.000000e+00	-1.134157e-05	0.000000e+00	1.000000e+00	1.000000e-01	1.000000e+00	1.200000e+01
125	1.376467e-01	0.000000e+00	1.376464e-01	0.000000e+00	8.851843e-05	0.000000e+00	8.812835e-05	0.000000e+00	1.000000e+00	1.000000e-01	1.000000e+00	1.200000e+01
126	1.376602e-01	0.000000e+00	1.376601e-01	0.000000e+00	1.347034e-05	0.000000e+00	1.376197e-05	0.000000e+00	1.000000e+00	1.000000e-01	1.000000e+00	1.200000e+01
127	1.376358e-01	0.000000e+00	1.376359e-01	0.000000e+00	-2.435811e-05	0.000000e+00	-2.420920e-05	0.000000e+00	1.000000e+00	1.000000e-01	1.000000e+00	1.200000e+01
128	1.385222e-01	0.000000e+00	1.385188e-01	0.000000e+00	8.864170e-04	0.000000e+00	8.828598e-04	0.000000e+00	1.000000e+00	1.000000e-01	1.000000e+00	1.200000e+01
129	1.386139e-01	0.000000e+00	1.386135e-01	8.769794e-01	9.164042e-05	0.000000e+00	9.473112e-05	8.769794e-01	1.000000e+00	1.000000e-01	1.000000e+00	1.200000e+01
130	1.361538e-01	0.000000e+00	1.361635e-01	0.000000e+00	-2.460040e-03	0.000000e+00	-2.450060e-03	-8.769794e-01	1.000000e+00	1.000000e-01	1.000000e+00	1.200000e+01
131	1.376794e-01	0.000000e+00	1.376735e-01	0.000000e+00	1.525543e-03	0.000000e+00	1.510013e-03	0.000000e+00	1.000000e+00	1.000000e-01	1.000000e+00	1.200000e+01
132	1.381926e-01	0.000000e+00	1.381905e-01	0.000000e+00	5.131838e-04	0.000000e+00	5.170776e-04	0.000000e+00	1.000000e+00	1.000000e-01	1.000000e+00	1.200000e+01
133	1.377515e-01	0.000000e+00	1.377532e-01	0.000000e+00	-4.410887e-04	0.000000e+00	-4.373459e-04	0.000000e+00	1.000000e+00	1.000000e-01	1.000000e+00	1.200000e+01
134	1.377544e-01	0.000000e+00	1.377544e-01	1.262774e+00	2.960867e-06	0.000000e+00	1.240919e-06	1.262774e+00	1.000000e+00	1.000000e-01	1.000002e+00	1.200000e+01
135	1.366902e-01	0.000000e+00	1.366944e-01	0.000000e+00	-1.064207e-03	0.000000e+00	-1.060046e-03	-1.262774e+00	1.000000e+00	1.000000e-01	1.000000e+00	1.200000e+01
136	1.377897e-01	0.000000e+00	1.377854e-01	0.000000e+00	1.099425e-03	0.000000e+00	1.090989e-03	0.000000e+00	1.000000e+00	1.000000e-01	1.000000e+00	1.200000e+01
137	1.378434e-01	0.000000e+00	1.378432e-01	0.000000e+00	5.375398e-05	0.000000e+00	5.780568e-05	0.000000e+00	1.000000e+00	1.000000e-01	1.000000e+00	1.200000e+01
138	1.375629e-01	0.000000e+00	1.375640e-01	0.000000e+00	-2.805105e-04	0.000000e+00	-2.791890e-04	0.000000e+00	1.000000e+00	1.000000e-01	1.000000e+00	1.200000e+01
139	1.376111e-01	0.000000e+00	1.376110e-01	0.000000e+00	4.824605e-05	0.000000e+00	4.696701e-05	0.000000e+00	1.000000e+00	1.000000e-01	1.000000e+00	1.200000e+01
140	1.376643e-01	0.000000e+00	1.376640e-01	7.656753e-01	5.310687e-05	0.000000e+00	5.308288e-05	7.656753e-01	1.000000e+00	1.000000e-01	1.000000e+00	1.200000e+01
141	1.368958e-01	0.000000e+00	1.368988e-01	0.000000e+00	-7.684886e-04	0.000000e+00	-7.652793e-04	-7.656753e-01	1.000000e+00	1.000000e-01	1.000000e+00	1.200000e+01
142	1.377539e-01	0.000000e+00	1.377505e-01	0.000000e+00	8.581067e-04	0.000000e+00	8.517654e-04	0.000000e+00	1.000000e+00	1.000000e-01	1.000000e+00	1.200000e+01
143	1.376836e-01	0.000000e+00	1.376838e-01	0.000000e+00	-7.029608e-05	0.000000e+00	-6.669428e-05	0.000000e+00	1.000000e+00	1.000000e-01	1.000000e+00	1.200000e+01
144	1.374920e-01	0.000000e+00	1.374928e-01	0.000000e+00	-1.915667e-04	0.000000e+00	-1.910790e-04	0.000000e+00	1.000000e+00	1.000000e-01	1.000000e+00	1.200000e+01
145	1.375513e-01	0.000000e+00	1.375511e-01	0.000000e+00	5.932129e-05	0.000000e+00	5.834317e-05	0.000000e+00	1.000000e+00	1.000000e-01	1.000000e+00	1.200000e+01
146	1.375894e-01	0.000000e+00	1.375892e-01	0.000000e+00	3.803071e-05	0.000000e+00	3.811006e-05	0.000000e+00	1.000000e+00	1.000000e-01	1.000000e+00	1.200000e+01
147	1.375708e-01	0.000000e+00	1.375709e-01	0.000000e+00	-1.854739e-05	0.000000e+00	-1.832608e-05	0.000000e+00	1.000000e+00	1.000000e-01	1.000000e+00	1.200000e+01
148	1.376604e-01	0.000000e+00	1.376600e-01	2.955858e-02	8.957819e-05	0.000000e+00	8.915669e-05	2.955858e-02	1.000000e+00	1.000000e-01	1.000000e+00	1.200000e+01
149	1.364021e-01	0.000000e+00	1.364071e-01	0.000000e+00	-1.258254e-03	0.000000e+00	-1.252991e-03	-2.955858e-02	1.000000e+00	1.000000e-01	1.000000e+00	1.200000e+01
150	1.374648e-01	0.000000e+00	1.374606e-01	3.089152e-02	1.062621e-03	0.000000e+00	1.053575e-03	3.089152e-02	1.000000e+00	1.000000e-01	1.000000e+00	1.200000e+01
151	1.366432e-01	0.000000e+00	1.366464e-01	0.000000e+00	-8.215337e-04	0.000000e+00	-8.142090e-04	-3.089152e-02	1.000000e+00	1.000000e-01	1.000000e+00	1.200000e+01
152	1.375120e-01	0.000000e+00	1.375086e-01	9.256577e-01	8.687847e-04	0.000000e+00	8.622105e-04	9.256577e-01	1.000000e+00	1.000000e-01	1.000000e+00	1.200000e+01
153	1.371198e-01	0.000000e+00	1.371213e-01	0.000000e+00	-3.922585e-04	0.000000e+00	-3.873582e-04	-9.256577e-01	1.000000e+00	1.000000e-01	1.000000e+00	1.200000e+01
154	1.375222e-01	0.000000e+00	1.375206e-01	0.000000e+00	4.024237e-04	0.000000e+00	3.993386e-04	0.000000e+00	1.000000e+00	1.000000e-01	1.000000e+00	1.200000e+01
155	1.375289e-01	0.000000e+00	1.375289e-01	5.096471e-01	6.708034e-06	0.000000e+00	8.241747e-06	5.096471e-01	1.000000e+00	1.000000e-01	1.000002e+00	1.200000e+01
156	1.370915e-01	0.000000e+00	1.370932e-01	0.000000e+00	-4.373686e-04	0.000000e+00	-4.356280e-04	-5.096471e-01	1.000000e+00	1.000000e-01	1.000000e+00	1.200000e+01
157	1.374272e-01	0.000000e+00	1.374259e-01	0.000000e+00	3.357114e-04	0.000000e+00	3.326983e-04	0.000000e+00	1.000000e+00	1.000000e-01	1.000000e+00	1.200000e+01
158	1.375003e-01	0.000000e+00	1.375000e-01	0.000000e+00	7.310636e-05	0.000000e+00	7.412039e-05	0.000000e+00	1.000000e+00	1.000000e-01	1.000000e+00	1.200000e+01
159	1.373622e-01	0.000000e+00	1.373627e-01	0.000000e+00	-1.381619e-04	0.000000e+00	-1.373327e-04	0.000000e+00	1.000000e+00	1.000000e-01	1.000000e+00	1.200000e+01
160	1.373302e-01	0.000000e+00	1.373304e-01	0.000000e+00	-3.193166e-05	0.000000e+00	-3.234339e-05	0.000000e+00	1.000000e+00	1.000000e-01	1.000000e+00	1.200000e+01
161	1.373652e-01	0.000000e+00	1.373651e-01	0.000000e+00	3.497204e-05	0.000000e+00	3.470909e-05	0.000000e+00	1.000000e+00	1.000000e-01	1.000000e+00	1.200000e+01
162	1.373705e-01	0.000000e+00	1.373705e-01	0.000000e+00	5.286229e-06	0.000000e+00	5.401162e-06	0.000000e+00	1.000000e+00	1.000000e-01	1.000000e+00	1.200000e+01
163	1.373600e-01	0.000000e+00	1.373601e-01	0.000000e+00	-1.045791e-05	0.000000e+00	-1.039596e-05	0.000000e+00	1.000000e+00	1.000000e-01	1.000000e+00	1.200000e+01
164	1.373609e-01	0.000000e+00	1.373609e-01	4.868232e-02	9.042592e-07	0.000000e+00	8.601178e-07	4.868232e-02	1.000000e+00	1.000000e-01	1.000000e+00	1.200000e+01
165	1.367698e-01	0.000000e+00	1.367721e-01	0.000000e+00	-5.911189e-04	0.000000e+00	-5.888065e-04	-4.868232e-02	1.000000e+00	1.000000e-01	1.000000e+00	1.200000e+01
166	1.373994e-01	0.000000e+00	1.373969e-01	0.000000e+00	6.295271e-04	0.000000e+00	6.247680e-04	0.000000e+00	1.000000e+00	1.000000e-01	1.000000e+00	1.200000e+01
167	1.375117e-01	0.000000e+00	1.375112e-01	0.000000e+00	1.123210e-04	0.000000e+00	1.143228e-04	0.000000e+00	1.000000e+00	1.000000e-01	1.000000e+00	1.200000e+01
168	1.373670e-01	0.000000e+00	1.373675e-01	0.000000e+00	-1.447121e-04	0.000000e+00	-1.437003e-04	0.000000e+00	1.000000e+00	1.000000e-01	1.000000e+00	1.200000e+01
169	1.375112e-01	0.000000e+00	1.375107e-01	6.083591e-01	1.442642e-04	0.000000e+00	1.431394e-04	6.083591e-01	1.000000e+00	1.000000e-01	1.000000e+00	1.200000e+01
170	1.365258e-01	0.000000e+00	1.365296e-01	0.000000e+00	-9.854290e-04	0.000000e+00	-9.810205e-04	-6.083591e-01	1.000000e+00	1.000000e-01	1.000000e+00	1.200000e+01
171	1.373020e-01	0.000000e+00	1.372990e-01	0.000000e+00	7.762136e-04	0.000000e+00	7.693494e-04	0.000000e+00	1.000000e+00	1.000000e-01	1.000000e+00	1.200000e+01
172	1.374810e-01	0.000000e+00	1.374803e-01	1.382455e+00	1.789573e-04	0.000000e+00	1.812635e-04	1.382455e+00	1.000000e+00	1.000000e-01	1.000000e+00	1.200000e+01
173	1.366224e-01	0.000000e+00	1.366257e-01	0.000000e+00	-8.585759e-04	0.000000e+00	-8.545141e-04	-1.382455e+00	1.000000e+00	1.000000e-01	1.000000e+00	1.200000e+01
174	1.373868e-01	0.000000e+00	1.373838e-01	0.000000e+00	7.644124e-04	0.000000e+00	7.580885e-04	0.000000e+00	1.000000e+00	1.000000e-01	1.000000e+00	1.200000e+01
175	1.373907e-01	0.000000e+00	1.373907e-01	0.000000e+00	3.889579e-06	0.000000e+00	6.835668e-06	0.000000e+00	1.000000e+00	1.000000e-01	1.000000e+00	1.200000e+01
176	1.371993e-01	0.000000e+00	1.372000e-01	2.212981e-01	-1.914203e-04	0.000000e+00	-1.906458e-04	2.212981e-01	1.000000e+00	1.000000e-01	1.000000e+00	1.200000e+01
177	1.367392e-01	0.000000e+00	1.367410e-01	0.000000e+00	-4.601223e-04	0.000000e+00	-4.590696e-04	-2.212981e-01	1.000000e+00	1.000000e-01	1.000000e+00	1.200000e+01
178	1.372601e-01	0.000000e+00	1.372581e-01	0.000000e+00	5.209919e-04	0.000000e+00	5.171636e-04	0.000000e+00	1.000000e+00	1.000000e-01	1.000000e+00	1.200000e+01
179	1.373288e-01	0.000000e+00	1.373285e-01	1.803128e+00	6.863044e-05	0.000000e+00	7.038252e-05	1.803128e+00	1.000000e+00	1.000000e-01	1.000000e+00	1.200000e+01
180	1.373598e-01	0.000000e+00	1.373596e-01	2.517860e-01	3.099530e-05	0.000000e+00	3.114916e-05	-1.551342e+00	1.000000e+00	1.000000e-01	1.000000e+00	1.200000e+01
181	1.373984e-01	0.000000e+00	1.373982e-01	3.020735e-01	3.862347e-05	0.000000e+00	3.859428e-05	5.028746e-02	1.000000e+00	1.000000e-01	1.000000e+00	1.200000e+01
182	1.374017e-01	0.000000e+00	1.374017e-01	0.000000e+00	3.337027e-06	0.000000e+00	3.474751e-06	-3.020735e-01	1.000000e+00	1.000000e-01	9.999995e-01	1.200000e+01
183	1.375911e-01	0.000000e+00	1.375904e-01	1.018045e+00	1.893874e-04	0.000000e+00	1.886611e-04	1.018045e+00	1.000000e+00	1.000000e-01	1.000000e+00	1.200000e+01
184	1.375239e-01	0.000000e+00	1.375241e-01	0.000000e+00	-6.723658e-05	0.000000e+00	-6.623698e-05	-1.018045e+00	1.000000e+00	1.000000e-01	1.000000e+00	1.200000e+01
185	1.375633e-01	0.000000e+00	1.375631e-01	0.000000e+00	3.941070e-05	0.000000e+00	3.899801e-05	0.000000e+00	1.000000e+00	1.000000e-01	1.000000e+00	1.200000e+01
186	1.375763e-01	0.000000e+00	1.375763e-01	0.000000e+00	1.305943e-05	0.000000e+00	1.316075e-05	0.000000e+00	1.000000e+00	1.000000e-01	1.000000e+00	1.200000e+01
187	1.375609e-01	0.000000e+00	1.375609e-01	0.000000e+00	-1.549161e-05	0.000000e+00	-1.537968e-05	0.000000e+00	1.000000e+00	1.000000e-01	1.000000e+00	1.200000e+01
188	1.375669e-01	0.000000e+00	1.375669e-01	0.000000e+00	6.065801e-06	0.000000e+00	5.982029e-06	0.000000e+00	1.000000e+00	1.000000e-01	1.000000e+00	1.200000e+01
189	1.375601e-01	0.000000e+00	1.375601e-01	0.000000e+00	-6.820793e-06	0.000000e+00	-6.770782e-06	0.000000e+00	1.000000e+00	1.000000e-01	1.000000e+00	1.200000e+01
190	1.375258e-01	0.000000e+00	1.375260e-01	0.000000e+00	-3.428283e-05	0.000000e+00	-3.417536e-05	0.000000e+00	1.000000e+00	1.000000e-01	1.000000e+00	1.200000e+01
191	1.375264e-01	0.000000e+00	1.375264e-01	2.983358e-01	6.030314e-07	0.000000e+00	4.671783e-07	2.983358e-01	1.000000e+00	1.000000e-01	1.000000e+00	1.200000e+01
192	1.372653e-01	0.000000e+00	1.372664e-01	0.000000e+00	-2.610866e-04	0.000000e+00	-2.600649e-04	-2.983358e-01	1.000000e+00	1.000000e-01	1.000000e+00	1.200000e+01
193	1.375330e-01	0.000000e+00	1.375319e-01	0.000000e+00	2.676217e-04	0.000000e+00	2.655605e-04	0.000000e+00	1.000000e+00	1.000000e-01	1.000000e+00	1.200000e+01
194	1.375748e-01	0.000000e+00	1.375746e-01	0.000000e+00	4.184696e-05	0.000000e+00	4.272084e-05	0.000000e+00	1.000000e+00	1.000000e-01	1.000000e+00	1.200000e+01
195	1.375087e-01	0.000000e+00	1.375090e-01	6.790661e-01	-6.611211e-05	0.000000e+00	-6.568698e-05	6.790661e-01	1.000000e+00	1.000000e-01	1.000000e+00	1.200000e+01
196	1.373912e-01	0.000000e+00	1.373917e-01	0.000000e+00	-1.174852e-04	0.000000e+00	-1.172828e-04	-6.790661e-01	1.000000e+00	1.000000e-01	1.000000e+00	1.200000e+01
197	1.374752e-01	0.000000e+00	1.374749e-01	0.000000e+00	8.403729e-05	0.000000e+00	8.325089e-05	0.000000e+00	1.000000e+00	1.000000e-01	1.000000e+00	1.200000e+01
198	1.374952e-01	0.000000e+00	1.374952e-01	0.000000e+00	1.998866e-05	0.000000e+00	2.023578e-05	0.000000e+00	1.000000e+00	1.000000e-01	1.000000e+00	1.200000e+01
199	1.374764e-01	0.000000e+00	1.374765e-01	0.000000e+00	-1.880725e-05	0.000000e+00	-1.865474e-05	0.000000e+00	1.000000e+00	1.000000e-01	1.000000e+00	1.200000e+01
200	1.374684e-01	0.000000e+00	1.374685e-01	1.397541e-01	-7.978784e-06	0.000000e+00	-8.020487e-06	1.397541e-01	1.000000e+00	1.000000e-01	9.999995e-01	1.200000e+01
201	1.373820e-01	0.000000e+00	1.373823e-01	3.900325e-02	-8.648945e-05	0.000000e+00	-8.618293e-05	-1.007508e-01	1.000000e+00	1.000000e-01	1.000000e+00	1.200000e+01
202	1.374289e-01	0.000000e+00	1.374287e-01	0.000000e+00	4.691003e-05	0.000000e+00	4.639014e-05	-3.900325e-02	1.000000e+00	1.000000e-01	1.000000e+00	1.200000e+01
203	1.375943e-01	0.000000e+00	1.375937e-01	0.000000e+00	1.654356e-04	0.000000e+00	1.649706e-04	0.000000e+00	1.000000e+00	1.000000e-01	1.000000e+00	1.200000e+01
204	1.375997e-01	0.000000e+00	1.375997e-01	0.000000e+00	5.416897e-06	0.000000e+00	6.040154e-06	0.000000e+00	1.000000e+00	1.000000e-01	1.000000e+00	1.200000e+01
205	1.375592e-01	0.000000e+00	1.375594e-01	0.000000e+00	-4.051906e-05	0.000000e+00	-4.033719e-05	0.000000e+00	1.000000e+00	1.000000e-01	1.000000e+00	1.200000e+01
206	1.375578e-01	0.000000e+00	1.375578e-01	0.000000e+00	-1.449542e-06	0.000000e+00	-1.601447e-06	0.000000e+00	1.000000e+00	1.000000e-01	1.000000e+00	1.200000e+01
207	1.375319e-01	0.000000e+00	1.375320e-01	0.000000e+00	-2.586970e-05	0.000000e+00	-2.577490e-05	0.000000e+00	1.000000e+00	1.000000e-01	1.000000e+00	1.200000e+01
208	1.375330e-01	0.000000e+00	1.375330e-01	0.000000e+00	1.146414e-06	0.000000e+00	1.041253e-06	0.000000e+00	1.000000e+00	1.000000e-01	1.000000e+00	1.200000e+01
209	1.375394e-01	0.000000e+00	1.375394e-01	3.174356e-01	6.408917e-06	0.000000e+00	6.387949e-06	3.174356e-01	1.000000e+00	1.000000e-01	1.000001e+00	1.200000e+01
210	1.372682e-01	0.000000e+00	1.372692e-01	0.000000e+00	-2.712621e-04	0.000000e+00	-2.701775e-04	-3.174356e-01	1.000000e+00	1.000000e-01	1.000000e+00	1.200000e+01
211	1.374954e-01	0.000000e+00	1.374945e-01	0.000000e+00	2.272366e-04	0.000000e+00	2.252936e-04	0.000000e+00	1.000000e+00	1.000000e-01	1.000000e+00	1.200000e+01
212	1.375744e-01	0.000000e+00	1.375741e-01	0.000000e+00	7.895533e-05	0.000000e+00	7.952696e-05	0.000000e+00	1.000000e+00	1.000000e-01	1.000000e+00	1.200000e+01
213	1.374916e-01	0.000000e+00	1.374919e-01	5.657342e-01	-8.280318e-05	0.000000e+00	-8.216908e-05	5.657342e-01	1.000000e+00	1.000000e-01	1.000000e+00	1.200000e+01
214	1.372590e-01	0.000000e+00	1.372599e-01	0.000000e+00	-2.325322e-04	0.000000e+00	-2.319449e-04	-5.657342e-01	1.000000e+00	1.000000e-01	1.000000e+00	1.200000e+01
215	1.375063e-01	0.000000e+00	1.375053e-01	0.000000e+00	2.472495e-04	0.000000e+00	2.453777e-04	0.000000e+00	1.000000e+00	1.000000e-01	1.000000e+00	1.200000e+01
216	1.375628e-01	0.000000e+00	1.375625e-01	0.000000e+00	5.647634e-05	0.000000e+00	5.721423e-05	0.000000e+00	1.000000e+00	1.000000e-01	1.000000e+00	1.200000e+01
217	1.374863e-01	0.000000e+00	1.374866e-01	0.000000e+00	-7.649197e-05	0.000000e+00	-7.596968e-05	0.000000e+00	1.000000e+00	1.000000e-01	1.000000e+00	1.200000e+01
218	1.374910e-01	0.000000e+00	1.374910e-01	0.000000e+00	4.762617e-06	0.000000e+00	4.447257e-06	0.000000e+00	1.000000e+00	1.000000e-01	1.000000e+00	1.200000e+01
219	1.374406e-01	0.000000e+00	1.374408e-01	0.000000e+00	-5.040728e-05	0.000000e+00	-5.019300e-05	0.000000e+00	1.000000e+00	1.000000e-01	1.000000e+00	1.200000e+01
220	1.374359e-01	0.000000e+00	1.374359e-01	1.394014e+00	-4.724911e-06	0.000000e+00	-4.902521e-06	1.394014e+00	1.000000e+00	1.000000e-01	9.999969e-01	1.200000e+01
221	1.374651e-01	0.000000e+00	1.374650e-01	0.000000e+00	2.921601e-05	0.000000e+00	2.908274e-05	-1.394014e+00	1.000000e+00	1.000000e-01	1.000000e+00	1.200000e+01
222	1.375551e-01	0.000000e+00	1.375548e-01	5.240300e-01	9.003610e-05	0.000000e+00	8.979800e-05	5.240300e-01	1.000000e+00	1.000000e-01	1.000000e+00	1.200000e+01
223	1.374224e-01	0.000000e+00	1.374229e-01	0.000000e+00	-1.327327e-04	0.000000e+00	-1.318635e-04	-5.240300e-01	1.000000e+00	1.000000e-01	1.000000e+00	1.200000e+01
224	1.375861e-01	0.000000e+00	1.375854e-01	0.000000e+00	1.636651e-04	0.000000e+00	1.625107e-04	0.000000e+00	1.000000e+00	1.000000e-01	1.000000e+00	1.200000e+01
225	1.375659e-01	0.000000e+00	1.375660e-01	0.000000e+00	-2.020071e-05	0.000000e+00	-1.948699e-05	0.000000e+00	1.000000e+00	1.000000e-01	1.000000e+00	1.200000e+01
226	1.375537e-01	0.000000e+00	1.375538e-01	0.000000e+00	-1.216676e-05	0.000000e+00	-1.219535e-05	0.000000e+00	1.000000e+00	1.000000e-01	1.000000e+00	1.200000e+01
227	1.374950e-01	0.000000e+00	1.374952e-01	0.000000e+00	-5.876040e-05	0.000000e+00	-5.857851e-05	0.000000e+00	1.000000e+00	1.000000e-01	1.000000e+00	1.200000e+01
228	1.374959e-01	0.000000e+00	1.374959e-01	3.477994e-01	9.765933e-07	0.000000e+00	7.439562e-07	3.477994e-01	1.000000e+00	1.000000e-01	1.000000e+00	1.200000e+01
229	1.370813e-01	0.000000e+00	1.370829e-01	0.000000e+00	-4.146676e-04	0.000000e+00	-4.130449e-04	-3.477994e-01	1.000000e+00	1.000000e-01	1.000000e+00	1.200000e+01
230	1.374528e-01	0.000000e+00	1.374513e-01	0.000000e+00	3.715109e-04	0.000000e+00	3.684463e-04	0.000000e+00	1.000000e+00	1.000000e-01	1.000000e+00	1.200000e+01
231	1.376100e-01	0.000000e+00	1.376094e-01	8.165400e-01	1.572333e-04	0.000000e+00	1.580583e-04	8.165400e-01	1.000000e+00	1.000000e-01	1.000000e+00	1.200000e+01
232	1.373325e-01	0.000000e+00	1.373336e-01	0.000000e+00	-2.774896e-04	0.000000e+00	-2.757882e-04	-8.165400e-01	1.000000e+00	1.000000e-01	1.000000e+00	1.200000e+01
233	1.376139e-01	0.000000e+00	1.376128e-01	0.000000e+00	2.813642e-04	0.000000e+00	2.791879e-04	0.000000e+00	1.000000e+00	1.000000e-01	1.000000e+00	1.200000e+01
234	1.376264e-01	0.000000e+00	1.376263e-01	0.000000e+00	1.250740e-05	0.000000e+00	1.354912e-05	0.000000e+00	1.000000e+00	1.000000e-01	1.000000e+00	1.200000e+01
235	1.375555e-01	0.000000e+00	1.375558e-01	0.000000e+00	-7.089483e-05	0.000000e+00	-7.056497e-05	0.000000e+00	1.000000e+00	1.000000e-01	1.000000e+00	1.200000e+01
236	1.375520e-01	0.000000e+00	1.375521e-01	0.000000e+00	-3.456593e-06	0.000000e+00	-3.718735e-06	0.000000e+00	1.000000e+00	1.000000e-01	1.000000e+00	1.200000e+01
237	1.375694e-01	0.000000e+00	1.375693e-01	0.000000e+00	1.737397e-05	0.000000e+00	1.729158e-05	0.000000e+00	1.000000e+00	1.000000e-01	1.000000e+00	1.200000e+01
238	1.375705e-01	0.000000e+00	1.375705e-01	0.000000e+00	1.053388e-06	0.000000e+00	1.116818e-06	0.000000e+00	1.000000e+00	1.000000e-01	1.000000e+00	1.200000e+01
239	1.375725e-01	0.000000e+00	1.375724e-01	0.000000e+00	1.990494e-06	0.000000e+00	1.987081e-06	0.000000e+00	1.000000e+00	1.000000e-01	1.000000e+00	1.200000e+01
240	1.375663e-01	0.000000e+00	1.375663e-01	0.000000e+00	-6.142211e-06	0.000000e+00	-6.110455e-06	0.000000e+00	1.000000e+00	1.000000e-01	1.000000e+00	1.200000e+01
241	1.375663e-01	0.000000e+00	1.375663e-01	0.000000e+00	-2.661366e-08	0.000000e+00	-5.037867e-08	0.000000e+00	1.000000e+00	1.000000e-01	1.000000e+00	1.200000e+01
242	1.375361e-01	0.000000e+00	1.375362e-01	0.000000e+00	-3.022366e-05	0.000000e+00	-3.010580e-05	0.000000e+00	1.000000e+00	1.000000e-01	1.000000e+00	1.200000e+01
243	1.375318e-01	0.000000e+00	1.375318e-01	0.000000e+00	-4.294460e-06	0.000000e+00	-4.395286e-06	0.000000e+00	1.000000e+00	1.000000e-01	1.000000e+00	1.200000e+01
244	1.375389e-01	0.000000e+00	1.375389e-01	8.763171e-01	7.120815e-06	0.000000e+00	7.075830e-06	8.763171e-01	1.000000e+00	1.000000e-01	1.000003e+00	1.200000e+01
245	1.374206e-01	0.000000e+00	1.374210e-01	0.000000e+00	-1.183360e-04	0.000000e+00	-1.178461e-04	-8.763171e-01	1.000000e+00	1.000000e-01	1.000000e+00	1.200000e+01
246	1.374812e-01	0.000000e+00	1.374810e-01	1.509954e-02	6.066872e-05	0.000000e+00	5.997140e-05	1.509954e-02	1.000000e+00	1.000000e-01	1.000000e+00	1.200000e+01
247	1.373944e-01	0.000000e+00	1.373948e-01	0.000000e+00	-8.680337e-05	0.000000e+00	-8.623003e-05	-1.509954e-02	1.000000e+00	1.000000e-01	1.000000e+00	1.200000e+01
248	1.374741e-01	0.000000e+00	1.374738e-01	0.000000e+00	7.967735e-05	0.000000e+00	7.902928e-05	0.000000e+00	1.000000e+00	1.000000e-01	1.000000e+00	1.200000e+01
249	1.375868e-01	0.000000e+00	1.375864e-01	0.000000e+00	1.127293e-04	0.000000e+00	1.125977e-04	0.000000e+00	1.000000e+00	1.000000e-01	1.000000e+00	1.200000e+01
250	1.374988e-01	0.000000e+00	1.374991e-01	0.000000e+00	-8.806274e-05	0.000000e+00	-8.727891e-05	0.000000e+00	1.000000e+00	1.000000e-01	1.000000e+00	1.200000e+01
251	1.374833e-01	0.000000e+00	1.374834e-01	0.000000e+00	-1.546820e-05	0.000000e+00	-1.574871e-05	0.000000e+00	1.000000e+00	1.000000e-01	1.000000e+00	1.200000e+01
252	1.375071e-01	0.000000e+00	1.375070e-01	0.000000e+00	2.384718e-05	0.000000e+00	2.369251e-05	0.000000e+00	1.000000e+00	1.000000e-01	1.000000e+00	1.200000e+01
253	1.375096e-01	0.000000e+00	1.375096e-01	0.000000e+00	2.458191e-06	0.000000e+00	2.541137e-06	0.000000e+00	1.000000e+00	1.000000e-01	1.000000e+00	1.200000e+01
254	1.375033e-01	0.000000e+00	1.375033e-01	0.000000e+00	-6.308760e-06	0.000000e+00	-6.274191e-06	0.000000e+00	1.000000e+00	1.000000e-01	1.000000e+00	1.200000e+01
255	1.375043e-01	0.000000e+00	1.375043e-01	0.000000e+00	9.972206e-07	0.000000e+00	9.688166e-07	0.000000e+00	1.000000e+00	1.000000e-01	1.000000e+00	1.200000e+01
256	1.375057e-01	0.000000e+00	1.375056e-01	0.000000e+00	1.366225e-06	0.000000e+00	1.364672e-06	0.000000e+00	1.000000e+00	1.000000e-01	1.000000e+00	1.200000e+01
257	1.375050e-01	9.976470e-04	1.375050e-01	3.374301e-01	-6.371250e-07	9.976470e-04	-6.293054e-07	3.374301e-01	1.000000e+00	1.000000e-01	9.999999e-01	1.200015e+01
258	1.372654e-01	0.000000e+00	1.372663e-01	2.724661e-01	-2.396283e-04	-9.976470e-04	-2.386947e-04	-6.496399e-02	1.000000e+00	9.999995e-02	1.000006e+00	1.200018e+01
259	1.373414e-01	0.000000e+00	1.373411e-01	4.644966e-02	7.603828e-05	0.000000e+00	7.480885e-05	-2.260165e-01	1.000000e+00	9.999995e-02	1.000000e+00	1.200000e+01
260	1.374009e-01	0.000000e+00	1.374006e-01	0.000000e+00	5.943260e-05	0.000000e+00	5.949266e-05	-4.644966e-02	1.000000e+00	9.999995e-02	1.000000e+00	1.200000e+01
261	1.377336e-01	0.000000e+00	1.377323e-01	0.000000e+00	3.327585e-04	0.000000e+00	3.316911e-04	0.000000e+00	1.000000e+00	9.999995e-02	1.000000e+00	1.200000e+01
262	1.376755e-01	0.000000e+00	1.376757e-01	0.000000e+00	-5.816053e-05	0.000000e+00	-5.663767e-05	0.000000e+00	1.000000e+00	9.999995e-02	1.000000e+00	1.200000e+01
263	1.375939e-01	0.000000e+00	1.375942e-01	9.802088e-01	-8.153105e-05	0.000000e+00	-8.143381e-05	9.802088e-01	1.000000e+00	9.999995e-02	1.000000e+00	1.200000e+01
264	1.374165e-01	0.000000e+00	1.374172e-01	0.000000e+00	-1.774493e-04	0.000000e+00	-1.770742e-04	-9.802088e-01	1.000000e+00	9.999995e-02	1.000000e+00	1.200000e+01
265	1.376524e-01	0.000000e+00	1.376515e-01	0.000000e+00	2.358931e-04	0.000000e+00	2.342799e-04	0.000000e+00	1.000000e+00	9.999995e-02	1.000000e+00	1.200000e+01
266	1.376824e-01	0.000000e+00	1.376822e-01	0.000000e+00	2.999067e-05	0.000000e+00	3.078867e-05	0.000000e+00	1.000000e+00	9.999995e-02	1.000000e+00	1.200000e+01
267	1.376229e-01	0.000000e+00	1.376231e-01	0.000000e+00	-5.946441e-05	0.000000e+00	-5.911186e-05	0.000000e+00	1.000000e+00	9.999995e-02	1.000000e+00	1.200000e+01
268	1.376178e-01	0.000000e+00	1.376178e-01	0.000000e+00	-5.123761e-06	0.000000e+00	-5.334652e-06	0.000000e+00	1.000000e+00	1.000000e-01	1.000000e+00	1.200000e+01
269	1.376325e-01	0.000000e+00	1.376324e-01	0.000000e+00	1.468107e-05	0.000000e+00	1.460289e-05	0.000000e+00	1.000000e+00	1.000000e-01	1.000000e+00	1.200000e+01
270	1.376296e-01	0.000000e+00	1.376296e-01	2.538507e-01	-2.829656e-06	0.000000e+00	-2.761560e-06	2.538507e-01	1.000000e+00	1.000000e-01	9.999997e-01	1.200000e+01
271	1.372666e-01	0.000000e+00	1.372680e-01	3.123958e-01	-3.629982e-04	0.000000e+00	-3.615910e-04	5.854504e-02	1.000000e+00	1.000000e-01	1.000000e+00	1.200000e+01
272	1.373159e-01	0.000000e+00	1.373157e-01	0.000000e+00	4.924187e-05	0.000000e+00	4.763706e-05	-3.123958e-01	1.000000e+00	1.000000e-01	1.000000e+00	1.200000e+01
273	1.379545e-01	0.000000e+00	1.379520e-01	1.584635e+00	6.385838e-04	0.000000e+00	6.362754e-04	1.584635e+00	1.000000e+00	1.000000e-01	1.000000e+00	1.200000e+01
274	1.375145e-01	0.000000e+00	1.375162e-01	0.000000e+00	-4.399255e-04	0.000000e+00	-4.357216e-04	-1.584635e+00	1.000000e+00	1.000000e-01	1.000000e+00	1.200000e+01
275	1.373442e-01	0.000000e+00	1.373448e-01	0.000000e+00	-1.703755e-04	0.000000e+00	-1.714121e-04	0.000000e+00	1.000000e+00	1.000000e-01	1.000000e+00	1.200000e+01
276	1.374447e-01	0.000000e+00	1.374443e-01	0.000000e+00	1.005461e-04	0.000000e+00	9.948375e-05	0.000000e+00	1.000000e+00	1.000000e-01	1.000000e+00	1.200000e+01
277	1.374324e-01	4.512363e-03	1.374325e-01	0.000000e+00	-1.226635e-05	4.512363e-03	-1.182983e-05	0.000000e+00	1.000000e+00	9.999903e-02	1.000000e+00	1.199988e+01
278	1.374065e-01	1.668980e-02	1.374066e-01	1.065605e+00	-2.596181e-05	1.217744e-02	-2.590661e-05	1.065605e+00	1.000000e+00	9.999199e-02	9.999890e-01	1.200520e+01
279	1.374563e-01	0.000000e+00	1.374561e-01	0.000000e+00	4.984473e-05	-1.668980e-02	4.954883e-05	-1.065605e+00	1.000000e+00	9.997877e-02	9.999685e-01	1.201206e+01
280	1.374250e-01	0.000000e+00	1.374252e-01	0.000000e+00	-3.128040e-05	0.000000e+00	-3.096466e-05	0.000000e+00	1.000000e+00	9.997877e-02	1.000000e+00	1.200000e+01
281	1.374134e-01	0.000000e+00	1.374135e-01	9.559967e-01	-1.159867e-05	0.000000e+00	-1.167432e-05	9.559967e-01	1.000000e+00	9.997877e-02	1.000000e+00	1.200000e+01
282	1.372071e-01	0.000000e+00	1.372079e-01	0.000000e+00	-2.062915e-04	0.000000e+00	-2.055313e-04	-9.559967e-01	1.000000e+00	9.997877e-02	1.000000e+00	1.200000e+01
283	1.370880e-01	0.000000e+00	1.370884e-01	0.000000e+00	-1.191667e-04	0.000000e+00	-1.195041e-04	0.000000e+00	1.000000e+00	9.997877e-02	1.000000e+00	1.200000e+01
284	1.369669e-01	0.000000e+00	1.369674e-01	0.000000e+00	-1.210281e-04	0.000000e+00	-1.210221e-04	0.000000e+00	1.000000e+00	9.997877e-02	1.000000e+00	1.200000e+01
285	1.371000e-01	0.000000e+00	1.370994e-01	9.847009e-01	1.330089e-04	0.000000e+00	1.320166e-04	9.847009e-01	1.000000e+00	9.997877e-02	1.000000e+00	1.200000e+01
