#sequence delta(k-1),f(k-1),theta(k),v(k),delta_diff(k-1),f_diff(k-1),theta_diff(k),v_diff(k),phi(1,1;k),phi(1,2;k),phi(2,1;k),phi(2,2;k)
1	-7.661892e-01	0.000000e+00	-7.659868e-01	0.000000e+00	-7.661892e-01	0.000000e+00	-5.162821e-02	-8.764252e-03	7.989543e-01	1.000000e-01	1.000000e+00	1.200000e+01
2	-2.291047e+00	2.000000e-01	-2.285090e+00	2.885469e+00	-1.524858e+00	2.000000e-01	-1.519103e+00	2.885469e+00	9.054174e-01	8.603632e-02	3.328611e-01	1.208750e+01
3	-1.076256e+00	3.056602e-01	-1.080978e+00	4.772823e+00	1.214791e+00	1.056602e-01	1.204112e+00	1.887355e+00	9.369020e-01	8.877478e-02	4.009847e-01	1.209343e+01
4	-6.102584e-01	3.631716e-01	-6.120971e-01	3.406363e+00	4.659976e-01	5.751144e-02	4.688809e-01	-1.366460e+00	9.423211e-01	8.944359e-02	-4.736871e-02	1.203809e+01
5	-8.719923e-01	5.631716e-01	-8.709771e-01	6.032388e+00	-2.617339e-01	2.000000e-01	-2.588799e-01	2.626025e+00	9.458744e-01	8.672842e-02	-7.166240e-02	1.205666e+01
6	-9.520212e-01	7.420684e-01	-9.517046e-01	8.017013e+00	-8.002894e-02	1.788967e-01	-8.072758e-02	1.984625e+00	9.466407e-01	8.501543e-02	-6.502320e-02	1.204182e+01
7	-7.900885e-01	9.113077e-01	-7.907198e-01	9.534896e+00	1.619327e-01	1.692393e-01	1.609848e-01	1.517883e+00	9.461395e-01	8.449158e-02	-1.031693e-01	1.200195e+01
8	-7.291721e-01	1.100317e+00	-7.294125e-01	1.208550e+01	6.091642e-02	1.890095e-01	6.130731e-02	2.550606e+00	9.457905e-01	8.340884e-02	-9.498546e-02	1.202734e+01
9	-8.224438e-01	1.113612e+00	-8.220804e-01	1.193041e+01	-9.327165e-02	1.329504e-02	-9.266783e-02	-1.550933e-01	9.460358e-01	8.337387e-02	-8.070070e-02	1.202530e+01
10	-8.946689e-01	1.313612e+00	-8.943854e-01	1.484948e+01	-7.222514e-02	2.000000e-01	-7.230500e-02	2.919071e+00	9.467287e-01	8.145529e-02	-9.774939e-02	1.207251e+01
11	-9.271000e-01	1.284905e+00	-9.269722e-01	1.409987e+01	-3.243113e-02	-2.870692e-02	-3.258689e-02	-7.496128e-01	9.467217e-01	8.144909e-02	-9.149755e-02	1.207805e+01
12	-1.009158e+00	1.484905e+00	-1.008837e+00	1.622031e+01	-8.205769e-02	2.000000e-01	-8.186444e-02	2.120446e+00	9.475012e-01	7.954899e-02	-7.996955e-02	1.204995e+01
13	-1.172577e+00	1.599788e+00	-1.171937e+00	1.689319e+01	-1.634193e-01	1.148823e-01	-1.631007e-01	6.728821e-01	9.488254e-01	7.861808e-02	-2.482997e-02	1.201119e+01
14	-1.311508e+00	1.794078e+00	-1.310962e+00	1.818549e+01	-1.389306e-01	1.942902e-01	-1.390250e-01	1.292293e+00	9.502677e-01	7.660110e-02	4.220706e-02	1.191744e+01
15	-1.394289e+00	1.989948e+00	-1.393964e+00	1.930517e+01	-8.278140e-02	1.958700e-01	-8.300110e-02	1.119687e+00	9.510114e-01	7.484148e-02	8.877559e-02	1.180725e+01
16	-1.435751e+00	2.189948e+00	-1.435587e+00	2.221216e+01	-4.146155e-02	2.000000e-01	-4.162382e-02	2.906985e+00	9.513425e-01	7.324443e-02	7.818023e-02	1.185836e+01
17	-1.534039e+00	2.060036e+00	-1.533655e+00	2.048167e+01	-9.828880e-02	-1.299115e-01	-9.806746e-02	-1.730491e+00	9.511142e-01	7.294272e-02	8.657845e-02	1.186946e+01
18	-1.525375e+00	2.260036e+00	-1.525407e+00	2.232790e+01	8.664866e-03	2.000000e-01	8.247943e-03	1.846235e+00	9.510554e-01	7.158465e-02	8.444635e-02	1.182025e+01
19	-1.404937e+00	2.359427e+00	-1.405408e+00	2.393186e+01	1.204372e-01	9.939042e-02	1.199990e-01	1.603958e+00	9.509617e-01	7.150731e-02	1.081258e-01	1.183979e+01
20	-1.428923e+00	2.312544e+00	-1.428831e+00	2.382504e+01	-2.398604e-02	-4.688251e-02	-2.342360e-02	-1.068218e-01	9.509305e-01	7.144640e-02	1.029962e-01	1.182976e+01
21	-1.551431e+00	2.357164e+00	-1.550953e+00	2.413138e+01	-1.225082e-01	4.461950e-02	-1.221211e-01	3.063465e-01	9.514390e-01	7.126121e-02	1.150484e-01	1.182538e+01
22	-1.619690e+00	2.478616e+00	-1.619421e+00	2.477147e+01	-6.825838e-02	1.214526e-01	-6.846878e-02	6.400884e-01	9.518301e-01	7.056530e-02	1.403610e-01	1.178034e+01
23	-1.637609e+00	2.638027e+00	-1.637538e+00	2.702769e+01	-1.791891e-02	1.594112e-01	-1.811637e-02	2.256219e+00	9.519335e-01	6.964506e-02	1.371609e-01	1.180881e+01
24	-1.718171e+00	2.529986e+00	-1.717856e+00	2.662750e+01	-8.056201e-02	-1.080418e-01	-8.031809e-02	-4.001954e-01	9.517858e-01	6.944691e-02	1.035350e-01	1.176371e+01
25	-1.736568e+00	2.489935e+00	-1.736495e+00	2.638312e+01	-1.839765e-02	-4.005055e-02	-1.863952e-02	-2.443806e-01	9.517713e-01	6.941550e-02	1.015386e-01	1.175936e+01
26	-1.576397e+00	2.552948e+00	-1.577023e+00	2.542008e+01	1.601712e-01	6.301319e-02	1.594727e-01	-9.630411e-01	9.519702e-01	6.949373e-02	-2.743359e-02	1.170863e+01
27	-1.524814e+00	2.752948e+00	-1.525018e+00	2.772415e+01	5.158284e-02	2.000000e-01	5.200428e-02	2.304078e+00	9.517063e-01	6.847058e-02	-2.830279e-02	1.170525e+01
28	-1.578526e+00	2.739707e+00	-1.578317e+00	2.785289e+01	-5.371127e-02	-1.324108e-02	-5.329832e-02	1.287388e-01	9.517388e-01	6.847858e-02	-3.549174e-02	1.170348e+01
29	-1.566899e+00	2.734926e+00	-1.566944e+00	2.725796e+01	1.162633e-02	-4.780961e-03	1.137272e-02	-5.949316e-01	9.517423e-01	6.847714e-02	-3.846574e-02	1.170471e+01
30	-1.521970e+00	2.869641e+00	-1.522146e+00	2.849488e+01	4.492926e-02	1.347149e-01	4.479818e-02	1.236918e+00	9.515904e-01	6.802178e-02	-4.561032e-02	1.168328e+01
31	-1.559853e+00	2.863838e+00	-1.559706e+00	2.903003e+01	-3.788283e-02	-5.803059e-03	-3.755986e-02	5.351523e-01	9.516105e-01	6.802486e-02	-5.642100e-02	1.168163e+01
32	-1.602598e+00	2.743295e+00	-1.602431e+00	2.718924e+01	-4.274534e-02	-1.205434e-01	-4.272508e-02	-1.840789e+00	9.514866e-01	6.767548e-02	-4.765923e-02	1.170634e+01
33	-1.572423e+00	2.891675e+00	-1.572540e+00	2.700521e+01	3.017569e-02	1.483805e-01	2.989092e-02	-1.840333e-01	9.513610e-01	6.705792e-02	-7.486170e-02	1.157258e+01
34	-1.546149e+00	3.091675e+00	-1.546252e+00	2.947509e+01	2.627343e-02	2.000000e-01	2.628757e-02	2.469886e+00	9.512128e-01	6.592952e-02	-7.293730e-02	1.158722e+01
35	-1.582204e+00	2.905820e+00	-1.582064e+00	2.693634e+01	-3.605480e-02	-1.858550e-01	-3.581128e-02	-2.538752e+00	9.510321e-01	6.499826e-02	-6.641210e-02	1.162086e+01
36	-1.582768e+00	3.036756e+00	-1.582766e+00	3.027148e+01	-5.644354e-04	1.309361e-01	-7.021184e-04	3.335134e+00	9.510344e-01	6.446325e-02	-6.689418e-02	1.173269e+01
37	-1.557087e+00	2.836756e+00	-1.557187e+00	2.700411e+01	2.568139e-02	-2.000000e-01	2.557833e-02	-3.267363e+00	9.512023e-01	6.315536e-02	-7.788266e-02	1.181827e+01
38	-1.565318e+00	2.963065e+00	-1.565286e+00	2.760758e+01	-8.230608e-03	1.263086e-01	-8.098542e-03	6.034701e-01	9.512343e-01	6.266453e-02	-7.443114e-02	1.176530e+01
39	-1.582620e+00	2.926545e+00	-1.582552e+00	2.730092e+01	-1.730208e-02	-3.652024e-02	-1.726613e-02	-3.066622e-01	9.512222e-01	6.263886e-02	-7.543069e-02	1.176319e+01
40	-1.570333e+00	2.803509e+00	-1.570381e+00	2.528237e+01	1.228689e-02	-1.230358e-01	1.217145e-02	-2.018547e+00	9.512696e-01	6.216381e-02	-7.873402e-02	1.179627e+01
41	-1.561956e+00	2.896614e+00	-1.561989e+00	2.488420e+01	8.376769e-03	9.310509e-02	8.391592e-03	-3.981708e-01	9.512484e-01	6.192759e-02	-8.465988e-02	1.173040e+01
42	-1.571599e+00	3.016375e+00	-1.571562e+00	2.616198e+01	-9.643323e-03	1.197607e-01	-9.572875e-03	1.277777e+00	9.512839e-01	6.148614e-02	-8.407830e-02	1.172318e+01
43	-1.577477e+00	2.816375e+00	-1.577454e+00	2.432643e+01	-5.877685e-03	-2.000000e-01	-5.892120e-03	-1.835548e+00	9.512511e-01	6.036884e-02	-8.547038e-02	1.167581e+01
44	-1.567177e+00	2.721122e+00	-1.567217e+00	2.253979e+01	1.030055e-02	-9.525290e-02	1.023729e-02	-1.786644e+00	9.512812e-01	6.009009e-02	-8.875113e-02	1.170615e+01
45	-1.567076e+00	2.813741e+00	-1.567077e+00	2.348869e+01	1.004259e-04	9.261942e-02	1.400231e-04	9.489039e-01	9.512809e-01	5.984824e-02	-8.875756e-02	1.170022e+01
46	-1.574303e+00	2.637625e+00	-1.574275e+00	1.984953e+01	-7.226701e-03	-1.761159e-01	-7.197925e-03	-3.639158e+00	9.512464e-01	5.900661e-02	-8.341957e-02	1.183031e+01
47	-1.572707e+00	2.837625e+00	-1.572713e+00	2.198423e+01	1.596203e-03	2.000000e-01	1.561851e-03	2.134692e+00	9.512377e-01	5.791152e-02	-8.359146e-02	1.180878e+01
48	-1.569013e+00	2.637625e+00	-1.569028e+00	1.971383e+01	3.693416e-03	-2.000000e-01	3.685090e-03	-2.270395e+00	9.512579e-01	5.681678e-02	-8.343379e-02	1.180024e+01
49	-1.569601e+00	2.608366e+00	-1.569599e+00	1.949767e+01	-5.876044e-04	-2.925949e-02	-5.709142e-04	-2.161653e-01	9.512574e-01	5.679386e-02	-8.346980e-02	1.179844e+01
50	-1.581911e+00	2.444783e+00	-1.581863e+00	1.772120e+01	-1.231047e-02	-1.635828e-01	-1.226461e-02	-1.776465e+00	9.512070e-01	5.612404e-02	-8.434987e-02	1.178675e+01
51	-1.600700e+00	2.387987e+00	-1.600627e+00	1.744720e+01	-1.878899e-02	-5.679621e-02	-1.876351e-02	-2.739977e-01	9.511866e-01	5.606220e-02	-8.785870e-02	1.177614e+01
52	-1.614128e+00	2.190398e+00	-1.614075e+00	1.438010e+01	-1.342760e-02	-1.975887e-01	-1.344845e-02	-3.067106e+00	9.511215e-01	5.510480e-02	-8.322059e-02	1.184439e+01
53	-1.620512e+00	2.347953e+00	-1.620487e+00	1.644286e+01	-6.383942e-03	1.575552e-01	-6.411538e-03	2.062764e+00	9.511485e-01	5.443792e-02	-8.380790e-02	1.185889e+01
54	-1.633463e+00	2.147953e+00	-1.633413e+00	1.461223e+01	-1.295146e-02	-2.000000e-01	-1.292591e-02	-1.830631e+00	9.510865e-01	5.348050e-02	-8.706491e-02	1.180859e+01
55	-1.647298e+00	1.947953e+00	-1.647244e+00	1.232945e+01	-1.383524e-02	-2.000000e-01	-1.383169e-02	-2.282782e+00	9.510220e-01	5.254708e-02	-8.756568e-02	1.180135e+01
56	-1.653971e+00	1.869279e+00	-1.653945e+00	1.282812e+01	-6.672646e-03	-7.867460e-02	-6.700611e-03	4.986676e-01	9.510100e-01	5.240629e-02	-9.207309e-02	1.174821e+01
57	-1.656262e+00	1.669279e+00	-1.656253e+00	1.066098e+01	-2.290928e-03	-2.000000e-01	-2.308154e-03	-2.167132e+00	9.509990e-01	5.144215e-02	-9.226758e-02	1.173123e+01
58	-1.660287e+00	1.497718e+00	-1.660272e+00	8.145457e+00	-4.025281e-03	-1.715604e-01	-4.018573e-03	-2.515527e+00	9.509827e-01	5.074869e-02	-9.131926e-02	1.177165e+01
59	-1.663206e+00	1.505232e+00	-1.663194e+00	6.510175e+00	-2.918356e-03	7.513808e-03	-2.922653e-03	-1.635282e+00	9.509834e-01	5.074681e-02	-8.892950e-02	1.176549e+01
60	-1.663684e+00	1.623075e+00	-1.663682e+00	8.217456e+00	-4.780324e-04	1.178432e-01	-4.875817e-04	1.707281e+00	9.509848e-01	5.041254e-02	-8.900183e-02	1.178333e+01
61	-1.663717e+00	1.423075e+00	-1.663716e+00	6.128187e+00	-3.282498e-05	-2.000000e-01	-3.460138e-05	-2.089268e+00	9.509846e-01	4.947380e-02	-8.900592e-02	1.175842e+01
62	-1.664647e+00	1.223075e+00	-1.664644e+00	4.608484e+00	-9.305990e-04	-2.000000e-01	-9.270990e-04	-1.519703e+00	9.509804e-01	4.855615e-02	-8.936643e-02	1.168094e+01
63	-1.665013e+00	1.023075e+00	-1.665011e+00	2.829314e+00	-3.653825e-04	-2.000000e-01	-3.675767e-04	-1.779170e+00	9.509787e-01	4.765354e-02	-8.946121e-02	1.162906e+01
64	-1.664632e+00	8.230752e-01	-1.664633e+00	5.292809e-01	3.807906e-04	-2.000000e-01	3.778673e-04	-2.300033e+00	9.509804e-01	4.676441e-02	-8.945663e-02	1.162666e+01
65	-1.664140e+00	7.480493e-01	-1.664142e+00	0.000000e+00	4.920493e-04	-7.502589e-02	4.916032e-04	-5.292809e-01	9.509812e-01	4.663889e-02	-8.937667e-02	1.161447e+01
66	-1.664437e+00	6.722687e-01	-1.664435e+00	0.000000e+00	-2.968475e-04	-7.578062e-02	-2.937676e-04	0.000000e+00	9.509807e-01	4.651244e-02	-8.950042e-02	1.158288e+01
67	-1.664544e+00	6.078716e-01	-1.664543e+00	0.000000e+00	-1.072707e-04	-6.439705e-02	-1.079992e-04	0.000000e+00	9.509806e-01	4.642120e-02	-8.953835e-02	1.156011e+01
68	-1.664639e+00	5.547447e-01	-1.664638e+00	0.000000e+00	-9.490344e-05	-5.312691e-02	-9.495460e-05	0.000000e+00	9.509805e-01	4.635917e-02	-8.956599e-02	1.154463e+01
69	-1.664809e+00	5.127987e-01	-1.664809e+00	0.000000e+00	-1.706565e-04	-4.194599e-02	-1.703608e-04	0.000000e+00	9.509803e-01	4.632062e-02	-8.960521e-02	1.153499e+01
70	-1.664807e+00	4.819636e-01	-1.664807e+00	9.822102e-02	2.514308e-06	-3.083512e-02	1.839015e-06	9.822102e-02	1.000000e+00	1.000000e-01	-8.960467e-02	1.152835e+01
