#sequence delta(k-1),f(k-1),theta(k),v(k),delta_diff(k-1),f_diff(k-1),theta_diff(k),v_diff(k),phi(1,1;k),phi(1,2;k),phi(2,1;k),phi(2,2;k)
1	-6.625271e-01	0.000000e+00	-6.624309e-01	1.089644e+00	-6.625271e-01	0.000000e+00	-2.455213e-02	1.085319e+00	8.353622e-01	1.000000e-01	1.000000e+00	6.000000e+00
2	-6.609280e-01	2.000000e-01	-6.609339e-01	1.979957e+00	1.599150e-03	2.000000e-01	1.496997e-03	8.903121e-01	8.353475e-01	9.815226e-02	9.997682e-01	5.971008e+00
3	-6.476546e-01	4.000000e-01	-6.477065e-01	2.843087e+00	1.327337e-02	2.000000e-01	1.322737e-02	8.631306e-01	8.352394e-01	9.652334e-02	9.976399e-01	5.938939e+00
4	-6.487626e-01	6.000000e-01	-6.487585e-01	4.019911e+00	-1.107998e-03	2.000000e-01	-1.052000e-03	1.176824e+00	8.352494e-01	9.471357e-02	9.976450e-01	5.938021e+00
5	-6.635207e-01	8.000000e-01	-6.634630e-01	5.144290e+00	-1.475803e-02	2.000000e-01	-1.470449e-02	1.124379e+00	8.353959e-01	9.272805e-02	9.979783e-01	5.933504e+00
6	-6.665273e-01	1.000000e+00	-6.665153e-01	6.173998e+00	-3.006613e-03	2.000000e-01	-3.052308e-03	1.029708e+00	8.354226e-01	9.095042e-02	9.981939e-01	5.919162e+00
7	-6.638694e-01	1.200000e+00	-6.638797e-01	8.436416e+00	2.657862e-03	2.000000e-01	2.635557e-03	2.262418e+00	8.354006e-01	8.929491e-02	9.995256e-01	6.019371e+00
8	-6.664678e-01	1.400000e+00	-6.664577e-01	9.584669e+00	-2.598391e-03	2.000000e-01	-2.577946e-03	1.148253e+00	8.354227e-01	8.759365e-02	9.995898e-01	6.014433e+00
9	-6.710783e-01	1.600000e+00	-6.710603e-01	9.915173e+00	-4.610514e-03	2.000000e-01	-4.602574e-03	3.305041e-01	8.354620e-01	8.589209e-02	1.001453e+00	5.933611e+00
10	-6.748443e-01	1.800000e+00	-6.748295e-01	1.135550e+01	-3.765958e-03	2.000000e-01	-3.769226e-03	1.440331e+00	8.354932e-01	8.423414e-02	1.001002e+00	5.957583e+00
11	-6.800701e-01	2.000000e+00	-6.800497e-01	1.263549e+01	-5.225851e-03	2.000000e-01	-5.220161e-03	1.279988e+00	8.355362e-01	8.258555e-02	1.000774e+00	5.966310e+00
12	-6.849941e-01	2.200000e+00	-6.849748e-01	1.397127e+01	-4.923970e-03	2.000000e-01	-4.925127e-03	1.335779e+00	8.355760e-01	8.097168e-02	1.000435e+00	5.980042e+00
13	-6.939434e-01	2.400000e+00	-6.939084e-01	1.561861e+01	-8.949357e-03	2.000000e-01	-8.933637e-03	1.647337e+00	8.356495e-01	7.932786e-02	9.985172e-01	6.022910e+00
14	-7.048922e-01	2.600000e+00	-7.048493e-01	1.832812e+01	-1.094878e-02	2.000000e-01	-1.094091e-02	2.709514e+00	8.357396e-01	7.768342e-02	9.907887e-01	6.164085e+00
15	-7.155970e-01	2.543188e+00	-7.155550e-01	1.681528e+01	-1.070472e-02	-5.681196e-02	-1.070565e-02	-1.512847e+00	8.357261e-01	7.761192e-02	9.966368e-01	6.195122e+00
16	-7.283664e-01	2.743188e+00	-7.283164e-01	1.699028e+01	-1.276945e-02	2.000000e-01	-1.276139e-02	1.750001e-01	8.358308e-01	7.597172e-02	1.002888e+00	6.097215e+00
17	-7.362782e-01	2.943188e+00	-7.362471e-01	1.803235e+01	-7.911767e-03	2.000000e-01	-7.930711e-03	1.042071e+00	8.358916e-01	7.443387e-02	1.003512e+00	6.081435e+00
18	-7.485927e-01	3.143188e+00	-7.485444e-01	1.807594e+01	-1.231448e-02	2.000000e-01	-1.229736e-02	4.359259e-02	8.359885e-01	7.286084e-02	1.010166e+00	5.973372e+00
19	-7.580098e-01	3.343188e+00	-7.579728e-01	1.810578e+01	-9.417111e-03	2.000000e-01	-9.428362e-03	2.983946e-02	8.360592e-01	7.135880e-02	1.015232e+00	5.865773e+00
20	-7.655080e-01	3.543188e+00	-7.654786e-01	1.947288e+01	-7.498223e-03	2.000000e-01	-7.505763e-03	1.367102e+00	8.361134e-01	6.991441e-02	1.014528e+00	5.884545e+00
21	-7.777551e-01	3.743188e+00	-7.777071e-01	2.035107e+01	-1.224708e-02	2.000000e-01	-1.222856e-02	8.781892e-01	8.362045e-01	6.842698e-02	1.016161e+00	5.857883e+00
22	-7.827428e-01	3.943188e+00	-7.827232e-01	2.054003e+01	-4.987782e-03	2.000000e-01	-5.016066e-03	1.889631e-01	8.362382e-01	6.707365e-02	1.018432e+00	5.766838e+00
23	-7.846402e-01	4.143188e+00	-7.846327e-01	2.214310e+01	-1.897339e-03	2.000000e-01	-1.909522e-03	1.603070e+00	8.362503e-01	6.579417e-02	1.018033e+00	5.808902e+00
24	-7.872919e-01	4.343188e+00	-7.872816e-01	2.230510e+01	-2.651756e-03	2.000000e-01	-2.648856e-03	1.620004e-01	8.362671e-01	6.452842e-02	1.019264e+00	5.716037e+00
25	-7.855939e-01	4.543188e+00	-7.856005e-01	2.403498e+01	1.698044e-03	2.000000e-01	1.681064e-03	1.729879e+00	8.362571e-01	6.335074e-02	1.019726e+00	5.770517e+00
26	-7.843306e-01	4.743188e+00	-7.843356e-01	2.408486e+01	1.263250e-03	2.000000e-01	1.264882e-03	4.987284e-02	8.362498e-01	6.219009e-02	1.019076e+00	5.667552e+00
27	-7.856909e-01	4.943188e+00	-7.856856e-01	2.468879e+01	-1.360234e-03	2.000000e-01	-1.349980e-03	6.039356e-01	8.362578e-01	6.101186e-02	1.019411e+00	5.618358e+00
28	-7.860748e-01	5.000000e+00	-7.860732e-01	2.682754e+01	-3.838775e-04	5.681196e-02	-3.876514e-04	2.138753e+00	8.362585e-01	6.091668e-02	1.019079e+00	5.667391e+00
29	-7.849828e-01	5.000000e+00	-7.849870e-01	2.718169e+01	1.091986e-03	0.000000e+00	1.086206e-03	3.541471e-01	8.362585e-01	6.091668e-02	1.000000e+00	6.000000e+00
30	-7.849346e-01	5.000000e+00	-7.849348e-01	2.672586e+01	4.819791e-05	0.000000e+00	5.225263e-05	-4.558345e-01	8.362585e-01	6.091668e-02	1.000000e+00	6.000000e+00
31	-7.858073e-01	5.000000e+00	-7.858039e-01	2.702962e+01	-8.727005e-04	0.000000e+00	-8.690874e-04	3.037637e-01	8.362586e-01	6.091668e-02	1.000000e+00	6.000000e+00
32	-7.900053e-01	5.000000e+00	-7.899889e-01	2.910781e+01	-4.198030e-03	0.000000e+00	-4.185026e-03	2.078194e+00	8.362599e-01	6.091668e-02	1.000000e+00	6.000000e+00
33	-8.035259e-01	4.820117e+00	-8.034730e-01	2.748338e+01	-1.352060e-02	-1.798831e-01	-1.348413e-02	-1.624432e+00	8.362045e-01	6.017845e-02	1.003360e+00	6.044696e+00
34	-8.224707e-01	5.000000e+00	-8.223965e-01	2.784594e+01	-1.894476e-02	1.798831e-01	-1.892343e-02	3.625539e-01	8.363276e-01	5.900931e-02	1.009608e+00	5.985362e+00
35	-8.328639e-01	5.000000e+00	-8.328230e-01	2.993655e+01	-1.039324e-02	0.000000e+00	-1.042656e-02	2.090615e+00	8.363362e-01	5.900931e-02	1.000000e+00	6.000000e+00
36	-8.586885e-01	4.800000e+00	-8.585875e-01	2.921270e+01	-2.582460e-02	-2.000000e-01	-2.576445e-02	-7.238568e-01	8.362444e-01	5.829840e-02	9.939652e-01	5.953263e+00
37	-9.021819e-01	4.733225e+00	-9.020116e-01	2.879254e+01	-4.349340e-02	-6.677494e-02	-4.342414e-02	-4.201527e-01	8.363094e-01	5.839831e-02	9.935408e-01	5.952612e+00
38	-9.029751e-01	4.783089e+00	-9.029714e-01	2.757767e+01	-7.932225e-04	4.986409e-02	-9.597495e-04	-1.214873e+00	8.363106e-01	5.832242e-02	9.941094e-01	5.916870e+00
39	-9.071147e-01	4.983089e+00	-9.070985e-01	2.894127e+01	-4.139526e-03	2.000000e-01	-4.127105e-03	1.363598e+00	8.363344e-01	5.717408e-02	9.937541e-01	5.934039e+00
40	-9.396548e-01	4.872256e+00	-9.395277e-01	2.914425e+01	-3.254017e-02	-1.108330e-01	-3.242918e-02	2.029837e-01	8.363172e-01	5.711540e-02	9.800427e-01	5.887337e+00
41	-9.421322e-01	4.672256e+00	-9.421220e-01	2.747070e+01	-2.477330e-03	-2.000000e-01	-2.594330e-03	-1.673555e+00	8.363046e-01	5.610015e-02	9.806122e-01	5.933315e+00
42	-9.198513e-01	4.857030e+00	-9.199383e-01	2.971764e+01	2.228083e-02	1.847736e-01	2.218366e-02	2.246947e+00	8.362337e-01	5.551214e-02	9.923551e-01	6.030698e+00
43	-9.054079e-01	4.657030e+00	-9.054646e-01	2.771699e+01	1.444347e-02	-2.000000e-01	1.447371e-02	-2.000656e+00	8.363245e-01	5.425510e-02	9.869153e-01	6.106025e+00
44	-8.769340e-01	4.737010e+00	-8.770454e-01	2.903638e+01	2.847386e-02	7.998052e-02	2.841917e-02	1.319392e+00	8.363281e-01	5.426518e-02	9.977359e-01	6.136419e+00
45	-8.211746e-01	4.537010e+00	-8.213929e-01	2.665120e+01	5.575937e-02	-2.000000e-01	5.565257e-02	-2.385179e+00	8.368433e-01	5.241713e-02	9.662730e-01	6.249272e+00
46	-7.779789e-01	4.695258e+00	-7.781485e-01	2.717948e+01	4.319570e-02	1.582475e-01	4.324436e-02	5.282757e-01	8.368190e-01	5.232823e-02	9.561017e-01	6.212009e+00
47	-7.855776e-01	4.512662e+00	-7.855486e-01	2.656875e+01	-7.598706e-03	-1.825959e-01	-7.400100e-03	-6.107242e-01	8.367888e-01	5.160195e-02	9.542172e-01	6.166725e+00
48	-7.744800e-01	4.312662e+00	-7.745233e-01	2.349994e+01	1.109759e-02	-2.000000e-01	1.102533e-02	-3.068814e+00	8.368511e-01	5.047884e-02	9.446774e-01	6.338651e+00
49	-7.536905e-01	4.512662e+00	-7.537718e-01	2.514169e+01	2.078959e-02	2.000000e-01	2.075145e-02	1.641753e+00	8.367859e-01	4.985104e-02	9.481076e-01	6.371651e+00
50	-7.464859e-01	4.312662e+00	-7.465143e-01	2.371937e+01	7.204573e-03	-2.000000e-01	7.257491e-03	-1.422327e+00	8.368234e-01	4.880802e-02	9.475881e-01	6.386071e+00
51	-7.480692e-01	4.248234e+00	-7.480631e-01	2.295184e+01	-1.583274e-03	-6.442773e-02	-1.548739e-03	-7.675275e-01	8.368213e-01	4.871882e-02	9.478543e-01	6.396900e+00
52	-7.463185e-01	4.199721e+00	-7.463253e-01	2.299559e+01	1.750704e-03	-4.851266e-02	1.737815e-03	4.374909e-02	8.368234e-01	4.865814e-02	9.481470e-01	6.388788e+00
53	-7.419470e-01	3.999721e+00	-7.419641e-01	2.214374e+01	4.371449e-03	-2.000000e-01	4.361161e-03	-8.518432e-01	8.368447e-01	4.768629e-02	9.490056e-01	6.349506e+00
54	-7.595854e-01	3.799721e+00	-7.595166e-01	2.136001e+01	-1.763841e-02	-2.000000e-01	-1.755247e-02	-7.837375e-01	8.367893e-01	4.705814e-02	9.448754e-01	6.302674e+00
55	-7.788686e-01	3.599721e+00	-7.787931e-01	1.975485e+01	-1.928323e-02	-2.000000e-01	-1.927647e-02	-1.605157e+00	8.367330e-01	4.647417e-02	9.478059e-01	6.333069e+00
56	-8.084426e-01	3.540548e+00	-8.083268e-01	2.005654e+01	-2.957400e-02	-5.917342e-02	-2.953378e-02	3.016927e-01	8.367616e-01	4.653133e-02	9.379313e-01	6.313311e+00
57	-8.443149e-01	3.340548e+00	-8.441743e-01	1.897674e+01	-3.587221e-02	-2.000000e-01	-3.584745e-02	-1.079800e+00	8.367035e-01	4.620786e-02	9.343168e-01	6.293159e+00
58	-8.700944e-01	3.140548e+00	-8.699932e-01	1.783716e+01	-2.577958e-02	-2.000000e-01	-2.581891e-02	-1.139585e+00	8.366436e-01	4.574302e-02	9.325990e-01	6.279832e+00
59	-9.282263e-01	2.940548e+00	-9.279989e-01	1.804216e+01	-5.813188e-02	-2.000000e-01	-5.800566e-02	2.050074e-01	8.366496e-01	4.576360e-02	8.916489e-01	6.138945e+00
60	-9.951685e-01	2.740548e+00	-9.949061e-01	1.619073e+01	-6.694220e-02	-2.000000e-01	-6.690729e-02	-1.851435e+00	8.367040e-01	4.592599e-02	9.091912e-01	6.191356e+00
61	-1.032027e+00	2.540548e+00	-1.031882e+00	1.469226e+01	-3.685845e-02	-2.000000e-01	-3.697583e-02	-1.498474e+00	8.366517e-01	4.564221e-02	9.130796e-01	6.212455e+00
62	-1.080419e+00	2.340548e+00	-1.080229e+00	1.311689e+01	-4.839192e-02	-2.000000e-01	-4.834733e-02	-1.575367e+00	8.366231e-01	4.552422e-02	9.195779e-01	6.239312e+00
63	-1.152089e+00	2.222044e+00	-1.151808e+00	1.214195e+01	-7.167009e-02	-1.185043e-01	-7.157899e-02	-9.749373e-01	8.368330e-01	4.587120e-02	9.252984e-01	6.248771e+00
64	-1.221569e+00	2.058723e+00	-1.221296e+00	1.187390e+01	-6.947979e-02	-1.633211e-01	-6.948799e-02	-2.680521e-01	8.369582e-01	4.616549e-02	8.987598e-01	6.186388e+00
65	-1.281682e+00	1.858723e+00	-1.281446e+00	1.053553e+01	-6.011338e-02	-2.000000e-01	-6.015000e-02	-1.338371e+00	8.369750e-01	4.622170e-02	9.000750e-01	6.190764e+00
66	-1.339461e+00	1.658723e+00	-1.339234e+00	9.875809e+00	-5.777856e-02	-2.000000e-01	-5.778783e-02	-6.597189e-01	8.369800e-01	4.623883e-02	8.831397e-01	6.132143e+00
67	-1.387165e+00	1.458723e+00	-1.386978e+00	8.465895e+00	-4.770407e-02	-2.000000e-01	-4.774346e-02	-1.409914e+00	8.369482e-01	4.610564e-02	8.862765e-01	6.145293e+00
68	-1.409078e+00	1.258723e+00	-1.408992e+00	6.776819e+00	-2.191328e-02	-2.000000e-01	-2.201418e-02	-1.689076e+00	8.368916e-01	4.558911e-02	8.907716e-01	6.186320e+00
69	-1.433348e+00	1.114596e+00	-1.433252e+00	5.821420e+00	-2.426954e-02	-1.441268e-01	-2.426073e-02	-9.553987e-01	8.368617e-01	4.541158e-02	8.912525e-01	6.189176e+00
70	-1.463254e+00	9.145959e-01	-1.463136e+00	4.259408e+00	-2.990604e-02	-2.000000e-01	-2.988399e-02	-1.562012e+00	8.368029e-01	4.501819e-02	8.953943e-01	6.216874e+00
71	-1.488752e+00	7.850498e-01	-1.488652e+00	2.882844e+00	-2.549837e-02	-1.295460e-01	-2.551550e-02	-1.376564e+00	8.367831e-01	4.491732e-02	9.019785e-01	6.250326e+00
72	-1.483477e+00	7.287664e-01	-1.483497e+00	2.156016e+00	5.275234e-03	-5.628345e-02	5.154958e-03	-7.268283e-01	8.367912e-01	4.483007e-02	9.010283e-01	6.260463e+00
73	-1.483705e+00	5.709090e-01	-1.483704e+00	2.438580e-01	-2.285131e-04	-1.578574e-01	-2.074839e-04	-1.912158e+00	8.367905e-01	4.430718e-02	9.011274e-01	6.328871e+00
74	-1.475069e+00	6.384617e-01	-1.475103e+00	0.000000e+00	8.635881e-03	6.755270e-02	8.601337e-03	-2.438580e-01	8.367839e-01	4.425537e-02	8.983478e-01	6.307129e+00
75	-1.497551e+00	6.897929e-01	-1.497464e+00	2.262282e-01	-2.248182e-02	5.133125e-02	-2.236040e-02	2.262282e-01	8.368459e-01	4.411370e-02	8.991723e-01	6.305246e+00
76	-1.479951e+00	7.080618e-01	-1.480019e+00	1.467033e+00	1.760018e-02	1.826889e-02	1.744408e-02	1.240805e+00	8.368619e-01	4.413026e-02	9.084472e-01	6.314874e+00
77	-1.488752e+00	5.080618e-01	-1.488718e+00	3.472233e-01	-8.801047e-03	-2.000000e-01	-8.698527e-03	-1.119809e+00	8.368312e-01	4.343243e-02	9.078277e-01	6.300796e+00
78	-1.488062e+00	4.906536e-01	-1.488065e+00	0.000000e+00	6.897127e-04	-1.740819e-02	6.530399e-04	-3.472233e-01	8.368314e-01	4.342555e-02	9.077497e-01	6.302765e+00
79	-1.502122e+00	5.709866e-01	-1.502067e+00	2.111187e-01	-1.405977e-02	8.033294e-02	-1.400229e-02	2.111187e-01	8.368695e-01	4.320782e-02	9.096297e-01	6.292023e+00
80	-1.488301e+00	6.236213e-01	-1.488355e+00	1.076164e-01	1.382087e-02	5.263473e-02	1.371218e-02	-1.035023e-01	8.368687e-01	4.320461e-02	9.066978e-01	6.280858e+00
81	-1.470976e+00	7.165891e-01	-1.471044e+00	1.572397e+00	1.732486e-02	9.296780e-02	1.731074e-02	1.464780e+00	8.368588e-01	4.315166e-02	9.137858e-01	6.318892e+00
82	-1.493742e+00	5.165891e-01	-1.493653e+00	3.343102e-01	-2.276545e-02	-2.000000e-01	-2.260890e-02	-1.238086e+00	8.368051e-01	4.267930e-02	9.132930e-01	6.314563e+00
83	-1.492133e+00	5.169544e-01	-1.492139e+00	5.407549e-01	1.609027e-03	3.653129e-04	1.514426e-03	2.064447e-01	8.368052e-01	4.267933e-02	9.134479e-01	6.314598e+00
84	-1.497910e+00	4.453891e-01	-1.497888e+00	0.000000e+00	-5.777548e-03	-7.156536e-02	-5.749064e-03	-5.407549e-01	8.367993e-01	4.260677e-02	9.136766e-01	6.317432e+00
85	-1.512342e+00	5.018802e-01	-1.512286e+00	0.000000e+00	-1.443211e-02	5.649118e-02	-1.439819e-02	0.000000e+00	8.368317e-01	4.248011e-02	9.160287e-01	6.308225e+00
86	-1.509815e+00	5.955005e-01	-1.509825e+00	1.205677e+00	2.527248e-03	9.362023e-02	2.461133e-03	1.205677e+00	8.368273e-01	4.231936e-02	9.167611e-01	6.335356e+00
87	-1.490210e+00	3.955005e-01	-1.490287e+00	1.070224e+00	1.960501e-02	-2.000000e-01	1.953804e-02	-1.354531e-01	8.369332e-01	4.123955e-02	9.269266e-01	6.231654e+00
88	-1.496184e+00	1.955005e-01	-1.496160e+00	1.418215e+00	-5.973264e-03	-2.000000e-01	-5.873610e-03	3.479905e-01	8.369127e-01	4.055281e-02	9.224764e-01	6.082650e+00
89	-1.516520e+00	0.000000e+00	-1.516441e+00	1.301099e-01	-2.033666e-02	-1.955005e-01	-2.028017e-02	-1.288105e+00	8.368684e-01	4.012755e-02	9.232363e-01	6.089955e+00
90	-1.518713e+00	3.531933e-02	-1.518704e+00	2.112059e-02	-2.192592e-03	3.531933e-02	-2.263247e-03	-1.089893e-01	8.368704e-01	4.009661e-02	9.235715e-01	6.084556e+00
91	-1.513542e+00	1.232656e-01	-1.513562e+00	5.280933e-01	5.171051e-03	8.794629e-02	5.142011e-03	5.069727e-01	8.368637e-01	3.998376e-02	9.234909e-01	6.083186e+00
92	-1.515228e+00	9.067816e-02	-1.515222e+00	5.080522e-02	-1.686427e-03	-3.258747e-02	-1.659754e-03	-4.772880e-01	8.368629e-01	3.996744e-02	9.237131e-01	6.087479e+00
93	-1.513592e+00	1.686479e-01	-1.513598e+00	1.396971e+00	1.636257e-03	7.796972e-02	1.623382e-03	1.346166e+00	8.368607e-01	3.986176e-02	9.243872e-01	6.119603e+00
94	-1.522823e+00	0.000000e+00	-1.522787e+00	0.000000e+00	-9.230855e-03	-1.686479e-01	-9.188455e-03	-1.396971e+00	8.368379e-01	3.944639e-02	9.259279e-01	6.147750e+00
95	-1.545068e+00	7.297968e-02	-1.544981e+00	1.154949e+00	-2.224533e-02	7.297968e-02	-2.219433e-02	1.154949e+00	8.369060e-01	3.922320e-02	9.182695e-01	6.172875e+00
96	-1.528405e+00	0.000000e+00	-1.528470e+00	0.000000e+00	1.666285e-02	-7.297968e-02	1.651107e-02	-1.154949e+00	8.369488e-01	3.903555e-02	9.125887e-01	6.197756e+00
97	-1.534651e+00	3.287571e-02	-1.534627e+00	3.963822e-01	-6.245760e-03	3.287571e-02	-6.156867e-03	3.963822e-01	8.369554e-01	3.900101e-02	9.120006e-01	6.200851e+00
98	-1.523605e+00	0.000000e+00	-1.523649e+00	0.000000e+00	1.104551e-02	-3.287571e-02	1.097831e-02	-3.963822e-01	8.369712e-01	3.895394e-02	9.109383e-01	6.204013e+00
99	-1.533738e+00	5.316757e-02	-1.533699e+00	5.663977e-01	-1.013267e-02	5.316757e-02	-1.005021e-02	5.663977e-01	8.369887e-01	3.886214e-02	9.097571e-01	6.210211e+00
100	-1.517793e+00	0.000000e+00	-1.517855e+00	0.000000e+00	1.594480e-02	-5.316757e-02	1.584325e-02	-5.663977e-01	8.370232e-01	3.874706e-02	9.078611e-01	6.216533e+00
101	-1.532049e+00	4.990764e-02	-1.531994e+00	3.279194e-01	-1.425576e-02	4.990764e-02	-1.413818e-02	3.279194e-01	8.370512e-01	3.864906e-02	9.076541e-01	6.217258e+00
102	-1.517749e+00	3.617340e-02	-1.517805e+00	3.829998e-01	1.429983e-02	-1.373424e-02	1.418874e-02	5.508041e-02	8.370699e-01	3.863112e-02	9.085199e-01	6.216426e+00
103	-1.519529e+00	0.000000e+00	-1.519522e+00	1.392435e+00	-1.779524e-03	-3.617340e-02	-1.717148e-03	1.009435e+00	8.370689e-01	3.861103e-02	9.074759e-01	6.195204e+00
104	-1.529161e+00	0.000000e+00	-1.529124e+00	0.000000e+00	-9.632617e-03	0.000000e+00	-9.601698e-03	-1.392435e+00	8.370759e-01	3.861103e-02	1.000000e+00	6.000000e+00
105	-1.546713e+00	7.539906e-02	-1.546645e+00	1.103828e+00	-1.755204e-02	7.539906e-02	-1.752098e-02	1.103828e+00	8.371236e-01	3.840608e-02	9.944392e-01	6.023888e+00
106	-1.535024e+00	0.000000e+00	-1.535070e+00	0.000000e+00	1.168900e-02	-7.539906e-02	1.157490e-02	-1.103828e+00	8.371496e-01	3.823875e-02	9.907784e-01	6.047502e+00
107	-1.539740e+00	2.656722e-02	-1.539721e+00	4.111433e-01	-4.715266e-03	2.656722e-02	-4.651633e-03	4.111433e-01	8.371534e-01	3.821705e-02	9.902071e-01	6.050720e+00
108	-1.530832e+00	0.000000e+00	-1.530866e+00	4.542798e-01	8.908028e-03	-2.656722e-02	8.855060e-03	4.313647e-02	8.371636e-01	3.818662e-02	9.910322e-01	6.048260e+00
109	-1.527849e+00	0.000000e+00	-1.527861e+00	0.000000e+00	2.982630e-03	0.000000e+00	3.005569e-03	-4.542798e-01	8.371643e-01	3.818662e-02	1.000000e+00	6.000000e+00
110	-1.542745e+00	1.939341e-02	-1.542687e+00	5.199775e-01	-1.489562e-02	1.939341e-02	-1.482570e-02	5.199775e-01	8.371862e-01	3.815810e-02	9.970397e-01	6.003854e+00
111	-1.540261e+00	0.000000e+00	-1.540271e+00	0.000000e+00	2.483273e-03	-1.939341e-02	2.415660e-03	-5.199775e-01	8.371875e-01	3.814819e-02	9.965609e-01	6.007594e+00
112	-1.543441e+00	2.255621e-02	-1.543429e+00	1.383451e+00	-3.179786e-03	2.255621e-02	-3.157929e-03	1.383451e+00	8.371896e-01	3.813366e-02	9.946717e-01	6.020995e+00
113	-1.538503e+00	0.000000e+00	-1.538522e+00	1.058319e+00	4.938378e-03	-2.255621e-02	4.906752e-03	-3.251317e-01	8.371934e-01	3.811617e-02	9.942162e-01	6.023075e+00
114	-1.543323e+00	0.000000e+00	-1.543304e+00	0.000000e+00	-4.819785e-03	0.000000e+00	-4.781791e-03	-1.058319e+00	8.371951e-01	3.811617e-02	1.000000e+00	6.000000e+00
115	-1.551564e+00	2.024035e-02	-1.551532e+00	1.039340e+00	-8.241767e-03	2.024035e-02	-8.228252e-03	1.039340e+00	8.372033e-01	3.809599e-02	9.963752e-01	6.008902e+00
116	-1.551267e+00	0.000000e+00	-1.551268e+00	1.173043e+00	2.975436e-04	-2.024035e-02	2.642397e-04	1.337027e-01	8.372034e-01	3.808843e-02	9.964112e-01	6.006451e+00
117	-1.555531e+00	0.000000e+00	-1.555514e+00	0.000000e+00	-4.263708e-03	0.000000e+00	-4.246021e-03	-1.173043e+00	8.372048e-01	3.808843e-02	1.000000e+00	6.000000e+00
118	-1.552965e+00	4.061944e-02	-1.552975e+00	0.000000e+00	2.565573e-03	4.061944e-02	2.538966e-03	0.000000e+00	8.372034e-01	3.806614e-02	9.997001e-01	5.995252e+00
119	-1.551621e+00	1.195014e-01	-1.551626e+00	1.720370e+00	1.343873e-03	7.888196e-02	1.348542e-03	1.720370e+00	8.372016e-01	3.796233e-02	1.000493e+00	6.041798e+00
120	-1.556265e+00	0.000000e+00	-1.556247e+00	1.333203e+00	-4.643883e-03	-1.195014e-01	-4.620475e-03	-3.871673e-01	8.371933e-01	3.774794e-02	9.997496e-01	6.022664e+00
121	-1.562889e+00	0.000000e+00	-1.562863e+00	1.046368e+00	-6.624341e-03	0.000000e+00	-6.616514e-03	-2.868343e-01	8.371967e-01	3.774794e-02	1.000000e+00	6.000000e+00
122	-1.567994e+00	0.000000e+00	-1.567974e+00	1.000994e-02	-5.104807e-03	0.000000e+00	-5.110712e-03	-1.036358e+00	8.371987e-01	3.774794e-02	1.000000e+00	6.000000e+00
123	-1.569864e+00	1.640278e-02	-1.569857e+00	1.140704e+00	-1.870135e-03	1.640278e-02	-1.882794e-03	1.130694e+00	8.371995e-01	3.774065e-02	9.990815e-01	6.008056e+00
124	-1.571251e+00	0.000000e+00	-1.571246e+00	9.123405e-01	-1.387058e-03	-1.640278e-02	-1.388995e-03	-2.283638e-01	8.371993e-01	3.773760e-02	9.991661e-01	6.009057e+00
125	-1.579037e+00	0.000000e+00	-1.579006e+00	0.000000e+00	-7.785594e-03	0.000000e+00	-7.760608e-03	-9.123405e-01	8.372039e-01	3.773760e-02	1.000000e+00	6.000000e+00
126	-1.586095e+00	0.000000e+00	-1.586068e+00	0.000000e+00	-7.058598e-03	0.000000e+00	-7.061340e-03	0.000000e+00	8.372077e-01	3.773760e-02	1.000000e+00	6.000000e+00
127	-1.584418e+00	3.520959e-02	-1.584424e+00	6.466813e-01	1.677825e-03	3.520959e-02	1.643687e-03	6.466813e-01	8.372069e-01	3.771938e-02	1.000345e+00	6.007250e+00
128	-1.576292e+00	0.000000e+00	-1.576324e+00	0.000000e+00	8.125282e-03	-3.520959e-02	8.099963e-03	-6.466813e-01	8.372170e-01	3.767550e-02	9.986357e-01	6.014659e+00
129	-1.583204e+00	2.038360e-02	-1.583177e+00	1.097057e+00	-6.911809e-03	2.038360e-02	-6.853169e-03	1.097057e+00	8.372230e-01	3.765774e-02	9.954145e-01	6.024158e+00
130	-1.579113e+00	0.000000e+00	-1.579128e+00	0.000000e+00	4.091584e-03	-2.038360e-02	4.048831e-03	-1.097057e+00	8.372257e-01	3.764428e-02	9.935135e-01	6.033629e+00
131	-1.584231e+00	2.914121e-02	-1.584211e+00	0.000000e+00	-5.118006e-03	2.914121e-02	-5.082198e-03	0.000000e+00	8.372303e-01	3.761807e-02	9.939284e-01	6.031266e+00
132	-1.583190e+00	9.681635e-02	-1.583194e+00	0.000000e+00	1.040900e-03	6.767514e-02	1.016982e-03	0.000000e+00	8.372291e-01	3.754109e-02	9.937266e-01	6.018142e+00
133	-1.583017e+00	2.030158e-01	-1.583018e+00	1.098828e+00	1.727977e-04	1.061995e-01	1.760953e-04	1.098828e+00	8.372288e-01	3.734268e-02	9.937641e-01	6.041193e+00
134	-1.577542e+00	3.015807e-03	-1.577563e+00	0.000000e+00	5.474821e-03	-2.000000e-01	5.454123e-03	-1.098828e+00	8.372501e-01	3.656602e-02	9.940291e-01	6.031510e+00
135	-1.583106e+00	3.244064e-02	-1.583085e+00	0.000000e+00	-5.564073e-03	2.942483e-02	-5.521033e-03	0.000000e+00	8.372552e-01	3.653894e-02	9.944834e-01	6.029108e+00
136	-1.583706e+00	1.003950e-01	-1.583703e+00	4.724812e-01	-5.994147e-04	6.795434e-02	-6.186398e-04	4.724812e-01	8.372559e-01	3.645522e-02	9.944654e-01	6.031149e+00
137	-1.573567e+00	5.763734e-02	-1.573607e+00	1.222168e-01	1.013821e-02	-4.275764e-02	1.009619e-02	-3.502644e-01	8.372712e-01	3.639096e-02	9.939724e-01	6.033228e+00
138	-1.570202e+00	9.688700e-02	-1.570215e+00	8.184736e-01	3.365405e-03	3.924966e-02	3.391698e-03	6.962568e-01	8.372698e-01	3.637505e-02	9.947010e-01	6.041725e+00
139	-1.577983e+00	0.000000e+00	-1.577953e+00	1.158339e+00	-7.781046e-03	-9.688700e-02	-7.737403e-03	3.398649e-01	8.372613e-01	3.626962e-02	9.912689e-01	5.998990e+00
140	-1.585045e+00	0.000000e+00	-1.585017e+00	0.000000e+00	-7.062003e-03	0.000000e+00	-7.064641e-03	-1.158339e+00	8.372652e-01	3.626962e-02	1.000000e+00	6.000000e+00
141	-1.593682e+00	4.002972e-02	-1.593648e+00	0.000000e+00	-8.637050e-03	4.002972e-02	-8.630907e-03	0.000000e+00	8.372769e-01	3.621545e-02	1.000949e+00	5.995601e+00
142	-1.590162e+00	1.186303e-01	-1.590175e+00	6.889496e-01	3.520372e-03	7.860059e-02	3.472906e-03	6.889496e-01	8.372730e-01	3.612905e-02	1.001306e+00	6.003572e+00
143	-1.579996e+00	1.794246e-02	-1.580036e+00	1.245233e+00	1.016547e-02	-1.006879e-01	1.013932e-02	5.562838e-01	8.372983e-01	3.587849e-02	1.006834e+00	5.948824e+00
144	-1.583736e+00	0.000000e+00	-1.583722e+00	0.000000e+00	-3.739951e-03	-1.794246e-02	-3.685735e-03	-1.245233e+00	8.372981e-01	3.587773e-02	1.008849e+00	5.958493e+00
145	-1.600398e+00	5.535236e-02	-1.600332e+00	0.000000e+00	-1.666134e-02	5.535236e-02	-1.661065e-02	0.000000e+00	8.373349e-01	3.575578e-02	1.011322e+00	5.950277e+00
146	-1.598204e+00	1.493052e-01	-1.598212e+00	5.135036e-01	2.193980e-03	9.395288e-02	2.120524e-03	5.135036e-01	8.373317e-01	3.561911e-02	1.011273e+00	5.948155e+00
147	-1.583112e+00	1.193784e-01	-1.583171e+00	0.000000e+00	1.509198e-02	-2.992681e-02	1.504131e-02	-5.135036e-01	8.373565e-01	3.556980e-02	1.008760e+00	5.953138e+00
148	-1.595169e+00	2.173730e-01	-1.595122e+00	2.682218e-01	-1.205776e-02	9.799456e-02	-1.195190e-02	2.682218e-01	8.373870e-01	3.532240e-02	1.010486e+00	5.939103e+00
149	-1.585926e+00	2.691284e-01	-1.585962e+00	0.000000e+00	9.243682e-03	5.175538e-02	9.160887e-03	-2.682218e-01	8.373852e-01	3.531239e-02	1.007922e+00	5.924743e+00
150	-1.595650e+00	4.060447e-01	-1.595612e+00	9.700787e-01	-9.724166e-03	1.369164e-01	-9.650396e-03	9.700787e-01	8.374142e-01	3.490377e-02	1.007150e+00	5.935611e+00
151	-1.586826e+00	2.750994e-01	-1.586861e+00	0.000000e+00	8.823381e-03	-1.309454e-01	8.751218e-03	-9.700787e-01	8.374389e-01	3.453790e-02	1.006312e+00	5.948051e+00
152	-1.594294e+00	3.510666e-01	-1.594265e+00	1.990467e-01	-7.467592e-03	7.596728e-02	-7.404237e-03	1.990467e-01	8.374522e-01	3.440210e-02	1.007179e+00	5.939225e+00
153	-1.584547e+00	4.027255e-01	-1.584585e+00	6.186512e-01	9.747408e-03	5.165889e-02	9.680409e-03	4.196045e-01	8.374510e-01	3.439573e-02	1.007655e+00	5.941749e+00
154	-1.581946e+00	3.323221e-01	-1.581956e+00	0.000000e+00	2.600556e-03	-7.040345e-02	2.628211e-03	-6.186512e-01	8.374545e-01	3.429993e-02	1.007405e+00	5.948519e+00
155	-1.595389e+00	4.075394e-01	-1.595336e+00	2.874136e-01	-1.344254e-02	7.521729e-02	-1.337977e-02	2.874136e-01	8.374845e-01	3.413242e-02	1.008338e+00	5.943301e+00
156	-1.583356e+00	4.306768e-01	-1.583403e+00	2.866884e-01	1.203241e-02	2.313741e-02	1.193315e-02	-7.252443e-04	8.374906e-01	3.414413e-02	1.007479e+00	5.941649e+00
157	-1.577279e+00	4.517292e-01	-1.577303e+00	1.918625e+00	6.076773e-03	2.105237e-02	6.099650e-03	1.631937e+00	8.374914e-01	3.414705e-02	1.011809e+00	5.956652e+00
158	-1.594923e+00	2.517292e-01	-1.594854e+00	0.000000e+00	-1.764318e-02	-2.000000e-01	-1.755044e-02	-1.918625e+00	8.374581e-01	3.376944e-02	1.017637e+00	6.022718e+00
159	-1.607017e+00	4.218356e-01	-1.606970e+00	1.525459e+00	-1.209481e-02	1.701064e-01	-1.211612e-02	1.525459e+00	8.375019e-01	3.315367e-02	1.014731e+00	6.063595e+00
160	-1.590204e+00	2.218356e-01	-1.590269e+00	0.000000e+00	1.681342e-02	-2.000000e-01	1.670042e-02	-1.525459e+00	8.375743e-01	3.229228e-02	1.012149e+00	6.094308e+00
161	-1.591519e+00	3.237656e-01	-1.591514e+00	2.994820e-01	-1.315236e-03	1.019300e-01	-1.244862e-03	2.994820e-01	8.375764e-01	3.212684e-02	1.012348e+00	6.078876e+00
162	-1.585949e+00	3.699547e-01	-1.585971e+00	0.000000e+00	5.569917e-03	4.618913e-02	5.543297e-03	-2.994820e-01	8.375748e-01	3.211356e-02	1.010800e+00	6.066036e+00
163	-1.596077e+00	5.061168e-01	-1.596038e+00	0.000000e+00	-1.012776e-02	1.361622e-01	-1.006655e-02	0.000000e+00	8.376032e-01	3.173187e-02	1.014688e+00	6.013764e+00
164	-1.596598e+00	6.805286e-01	-1.596596e+00	1.211352e+00	-5.212579e-04	1.744117e-01	-5.585442e-04	1.211352e+00	8.376046e-01	3.127029e-02	1.014648e+00	6.027067e+00
165	-1.585601e+00	5.135642e-01	-1.585644e+00	0.000000e+00	1.099713e-02	-1.669644e-01	1.095199e-02	-1.211352e+00	8.376405e-01	3.072579e-02	1.013534e+00	6.043977e+00
166	-1.594417e+00	5.934063e-01	-1.594383e+00	1.465802e+00	-8.815988e-03	7.984204e-02	-8.738770e-03	1.465802e+00	8.376564e-01	3.058186e-02	1.009393e+00	6.081484e+00
167	-1.590918e+00	3.934063e-01	-1.590932e+00	0.000000e+00	3.498811e-03	-2.000000e-01	3.451008e-03	-1.465802e+00	8.376672e-01	2.996375e-02	1.008980e+00	6.105051e+00
168	-1.592155e+00	4.837151e-01	-1.592150e+00	3.000976e-01	-1.236203e-03	9.030887e-02	-1.217894e-03	3.000976e-01	8.376689e-01	2.984035e-02	1.009127e+00	6.094370e+00
169	-1.585761e+00	5.183507e-01	-1.585786e+00	0.000000e+00	6.393971e-03	3.463558e-02	6.364238e-03	-3.000976e-01	8.376688e-01	2.983994e-02	1.007555e+00	6.085860e+00
170	-1.591915e+00	6.426363e-01	-1.591891e+00	1.467849e+00	-6.154298e-03	1.242856e-01	-6.105398e-03	1.467849e+00	8.376823e-01	2.956701e-02	1.005474e+00	6.127902e+00
171	-1.586677e+00	4.426363e-01	-1.586697e+00	0.000000e+00	5.238321e-03	-2.000000e-01	5.194009e-03	-1.467849e+00	8.376987e-01	2.894120e-02	1.004870e+00	6.150956e+00
172	-1.590347e+00	5.325553e-01	-1.590333e+00	7.963507e-01	-3.670696e-03	8.991906e-02	-3.636069e-03	7.963507e-01	8.377042e-01	2.880663e-02	1.004441e+00	6.161462e+00
173	-1.586848e+00	4.121974e-01	-1.586861e+00	0.000000e+00	3.499589e-03	-1.203579e-01	3.471715e-03	-7.963507e-01	8.377108e-01	2.857918e-02	1.004345e+00	6.164770e+00
174	-1.590380e+00	4.663409e-01	-1.590367e+00	5.074372e-01	-3.532777e-03	5.414349e-02	-3.505416e-03	5.074372e-01	8.377143e-01	2.852543e-02	1.004048e+00	6.169320e+00
175	-1.583951e+00	4.004293e-01	-1.583976e+00	0.000000e+00	6.429454e-03	-6.591161e-02	6.390646e-03	-5.074372e-01	8.377231e-01	2.843531e-02	1.003721e+00	6.172671e+00
176	-1.589271e+00	4.593655e-01	-1.589251e+00	1.320329e-01	-5.320281e-03	5.893624e-02	-5.274536e-03	1.320329e-01	8.377294e-01	2.836562e-02	1.004292e+00	6.166344e+00
177	-1.580849e+00	5.151753e-01	-1.580882e+00	7.812070e-01	8.422352e-03	5.580977e-02	8.368849e-03	6.491742e-01	8.377283e-01	2.835848e-02	1.005477e+00	6.174193e+00
178	-1.579466e+00	3.885781e-01	-1.579471e+00	0.000000e+00	1.383135e-03	-1.265972e-01	1.410423e-03	-7.812070e-01	8.377308e-01	2.812929e-02	1.005476e+00	6.174251e+00
179	-1.592779e+00	4.334254e-01	-1.592727e+00	0.000000e+00	-1.331336e-02	4.484724e-02	-1.325585e-02	0.000000e+00	8.377521e-01	2.805770e-02	1.007141e+00	6.168643e+00
180	-1.592190e+00	5.161612e-01	-1.592192e+00	3.923541e-01	5.887954e-04	8.273580e-02	5.347148e-04	3.923541e-01	8.377514e-01	2.796841e-02	1.007108e+00	6.163998e+00
181	-1.576953e+00	5.149646e-01	-1.577013e+00	0.000000e+00	1.523718e-02	-1.196531e-03	1.517974e-02	-3.923541e-01	8.377691e-01	2.796702e-02	1.004211e+00	6.164226e+00
182	-1.588031e+00	6.185576e-01	-1.587988e+00	0.000000e+00	-1.107778e-02	1.035930e-01	-1.097521e-02	0.000000e+00	8.377932e-01	2.774229e-02	1.007494e+00	6.133518e+00
183	-1.591651e+00	7.599667e-01	-1.591636e+00	2.551458e-01	-3.619708e-03	1.414091e-01	-3.648440e-03	2.551458e-01	8.378009e-01	2.744044e-02	1.008530e+00	6.093047e+00
184	-1.574122e+00	8.601223e-01	-1.574190e+00	0.000000e+00	1.752891e-02	1.001555e-01	1.744619e-02	-2.551458e-01	8.378010e-01	2.744101e-02	1.001215e+00	6.051252e+00
185	-1.592632e+00	1.041484e+00	-1.592560e+00	1.807210e+00	-1.851036e-02	1.813620e-01	-1.836991e-02	1.807210e+00	8.378688e-01	2.677677e-02	9.949167e-01	6.112965e+00
186	-1.581595e+00	8.414842e-01	-1.581638e+00	1.697351e-01	1.103680e-02	-2.000000e-01	1.092193e-02	-1.637475e+00	8.379049e-01	2.612207e-02	9.927280e-01	6.152626e+00
187	-1.570226e+00	9.341018e-01	-1.570271e+00	3.599026e-01	1.136883e-02	9.261755e-02	1.136709e-02	1.901675e-01	8.379018e-01	2.609674e-02	9.906259e-01	6.135501e+00
188	-1.570975e+00	9.820393e-01	-1.570972e+00	0.000000e+00	-7.480281e-04	4.793751e-02	-7.007034e-04	-3.599026e-01	8.379023e-01	2.606660e-02	9.908578e-01	6.120643e+00
189	-1.590595e+00	1.128795e+00	-1.590519e+00	1.102571e+00	-1.962073e-02	1.467560e-01	-1.954682e-02	1.102571e+00	8.379662e-01	2.558862e-02	9.887949e-01	6.136073e+00
190	-1.578267e+00	9.727826e-01	-1.578315e+00	0.000000e+00	1.232828e-02	-1.560127e-01	1.220377e-02	-1.102571e+00	8.380001e-01	2.515923e-02	9.878840e-01	6.147600e+00
191	-1.579640e+00	1.041535e+00	-1.579635e+00	4.928962e-01	-1.373468e-03	6.875259e-02	-1.320432e-03	4.928962e-01	8.380014e-01	2.509735e-02	9.878374e-01	6.149933e+00
192	-1.573744e+00	9.958892e-01	-1.573767e+00	0.000000e+00	5.896603e-03	-4.564591e-02	5.868411e-03	-4.928962e-01	8.380072e-01	2.505246e-02	9.872274e-01	6.154654e+00
193	-1.581351e+00	1.071408e+00	-1.581322e+00	0.000000e+00	-7.607629e-03	7.551837e-02	-7.554988e-03	0.000000e+00	8.380182e-01	2.494259e-02	9.888751e-01	6.138298e+00
194	-1.581048e+00	1.184508e+00	-1.581050e+00	1.781058e+00	3.029847e-04	1.131005e-01	2.722895e-04	1.781058e+00	8.380178e-01	2.479298e-02	9.890305e-01	6.196298e+00
195	-1.574481e+00	9.845081e-01	-1.574507e+00	0.000000e+00	6.567318e-03	-2.000000e-01	6.542728e-03	-1.781058e+00	8.380362e-01	2.423438e-02	9.873537e-01	6.247363e+00
196	-1.577360e+00	1.123616e+00	-1.577349e+00	0.000000e+00	-2.879255e-03	1.391078e-01	-2.842451e-03	0.000000e+00	8.380413e-01	2.398565e-02	9.885270e-01	6.190676e+00
197	-1.579071e+00	1.300259e+00	-1.579065e+00	1.046960e+00	-1.710994e-03	1.766433e-01	-1.715414e-03	1.046960e+00	8.380449e-01	2.361235e-02	9.885629e-01	6.186967e+00
198	-1.571087e+00	1.192313e+00	-1.571118e+00	4.257760e-01	7.984439e-03	-1.079466e-01	7.946549e-03	-6.211843e-01	8.380593e-01	2.341843e-02	9.887092e-01	6.184990e+00
199	-1.567577e+00	1.168038e+00	-1.567591e+00	0.000000e+00	3.510006e-03	-2.427416e-02	3.527336e-03	-4.257760e-01	8.380612e-01	2.340513e-02	9.882439e-01	6.188207e+00
200	-1.579392e+00	1.253273e+00	-1.579346e+00	1.735287e+00	-1.181464e-02	8.523416e-02	-1.175471e-02	1.735287e+00	8.380827e-01	2.324990e-02	9.814253e-01	6.237399e+00
201	-1.576902e+00	1.053273e+00	-1.576912e+00	1.336808e-01	2.489472e-03	-2.000000e-01	2.433830e-03	-1.601606e+00	8.380885e-01	2.278446e-02	9.810120e-01	6.270609e+00
202	-1.571957e+00	1.142945e+00	-1.571976e+00	1.399190e+00	4.945118e-03	8.967189e-02	4.935308e-03	1.265509e+00	8.380856e-01	2.273133e-02	9.826458e-01	6.300235e+00
203	-1.577363e+00	9.429445e-01	-1.577342e+00	0.000000e+00	-5.405924e-03	-2.000000e-01	-5.365529e-03	-1.399190e+00	8.380762e-01	2.238567e-02	9.829827e-01	6.312700e+00
204	-1.583463e+00	1.016663e+00	-1.583439e+00	7.722079e-01	-6.099958e-03	7.371873e-02	-6.097089e-03	7.722079e-01	8.380838e-01	2.229365e-02	9.820787e-01	6.323624e+00
205	-1.578097e+00	8.908340e-01	-1.578117e+00	9.046678e-01	5.366400e-03	-1.258293e-01	5.321621e-03	1.324599e-01	8.380930e-01	2.207844e-02	9.844127e-01	6.268898e+00
206	-1.578934e+00	6.908340e-01	-1.578930e+00	0.000000e+00	-8.371624e-04	-2.000000e-01	-8.131047e-04	-9.046678e-01	8.380913e-01	2.167755e-02	9.842762e-01	6.236306e+00
207	-1.584092e+00	6.807790e-01	-1.584072e+00	9.542187e-01	-5.158118e-03	-1.005501e-02	-5.141145e-03	9.542187e-01	8.380928e-01	2.168042e-02	9.817724e-01	6.231425e+00
208	-1.583855e+00	4.807790e-01	-1.583856e+00	9.001801e-01	2.371004e-04	-2.000000e-01	2.160916e-04	-5.403866e-02	8.380933e-01	2.127495e-02	9.819040e-01	6.120404e+00
209	-1.585391e+00	2.807790e-01	-1.585385e+00	0.000000e+00	-1.536738e-03	-2.000000e-01	-1.529891e-03	-9.001801e-01	8.380904e-01	2.090119e-02	9.816711e-01	6.090097e+00
210	-1.584235e+00	2.698500e-01	-1.584240e+00	5.773628e-01	1.156268e-03	-1.092898e-02	1.145775e-03	5.773628e-01	8.380906e-01	2.089909e-02	9.820241e-01	6.086760e+00
211	-1.584985e+00	1.193807e-01	-1.584982e+00	0.000000e+00	-7.498059e-04	-1.504693e-01	-7.424013e-04	-5.773628e-01	8.380896e-01	2.068490e-02	9.819047e-01	6.062785e+00
212	-1.587139e+00	1.036261e-01	-1.587130e+00	0.000000e+00	-2.153763e-03	-1.575464e-02	-2.148250e-03	0.000000e+00	8.380896e-01	2.068503e-02	9.818048e-01	6.062054e+00
213	-1.584679e+00	1.252683e-01	-1.584688e+00	0.000000e+00	2.460081e-03	2.164224e-02	2.442079e-03	0.000000e+00	8.380895e-01	2.068434e-02	9.816487e-01	6.060681e+00
214	-1.584419e+00	1.843151e-01	-1.584420e+00	2.460065e+00	2.601053e-04	5.904680e-02	2.686286e-04	2.460065e+00	8.380894e-01	2.065156e-02	9.819079e-01	6.119532e+00
215	-1.590464e+00	0.000000e+00	-1.590440e+00	2.412291e+00	-6.045354e-03	-1.843151e-01	-6.020690e-03	-4.777405e-02	8.380813e-01	2.040602e-02	9.788414e-01	6.026036e+00
216	-1.595418e+00	0.000000e+00	-1.595398e+00	1.882738e+00	-4.953796e-03	0.000000e+00	-4.957964e-03	-5.295534e-01	8.380832e-01	2.040602e-02	1.000000e+00	6.000000e+00
217	-1.596780e+00	0.000000e+00	-1.596774e+00	1.514343e+00	-1.362197e-03	0.000000e+00	-1.376243e-03	-3.683950e-01	8.380834e-01	2.040602e-02	1.000000e+00	6.000000e+00
218	-1.598034e+00	0.000000e+00	-1.598029e+00	0.000000e+00	-1.253862e-03	0.000000e+00	-1.254340e-03	-1.514343e+00	8.380835e-01	2.040602e-02	1.000000e+00	6.000000e+00
