#sequence delta(k-1),f(k-1),theta(k),v(k),delta_diff(k-1),f_diff(k-1),theta_diff(k),v_diff(k),phi(1,1;k),phi(1,2;k),phi(2,1;k),phi(2,2;k)
1	-6.319632e-01	0.000000e+00	-6.317910e-01	0.000000e+00	-6.319632e-01	0.000000e+00	-4.390028e-02	-5.589596e-03	8.528567e-01	1.000000e-01	1.000000e+00	8.000000e+00
2	-9.569911e-01	2.000000e-01	-9.557207e-01	1.784968e+00	-3.250279e-01	2.000000e-01	-3.239297e-01	1.784968e+00	8.624593e-01	9.409117e-02	9.266072e-01	8.045161e+00
3	-7.682620e-01	3.937387e-01	-7.689943e-01	3.454345e+00	1.887290e-01	1.937387e-01	1.867265e-01	1.669377e+00	8.629546e-01	9.459954e-02	9.210585e-01	8.039465e+00
4	-6.134271e-01	5.448760e-01	-6.140348e-01	4.163513e+00	1.548350e-01	1.511373e-01	1.549595e-01	7.091682e-01	8.634609e-01	9.509384e-02	8.744539e-01	7.993973e+00
5	-6.173392e-01	7.448760e-01	-6.173263e-01	6.835189e+00	-3.912091e-03	2.000000e-01	-3.291499e-03	2.671676e+00	8.634954e-01	9.333055e-02	8.724931e-01	8.094216e+00
6	-6.643010e-01	6.774358e-01	-6.641175e-01	7.802474e+00	-4.696183e-02	-6.744017e-02	-4.679125e-02	9.672845e-01	8.634942e-01	9.332881e-02	8.379419e-01	8.044599e+00
7	-6.620745e-01	5.505576e-01	-6.620825e-01	7.768433e+00	2.226452e-03	-1.268782e-01	2.034976e-03	-3.404062e-02	8.635068e-01	9.261414e-02	8.389751e-01	7.985723e+00
8	-6.432353e-01	5.445008e-01	-6.433090e-01	1.025927e+01	1.883920e-02	-6.056796e-03	1.877356e-02	2.490840e+00	8.635342e-01	9.260532e-02	8.615516e-01	7.978465e+00
9	-6.561844e-01	3.445008e-01	-6.561341e-01	1.014936e+01	-1.294906e-02	-2.000000e-01	-1.282514e-02	-1.099115e-01	8.634324e-01	9.103349e-02	8.525255e-01	7.839055e+00
10	-6.961517e-01	2.356636e-01	-6.959954e-01	8.885100e+00	-3.996730e-02	-1.088372e-01	-3.986127e-02	-1.264262e+00	8.633465e-01	9.079955e-02	8.596350e-01	7.858416e+00
11	-7.134811e-01	4.356636e-01	-7.134128e-01	1.073351e+01	-1.732943e-02	2.000000e-01	-1.741745e-02	1.848407e+00	8.635129e-01	8.887971e-02	8.572820e-01	7.885572e+00
12	-7.205196e-01	6.356636e-01	-7.204919e-01	1.169465e+01	-7.038492e-03	2.000000e-01	-7.079034e-03	9.611451e-01	8.635744e-01	8.713090e-02	8.592811e-01	7.828766e+00
13	-7.463902e-01	8.356636e-01	-7.462890e-01	1.363780e+01	-2.587058e-02	2.000000e-01	-2.579718e-02	1.943144e+00	8.638259e-01	8.518663e-02	8.544683e-01	7.865974e+00
14	-8.110015e-01	9.578640e-01	-8.107487e-01	1.291310e+01	-6.461126e-02	1.222003e-01	-6.445964e-02	-7.246942e-01	8.644052e-01	8.409096e-02	9.040417e-01	7.772214e+00
15	-8.679730e-01	1.157864e+00	-8.677495e-01	1.545245e+01	-5.697158e-02	2.000000e-01	-5.700083e-02	2.539344e+00	8.650561e-01	8.180598e-02	8.765886e-01	7.868589e+00
16	-9.536266e-01	1.217551e+00	-9.532911e-01	1.561475e+01	-8.565353e-02	5.968706e-02	-8.554160e-02	1.623022e-01	8.657169e-01	8.134553e-02	8.859873e-01	7.862040e+00
17	-1.109520e+00	1.376696e+00	-1.108910e+00	1.561120e+01	-1.558936e-01	1.591453e-01	-1.556187e-01	-3.545944e-03	8.681451e-01	7.886672e-02	9.666712e-01	7.779673e+00
18	-1.256865e+00	1.576696e+00	-1.256287e+00	1.743207e+01	-1.473450e-01	2.000000e-01	-1.473773e-01	1.820867e+00	8.705372e-01	7.561969e-02	9.390135e-01	7.817214e+00
19	-1.550661e+00	1.706564e+00	-1.549512e+00	1.839587e+01	-2.937963e-01	1.298679e-01	-2.932244e-01	9.638001e-01	8.768122e-01	7.284595e-02	9.092243e-01	7.830382e+00
20	-1.953227e+00	1.826346e+00	-1.951650e+00	2.054273e+01	-4.025652e-01	1.197818e-01	-4.021381e-01	2.146865e+00	8.869845e-01	6.981921e-02	6.324749e-01	7.912728e+00
21	-2.302440e+00	1.701562e+00	-2.301069e+00	1.815085e+01	-3.492131e-01	-1.247841e-01	-3.494198e-01	-2.391882e+00	8.917898e-01	7.153628e-02	8.161796e-01	7.978371e+00
22	-2.307758e+00	1.901562e+00	-2.307732e+00	2.012575e+01	-5.318744e-03	2.000000e-01	-6.662889e-03	1.974901e+00	8.918300e-01	7.002496e-02	8.152296e-01	8.014095e+00
23	-2.098451e+00	2.007433e+00	-2.099268e+00	2.098059e+01	2.093076e-01	1.058709e-01	2.084639e-01	8.548365e-01	8.932217e-01	7.072893e-02	7.993362e-01	8.006056e+00
24	-1.937100e+00	2.112700e+00	-1.937733e+00	2.255071e+01	1.613512e-01	1.052670e-01	1.615352e-01	1.570118e+00	8.939717e-01	7.121824e-02	8.443609e-01	8.035430e+00
25	-1.947563e+00	2.058869e+00	-1.947525e+00	2.232672e+01	-1.046327e-02	-5.383039e-02	-9.791400e-03	-2.239910e-01	8.939549e-01	7.113153e-02	8.432820e-01	8.029880e+00
26	-1.825927e+00	2.099296e+00	-1.826402e+00	2.330519e+01	1.216360e-01	4.042699e-02	1.211226e-01	9.784777e-01	8.944998e-01	7.131266e-02	8.748739e-01	8.040380e+00
27	-1.640991e+00	2.071430e+00	-1.641715e+00	2.364151e+01	1.849365e-01	-2.786653e-02	1.846873e-01	3.363119e-01	8.963344e-01	7.103623e-02	9.092847e-01	8.035195e+00
28	-1.526685e+00	2.056621e+00	-1.527134e+00	2.393373e+01	1.143058e-01	-1.480922e-02	1.145808e-01	2.922250e-01	8.970451e-01	7.094415e-02	9.258586e-01	8.033048e+00
29	-1.415198e+00	2.075684e+00	-1.415635e+00	2.438493e+01	1.114868e-01	1.906312e-02	1.114989e-01	4.511995e-01	8.975785e-01	7.103537e-02	9.361112e-01	8.034801e+00
30	-1.253391e+00	2.113586e+00	-1.254025e+00	2.368931e+01	1.618066e-01	3.790262e-02	1.616101e-01	-6.956199e-01	8.986159e-01	7.127837e-02	8.488048e-01	8.014349e+00
31	-1.115527e+00	2.313586e+00	-1.116068e+00	2.627889e+01	1.378642e-01	2.000000e-01	1.379569e-01	2.589583e+00	8.986041e-01	7.126123e-02	9.041249e-01	8.094603e+00
32	-1.033980e+00	2.234248e+00	-1.034301e+00	2.609053e+01	8.154685e-02	-7.933806e-02	8.176720e-02	-1.883587e-01	8.991483e-01	7.073169e-02	9.187542e-01	8.080370e+00
33	-9.381256e-01	2.201461e+00	-9.385013e-01	2.546442e+01	9.585474e-02	-3.278765e-02	9.579971e-02	-6.261118e-01	8.996888e-01	7.054682e-02	8.984042e-01	8.087330e+00
34	-8.402927e-01	2.339584e+00	-8.406763e-01	2.531541e+01	9.783291e-02	1.381238e-01	9.782497e-02	-1.490093e-01	8.996916e-01	7.055080e-02	8.363736e-01	7.999753e+00
35	-8.081215e-01	2.539584e+00	-8.082487e-01	2.640528e+01	3.217113e-02	2.000000e-01	3.242759e-02	1.089870e+00	8.995325e-01	6.956157e-02	8.283327e-01	7.949765e+00
36	-7.355219e-01	2.720789e+00	-7.358060e-01	2.874370e+01	7.259966e-02	1.812049e-01	7.244274e-02	2.338414e+00	8.993475e-01	6.909973e-02	8.566819e-01	8.020523e+00
37	-6.319251e-01	2.591766e+00	-6.323309e-01	2.841433e+01	1.035968e-01	-1.290235e-01	1.034751e-01	-3.293692e-01	9.002805e-01	6.793765e-02	8.866198e-01	7.983238e+00
38	-6.295608e-01	2.471544e+00	-6.295716e-01	2.665596e+01	2.364295e-03	-1.202221e-01	2.759259e-03	-1.758372e+00	9.002903e-01	6.743882e-02	8.857270e-01	8.028634e+00
39	-7.036473e-01	2.670586e+00	-7.033580e-01	2.763255e+01	-7.408649e-02	1.990418e-01	-7.378631e-02	9.765961e-01	9.009962e-01	6.554247e-02	9.048554e-01	7.977243e+00
40	-7.339841e-01	2.855028e+00	-7.338644e-01	2.934421e+01	-3.033675e-02	1.844429e-01	-3.050648e-02	1.711660e+00	9.012123e-01	6.422831e-02	9.010632e-01	8.000300e+00
41	-7.005352e-01	2.827469e+00	-7.006654e-01	2.924194e+01	3.344883e-02	-2.755992e-02	3.319900e-02	-1.022679e-01	9.012889e-01	6.416521e-02	9.024613e-01	7.999148e+00
42	-7.210565e-01	2.798532e+00	-7.209769e-01	2.898712e+01	-2.052128e-02	-2.893677e-02	-2.031143e-02	-2.548281e-01	9.012885e-01	6.416465e-02	9.025085e-01	7.999214e+00
43	-7.730549e-01	2.821614e+00	-7.728514e-01	2.947349e+01	-5.199835e-02	2.308181e-02	-5.187457e-02	4.863745e-01	9.014486e-01	6.409361e-02	8.939106e-01	8.003031e+00
44	-7.686016e-01	2.794867e+00	-7.686182e-01	2.973763e+01	4.453255e-03	-2.674611e-02	4.233225e-03	2.641388e-01	9.014527e-01	6.406906e-02	8.949133e-01	7.997008e+00
45	-7.489852e-01	2.732220e+00	-7.490619e-01	2.839617e+01	1.961637e-02	-6.264755e-02	1.955628e-02	-1.341455e+00	9.015074e-01	6.389426e-02	8.869357e-01	8.022486e+00
46	-7.752888e-01	2.923292e+00	-7.751863e-01	2.922609e+01	-2.630356e-02	1.910720e-01	-2.612442e-02	8.299130e-01	9.016867e-01	6.259159e-02	8.952721e-01	7.961930e+00
47	-7.965620e-01	3.085076e+00	-7.964785e-01	2.963014e+01	-2.127321e-02	1.617845e-01	-2.129216e-02	4.040506e-01	9.018088e-01	6.166358e-02	9.038981e-01	7.896328e+00
48	-7.723949e-01	3.236083e+00	-7.724890e-01	3.125290e+01	2.416711e-02	1.510066e-01	2.398953e-02	1.622764e+00	9.017280e-01	6.115905e-02	9.085334e-01	7.925292e+00
49	-7.654371e-01	3.115359e+00	-7.654646e-01	2.981236e+01	6.957809e-03	-1.207240e-01	7.024339e-03	-1.440545e+00	9.017547e-01	6.069602e-02	9.069254e-01	7.953192e+00
50	-7.739583e-01	3.177098e+00	-7.739252e-01	3.111047e+01	-8.521267e-03	6.173860e-02	-8.460542e-03	1.298114e+00	9.017730e-01	6.056362e-02	9.036338e-01	7.977041e+00
51	-7.497206e-01	3.020975e+00	-7.498151e-01	2.993930e+01	2.423776e-02	-1.561222e-01	2.411003e-02	-1.171166e+00	9.019061e-01	5.970605e-02	9.042287e-01	7.973208e+00
52	-6.649109e-01	3.016330e+00	-6.652426e-01	3.043105e+01	8.480970e-02	-4.645635e-03	8.457259e-02	4.917434e-01	9.022417e-01	5.968767e-02	9.223758e-01	7.972214e+00
53	-4.901331e-01	2.943323e+00	-4.908171e-01	3.010540e+01	1.747778e-01	-7.300691e-02	1.744255e-01	-3.256446e-01	9.039618e-01	5.896915e-02	9.301377e-01	7.968972e+00
54	-1.273959e-01	2.918311e+00	-1.288155e-01	2.962732e+01	3.627372e-01	-2.501165e-02	3.620016e-01	-4.780875e-01	9.097115e-01	5.857269e-02	8.305548e-01	7.975839e+00
55	5.362536e-01	2.998384e+00	5.336557e-01	2.895304e+01	6.636496e-01	8.007234e-02	6.624712e-01	-6.742778e-01	9.236387e-01	6.025308e-02	3.502354e-01	7.917886e+00
56	8.607109e-01	3.198384e+00	8.594333e-01	3.087644e+01	3.244572e-01	2.000000e-01	3.257776e-01	1.923403e+00	9.256568e-01	6.149706e-02	3.827345e-01	7.937919e+00
57	7.633802e-01	3.126105e+00	7.637554e-01	2.988360e+01	-9.733065e-02	-7.227870e-02	-9.567788e-02	-9.928455e-01	9.257090e-01	6.153586e-02	4.002594e-01	7.950933e+00
58	7.238249e-01	3.180793e+00	7.239809e-01	2.955593e+01	-3.955532e-02	5.468820e-02	-3.977454e-02	-3.276690e-01	9.258313e-01	6.136679e-02	4.142564e-01	7.931581e+00
59	8.259223e-01	3.312672e+00	8.255241e-01	3.112814e+01	1.020974e-01	1.318790e-01	1.015432e-01	1.572211e+00	9.257799e-01	6.130039e-02	4.374022e-01	7.961479e+00
60	6.466169e-01	3.162538e+00	6.473158e-01	3.234985e+01	-1.793054e-01	-1.501342e-01	-1.782083e-01	1.221708e+00	9.260293e-01	6.150917e-02	2.305237e-01	7.788257e+00
61	2.462324e-01	2.962538e+00	2.477991e-01	3.055401e+01	-4.003846e-01	-2.000000e-01	-3.995167e-01	-1.795836e+00	9.288724e-01	6.292940e-02	2.557430e-01	7.800855e+00
62	-5.216499e-02	2.882447e+00	-5.099325e-02	3.007697e+01	-2.983974e-01	-8.009131e-02	-2.987924e-01	-4.770374e-01	9.311153e-01	6.353139e-02	2.254322e-01	7.792719e+00
63	-2.120785e-01	2.807716e+00	-2.114493e-01	2.980117e+01	-1.599136e-01	-7.473008e-02	-1.604560e-01	-2.757985e-01	9.316247e-01	6.376943e-02	1.998077e-01	7.780744e+00
64	-4.228641e-01	2.727421e+00	-4.220382e-01	2.814888e+01	-2.107855e-01	-8.029589e-02	-2.105889e-01	-1.652293e+00	9.325128e-01	6.410773e-02	2.960229e-01	7.817396e+00
65	-6.339178e-01	2.926245e+00	-6.330902e-01	2.986063e+01	-2.110538e-01	1.988243e-01	-2.110520e-01	1.711747e+00	9.351092e-01	6.166179e-02	2.748638e-01	7.837329e+00
66	-6.694329e-01	2.865069e+00	-6.692910e-01	2.946712e+01	-3.551510e-02	-6.117601e-02	-3.620079e-02	-3.935069e-01	9.350960e-01	6.163912e-02	2.732532e-01	7.834555e+00
67	-6.906804e-01	2.793114e+00	-6.905968e-01	2.681790e+01	-2.124741e-02	-7.195532e-02	-2.130583e-02	-2.649222e+00	9.350658e-01	6.153695e-02	2.941835e-01	7.905436e+00
68	-7.978774e-01	2.993114e+00	-7.974583e-01	2.832567e+01	-1.071970e-01	2.000000e-01	-1.068615e-01	1.507770e+00	9.360057e-01	5.978349e-02	2.962575e-01	7.901567e+00
69	-8.146536e-01	3.037346e+00	-8.145865e-01	2.799579e+01	-1.677623e-02	4.423247e-02	-1.712812e-02	-3.298814e-01	9.360380e-01	5.969808e-02	3.016258e-01	7.887413e+00
70	-7.989544e-01	3.137806e+00	-7.990155e-01	2.940036e+01	1.569920e-02	1.004597e-01	1.557097e-02	1.404577e+00	9.360001e-01	5.945495e-02	3.061325e-01	7.916251e+00
71	-8.344721e-01	2.951922e+00	-8.343336e-01	2.771619e+01	-3.551769e-02	-1.858838e-01	-3.531813e-02	-1.684175e+00	9.358512e-01	5.867618e-02	3.094771e-01	7.933756e+00
72	-8.623936e-01	2.953787e+00	-8.622840e-01	2.781940e+01	-2.792151e-02	1.865545e-03	-2.795040e-02	1.032122e-01	9.358768e-01	5.867447e-02	3.081904e-01	7.933842e+00
73	-8.335279e-01	2.910211e+00	-8.336403e-01	2.778783e+01	2.886570e-02	-4.357686e-02	2.864376e-02	-3.157420e-02	9.359341e-01	5.858794e-02	3.123702e-01	7.927532e+00
74	-8.070867e-01	2.813612e+00	-8.071905e-01	2.800464e+01	2.644120e-02	-9.659901e-02	2.644980e-02	2.168141e-01	9.360261e-01	5.825182e-02	3.245465e-01	7.883047e+00
75	-8.091389e-01	2.613612e+00	-8.091312e-01	2.568021e+01	-2.052122e-03	-2.000000e-01	-1.940786e-03	-2.324432e+00	9.360150e-01	5.716860e-02	3.252605e-01	7.952635e+00
76	-7.933436e-01	2.757039e+00	-7.934053e-01	2.798658e+01	1.579527e-02	1.434274e-01	1.572599e-02	2.306369e+00	9.359611e-01	5.667921e-02	3.338786e-01	8.030890e+00
77	-7.035882e-01	2.557039e+00	-7.039390e-01	2.595628e+01	8.975541e-02	-2.000000e-01	8.946623e-02	-2.030302e+00	9.366603e-01	5.512117e-02	3.149732e-01	8.073017e+00
78	-6.446041e-01	2.584100e+00	-6.448359e-01	2.747406e+01	5.898410e-02	2.706129e-02	5.910317e-02	1.517784e+00	9.367264e-01	5.515148e-02	3.507808e-01	8.089445e+00
79	-5.568510e-01	2.384100e+00	-5.571947e-01	2.584452e+01	8.775308e-02	-2.000000e-01	8.764116e-02	-1.629536e+00	9.373970e-01	5.362320e-02	3.490534e-01	8.093382e+00
80	-3.439478e-01	2.314476e+00	-3.447808e-01	2.500081e+01	2.129032e-01	-6.962414e-02	2.124139e-01	-8.437098e-01	9.390319e-01	5.308854e-02	3.140777e-01	8.104820e+00
81	-1.138099e-01	2.332254e+00	-1.147121e-01	2.391993e+01	2.301379e-01	1.777815e-02	2.300686e-01	-1.080883e+00	9.404181e-01	5.319562e-02	1.759475e-01	8.094149e+00
82	-7.811371e-02	2.530018e+00	-7.825668e-02	2.609589e+01	3.569621e-02	1.977634e-01	3.645547e-02	2.175957e+00	9.402912e-01	5.249269e-02	1.854035e-01	8.146537e+00
83	-4.247218e-02	2.330018e+00	-4.261196e-02	2.461795e+01	3.564154e-02	-2.000000e-01	3.564472e-02	-1.477941e+00	9.405007e-01	5.131711e-02	1.878047e-01	8.133063e+00
84	-2.734030e-02	2.221719e+00	-2.739996e-02	2.269701e+01	1.513187e-02	-1.082983e-01	1.521200e-02	-1.920935e+00	9.405474e-01	5.098279e-02	1.803527e-01	8.186397e+00
85	-7.581150e-02	2.395307e+00	-7.562239e-02	2.555268e+01	-4.847120e-02	1.735876e-01	-4.822243e-02	2.855674e+00	9.408076e-01	5.005110e-02	1.476522e-01	8.303506e+00
86	-2.300590e-01	2.195307e+00	-2.294557e-01	2.490334e+01	-1.542475e-01	-2.000000e-01	-1.538334e-01	-6.493453e-01	9.407157e-01	4.993196e-02	7.422592e-02	8.208300e+00
87	-3.378648e-01	1.995307e+00	-3.374413e-01	2.357694e+01	-1.078058e-01	-2.000000e-01	-1.079856e-01	-1.326394e+00	9.405452e-01	4.961566e-02	5.808864e-02	8.178362e+00
88	-2.628306e-01	1.818522e+00	-2.631220e-01	2.282669e+01	7.503422e-02	-1.767852e-01	7.431930e-02	-7.502550e-01	9.409832e-01	4.858356e-02	8.227777e-02	8.121371e+00
89	-3.651125e-02	1.630566e+00	-3.739644e-02	2.039999e+01	2.263193e-01	-1.879562e-01	2.257256e-01	-2.426704e+00	9.432393e-01	4.670992e-02	-1.240423e-02	8.200004e+00
90	6.916820e-02	1.804086e+00	6.875193e-02	2.137044e+01	1.056794e-01	1.735208e-01	1.061484e-01	9.704572e-01	9.431588e-01	4.657766e-02	-3.459067e-02	8.163575e+00
91	1.141720e-01	1.827198e+00	1.139945e-01	2.111113e+01	4.500377e-02	2.311195e-02	4.524261e-02	-2.593128e-01	9.431955e-01	4.659653e-02	-4.412176e-02	8.158680e+00
92	1.898069e-01	1.821533e+00	1.895108e-01	2.159607e+01	7.563493e-02	-5.665491e-03	7.551621e-02	4.849438e-01	9.433546e-01	4.658461e-02	-2.497394e-02	8.157246e+00
93	2.433685e-01	1.621533e+00	2.431581e-01	1.992472e+01	5.356158e-02	-2.000000e-01	5.364734e-02	-1.671356e+00	9.436644e-01	4.542791e-02	-2.593462e-02	8.160833e+00
94	2.331693e-01	1.578253e+00	2.332084e-01	1.992122e+01	-1.019914e-02	-4.327992e-02	-9.949740e-03	-3.495805e-03	9.436564e-01	4.539421e-02	-2.762584e-02	8.153656e+00
95	1.935018e-01	1.460757e+00	1.936569e-01	1.858678e+01	-3.966755e-02	-1.174955e-01	-3.955147e-02	-1.334445e+00	9.435963e-01	4.521617e-02	-2.056680e-02	8.174565e+00
96	1.672815e-01	1.500240e+00	1.673845e-01	1.873813e+01	-2.622032e-02	3.948254e-02	-2.627240e-02	1.513482e-01	9.436376e-01	4.515404e-02	-1.842771e-02	8.171344e+00
97	1.688006e-01	1.470139e+00	1.687950e-01	1.723902e+01	1.519099e-03	-3.010069e-02	1.410539e-03	-1.499106e+00	9.436385e-01	4.513495e-02	-1.933151e-02	8.189253e+00
98	1.628255e-01	1.652732e+00	1.628489e-01	1.666193e+01	-5.975004e-03	1.825932e-01	-5.946154e-03	-5.770901e-01	9.436624e-01	4.440563e-02	-1.354602e-02	8.012451e+00
99	1.423122e-01	1.852732e+00	1.423924e-01	1.840723e+01	-2.051339e-02	2.000000e-01	-2.045648e-02	1.745301e+00	9.437577e-01	4.347632e-02	-1.490732e-02	8.025724e+00
100	1.173717e-01	1.698616e+00	1.174695e-01	1.733346e+01	-2.494042e-02	-1.541167e-01	-2.492290e-02	-1.073773e+00	9.436955e-01	4.309190e-02	-1.681219e-02	8.013953e+00
101	9.652461e-02	1.563676e+00	9.660643e-02	1.636121e+01	-2.084714e-02	-1.349400e-01	-2.086306e-02	-9.722435e-01	9.436501e-01	4.279818e-02	-1.787971e-02	8.007043e+00
102	8.722071e-02	1.480265e+00	8.725738e-02	1.563425e+01	-9.303897e-03	-8.341078e-02	-9.349050e-03	-7.269611e-01	9.436369e-01	4.267972e-02	-1.761877e-02	8.009382e+00
103	7.756017e-02	1.441357e+00	7.759805e-02	1.534448e+01	-9.660539e-03	-3.890800e-02	-9.659322e-03	-2.897694e-01	9.436318e-01	4.265909e-02	-1.771822e-02	8.008982e+00
104	5.259843e-02	1.377575e+00	5.269608e-02	1.396755e+01	-2.496175e-02	-6.378229e-02	-2.490197e-02	-1.376931e+00	9.436156e-01	4.261757e-02	-7.467820e-03	8.035173e+00
105	2.841597e-02	1.491189e+00	2.851081e-02	1.506423e+01	-2.418246e-02	1.136142e-01	-2.418527e-02	1.096682e+00	9.436864e-01	4.228478e-02	-9.562550e-03	8.045015e+00
106	1.764752e-02	1.355864e+00	1.768996e-02	1.299570e+01	-1.076844e-02	-1.353251e-01	-1.082085e-02	-2.068536e+00	9.436607e-01	4.196228e-02	-4.595882e-03	8.107430e+00
107	1.008359e-02	1.469250e+00	1.011331e-02	1.331132e+01	-7.563929e-03	1.133864e-01	-7.576652e-03	3.156162e-01	9.436793e-01	4.168418e-02	-2.440816e-03	8.075125e+00
108	-9.608991e-03	1.487917e+00	-9.531951e-03	1.357622e+01	-1.969258e-02	1.866710e-02	-1.964526e-02	2.649031e-01	9.436965e-01	4.166787e-02	-3.507861e-03	8.076136e+00
109	-2.728452e-02	1.346017e+00	-2.721517e-02	1.226638e+01	-1.767552e-02	-1.419005e-01	-1.768322e-02	-1.309839e+00	9.436557e-01	4.134029e-02	-2.145762e-03	8.087071e+00
110	-3.641804e-02	1.290259e+00	-3.638209e-02	1.263565e+01	-9.133523e-03	-5.575759e-02	-9.166920e-03	3.692696e-01	9.436481e-01	4.129383e-02	-5.698317e-03	8.065384e+00
111	-4.379252e-02	1.090259e+00	-4.376357e-02	1.147613e+01	-7.374481e-03	-2.000000e-01	-7.381483e-03	-1.159524e+00	9.436212e-01	4.056401e-02	-7.255721e-03	8.023146e+00
112	-5.335081e-02	9.353768e-01	-5.331336e-02	1.143844e+01	-9.558290e-03	-1.548823e-01	-9.549787e-03	-3.768164e-02	9.435954e-01	4.014585e-02	-1.266108e-02	7.935558e+00
113	-6.087295e-02	7.353768e-01	-6.084342e-02	9.638135e+00	-7.522138e-03	-2.000000e-01	-7.530059e-03	-1.800309e+00	9.435687e-01	3.943831e-02	-1.191394e-02	7.955423e+00
114	-6.505738e-02	7.212431e-01	-6.504091e-02	1.044183e+01	-4.184428e-03	-1.413367e-02	-4.197497e-03	8.036940e-01	9.435681e-01	3.943624e-02	-1.373456e-02	7.949274e+00
115	-6.649610e-02	5.212431e-01	-6.649042e-02	9.030890e+00	-1.438727e-03	-2.000000e-01	-1.449504e-03	-1.410939e+00	9.435629e-01	3.871021e-02	-1.385442e-02	7.932612e+00
116	-6.795532e-02	4.228965e-01	-6.794960e-02	8.034744e+00	-1.459221e-03	-9.834667e-02	-1.459183e-03	-9.961457e-01	9.435603e-01	3.853705e-02	-1.370541e-02	7.942654e+00
117	-6.939863e-02	4.222489e-01	-6.939297e-02	8.324888e+00	-1.443312e-03	-6.475492e-04	-1.443374e-03	2.901437e-01	9.435604e-01	3.853707e-02	-1.390783e-02	7.942564e+00
118	-6.956622e-02	3.015607e-01	-6.956554e-02	7.400649e+00	-1.675825e-04	-1.206882e-01	-1.725661e-04	-9.242389e-01	9.435600e-01	3.827319e-02	-1.391055e-02	7.940610e+00
119	-6.899861e-02	2.312689e-01	-6.900083e-02	6.498158e+00	5.676064e-04	-7.029174e-02	5.647151e-04	-9.024906e-01	9.435607e-01	3.818262e-02	-1.400315e-02	7.952078e+00
120	-6.861226e-02	2.425859e-01	-6.861378e-02	6.263165e+00	3.863472e-04	1.131698e-02	3.870440e-04	-2.349935e-01	9.435607e-01	3.818042e-02	-1.406279e-02	7.950331e+00
121	-6.832278e-02	2.336716e-01	-6.832391e-02	6.568945e+00	2.894864e-04	-8.914344e-03	2.898675e-04	3.057803e-01	9.435607e-01	3.817890e-02	-1.401100e-02	7.948736e+00
122	-6.755650e-02	6.715127e-02	-6.755950e-02	6.252464e+00	7.662741e-04	-1.665203e-01	7.644132e-04	-3.164809e-01	9.435630e-01	3.767969e-02	-1.364943e-02	7.870162e+00
123	-6.619567e-02	0.000000e+00	-6.620099e-02	4.400707e+00	1.360836e-03	-6.715127e-02	1.358506e-03	-1.851757e+00	9.435647e-01	3.759679e-02	-1.450284e-02	7.912275e+00
124	-6.539324e-02	0.000000e+00	-6.539640e-02	3.461993e+00	8.024250e-04	0.000000e+00	8.045972e-04	-9.387143e-01	9.435647e-01	3.759679e-02	1.000000e+00	8.000000e+00
125	-6.518648e-02	1.061513e-01	-6.518730e-02	4.832839e+00	2.067593e-04	1.061513e-01	2.090946e-04	1.370847e+00	9.435643e-01	3.739739e-02	1.000051e+00	8.026144e+00
126	-6.456231e-02	0.000000e+00	-6.456475e-02	3.297089e+00	6.241775e-04	-1.061513e-01	6.225561e-04	-1.535750e+00	9.435655e-01	3.719666e-02	9.998491e-01	8.060459e+00
