#sequence delta(k-1),f(k-1),theta(k),v(k),delta_diff(k-1),f_diff(k-1),theta_diff(k),v_diff(k),phi(1,1;k),phi(1,2;k),phi(2,1;k),phi(2,2;k)
1	-8.758373e-01	0.000000e+00	-8.762137e-01	2.226033e-01	-8.758373e-01	0.000000e+00	9.598438e-02	2.185039e-01	7.077798e-01	1.000000e-01	1.000000e+00	1.200000e+01
2	-8.887883e-01	2.000000e-01	-8.887392e-01	2.296502e+00	-1.295101e-02	2.000000e-01	-1.252548e-02	2.073899e+00	7.079207e-01	9.782458e-02	1.001888e+00	1.197084e+01
3	-1.325486e+00	3.932792e-01	-1.323780e+00	4.820321e+00	-4.366978e-01	1.932792e-01	-4.350409e-01	2.523819e+00	7.348825e-01	8.589150e-02	8.813007e-01	1.202421e+01
4	-1.108141e+00	4.661976e-01	-1.108984e+00	6.734035e+00	2.173446e-01	7.291843e-02	2.147962e-01	1.913714e+00	7.397926e-01	8.753882e-02	9.663420e-01	1.205274e+01
5	-7.644474e-01	4.446865e-01	-7.657932e-01	5.852179e+00	3.436941e-01	-2.151111e-02	3.431906e-01	-8.818559e-01	7.537881e-01	8.666287e-02	8.192048e-01	1.206195e+01
6	-7.497327e-01	6.446865e-01	-7.497955e-01	9.463608e+00	1.471464e-02	2.000000e-01	1.599775e-02	3.611429e+00	7.537030e-01	8.550562e-02	8.273377e-01	1.217249e+01
7	-9.322115e-01	6.314461e-01	-9.314989e-01	9.653608e+00	-1.824788e-01	-1.324035e-02	-1.817035e-01	1.900002e-01	7.573719e-01	8.577183e-02	7.845300e-01	1.216938e+01
8	-9.477171e-01	7.029023e-01	-9.476538e-01	9.627207e+00	-1.550561e-02	7.145615e-02	-1.615482e-02	-2.640125e-02	7.574493e-01	8.541503e-02	7.910220e-01	1.213946e+01
9	-8.458047e-01	9.029023e-01	-8.462026e-01	1.136932e+01	1.019124e-01	2.000000e-01	1.014512e-01	1.742116e+00	7.577881e-01	8.607988e-02	7.548339e-01	1.206845e+01
10	-8.233785e-01	1.102902e+00	-8.234677e-01	1.287993e+01	2.242620e-02	2.000000e-01	2.273489e-02	1.510605e+00	7.576683e-01	8.501135e-02	7.452281e-01	1.198278e+01
11	-8.605282e-01	1.302902e+00	-8.603835e-01	1.567027e+01	-3.714972e-02	2.000000e-01	-3.691580e-02	2.790338e+00	7.581138e-01	8.261275e-02	7.379416e-01	1.202201e+01
12	-8.557301e-01	1.304818e+00	-8.557483e-01	1.557519e+01	4.798126e-03	1.916088e-03	4.635181e-03	-9.507501e-02	7.581157e-01	8.261351e-02	7.376643e-01	1.202190e+01
13	-7.978023e-01	1.425560e+00	-7.980286e-01	1.758877e+01	5.792786e-02	1.207414e-01	5.771968e-02	2.013577e+00	7.582201e-01	8.283115e-02	7.518264e-01	1.205142e+01
14	-7.726169e-01	1.422731e+00	-7.727162e-01	1.775108e+01	2.518532e-02	-2.828804e-03	2.531241e-02	1.623164e-01	7.582973e-01	8.282248e-02	7.539488e-01	1.205118e+01
15	-7.548619e-01	1.506883e+00	-7.549316e-01	1.850037e+01	1.775505e-02	8.415199e-02	1.778457e-02	7.492824e-01	7.582750e-01	8.271700e-02	7.516109e-01	1.204010e+01
16	-6.966432e-01	1.643067e+00	-6.968709e-01	1.903946e+01	5.821871e-02	1.361837e-01	5.806076e-02	5.390946e-01	7.583475e-01	8.288658e-02	7.203092e-01	1.196688e+01
17	-6.080146e-01	1.843067e+00	-6.083617e-01	2.216770e+01	8.862854e-02	2.000000e-01	8.850914e-02	3.128234e+00	7.585416e-01	8.332455e-02	7.478980e-01	1.202913e+01
18	-5.096138e-01	1.763388e+00	-5.099996e-01	2.092652e+01	9.840079e-02	-7.967893e-02	9.836215e-02	-1.241179e+00	7.599494e-01	8.218463e-02	7.313766e-01	1.204251e+01
19	-3.480526e-01	1.917500e+00	-3.486852e-01	2.332070e+01	1.615612e-01	1.541121e-01	1.613144e-01	2.394181e+00	7.618864e-01	8.403237e-02	7.628333e-01	1.207252e+01
20	-1.090821e-01	1.884034e+00	-1.100181e-01	2.370122e+01	2.389705e-01	-3.346623e-02	2.386672e-01	3.805276e-01	7.684394e-01	8.311466e-02	8.292619e-01	1.206321e+01
21	2.216925e-01	1.857651e+00	2.203967e-01	2.322494e+01	3.307746e-01	-2.638237e-02	3.304148e-01	-4.762816e-01	7.801188e-01	8.218312e-02	7.648805e-01	1.206835e+01
22	4.092692e-01	1.989016e+00	4.085314e-01	2.308691e+01	1.875767e-01	1.313651e-01	1.881347e-01	-1.380283e-01	7.828108e-01	8.406845e-02	6.027950e-01	1.195484e+01
23	2.511444e-01	2.189016e+00	2.517592e-01	2.388576e+01	-1.581247e-01	2.000000e-01	-1.567721e-01	7.988481e-01	7.864338e-01	7.948600e-02	7.116798e-01	1.181712e+01
24	1.039736e-01	2.389016e+00	1.045509e-01	2.537740e+01	-1.471708e-01	2.000000e-01	-1.472083e-01	1.491638e+00	7.896459e-01	7.512086e-02	7.636974e-01	1.174643e+01
25	7.675962e-03	2.553242e+00	8.054380e-03	2.836782e+01	-9.629769e-02	1.642255e-01	-9.649656e-02	2.990414e+00	7.911192e-01	7.260836e-02	7.127098e-01	1.183338e+01
26	-1.131443e-01	2.364673e+00	-1.126708e-01	2.443195e+01	-1.208202e-01	-1.885688e-01	-1.207252e-01	-3.935869e+00	7.917603e-01	7.360888e-02	8.033142e-01	1.197479e+01
27	-3.074357e-01	2.564673e+00	-3.066749e-01	2.582035e+01	-1.942915e-01	2.000000e-01	-1.940041e-01	1.388401e+00	7.966367e-01	6.858913e-02	8.788666e-01	1.189702e+01
28	-3.915141e-01	2.764673e+00	-3.911827e-01	2.887551e+01	-8.407836e-02	2.000000e-01	-8.450776e-02	3.055164e+00	7.978559e-01	6.568904e-02	8.496159e-01	1.196660e+01
29	-4.956924e-01	2.637051e+00	-4.952841e-01	2.739505e+01	-1.041783e-01	-1.276225e-01	-1.041015e-01	-1.480460e+00	7.984710e-01	6.644256e-02	8.430123e-01	1.195851e+01
30	-6.888102e-01	2.750827e+00	-6.880543e-01	2.878685e+01	-1.931178e-01	1.137761e-01	-1.927701e-01	1.391796e+00	8.025989e-01	6.401058e-02	8.256522e-01	1.196874e+01
31	-6.728596e-01	2.740822e+00	-6.729190e-01	2.815437e+01	1.595061e-02	-1.000484e-02	1.513530e-02	-6.324760e-01	8.026215e-01	6.399645e-02	8.216684e-01	1.197124e+01
32	-6.653809e-01	2.869203e+00	-6.654103e-01	3.116592e+01	7.478724e-03	1.283812e-01	7.508633e-03	3.011547e+00	8.025978e-01	6.359063e-02	8.268424e-01	1.206005e+01
33	-8.260797e-01	2.669203e+00	-8.254521e-01	2.889158e+01	-1.606988e-01	-2.000000e-01	-1.600417e-01	-2.274338e+00	8.039537e-01	6.527807e-02	8.068492e-01	1.203517e+01
34	-8.344240e-01	2.729159e+00	-8.343890e-01	2.954219e+01	-8.344317e-03	5.995637e-02	-8.936885e-03	6.506138e-01	8.039780e-01	6.510346e-02	8.071033e-01	1.203334e+01
35	-7.726753e-01	2.716458e+00	-7.729164e-01	2.850157e+01	6.174868e-02	-1.270182e-02	6.147257e-02	-1.040624e+00	8.043484e-01	6.502726e-02	7.796570e-01	1.203899e+01
36	-8.429886e-01	2.880303e+00	-8.427148e-01	3.106905e+01	-7.031323e-02	1.638454e-01	-6.979844e-02	2.567477e+00	8.051340e-01	6.319657e-02	7.582952e-01	1.208877e+01
37	-8.892798e-01	2.680303e+00	-8.890979e-01	2.853428e+01	-4.629118e-02	-2.000000e-01	-4.638301e-02	-2.534765e+00	8.050581e-01	6.286843e-02	7.600591e-01	1.209639e+01
38	-8.415442e-01	2.790929e+00	-8.417299e-01	2.942924e+01	4.773558e-02	1.106262e-01	4.736793e-02	8.949588e-01	8.051027e-01	6.297189e-02	7.492650e-01	1.207137e+01
39	-8.405451e-01	2.792778e+00	-8.405498e-01	2.983237e+01	9.990237e-04	1.849179e-03	1.180152e-03	4.031322e-01	8.051028e-01	6.297212e-02	7.494454e-01	1.207171e+01
40	-8.789849e-01	2.687153e+00	-8.788348e-01	2.710879e+01	-3.843980e-02	-1.056252e-01	-3.828503e-02	-2.723582e+00	8.051153e-01	6.300630e-02	7.752048e-01	1.214249e+01
41	-8.529305e-01	2.887153e+00	-8.530317e-01	3.082042e+01	2.605440e-02	2.000000e-01	2.580308e-02	3.711626e+00	8.050210e-01	6.228240e-02	7.905230e-01	1.226008e+01
42	-8.174699e-01	2.687153e+00	-8.176089e-01	2.823908e+01	3.546059e-02	-2.000000e-01	3.542287e-02	-2.581343e+00	8.053400e-01	6.048290e-02	7.879261e-01	1.227472e+01
43	-8.165473e-01	2.738348e+00	-8.165515e-01	2.864091e+01	9.226065e-04	5.119508e-02	1.057373e-03	4.018358e-01	8.053388e-01	6.041534e-02	7.878266e-01	1.226920e+01
44	-7.927249e-01	2.682760e+00	-7.928179e-01	2.861846e+01	2.382247e-02	-5.558842e-02	2.373354e-02	-2.245218e-02	8.054281e-01	6.020694e-02	7.950645e-01	1.225231e+01
45	-7.347617e-01	2.531620e+00	-7.349885e-01	2.812217e+01	5.796320e-02	-1.511394e-01	5.782949e-02	-4.962838e-01	8.059783e-01	5.877240e-02	8.306504e-01	1.215952e+01
46	-6.792698e-01	2.336337e+00	-6.794875e-01	2.694420e+01	5.549185e-02	-1.952837e-01	5.550098e-02	-1.177979e+00	8.065530e-01	5.674989e-02	8.603633e-01	1.205496e+01
47	-5.809366e-01	2.220753e+00	-5.813216e-01	2.453650e+01	9.833318e-02	-1.155832e-01	9.816587e-02	-2.407696e+00	8.077265e-01	5.537048e-02	8.096176e-01	1.211461e+01
48	-5.301698e-01	2.420753e+00	-5.303696e-01	2.626283e+01	5.076688e-02	2.000000e-01	5.095203e-02	1.726328e+00	8.076999e-01	5.526557e-02	7.921995e-01	1.204599e+01
49	-3.879701e-01	2.379112e+00	-3.885264e-01	2.590837e+01	1.421996e-01	-4.164166e-02	1.418432e-01	-3.544592e-01	8.096568e-01	5.469251e-02	7.945048e-01	1.204531e+01
50	-2.127296e-01	2.281900e+00	-2.134163e-01	2.539000e+01	1.752405e-01	-9.721175e-02	1.751100e-01	-5.183651e-01	8.128019e-01	5.294784e-02	8.363946e-01	1.202207e+01
51	-1.314349e-01	2.135380e+00	-1.317551e-01	2.419670e+01	8.129472e-02	-1.465201e-01	8.166118e-02	-1.193302e+00	8.136908e-01	5.134575e-02	8.554417e-01	1.198774e+01
52	-7.876643e-02	2.048220e+00	-7.897341e-02	2.417875e+01	5.266848e-02	-8.715983e-02	5.278174e-02	-1.794927e-02	8.140492e-01	5.075261e-02	8.798783e-01	1.194730e+01
53	-6.205580e-03	1.848220e+00	-6.489829e-03	2.279436e+01	7.256085e-02	-2.000000e-01	7.248358e-02	-1.384389e+00	8.148435e-01	4.856338e-02	9.116011e-01	1.185987e+01
54	3.087020e-02	1.721801e+00	3.072426e-02	2.145077e+01	3.707578e-02	-1.264193e-01	3.721409e-02	-1.343593e+00	8.150729e-01	4.778098e-02	9.137298e-01	1.185261e+01
55	1.114941e-02	1.710743e+00	1.122588e-02	2.155695e+01	-1.972079e-02	-1.105822e-02	-1.949839e-02	1.061841e-01	8.151000e-01	4.779619e-02	9.113392e-01	1.185127e+01
56	1.456947e-02	1.596651e+00	1.455641e-02	1.999872e+01	3.420061e-03	-1.140921e-01	3.330536e-03	-1.558230e+00	8.151097e-01	4.747335e-02	9.110015e-01	1.186253e+01
57	4.892707e-02	1.603255e+00	4.879281e-02	1.960353e+01	3.435760e-02	6.604282e-03	3.423640e-02	-3.951934e-01	8.152062e-01	4.749190e-02	9.027677e-01	1.186095e+01
58	5.557735e-02	1.576236e+00	5.555085e-02	1.934973e+01	6.650280e-03	-2.701843e-02	6.758038e-03	-2.537967e-01	8.152145e-01	4.745829e-02	9.029592e-01	1.186017e+01
59	4.301877e-02	1.449041e+00	4.306773e-02	1.752648e+01	-1.255858e-02	-1.271957e-01	-1.248312e-02	-1.823257e+00	8.151921e-01	4.723108e-02	9.047542e-01	1.187835e+01
60	4.674993e-02	1.451612e+00	4.673555e-02	1.594881e+01	3.731161e-03	2.571610e-03	3.667824e-03	-1.577662e+00	8.151930e-01	4.723170e-02	9.018980e-01	1.187638e+01
61	6.062257e-02	1.610803e+00	6.056833e-02	1.825101e+01	1.387264e-02	1.591903e-01	1.383278e-02	2.302193e+00	8.151605e-01	4.685877e-02	9.044946e-01	1.190618e+01
62	5.829788e-02	1.410803e+00	5.830675e-02	1.593390e+01	-2.324693e-03	-2.000000e-01	-2.261578e-03	-2.317108e+00	8.151507e-01	4.602005e-02	9.044229e-01	1.190001e+01
63	5.210207e-02	1.282671e+00	5.212631e-02	1.388983e+01	-6.195808e-03	-1.281318e-01	-6.180440e-03	-2.044073e+00	8.151368e-01	4.573230e-02	9.059223e-01	1.193102e+01
64	5.336393e-02	1.283354e+00	5.335909e-02	1.428228e+01	1.261857e-03	6.828732e-04	1.232785e-03	3.924558e-01	8.151369e-01	4.573236e-02	9.061520e-01	1.193114e+01
65	5.640753e-02	1.083354e+00	5.639562e-02	1.207950e+01	3.043597e-03	-2.000000e-01	3.036524e-03	-2.202779e+00	8.151507e-01	4.482874e-02	9.064081e-01	1.191432e+01
66	5.430206e-02	1.006799e+00	5.431024e-02	1.133873e+01	-2.105465e-03	-7.655452e-02	-2.085379e-03	-7.407764e-01	8.151476e-01	4.471770e-02	9.062354e-01	1.190803e+01
67	5.017159e-02	8.836877e-01	5.018776e-02	1.069654e+01	-4.130469e-03	-1.231114e-01	-4.122480e-03	-6.421910e-01	8.151384e-01	4.444203e-02	9.046239e-01	1.186000e+01
68	4.894250e-02	6.836877e-01	4.894737e-02	8.014506e+00	-1.229090e-03	-2.000000e-01	-1.240392e-03	-2.682031e+00	8.151334e-01	4.363641e-02	9.048008e-01	1.188878e+01
69	4.919254e-02	7.239103e-01	4.919158e-02	9.095086e+00	2.500410e-04	4.022260e-02	2.442189e-04	1.080579e+00	8.151332e-01	4.360367e-02	9.048722e-01	1.190027e+01
70	4.813585e-02	5.239103e-01	4.813997e-02	7.823424e+00	-1.056692e-03	-2.000000e-01	-1.051610e-03	-1.271661e+00	8.151290e-01	4.280917e-02	9.043263e-01	1.179695e+01
71	4.568146e-02	3.239103e-01	4.569107e-02	4.478685e+00	-2.454388e-03	-2.000000e-01	-2.448909e-03	-3.344740e+00	8.151197e-01	4.205349e-02	9.054500e-01	1.188852e+01
72	4.499194e-02	4.510021e-01	4.499467e-02	6.633017e+00	-6.895235e-04	1.270917e-01	-6.963961e-04	2.154332e+00	8.151215e-01	4.172538e-02	9.052408e-01	1.192708e+01
73	4.521120e-02	2.510021e-01	4.521036e-02	4.134407e+00	2.192642e-04	-2.000000e-01	2.156874e-04	-2.498610e+00	8.151224e-01	4.094470e-02	9.052292e-01	1.193764e+01
74	4.476037e-02	1.474471e-01	4.476213e-02	5.535194e-01	-4.508302e-04	-1.035550e-01	-4.482266e-04	-3.580888e+00	8.151215e-01	4.074121e-02	9.057285e-01	1.205234e+01
75	4.479224e-02	3.474471e-01	4.479212e-02	3.042720e+00	3.186935e-05	2.000000e-01	2.999398e-05	2.489201e+00	8.151214e-01	3.998268e-02	9.057297e-01	1.205967e+01
