#sequence delta(k-1),f(k-1),theta(k),v(k),delta_diff(k-1),f_diff(k-1),theta_diff(k),v_diff(k),phi(1,1;k),phi(1,2;k),phi(2,1;k),phi(2,2;k)
1	8.380558e-01	0.000000e+00	8.384314e-01	0.000000e+00	8.380558e-01	0.000000e+00	-9.578338e-02	-1.234244e-03	7.248757e-01	1.000000e-01	1.000000e+00	8.000000e+00
2	7.637567e-01	2.000000e-01	7.640484e-01	9.027244e-01	-7.429905e-02	2.000000e-01	-7.438298e-02	9.027244e-01	7.262741e-01	9.623576e-02	1.021497e+00	7.942134e+00
3	8.093733e-01	4.000000e-01	8.091962e-01	1.764649e+00	4.561656e-02	2.000000e-01	4.514782e-02	8.619245e-01	7.261206e-01	9.556312e-02	1.005091e+00	7.870203e+00
4	8.282844e-01	6.000000e-01	8.282098e-01	3.406352e+00	1.891112e-02	2.000000e-01	1.901361e-02	1.641703e+00	7.259989e-01	9.427518e-02	1.005519e+00	7.874734e+00
5	8.257107e-01	7.546278e-01	8.257204e-01	4.010267e+00	-2.573720e-03	1.546278e-01	-2.489395e-03	6.039149e-01	7.260172e-01	9.317207e-02	1.006257e+00	7.830377e+00
6	8.255881e-01	9.546278e-01	8.255886e-01	5.059598e+00	-1.225381e-04	2.000000e-01	-1.317836e-04	1.049331e+00	7.260183e-01	9.143253e-02	1.006287e+00	7.782260e+00
7	8.327906e-01	1.154628e+00	8.327625e-01	7.162080e+00	7.202462e-03	2.000000e-01	7.173813e-03	2.102482e+00	7.259635e-01	8.991054e-02	1.008094e+00	7.832439e+00
8	8.383645e-01	1.103825e+00	8.383426e-01	7.567075e+00	5.573929e-03	-5.080263e-02	5.580179e-03	4.049953e-01	7.259796e-01	8.976349e-02	1.010202e+00	7.813225e+00
9	8.366679e-01	1.149311e+00	8.366745e-01	7.554898e+00	-1.696596e-03	4.548627e-02	-1.668171e-03	-1.217754e-02	7.259832e-01	8.966595e-02	1.010497e+00	7.805328e+00
10	8.332076e-01	1.349311e+00	8.332211e-01	9.086900e+00	-3.460376e-03	2.000000e-01	-3.453375e-03	1.532002e+00	7.260137e-01	8.790805e-02	1.010538e+00	7.802947e+00
11	8.323027e-01	1.503845e+00	8.323063e-01	1.133306e+01	-9.048051e-04	1.545332e-01	-9.147604e-04	2.246156e+00	7.260195e-01	8.690395e-02	1.010096e+00	7.878477e+00
12	8.311681e-01	1.358230e+00	8.311726e-01	9.613343e+00	-1.134601e-03	-1.456144e-01	-1.133742e-03	-1.719713e+00	7.260130e-01	8.605908e-02	1.010400e+00	7.917581e+00
13	8.275580e-01	1.558230e+00	8.275721e-01	1.012600e+01	-3.610192e-03	2.000000e-01	-3.600519e-03	5.126603e-01	7.260435e-01	8.436480e-02	1.012194e+00	7.818185e+00
14	8.241544e-01	1.758230e+00	8.241678e-01	1.115284e+01	-3.403537e-03	2.000000e-01	-3.404307e-03	1.026834e+00	7.260718e-01	8.270640e-02	1.013040e+00	7.768509e+00
15	8.199189e-01	1.958230e+00	8.199355e-01	1.457602e+01	-4.235479e-03	2.000000e-01	-4.232233e-03	3.423181e+00	7.261067e-01	8.105804e-02	1.009344e+00	7.943026e+00
16	8.121753e-01	1.758230e+00	8.122056e-01	1.188521e+01	-7.743662e-03	-2.000000e-01	-7.729946e-03	-2.690806e+00	7.260558e-01	7.974444e-02	1.013290e+00	8.044951e+00
17	8.071445e-01	1.958230e+00	8.071643e-01	1.287849e+01	-5.030744e-03	2.000000e-01	-5.041288e-03	9.932804e-01	7.260964e-01	7.812968e-02	1.014721e+00	7.988080e+00
18	8.025709e-01	2.158230e+00	8.025888e-01	1.308999e+01	-4.573627e-03	2.000000e-01	-4.575454e-03	2.114991e-01	7.261324e-01	7.655750e-02	1.017663e+00	7.859415e+00
19	7.952802e-01	2.358230e+00	7.953088e-01	1.552039e+01	-7.290694e-03	2.000000e-01	-7.280087e-03	2.430402e+00	7.261911e-01	7.494649e-02	1.014723e+00	7.940064e+00
20	7.825198e-01	2.476968e+00	7.825697e-01	1.725699e+01	-1.276045e-02	1.187374e-01	-1.273904e-02	1.736594e+00	7.262656e-01	7.425368e-02	1.009868e+00	7.985243e+00
21	7.631371e-01	2.495175e+00	7.632130e-01	1.697772e+01	-1.938271e-02	1.820733e-02	-1.935676e-02	-2.792672e-01	7.263266e-01	7.419634e-02	1.013596e+00	7.981741e+00
22	7.478418e-01	2.695175e+00	7.479019e-01	1.987096e+01	-1.529521e-02	2.000000e-01	-1.531108e-02	2.893236e+00	7.264622e-01	7.242312e-02	1.004249e+00	8.103960e+00
23	7.277054e-01	2.495175e+00	7.277843e-01	1.906114e+01	-2.013644e-02	-2.000000e-01	-2.011759e-02	-8.098183e-01	7.263779e-01	7.158548e-02	9.964566e-01	8.026560e+00
24	6.929285e-01	2.572442e+00	6.930646e-01	1.979906e+01	-3.477692e-02	7.726701e-02	-3.471965e-02	7.379209e-01	7.266246e-01	7.103730e-02	9.939483e-01	8.032133e+00
25	6.491729e-01	2.703647e+00	6.493443e-01	2.069338e+01	-4.375560e-02	1.312047e-01	-4.372031e-02	8.943223e-01	7.270620e-01	6.972569e-02	9.963372e-01	8.024969e+00
26	6.021888e-01	2.837598e+00	6.023730e-01	2.298459e+01	-4.698408e-02	1.339518e-01	-4.697133e-02	2.291206e+00	7.275514e-01	6.833035e-02	9.684301e-01	8.104532e+00
27	5.199317e-01	2.637598e+00	5.202537e-01	2.205328e+01	-8.225712e-02	-2.000000e-01	-8.211929e-02	-9.313111e-01	7.278800e-01	6.912933e-02	9.390604e-01	8.033123e+00
28	4.411754e-01	2.653159e+00	4.414843e-01	2.316420e+01	-7.875631e-02	1.556064e-02	-7.876944e-02	1.110923e+00	7.287198e-01	6.896341e-02	8.995385e-01	8.040932e+00
29	3.038684e-01	2.569864e+00	3.044060e-01	2.213932e+01	-1.373069e-01	-8.329533e-02	-1.370783e-01	-1.024880e+00	7.307336e-01	7.018509e-02	9.144510e-01	8.049978e+00
30	2.201338e-01	2.769864e+00	2.204630e-01	2.373420e+01	-8.373466e-02	2.000000e-01	-8.394303e-02	1.594878e+00	7.321634e-01	6.677009e-02	9.120629e-01	8.055682e+00
31	1.868189e-01	2.863321e+00	1.869503e-01	2.570875e+01	-3.331488e-02	9.345725e-02	-3.351265e-02	1.974556e+00	7.324053e-01	6.609153e-02	8.923463e-01	8.110992e+00
32	3.576199e-02	2.664588e+00	3.635257e-02	2.496640e+01	-1.510569e-01	-1.987326e-01	-1.505978e-01	-7.423577e-01	7.342721e-01	6.854755e-02	8.224591e-01	8.019048e+00
33	-2.480207e-02	2.609245e+00	-2.456318e-02	2.548873e+01	-6.056405e-02	-5.534365e-02	-6.091575e-02	5.223293e-01	7.346349e-01	6.887902e-02	7.933306e-01	7.992430e+00
34	2.066887e-02	2.544020e+00	2.049218e-02	2.557617e+01	4.547093e-02	-6.522456e-02	4.505536e-02	8.744204e-02	7.349824e-01	6.838045e-02	8.056605e-01	7.974744e+00
35	1.897831e-03	2.549056e+00	1.970465e-03	2.626822e+01	-1.877104e-02	5.035991e-03	-1.852172e-02	6.920560e-01	7.350276e-01	6.836832e-02	7.997144e-01	7.976339e+00
36	-3.067074e-02	2.530850e+00	-3.054324e-02	2.655157e+01	-3.256857e-02	-1.820660e-02	-3.251370e-02	2.833465e-01	7.351409e-01	6.843167e-02	7.926863e-01	7.972410e+00
37	5.942222e-04	2.542966e+00	4.725915e-04	2.748309e+01	3.126497e-02	1.211626e-02	3.101583e-02	9.315174e-01	7.352479e-01	6.847310e-02	8.047108e-01	7.977070e+00
38	1.925859e-02	2.466076e+00	1.918520e-02	2.714871e+01	1.866437e-02	-7.688998e-02	1.871261e-02	-3.343792e-01	7.353385e-01	6.809974e-02	8.070437e-01	7.967460e+00
39	-6.237751e-03	2.492256e+00	-6.138443e-03	2.870379e+01	-2.549634e-02	2.618059e-02	-2.532365e-02	1.555078e+00	7.354396e-01	6.799587e-02	7.904986e-01	7.984449e+00
40	-1.355857e-02	2.319671e+00	-1.352958e-02	2.774226e+01	-7.320816e-03	-1.725853e-01	-7.391140e-03	-9.615308e-01	7.354063e-01	6.721012e-02	7.890518e-01	7.950342e+00
41	1.310507e-02	2.312515e+00	1.300103e-02	2.862285e+01	2.666363e-02	-7.156383e-03	2.653061e-02	8.805939e-01	7.355000e-01	6.718496e-02	8.006544e-01	7.947228e+00
42	2.026790e-03	2.232300e+00	2.069659e-03	2.720211e+01	-1.107828e-02	-8.021518e-02	-1.093137e-02	-1.420742e+00	7.354864e-01	6.708599e-02	8.047161e-01	7.976637e+00
43	-9.776677e-03	2.432300e+00	-9.730402e-03	2.779479e+01	-1.180347e-02	2.000000e-01	-1.180006e-02	5.926857e-01	7.355772e-01	6.554598e-02	8.101747e-01	7.884145e+00
44	1.154102e-03	2.632300e+00	1.111585e-03	2.930380e+01	1.093078e-02	2.000000e-01	1.084199e-02	1.509011e+00	7.355248e-01	6.458601e-02	8.097844e-01	7.877004e+00
45	6.961426e-03	2.698729e+00	6.938575e-03	2.813678e+01	5.807324e-03	6.642899e-02	5.826990e-03	-1.167026e+00	7.355173e-01	6.449991e-02	8.051192e-01	7.823639e+00
46	-3.939003e-03	2.898729e+00	-3.896512e-03	3.027850e+01	-1.090043e-02	2.000000e-01	-1.083509e-02	2.141722e+00	7.355970e-01	6.303610e-02	8.021459e-01	7.878193e+00
47	-2.434336e-03	2.855789e+00	-2.440048e-03	2.929339e+01	1.504667e-03	-4.293975e-02	1.456465e-03	-9.851126e-01	7.355992e-01	6.297382e-02	8.016832e-01	7.891399e+00
48	4.377441e-03	2.956621e+00	4.350810e-03	3.044218e+01	6.811777e-03	1.008319e-01	6.790857e-03	1.148795e+00	7.355845e-01	6.275607e-02	8.028023e-01	7.907964e+00
49	-7.458944e-04	2.917244e+00	-7.259854e-04	3.134100e+01	-5.123335e-03	-3.937699e-02	-5.076795e-03	8.988127e-01	7.355817e-01	6.273433e-02	7.998494e-01	7.885269e+00
50	-2.951238e-03	2.717244e+00	-2.942546e-03	2.956828e+01	-2.205344e-03	-2.000000e-01	-2.216561e-03	-1.772720e+00	7.355694e-01	6.162111e-02	8.000486e-01	7.903329e+00
51	1.831934e-03	2.727898e+00	1.813284e-03	3.047789e+01	4.783172e-03	1.065450e-02	4.755830e-03	9.096184e-01	7.355707e-01	6.162405e-02	8.019151e-01	7.907486e+00
52	1.724669e-03	2.633857e+00	1.725015e-03	2.908955e+01	-1.072652e-04	-9.404072e-02	-8.826870e-05	-1.388342e+00	7.355704e-01	6.136674e-02	8.019478e-01	7.936155e+00
53	-2.152118e-03	2.751007e+00	-2.136973e-03	3.082430e+01	-3.876787e-03	1.171500e-01	-3.861988e-03	1.734751e+00	7.355854e-01	6.091358e-02	8.004698e-01	7.980818e+00
54	-5.195257e-04	2.663562e+00	-5.258438e-04	3.008321e+01	1.632593e-03	-8.744531e-02	1.611129e-03	-7.410967e-01	7.355899e-01	6.067620e-02	8.004354e-01	7.982660e+00
55	2.010424e-03	2.648267e+00	2.000517e-03	3.079911e+01	2.529950e-03	-1.529469e-02	2.526361e-03	7.159083e-01	7.355918e-01	6.066463e-02	8.014399e-01	7.976587e+00
56	-2.026732e-04	2.516837e+00	-1.940670e-04	3.000744e+01	-2.213097e-03	-1.314305e-01	-2.194584e-03	-7.916705e-01	7.355841e-01	6.020620e-02	8.011705e-01	7.960589e+00
57	-1.758501e-03	2.455663e+00	-1.752390e-03	2.907190e+01	-1.555828e-03	-6.117389e-02	-1.558323e-03	-9.355399e-01	7.355816e-01	6.011139e-02	8.015005e-01	7.973563e+00
58	5.836396e-04	2.537060e+00	5.745145e-04	2.997894e+01	2.342141e-03	8.139732e-02	2.326905e-03	9.070349e-01	7.355769e-01	5.994611e-02	8.017845e-01	7.983433e+00
59	1.295440e-03	2.522507e+00	1.292623e-03	3.044874e+01	7.118000e-04	-1.455306e-02	7.181090e-04	4.697984e-01	7.355772e-01	5.993874e-02	8.019824e-01	7.979387e+00
60	-8.640978e-04	2.405851e+00	-8.556731e-04	3.018003e+01	-2.159537e-03	-1.166568e-01	-2.148297e-03	-2.687100e-01	7.355707e-01	5.958471e-02	8.013060e-01	7.942849e+00
61	-6.857895e-04	2.258328e+00	-6.864531e-04	2.872445e+01	1.783083e-04	-1.475224e-01	1.692200e-04	-1.455576e+00	7.355714e-01	5.897275e-02	8.012822e-01	7.962534e+00
62	9.304219e-04	2.272811e+00	9.241060e-04	2.971499e+01	1.616211e-03	1.448329e-02	1.610559e-03	9.905347e-01	7.355711e-01	5.896978e-02	8.019530e-01	7.968545e+00
63	-1.010543e-04	2.149369e+00	-9.704977e-05	2.931700e+01	-1.031476e-03	-1.234422e-01	-1.021156e-03	-3.979815e-01	7.355677e-01	5.856145e-02	8.016679e-01	7.934416e+00
64	-6.639421e-04	2.019361e+00	-6.617277e-04	2.932679e+01	-5.628878e-04	-1.300080e-01	-5.646779e-04	9.783628e-03	7.355657e-01	5.810446e-02	8.013916e-01	7.870621e+00
65	3.638330e-04	1.826982e+00	3.598269e-04	2.865347e+01	1.027775e-03	-1.923796e-01	1.021555e-03	-6.733231e-01	7.355712e-01	5.707773e-02	8.017943e-01	7.795257e+00
66	4.312475e-04	1.659061e+00	4.309685e-04	2.714955e+01	6.741451e-05	-1.679203e-01	7.114162e-05	-1.503918e+00	7.355715e-01	5.632218e-02	8.017881e-01	7.810593e+00
67	-4.203711e-04	1.676607e+00	-4.170456e-04	2.776119e+01	-8.516186e-04	1.754585e-02	-8.480141e-04	6.116401e-01	7.355720e-01	5.631210e-02	8.015959e-01	7.814554e+00
68	-2.190862e-04	1.620463e+00	-2.198595e-04	2.739516e+01	2.012849e-04	-5.614438e-02	1.971861e-04	-3.660239e-01	7.355723e-01	5.622661e-02	8.016028e-01	7.812622e+00
69	3.976062e-04	1.579484e+00	3.951943e-04	2.749243e+01	6.166924e-04	-4.097926e-02	6.150537e-04	9.726537e-02	7.355730e-01	5.617866e-02	8.017248e-01	7.804513e+00
70	6.591828e-05	1.474110e+00	6.720451e-05	2.565174e+01	-3.316880e-04	-1.053736e-01	-3.279897e-04	-1.840693e+00	7.355721e-01	5.588818e-02	8.018844e-01	7.855187e+00
71	-3.350874e-04	1.598051e+00	-3.335159e-04	2.623121e+01	-4.010057e-04	1.239414e-01	-4.007205e-04	5.794738e-01	7.355734e-01	5.547731e-02	8.019588e-01	7.832181e+00
72	6.710946e-05	1.643079e+00	6.554451e-05	2.658985e+01	4.021969e-04	4.502756e-02	3.990605e-04	3.586359e-01	7.355730e-01	5.542614e-02	8.019599e-01	7.832301e+00
73	2.007980e-04	1.565755e+00	2.002696e-04	2.593353e+01	1.336885e-04	-7.732392e-02	1.347251e-04	-6.563149e-01	7.355732e-01	5.526787e-02	8.019567e-01	7.834161e+00
74	-1.260550e-04	1.479278e+00	-1.247803e-04	2.550995e+01	-3.268530e-04	-8.647702e-02	-3.250500e-04	-4.235804e-01	7.355725e-01	5.507574e-02	8.019173e-01	7.823760e+00
75	-1.041923e-04	1.354961e+00	-1.042727e-04	2.378974e+01	2.186275e-05	-1.243168e-01	2.050762e-05	-1.720207e+00	7.355726e-01	5.467427e-02	8.019096e-01	7.867568e+00
76	1.227409e-04	1.424000e+00	1.218542e-04	2.326290e+01	2.269332e-04	6.903888e-02	2.261269e-04	-5.268397e-01	7.355722e-01	5.455272e-02	8.017946e-01	7.832556e+00
77	5.951434e-05	1.566147e+00	5.975785e-05	2.448526e+01	-6.322660e-05	1.421471e-01	-6.209632e-05	1.222356e+00	7.355724e-01	5.403333e-02	8.017913e-01	7.839844e+00
78	-1.037378e-04	1.450744e+00	-1.030992e-04	2.227123e+01	-1.632521e-04	-1.154025e-01	-1.628570e-04	-2.214030e+00	7.355719e-01	5.369611e-02	8.018922e-01	7.911133e+00
79	-3.650477e-05	1.575533e+00	-3.676490e-05	2.478627e+01	6.723305e-05	1.247884e-01	6.633426e-05	2.515040e+00	7.355717e-01	5.330299e-02	8.019406e-01	8.000991e+00
80	7.604059e-05	1.375533e+00	7.559994e-05	2.257248e+01	1.125454e-04	-2.000000e-01	1.123648e-04	-2.213790e+00	7.355723e-01	5.230734e-02	8.019084e-01	8.058148e+00
81	6.351758e-06	1.290173e+00	6.622259e-06	2.142141e+01	-6.968883e-05	-8.536011e-02	-6.897769e-05	-1.151070e+00	7.355721e-01	5.212767e-02	8.019237e-01	8.076859e+00
82	-4.673175e-05	1.252615e+00	-4.652333e-05	2.106125e+01	-5.308350e-05	-3.755726e-02	-5.314559e-05	-3.601595e-01	7.355721e-01	5.209302e-02	8.019251e-01	8.077871e+00
83	1.236642e-05	1.151743e+00	1.213639e-05	1.990354e+01	5.909817e-05	-1.008725e-01	5.865972e-05	-1.157715e+00	7.355722e-01	5.184180e-02	8.019155e-01	8.094219e+00
84	2.867234e-05	1.120235e+00	2.860775e-05	1.789598e+01	1.630592e-05	-3.150808e-02	1.647136e-05	-2.007560e+00	7.355723e-01	5.181729e-02	8.019020e-01	8.120435e+00
85	-1.167643e-05	1.320235e+00	-1.151907e-05	1.874634e+01	-4.034877e-05	2.000000e-01	-4.012682e-05	8.503629e-01	7.355725e-01	5.085110e-02	8.019165e-01	8.048376e+00
86	-1.517956e-05	1.345579e+00	-1.516526e-05	1.813061e+01	-3.503134e-06	2.534413e-02	-3.646196e-06	-6.157291e-01	1.000000e+00	1.000000e-01	8.019179e-01	8.038511e+00
87	-4.226362e-06	1.352208e+00	-4.269092e-06	1.755713e+01	1.095320e-05	6.629250e-03	1.089617e-05	-5.734833e-01	1.000000e+00	9.999791e-02	8.019146e-01	8.036538e+00
88	2.854710e-05	1.321301e+00	2.841891e-05	1.665261e+01	3.277346e-05	-3.090725e-02	3.268800e-05	-9.045132e-01	1.000000e+00	9.995256e-02	8.019044e-01	8.046166e+00
89	-5.766197e-03	1.305378e+00	-5.743562e-03	1.639080e+01	-5.794744e-03	-1.592322e-02	-5.771980e-03	-2.618146e-01	9.999956e-01	9.994035e-02	8.022595e-01	8.047142e+00
90	-1.535879e-02	1.186073e+00	-1.532123e-02	1.521527e+01	-9.592592e-03	-1.193048e-01	-9.577668e-03	-1.175533e+00	9.999416e-01	9.926863e-02	8.031995e-01	8.058833e+00
91	-3.200541e-02	1.104297e+00	-3.194023e-02	1.401497e+01	-1.664662e-02	-8.177634e-02	-1.661900e-02	-1.200292e+00	9.998774e-01	9.895336e-02	8.073592e-01	8.079267e+00
92	-4.874284e-02	1.101405e+00	-4.867720e-02	1.397365e+01	-1.673743e-02	-2.891293e-03	-1.673697e-02	-4.131950e-02	9.998752e-01	9.895297e-02	8.073946e-01	8.079273e+00
93	-6.035715e-02	9.762332e-01	-6.031153e-02	1.168948e+01	-1.161431e-02	-1.251722e-01	-1.163432e-02	-2.284172e+00	9.998075e-01	9.822357e-02	8.143104e-01	8.153808e+00
94	-6.734190e-02	1.118317e+00	-6.731444e-02	1.272425e+01	-6.984748e-03	1.420835e-01	-7.002910e-03	1.034769e+00	9.998534e-01	9.728982e-02	8.146982e-01	8.145919e+00
95	-7.983752e-02	9.823103e-01	-7.978860e-02	1.328053e+01	-1.249562e-02	-1.360064e-01	-1.247417e-02	5.562787e-01	9.997755e-01	9.644163e-02	8.048520e-01	8.038750e+00
96	-9.187576e-02	7.823103e-01	-9.182855e-02	1.116903e+01	-1.203824e-02	-2.000000e-01	-1.203995e-02	-2.111494e+00	9.996674e-01	9.464571e-02	8.076215e-01	8.084762e+00
97	-1.001866e-01	6.468591e-01	-1.001539e-01	9.294514e+00	-8.310824e-03	-1.354512e-01	-8.325391e-03	-1.874520e+00	9.996173e-01	9.382952e-02	8.106441e-01	8.134024e+00
98	-1.038327e-01	6.428141e-01	-1.038183e-01	9.249752e+00	-3.646127e-03	-4.044992e-03	-3.664406e-03	-4.476225e-02	9.996167e-01	9.382883e-02	8.106595e-01	8.134042e+00
99	-1.043107e-01	4.890699e-01	-1.043088e-01	8.725264e+00	-4.780348e-04	-1.537442e-01	-4.904816e-04	-5.244881e-01	9.996134e-01	9.278856e-02	8.104965e-01	8.081609e+00
100	-1.069036e-01	2.890699e-01	-1.068934e-01	7.537267e+00	-2.592834e-03	-2.000000e-01	-2.584621e-03	-1.187997e+00	9.995910e-01	9.105948e-02	8.099768e-01	8.041520e+00
101	-1.084522e-01	8.906988e-02	-1.084461e-01	4.954717e+00	-1.548633e-03	-2.000000e-01	-1.552680e-03	-2.582550e+00	9.995779e-01	8.936371e-02	8.106785e-01	8.132142e+00
102	-1.081290e-01	1.753099e-01	-1.081303e-01	6.239921e+00	3.231979e-04	8.624006e-02	3.158703e-04	1.285204e+00	9.995767e-01	8.904889e-02	8.107677e-01	8.155961e+00
103	-1.066816e-01	0.000000e+00	-1.066873e-01	5.117922e+00	1.447398e-03	-1.753099e-01	1.442978e-03	-1.122000e+00	9.995873e-01	8.776890e-02	8.109754e-01	8.130812e+00
104	-1.055904e-01	0.000000e+00	-1.055947e-01	3.393922e+00	1.091244e-03	0.000000e+00	1.092618e-03	-1.723999e+00	9.995873e-01	8.776890e-02	1.000000e+00	8.000000e+00
