#sequence delta(k-1),f(k-1),theta(k),v(k),delta_diff(k-1),f_diff(k-1),theta_diff(k),v_diff(k),phi(1,1;k),phi(1,2;k),phi(2,1;k),phi(2,2;k)
1	-1.757678e+00	0.000000e+00	-1.757443e+00	1.283839e-01	-1.757678e+00	0.000000e+00	-5.983505e-02	1.263419e-01	4.429539e-01	1.000000e-01	1.000000e+00	1.100000e+01
2	-1.742761e+00	2.000000e-01	-1.742819e+00	2.166826e+00	1.491665e-02	2.000000e-01	1.462466e-02	2.038443e+00	4.428707e-01	9.888408e-02	9.987743e-01	1.098357e+01
3	-1.157736e+00	3.665605e-01	-1.160022e+00	1.618918e+00	5.850250e-01	1.665605e-01	5.827969e-01	-5.479084e-01	5.149188e-01	1.193967e-01	3.042568e-01	1.078583e+01
4	-1.530910e+00	5.665605e-01	-1.529462e+00	4.021576e+00	-3.731742e-01	2.000000e-01	-3.694399e-01	2.402658e+00	5.476438e-01	1.018580e-01	2.458504e-01	1.081713e+01
5	-1.515770e+00	7.271589e-01	-1.515824e+00	6.275398e+00	1.514037e-02	1.605984e-01	1.363811e-02	2.253822e+00	5.475656e-01	1.010288e-01	2.494915e-01	1.085576e+01
6	-1.562535e+00	7.608199e-01	-1.562352e+00	7.015881e+00	-4.676465e-02	3.366101e-02	-4.652870e-02	7.404835e-01	5.481050e-01	1.006405e-01	2.409151e-01	1.086193e+01
7	-1.735383e+00	8.933038e-01	-1.734707e+00	8.583280e+00	-1.728484e-01	1.324839e-01	-1.723550e-01	1.567398e+00	5.553992e-01	9.504967e-02	2.272803e-01	1.087238e+01
8	-1.814857e+00	9.864259e-01	-1.814544e+00	1.093687e+01	-7.947409e-02	9.312209e-02	-7.983690e-02	2.353589e+00	5.570684e-01	9.309382e-02	1.763521e-01	1.093205e+01
9	-1.830292e+00	8.634388e-01	-1.830231e+00	9.521132e+00	-1.543500e-02	-1.229871e-01	-1.568657e-02	-1.415736e+00	5.570367e-01	9.284099e-02	1.768506e-01	1.093603e+01
10	-1.865761e+00	1.063439e+00	-1.865622e+00	1.269567e+01	-3.546837e-02	2.000000e-01	-3.539110e-02	3.174543e+00	5.576012e-01	8.965747e-02	1.604491e-01	1.102851e+01
11	-1.970296e+00	1.016719e+00	-1.969887e+00	1.173472e+01	-1.045354e-01	-4.671997e-02	-1.042653e-01	-9.609500e-01	5.596626e-01	9.057877e-02	1.816084e-01	1.103797e+01
12	-2.069704e+00	1.216719e+00	-2.069314e+00	1.432748e+01	-9.940830e-02	2.000000e-01	-9.942727e-02	2.592757e+00	5.625147e-01	8.484064e-02	1.630323e-01	1.107534e+01
13	-2.142927e+00	1.254243e+00	-2.142640e+00	1.542540e+01	-7.322273e-02	3.752461e-02	-7.332509e-02	1.097915e+00	5.637390e-01	8.421321e-02	1.389670e-01	1.108767e+01
14	-2.157053e+00	1.245199e+00	-2.156997e+00	1.482969e+01	-1.412576e-02	-9.044377e-03	-1.435701e-02	-5.957107e-01	5.637768e-01	8.423741e-02	1.422776e-01	1.108979e+01
15	-2.172937e+00	1.424972e+00	-2.172875e+00	1.815166e+01	-1.588434e-02	1.797726e-01	-1.587837e-02	3.321972e+00	5.639407e-01	8.238328e-02	1.323991e-01	1.120160e+01
16	-2.220568e+00	1.326077e+00	-2.220382e+00	1.657480e+01	-4.763113e-02	-9.889471e-02	-4.750710e-02	-1.576862e+00	5.642217e-01	8.296689e-02	1.428066e-01	1.122320e+01
17	-2.242686e+00	1.481739e+00	-2.242599e+00	1.759853e+01	-2.211803e-02	1.556620e-01	-2.221720e-02	1.023738e+00	5.644568e-01	8.131242e-02	1.502800e-01	1.117061e+01
18	-2.238956e+00	1.679047e+00	-2.238970e+00	2.013368e+01	3.730819e-03	1.973076e-01	3.629459e-03	2.535149e+00	5.644316e-01	7.997759e-02	1.508545e-01	1.120100e+01
19	-2.258212e+00	1.692068e+00	-2.258136e+00	2.090799e+01	-1.925596e-02	1.302141e-02	-1.916656e-02	7.743051e-01	5.645170e-01	7.991984e-02	1.450813e-01	1.120490e+01
20	-2.280214e+00	1.656137e+00	-2.280128e+00	2.082298e+01	-2.200277e-02	-3.593118e-02	-2.199169e-02	-8.500578e-02	5.645869e-01	8.003407e-02	1.417316e-01	1.119943e+01
21	-2.285160e+00	1.687908e+00	-2.285141e+00	2.145788e+01	-4.945915e-03	3.177079e-02	-5.012500e-03	6.348957e-01	5.645981e-01	7.996223e-02	1.410747e-01	1.120365e+01
22	-2.273919e+00	1.737658e+00	-2.273963e+00	2.188127e+01	1.124085e-02	4.975004e-02	1.117737e-02	4.233957e-01	5.646027e-01	7.998236e-02	1.403517e-01	1.120045e+01
23	-2.259561e+00	1.837350e+00	-2.259618e+00	2.349251e+01	1.435804e-02	9.969220e-02	1.434562e-02	1.611239e+00	5.645909e-01	7.990063e-02	1.436945e-01	1.122366e+01
24	-2.248227e+00	1.841062e+00	-2.248272e+00	2.499666e+01	1.133394e-02	3.711848e-03	1.134571e-02	1.504150e+00	5.646159e-01	7.990883e-02	1.515587e-01	1.122624e+01
25	-2.222201e+00	1.706471e+00	-2.222303e+00	2.285634e+01	2.602656e-02	-1.345908e-01	2.596922e-02	-2.140326e+00	5.648857e-01	7.851360e-02	1.438020e-01	1.126635e+01
26	-2.196164e+00	1.861719e+00	-2.196266e+00	2.444418e+01	2.603665e-02	1.552481e-01	2.603639e-02	1.587843e+00	5.648752e-01	7.845092e-02	1.417866e-01	1.125433e+01
27	-2.171703e+00	1.978170e+00	-2.171799e+00	2.606357e+01	2.446122e-02	1.164511e-01	2.446737e-02	1.619388e+00	5.648927e-01	7.853409e-02	1.453095e-01	1.127110e+01
28	-2.138565e+00	1.992179e+00	-2.138695e+00	2.677174e+01	3.313767e-02	1.400875e-02	3.310380e-02	7.081767e-01	5.651017e-01	7.862243e-02	1.538898e-01	1.127473e+01
29	-2.103337e+00	1.959650e+00	-2.103475e+00	2.626435e+01	3.522806e-02	-3.252901e-02	3.521976e-02	-5.073983e-01	5.654003e-01	7.834663e-02	1.514485e-01	1.127698e+01
30	-2.068108e+00	2.026040e+00	-2.068246e+00	2.742450e+01	3.522929e-02	6.639059e-02	3.522925e-02	1.160152e+00	5.655690e-01	7.866453e-02	1.582255e-01	1.128975e+01
31	-2.029235e+00	2.035664e+00	-2.029387e+00	2.846363e+01	3.887313e-02	9.623215e-03	3.885889e-02	1.039137e+00	5.658664e-01	7.873814e-02	1.752795e-01	1.129398e+01
32	-1.980463e+00	1.965355e+00	-1.980654e+00	2.773173e+01	4.877225e-02	-7.030847e-02	4.873353e-02	-7.319078e-01	5.664820e-01	7.785068e-02	1.765169e-01	1.129219e+01
33	-1.920649e+00	2.004626e+00	-1.920884e+00	2.780977e+01	5.981309e-02	3.927062e-02	5.976981e-02	7.804822e-02	5.671290e-01	7.827544e-02	1.658626e-01	1.128520e+01
34	-1.849728e+00	2.117068e+00	-1.850006e+00	2.956762e+01	7.092134e-02	1.124421e-01	7.087777e-02	1.757848e+00	5.678587e-01	7.943248e-02	1.817960e-01	1.131046e+01
35	-1.753666e+00	2.112634e+00	-1.754043e+00	2.979194e+01	9.606175e-02	-4.433803e-03	9.596337e-02	2.243205e-01	5.697557e-01	7.934492e-02	1.934690e-01	1.130992e+01
36	-1.616024e+00	2.104813e+00	-1.616564e+00	3.020383e+01	1.376420e-01	-7.821064e-03	1.374792e-01	4.118903e-01	5.736207e-01	7.912531e-02	2.241490e-01	1.130818e+01
37	-1.474297e+00	2.078474e+00	-1.474852e+00	3.159587e+01	1.417278e-01	-2.633870e-02	1.417112e-01	1.392037e+00	5.777848e-01	7.835145e-02	3.346263e-01	1.128765e+01
38	-1.277548e+00	1.911882e+00	-1.278319e+00	2.943915e+01	1.967486e-01	-1.665922e-01	1.965336e-01	-2.156720e+00	5.864597e-01	7.100622e-02	3.036813e-01	1.131385e+01
39	-1.170242e+00	1.973302e+00	-1.170664e+00	3.018699e+01	1.073061e-01	6.141985e-02	1.076546e-01	7.478401e-01	5.885014e-01	7.217485e-02	3.047111e-01	1.131444e+01
40	-1.048888e+00	2.047552e+00	-1.049363e+00	2.938531e+01	1.213543e-01	7.425027e-02	1.213008e-01	-8.016779e-01	5.910422e-01	7.372945e-02	2.089116e-01	1.125582e+01
41	-9.560496e-01	2.247552e+00	-9.564141e-01	3.126228e+01	9.283797e-02	2.000000e-01	9.294916e-02	1.876969e+00	5.920467e-01	7.589340e-02	1.919669e-01	1.121932e+01
42	-8.328523e-01	2.358844e+00	-8.333349e-01	3.150552e+01	1.231973e-01	1.112914e-01	1.230792e-01	2.432374e-01	5.944534e-01	7.806754e-02	1.325682e-01	1.116566e+01
43	-7.700400e-01	2.487639e+00	-7.702872e-01	3.334769e+01	6.281232e-02	1.287949e-01	6.304773e-02	1.842173e+00	5.949157e-01	7.901548e-02	1.442562e-01	1.118963e+01
44	-7.438406e-01	2.442483e+00	-7.439439e-01	3.357047e+01	2.619933e-02	-4.515598e-02	2.634326e-02	2.227827e-01	5.950937e-01	7.870864e-02	1.532574e-01	1.117411e+01
45	-6.769193e-01	2.328475e+00	-6.771811e-01	3.247201e+01	6.692138e-02	-1.140076e-01	6.676287e-02	-1.098468e+00	5.962254e-01	7.678074e-02	1.584635e-01	1.116524e+01
46	-6.209899e-01	2.301102e+00	-6.212094e-01	3.148997e+01	5.592939e-02	-2.737263e-02	5.597170e-02	-9.820371e-01	5.968810e-01	7.645986e-02	1.402934e-01	1.117414e+01
47	-6.466809e-01	2.414420e+00	-6.465814e-01	3.250110e+01	-2.569103e-02	1.133180e-01	-2.537204e-02	1.011133e+00	5.971077e-01	7.545997e-02	1.433418e-01	1.116069e+01
48	-6.760381e-01	2.491451e+00	-6.759230e-01	3.296345e+01	-2.935716e-02	7.703031e-02	-2.934159e-02	4.623506e-01	5.973527e-01	7.481726e-02	1.488056e-01	1.114635e+01
49	-6.681595e-01	2.550353e+00	-6.681899e-01	3.428117e+01	7.878525e-03	5.890199e-02	7.733134e-03	1.317714e+00	5.973475e-01	7.477872e-02	1.512712e-01	1.116479e+01
50	-7.090779e-01	2.469238e+00	-7.089181e-01	3.363386e+01	-4.091833e-02	-8.111438e-02	-4.072829e-02	-6.473021e-01	5.975453e-01	7.517088e-02	1.461512e-01	1.115464e+01
51	-7.792478e-01	2.418382e+00	-7.789731e-01	3.351481e+01	-7.016995e-02	-5.085666e-02	-7.005495e-02	-1.190517e-01	5.983523e-01	7.575575e-02	1.309265e-01	1.114360e+01
52	-7.780222e-01	2.373461e+00	-7.780259e-01	3.274048e+01	1.225639e-03	-4.492062e-02	9.471989e-04	-7.743283e-01	5.983544e-01	7.567866e-02	1.307672e-01	1.114944e+01
53	-7.622391e-01	2.423060e+00	-7.623007e-01	3.261972e+01	1.578312e-02	4.959865e-02	1.572517e-02	-1.207643e-01	5.983734e-01	7.573813e-02	1.257074e-01	1.113354e+01
54	-7.961589e-01	2.532919e+00	-7.960267e-01	3.378591e+01	-3.391988e-02	1.098593e-01	-3.372595e-02	1.166191e+00	5.987215e-01	7.461061e-02	1.265504e-01	1.113081e+01
55	-7.970632e-01	2.555743e+00	-7.970591e-01	3.489808e+01	-9.042404e-04	2.282451e-02	-1.032450e-03	1.112169e+00	5.987224e-01	7.458683e-02	1.261819e-01	1.114011e+01
56	-7.522822e-01	2.435125e+00	-7.524571e-01	3.425031e+01	4.478101e-02	-1.206183e-01	4.460205e-02	-6.477725e-01	5.992875e-01	7.306469e-02	1.407443e-01	1.110089e+01
57	-7.263627e-01	2.323019e+00	-7.264646e-01	3.163072e+01	2.591951e-02	-1.121058e-01	2.599249e-02	-2.619584e+00	5.995156e-01	7.207809e-02	1.238809e-01	1.117382e+01
58	-6.933319e-01	2.491555e+00	-6.934613e-01	3.203358e+01	3.303079e-02	1.685353e-01	3.300330e-02	4.028583e-01	5.995319e-01	7.216118e-02	1.009295e-01	1.105672e+01
59	-5.981099e-01	2.691555e+00	-5.984823e-01	3.444506e+01	9.522202e-02	2.000000e-01	9.497897e-02	2.411482e+00	6.005675e-01	7.433633e-02	1.093407e-01	1.107438e+01
60	-4.703470e-01	2.678041e+00	-4.708475e-01	3.376930e+01	1.277629e-01	-1.351359e-02	1.276348e-01	-6.757672e-01	6.036920e-01	7.400586e-02	7.683285e-02	1.107782e+01
61	-2.800412e-01	2.691650e+00	-2.807865e-01	3.205420e+01	1.903058e-01	1.360914e-02	1.900610e-01	-1.715093e+00	6.102765e-01	7.447673e-02	-9.011449e-02	1.106588e+01
62	-1.902849e-01	2.891650e+00	-1.906384e-01	3.526849e+01	8.975633e-02	2.000000e-01	9.014814e-02	3.214291e+00	6.111291e-01	7.637636e-02	-4.809748e-02	1.115951e+01
63	-4.800342e-02	2.756440e+00	-4.856059e-02	3.427783e+01	1.422814e-01	-1.352106e-01	1.420778e-01	-9.906669e-01	6.154690e-01	7.225213e-02	-1.328261e-02	1.112642e+01
64	1.015426e-01	2.625282e+00	1.009562e-01	3.254998e+01	1.495460e-01	-1.311577e-01	1.495168e-01	-1.727845e+00	6.201326e-01	6.816192e-02	-3.184895e-02	1.114271e+01
65	-2.600494e-03	2.640797e+00	-2.195976e-03	3.226456e+01	-1.041431e-01	1.551485e-02	-1.031522e-01	-2.854244e-01	6.220821e-01	6.787150e-02	-9.139501e-03	1.113932e+01
66	5.219280e-03	2.710916e+00	5.190314e-03	3.318333e+01	7.819774e-03	7.011872e-02	7.386289e-03	9.187720e-01	6.220738e-01	6.779717e-02	-8.629046e-03	1.114390e+01
67	1.433222e-01	2.689077e+00	1.427826e-01	3.367239e+01	1.381029e-01	-2.183849e-02	1.375923e-01	4.890637e-01	6.255275e-01	6.725103e-02	3.902984e-02	1.113636e+01
68	1.077695e-01	2.567146e+00	1.079063e-01	3.077138e+01	-3.555265e-02	-1.219311e-01	-3.487630e-02	-2.901014e+00	6.256018e-01	6.750596e-02	6.485796e-02	1.122494e+01
69	4.267992e-02	2.743672e+00	4.293471e-02	3.396822e+01	-6.508961e-02	1.765258e-01	-6.497159e-02	3.196837e+00	6.267006e-01	6.452603e-02	2.780768e-02	1.132543e+01
70	8.989869e-02	2.586222e+00	8.971523e-02	3.290717e+01	4.721876e-02	-1.574499e-01	4.678052e-02	-1.061048e+00	6.273058e-01	6.250797e-02	4.375951e-02	1.127224e+01
71	1.162752e-01	2.448525e+00	1.161715e-01	3.181150e+01	2.637653e-02	-1.376970e-01	2.645623e-02	-1.095670e+00	6.275355e-01	6.130861e-02	4.940873e-02	1.124274e+01
72	3.204411e-02	2.384098e+00	3.237273e-02	3.318739e+01	-8.423111e-02	-6.442703e-02	-8.379874e-02	1.375887e+00	6.286094e-01	6.212999e-02	-3.431650e-02	1.117870e+01
73	2.258990e-02	2.184098e+00	2.262811e-02	2.972582e+01	-9.454208e-03	-2.000000e-01	-9.744616e-03	-3.461563e+00	6.285714e-01	6.132677e-02	-2.891838e-02	1.129290e+01
74	5.747826e-02	2.319620e+00	5.734212e-02	3.100219e+01	3.488836e-02	1.355222e-01	3.471401e-02	1.276370e+00	6.286448e-01	6.161193e-02	-3.307141e-02	1.127677e+01
75	1.660513e-02	2.362265e+00	1.676425e-02	3.113172e+01	-4.087313e-02	4.264475e-02	-4.057787e-02	1.295214e-01	6.289842e-01	6.125784e-02	-2.623527e-02	1.126963e+01
76	-1.382134e-02	2.370269e+00	-1.370186e-02	3.025885e+01	-3.042646e-02	8.003827e-03	-3.046612e-02	-8.728685e-01	6.291549e-01	6.121293e-02	-1.231180e-02	1.126597e+01
77	1.357797e-02	2.449474e+00	1.347141e-02	3.163995e+01	2.739931e-02	7.920574e-02	2.717327e-02	1.381107e+00	6.292209e-01	6.140363e-02	-5.968416e-03	1.128431e+01
78	2.365414e-03	2.340305e+00	2.408797e-03	3.073171e+01	-1.121255e-02	-1.091694e-01	-1.106261e-02	-9.082409e-01	6.292066e-01	6.126467e-02	-7.681545e-03	1.126763e+01
79	-1.995527e-02	2.241433e+00	-1.986791e-02	3.123949e+01	-2.232068e-02	-9.887166e-02	-2.227670e-02	5.077725e-01	6.292296e-01	6.136629e-02	-2.478694e-02	1.119186e+01
80	-1.846045e-03	2.041433e+00	-1.916443e-03	3.010417e+01	1.810922e-02	-2.000000e-01	1.795146e-02	-1.135317e+00	6.293883e-01	5.961281e-02	-1.548235e-02	1.108910e+01
81	2.280644e-02	1.866090e+00	2.270986e-02	2.772581e+01	2.465248e-02	-1.753437e-01	2.462631e-02	-2.378356e+00	6.296139e-01	5.800859e-02	-2.048106e-02	1.112465e+01
82	1.534247e-02	1.923069e+00	1.537125e-02	2.747171e+01	-7.463967e-03	5.697957e-02	-7.338614e-03	-2.541018e-01	6.296349e-01	5.784796e-02	-1.733748e-02	1.110065e+01
83	1.107664e-02	2.054452e+00	1.109342e-02	2.837625e+01	-4.265831e-03	1.313829e-01	-4.277834e-03	9.045406e-01	6.296534e-01	5.727922e-02	-1.622461e-02	1.106638e+01
84	2.529063e-02	2.102913e+00	2.523518e-02	2.924427e+01	1.421399e-02	4.846055e-02	1.414176e-02	8.680149e-01	6.296697e-01	5.733477e-02	-1.398617e-02	1.107401e+01
85	2.254828e-02	1.998116e+00	2.255877e-02	2.783159e+01	-2.742359e-03	-1.047971e-01	-2.676405e-03	-1.412677e+00	6.296631e-01	5.708432e-02	-1.365945e-02	1.108650e+01
86	9.131493e-03	1.962682e+00	9.183943e-03	2.805652e+01	-1.341678e-02	-3.543392e-02	-1.337483e-02	2.249316e-01	6.296816e-01	5.713316e-02	-1.759249e-02	1.107611e+01
87	9.178622e-03	1.842982e+00	9.178643e-03	2.835544e+01	4.712923e-05	-1.196993e-01	-5.300289e-06	2.989242e-01	6.296818e-01	5.674907e-02	-1.755637e-02	1.098439e+01
88	9.702003e-03	1.642982e+00	9.699958e-03	2.623297e+01	5.233806e-04	-2.000000e-01	5.213154e-04	-2.122477e+00	6.296846e-01	5.567412e-02	-1.753824e-02	1.097746e+01
89	8.920646e-04	1.584629e+00	9.264704e-04	2.604253e+01	-8.809938e-03	-5.835370e-02	-8.773488e-03	-1.904415e-01	6.296845e-01	5.567349e-02	-1.941800e-02	1.096501e+01
90	-2.166341e-03	1.515100e+00	-2.154260e-03	2.555446e+01	-3.058406e-03	-6.952900e-02	-3.080730e-03	-4.880659e-01	6.296806e-01	5.558401e-02	-1.981547e-02	1.095597e+01
91	1.194036e-03	1.458476e+00	1.180956e-03	2.583966e+01	3.360377e-03	-5.662349e-02	3.335216e-03	2.851975e-01	6.296875e-01	5.546675e-02	-1.837225e-02	1.093165e+01
92	1.311016e-03	1.314620e+00	1.310508e-03	2.420277e+01	1.169802e-04	-1.438565e-01	1.295514e-04	-1.636885e+00	6.296880e-01	5.492332e-02	-1.837578e-02	1.093600e+01
93	-1.208708e-03	1.294102e+00	-1.198868e-03	2.258598e+01	-2.519724e-03	-2.051802e-02	-2.509376e-03	-1.616797e+00	6.296877e-01	5.492133e-02	-1.670955e-02	1.094957e+01
94	-9.032286e-04	1.465237e+00	-9.043834e-04	2.481681e+01	3.054799e-04	1.711351e-01	2.944844e-04	2.230837e+00	6.296864e-01	5.417650e-02	-1.665850e-02	1.097817e+01
95	1.039713e-03	1.379157e+00	1.032119e-03	2.267894e+01	1.942941e-03	-8.607975e-02	1.936502e-03	-2.137870e+00	6.296913e-01	5.395748e-02	-1.775530e-02	1.102676e+01
96	6.635050e-04	1.460061e+00	6.649449e-04	2.453496e+01	-3.762076e-04	8.090375e-02	-3.671736e-04	1.856018e+00	6.296921e-01	5.378528e-02	-1.792698e-02	1.106368e+01
97	-1.011347e-03	1.266011e+00	-1.004799e-03	2.074378e+01	-1.674852e-03	-1.940499e-01	-1.669744e-03	-3.791182e+00	6.296845e-01	5.289668e-02	-1.664303e-02	1.121244e+01
98	-3.515882e-04	1.420945e+00	-3.541398e-04	2.183108e+01	6.597592e-04	1.549338e-01	6.506596e-04	1.087303e+00	6.296820e-01	5.231781e-02	-1.684427e-02	1.116518e+01
99	7.453934e-04	1.459789e+00	7.410983e-04	2.254312e+01	1.096982e-03	3.884474e-02	1.095238e-03	7.120381e-01	6.296811e-01	5.228780e-02	-1.669934e-02	1.117032e+01
100	5.476244e-05	1.333981e+00	5.744344e-05	2.116669e+01	-6.906310e-04	-1.258087e-01	-6.836549e-04	-1.376431e+00	6.296791e-01	5.191252e-02	-1.670874e-02	1.116860e+01
101	-5.394383e-04	1.252692e+00	-5.371067e-04	2.115792e+01	-5.942007e-04	-8.128836e-02	-5.945502e-04	-8.769020e-03	6.296780e-01	5.175860e-02	-1.696167e-02	1.113400e+01
102	-2.191606e-07	1.078765e+00	-2.316378e-06	1.970860e+01	5.392191e-04	-1.739271e-01	5.347903e-04	-1.449323e+00	6.296803e-01	5.101007e-02	-1.683875e-02	1.109435e+01
103	-2.253309e-03	9.775320e-01	-2.244517e-03	1.754817e+01	-2.253090e-03	-1.012331e-01	-2.242200e-03	-2.160423e+00	6.296757e-01	5.080242e-02	-1.573423e-02	1.114398e+01
104	-6.020662e-03	1.104461e+00	-6.005912e-03	1.928024e+01	-3.767353e-03	1.269289e-01	-3.761395e-03	1.732067e+00	6.296896e-01	5.033367e-02	-1.629787e-02	1.116297e+01
105	-1.171145e-02	1.014021e+00	-1.168916e-02	1.794393e+01	-5.690787e-03	-9.043979e-02	-5.683250e-03	-1.336315e+00	6.296830e-01	5.022875e-02	-1.541802e-02	1.117695e+01
106	-1.805614e-02	9.913532e-01	-1.803127e-02	1.785576e+01	-6.344695e-03	-2.266792e-02	-6.342111e-03	-8.816449e-02	6.296866e-01	5.024176e-02	-1.591544e-02	1.117518e+01
107	-2.411383e-02	9.072175e-01	-2.409007e-02	1.676804e+01	-6.057690e-03	-8.413570e-02	-6.058801e-03	-1.087718e+00	6.296809e-01	5.016280e-02	-1.549229e-02	1.118105e+01
108	-3.071826e-02	8.711248e-01	-3.069237e-02	1.759737e+01	-6.604429e-03	-3.609278e-02	-6.602298e-03	8.293216e-01	6.296829e-01	5.017365e-02	-1.935703e-02	1.115993e+01
109	-4.035934e-02	6.711248e-01	-4.032158e-02	1.499855e+01	-9.641080e-03	-2.000000e-01	-9.629210e-03	-2.598812e+00	6.296538e-01	4.957048e-02	-1.770932e-02	1.119411e+01
110	-4.434011e-02	6.761013e-01	-4.432441e-02	1.490429e+01	-3.980768e-03	4.976488e-03	-4.002833e-03	-9.426073e-02	6.296571e-01	4.956636e-02	-1.742563e-02	1.119376e+01
111	-4.968108e-02	6.514784e-01	-4.966015e-02	1.308180e+01	-5.340965e-03	-2.462280e-02	-5.335738e-03	-1.822492e+00	6.296590e-01	4.957516e-02	-1.350229e-02	1.121185e+01
112	-5.791296e-02	8.152711e-01	-5.788072e-02	1.503184e+01	-8.231881e-03	1.637927e-01	-8.220568e-03	1.950043e+00	6.297021e-01	4.871862e-02	-1.394025e-02	1.122056e+01
113	-6.154423e-02	6.908683e-01	-6.152992e-02	1.390422e+01	-3.631275e-03	-1.244028e-01	-3.649202e-03	-1.127627e+00	6.296940e-01	4.844313e-02	-1.439929e-02	1.120483e+01
114	-6.900255e-02	5.593604e-01	-6.897336e-02	1.272362e+01	-7.458318e-03	-1.315079e-01	-7.443438e-03	-1.180595e+00	6.296813e-01	4.821872e-02	-1.542775e-02	1.118670e+01
115	-7.512745e-02	4.601812e-01	-7.510341e-02	1.185177e+01	-6.124895e-03	-9.917920e-02	-6.130046e-03	-8.718521e-01	6.296741e-01	4.810111e-02	-1.611544e-02	1.117556e+01
116	-7.848628e-02	3.821596e-01	-7.847307e-02	1.065121e+01	-3.358834e-03	-7.802162e-02	-3.369659e-03	-1.200565e+00	6.296701e-01	4.800880e-02	-1.559264e-02	1.118771e+01
117	-8.131037e-02	3.884676e-01	-8.129928e-02	1.209276e+01	-2.824085e-03	6.307967e-03	-2.826216e-03	1.441559e+00	6.296719e-01	4.800475e-02	-1.743163e-02	1.119182e+01
118	-8.515407e-02	1.884676e-01	-8.513902e-02	9.488262e+00	-3.843708e-03	-2.000000e-01	-3.839733e-03	-2.604503e+00	6.296572e-01	4.724276e-02	-1.677614e-02	1.122592e+01
119	-8.728633e-02	1.781735e-01	-8.727794e-02	8.532964e+00	-2.132253e-03	-1.029408e-02	-2.138923e-03	-9.552979e-01	6.296576e-01	4.724427e-02	-1.592565e-02	1.123003e+01
120	-8.743707e-02	2.373807e-01	-8.743645e-02	9.246869e+00	-1.507477e-04	5.920716e-02	-1.585140e-04	7.139057e-01	6.296578e-01	4.716396e-02	-1.592915e-02	1.123141e+01
121	-8.796708e-02	1.264950e-01	-8.796501e-02	9.068466e+00	-5.300086e-04	-1.108857e-01	-5.285575e-04	-1.784034e-01	6.296565e-01	4.690038e-02	-1.619613e-02	1.117555e+01
122	-8.892805e-02	0.000000e+00	-8.892429e-02	6.434430e+00	-9.609695e-04	-1.264950e-01	-9.592804e-04	-2.634036e+00	6.296540e-01	4.656786e-02	-1.564349e-02	1.124830e+01
123	-8.896866e-02	1.286638e-02	-8.896849e-02	6.543006e+00	-4.060953e-05	1.286638e-02	-4.419809e-05	1.085758e-01	6.296540e-01	4.656409e-02	-1.564279e-02	1.124807e+01
124	-8.814120e-02	0.000000e+00	-8.814443e-02	5.445812e+00	8.274589e-04	-1.286638e-02	8.240540e-04	-1.097194e+00	6.296543e-01	4.655857e-02	-1.601711e-02	1.125390e+01
