#sequence delta(k-1),f(k-1),theta(k),v(k),delta_diff(k-1),f_diff(k-1),theta_diff(k),v_diff(k),phi(1,1;k),phi(1,2;k),phi(2,1;k),phi(2,2;k)
1	6.825780e-01	0.000000e+00	6.823769e-01	0.000000e+00	6.825780e-01	0.000000e+00	5.127144e-02	-8.930019e-03	8.339884e-01	1.000000e-01	1.000000e+00	1.300000e+01
2	7.353765e-01	2.000000e-01	7.351695e-01	3.232943e+00	5.279854e-02	2.000000e-01	5.279258e-02	3.232943e+00	8.337124e-01	9.895449e-02	1.014245e+00	1.305396e+01
3	6.930116e-01	2.774240e-01	6.931763e-01	4.297275e+00	-4.236490e-02	7.742403e-02	-4.199319e-02	1.064332e+00	8.339997e-01	9.842937e-02	1.012308e+00	1.305750e+01
4	6.639808e-01	3.828750e-01	6.640948e-01	5.398900e+00	-2.903088e-02	1.054509e-01	-2.908151e-02	1.101625e+00	8.342087e-01	9.767009e-02	1.015679e+00	1.304525e+01
5	6.745053e-01	5.307287e-01	6.744647e-01	7.978671e+00	1.052457e-02	1.478537e-01	1.036986e-02	2.579771e+00	8.341452e-01	9.677738e-02	1.018845e+00	1.308973e+01
6	6.848679e-01	5.529850e-01	6.848273e-01	8.512790e+00	1.036261e-02	2.225637e-02	1.036264e-02	5.341193e-01	8.341431e-01	9.677278e-02	1.019988e+00	1.309219e+01
7	6.750739e-01	6.278531e-01	6.751120e-01	9.344888e+00	-9.794036e-03	7.486808e-02	-9.715299e-03	8.320986e-01	8.341838e-01	9.646105e-02	1.020629e+00	1.308729e+01
8	6.587634e-01	7.594529e-01	6.588272e-01	8.765459e+00	-1.631053e-02	1.315998e-01	-1.628477e-02	-5.794295e-01	8.343019e-01	9.550845e-02	1.038178e+00	1.294570e+01
9	6.557083e-01	9.594529e-01	6.557205e-01	1.174555e+01	-3.055071e-03	2.000000e-01	-3.106750e-03	2.980094e+00	8.343299e-01	9.367742e-02	1.037617e+00	1.298240e+01
10	6.462447e-01	1.058237e+00	6.462817e-01	1.343302e+01	-9.463612e-03	9.878427e-02	-9.438781e-03	1.687468e+00	8.343782e-01	9.317329e-02	1.035762e+00	1.300177e+01
11	6.204030e-01	1.123935e+00	6.205041e-01	1.415814e+01	-2.584168e-02	6.569759e-02	-2.577760e-02	7.251173e-01	8.345047e-01	9.285151e-02	1.037014e+00	1.299859e+01
12	5.872357e-01	1.260808e+00	5.873656e-01	1.532431e+01	-3.316735e-02	1.368731e-01	-3.313848e-02	1.166175e+00	8.347882e-01	9.168185e-02	1.046040e+00	1.296134e+01
13	5.636198e-01	1.428040e+00	5.637126e-01	1.775240e+01	-2.361584e-02	1.672326e-01	-2.365304e-02	2.428082e+00	8.350013e-01	9.017257e-02	1.042886e+00	1.298368e+01
14	4.983725e-01	1.427176e+00	4.986277e-01	1.677175e+01	-6.524735e-02	-8.648409e-04	-6.508487e-02	-9.806497e-01	8.353268e-01	9.017689e-02	1.070762e+00	1.298405e+01
15	4.110811e-01	1.627176e+00	4.114230e-01	1.956873e+01	-8.729140e-02	2.000000e-01	-8.720466e-02	2.796983e+00	8.366359e-01	8.717760e-02	1.058870e+00	1.301130e+01
16	3.953168e-01	1.634116e+00	3.953798e-01	1.974862e+01	-1.576423e-02	6.940591e-03	-1.604329e-02	1.798946e-01	8.366618e-01	8.716620e-02	1.058074e+00	1.301165e+01
17	4.200835e-01	1.722415e+00	4.199870e-01	2.138155e+01	2.476667e-02	8.829890e-02	2.460725e-02	1.632926e+00	8.366171e-01	8.700703e-02	1.063437e+00	1.303077e+01
18	4.507764e-01	1.716575e+00	4.506561e-01	2.328084e+01	3.069291e-02	-5.840551e-03	3.066914e-02	1.899288e+00	8.366973e-01	8.699179e-02	1.091747e+00	1.302538e+01
19	5.494472e-01	1.525538e+00	5.490613e-01	2.051450e+01	9.867083e-02	-1.910367e-01	9.840520e-02	-2.766336e+00	8.381845e-01	8.411228e-02	1.074077e+00	1.305959e+01
20	6.771319e-01	1.725538e+00	6.766316e-01	2.347984e+01	1.276847e-01	2.000000e-01	1.275703e-01	2.965338e+00	8.384043e-01	8.445643e-02	1.086835e+00	1.307958e+01
21	7.030177e-01	1.748855e+00	7.029147e-01	2.369291e+01	2.588581e-02	2.331724e-02	2.628302e-02	2.130686e-01	8.384363e-01	8.448533e-02	1.085360e+00	1.307825e+01
22	7.083302e-01	1.848578e+00	7.083090e-01	2.446405e+01	5.312439e-03	9.972258e-02	5.394355e-03	7.711428e-01	8.384175e-01	8.413254e-02	1.084007e+00	1.305285e+01
23	7.667050e-01	1.973731e+00	7.664769e-01	2.575556e+01	5.837488e-02	1.251536e-01	5.816792e-02	1.291514e+00	8.383817e-01	8.405575e-02	1.072873e+00	1.302898e+01
24	7.857129e-01	2.040738e+00	7.856377e-01	2.774731e+01	1.900785e-02	6.700712e-02	1.916082e-02	1.991746e+00	8.383600e-01	8.397931e-02	1.082765e+00	1.306385e+01
25	7.902001e-01	1.906570e+00	7.901823e-01	2.669732e+01	4.487222e-03	-1.341680e-01	4.544541e-03	-1.049994e+00	8.383855e-01	8.321823e-02	1.084239e+00	1.301977e+01
26	8.110625e-01	1.906645e+00	8.109809e-01	2.618933e+01	2.086238e-02	7.434917e-05	2.079864e-02	-5.079813e-01	8.384182e-01	8.321834e-02	1.078973e+00	1.301975e+01
27	8.281730e-01	2.061349e+00	8.281058e-01	2.857428e+01	1.711051e-02	1.547041e-01	1.712492e-02	2.384943e+00	8.383371e-01	8.248539e-02	1.081802e+00	1.304533e+01
28	8.243135e-01	2.031434e+00	8.243283e-01	2.655385e+01	-3.859504e-03	-2.991468e-02	-3.777533e-03	-2.020429e+00	8.383336e-01	8.245804e-02	1.084781e+00	1.306843e+01
29	8.253881e-01	2.231434e+00	8.253839e-01	2.869766e+01	1.074576e-03	2.000000e-01	1.055622e-03	2.143815e+00	8.383254e-01	8.093647e-02	1.084546e+00	1.302455e+01
30	8.381760e-01	2.304589e+00	8.381260e-01	2.946727e+01	1.278791e-02	7.315507e-02	1.274208e-02	7.696092e-01	8.383018e-01	8.080135e-02	1.083352e+00	1.301773e+01
31	8.384810e-01	2.326971e+00	8.384796e-01	2.974398e+01	3.049867e-04	2.238141e-02	3.535691e-04	2.767056e-01	8.383016e-01	8.078317e-02	1.083350e+00	1.301757e+01
32	8.282348e-01	2.335960e+00	8.282748e-01	3.110912e+01	-1.024620e-02	8.989977e-03	-1.020479e-02	1.365143e+00	8.383130e-01	8.077317e-02	1.077222e+00	1.302294e+01
33	8.272914e-01	2.178104e+00	8.272953e-01	2.977057e+01	-9.433437e-04	-1.578568e-01	-9.795213e-04	-1.338546e+00	8.383074e-01	7.984285e-02	1.076904e+00	1.296975e+01
34	8.277280e-01	2.153667e+00	8.277263e-01	2.941476e+01	4.365793e-04	-2.443686e-02	4.310476e-04	-3.558191e-01	8.383078e-01	7.981945e-02	1.076896e+00	1.297021e+01
35	8.146301e-01	2.218791e+00	8.146812e-01	3.068598e+01	-1.309795e-02	6.512416e-02	-1.304510e-02	1.271222e+00	8.383529e-01	7.959527e-02	1.074160e+00	1.298381e+01
36	8.326720e-01	2.178772e+00	8.326017e-01	3.062339e+01	1.804192e-02	-4.001933e-02	1.792049e-02	-6.258384e-02	8.384041e-01	7.948170e-02	1.077907e+00	1.297550e+01
37	9.154381e-01	2.141117e+00	9.151145e-01	3.021662e+01	8.276612e-02	-3.765470e-02	8.251282e-02	-4.067757e-01	8.390350e-01	7.919467e-02	1.077617e+00	1.297563e+01
38	1.051624e+00	2.156956e+00	1.051090e+00	3.041326e+01	1.361856e-01	1.583950e-02	1.359759e-01	1.966403e-01	8.403460e-01	7.934715e-02	1.067643e+00	1.297447e+01
39	1.307101e+00	2.167664e+00	1.306101e+00	3.060136e+01	2.554769e-01	1.070805e-02	2.550101e-01	1.881042e-01	8.449843e-01	7.954156e-02	1.041369e+00	1.297337e+01
40	1.805940e+00	2.158184e+00	1.803987e+00	3.038192e+01	4.988390e-01	-9.480427e-03	4.978865e-01	-2.194388e-01	8.612371e-01	7.923267e-02	9.115816e-01	1.297584e+01
41	1.958386e+00	2.164836e+00	1.957782e+00	2.969142e+01	1.524459e-01	6.651903e-03	1.537953e-01	-6.905024e-01	8.628101e-01	7.930131e-02	8.460312e-01	1.297297e+01
42	1.681768e+00	2.254211e+00	1.682847e+00	2.897600e+01	-2.766172e-01	8.937539e-02	-2.749359e-01	-7.154201e-01	8.682758e-01	7.753535e-02	1.052888e+00	1.290614e+01
43	1.462700e+00	2.454211e+00	1.463560e+00	3.288051e+01	-2.190687e-01	2.000000e-01	-2.192869e-01	3.904505e+00	8.727194e-01	7.347854e-02	8.980043e-01	1.304754e+01
44	1.518093e+00	2.254211e+00	1.517880e+00	2.983667e+01	5.539302e-02	-2.000000e-01	5.432005e-02	-3.043839e+00	8.732519e-01	7.155599e-02	8.855360e-01	1.309256e+01
45	1.291924e+00	2.258697e+00	1.292807e+00	2.975279e+01	-2.261682e-01	4.485336e-03	-2.250726e-01	-8.387780e-02	8.761735e-01	7.149805e-02	8.794942e-01	1.309268e+01
46	9.065933e-01	2.235669e+00	9.081019e-01	2.916030e+01	-3.853312e-01	-2.302813e-02	-3.847052e-01	-5.924897e-01	8.839141e-01	7.196064e-02	8.713338e-01	1.309219e+01
47	8.760116e-01	2.236821e+00	8.761370e-01	3.060439e+01	-3.058164e-02	1.152541e-03	-3.196494e-02	1.444088e+00	8.839870e-01	7.195790e-02	8.501985e-01	1.309299e+01
48	9.958229e-01	2.036821e+00	9.953554e-01	2.838627e+01	1.198113e-01	-2.000000e-01	1.192184e-01	-2.218116e+00	8.855216e-01	6.939617e-02	8.667434e-01	1.306537e+01
49	8.709135e-01	1.977242e+00	8.713996e-01	2.916952e+01	-1.249094e-01	-5.957957e-02	-1.239558e-01	7.832449e-01	8.860629e-01	6.965438e-02	7.686024e-01	1.301856e+01
50	6.908592e-01	1.777242e+00	6.915644e-01	2.747393e+01	-1.800543e-01	-2.000000e-01	-1.798352e-01	-1.695591e+00	8.865882e-01	7.023791e-02	6.822265e-01	1.292261e+01
51	8.152437e-01	1.674959e+00	8.147606e-01	2.577982e+01	1.243845e-01	-1.022827e-01	1.231962e-01	-1.694109e+00	8.877607e-01	6.927375e-02	6.555592e-01	1.294454e+01
52	8.684289e-01	1.739329e+00	8.682193e-01	2.692088e+01	5.318517e-02	6.437020e-02	5.345865e-02	1.141065e+00	8.878057e-01	6.932810e-02	6.624309e-01	1.295286e+01
53	7.259091e-01	1.659895e+00	7.264650e-01	2.478492e+01	-1.425198e-01	-7.943420e-02	-1.417542e-01	-2.135958e+00	8.884548e-01	6.968993e-02	7.300836e-01	1.299057e+01
54	7.240969e-01	1.767846e+00	7.241061e-01	2.666881e+01	-1.812262e-03	1.079513e-01	-2.358910e-03	1.883891e+00	8.884619e-01	6.926823e-02	7.296703e-01	1.301518e+01
55	8.103647e-01	1.617987e+00	8.100277e-01	2.569186e+01	8.626781e-02	-1.498593e-01	8.592161e-02	-9.769541e-01	8.892555e-01	6.788964e-02	7.664324e-01	1.295132e+01
56	7.712436e-01	1.437568e+00	7.713951e-01	2.414345e+01	-3.912107e-02	-1.804192e-01	-3.863262e-02	-1.548411e+00	8.891020e-01	6.718144e-02	7.514822e-01	1.288237e+01
57	7.214419e-01	1.319041e+00	7.216370e-01	2.326878e+01	-4.980171e-02	-1.185268e-01	-4.975808e-02	-8.746649e-01	8.890437e-01	6.704276e-02	7.353013e-01	1.284386e+01
58	7.617474e-01	1.221487e+00	7.615907e-01	2.017942e+01	4.030551e-02	-9.755391e-02	3.995370e-02	-3.089368e+00	8.892467e-01	6.655150e-02	6.997737e-01	1.292985e+01
59	8.027177e-01	1.421487e+00	8.025570e-01	2.369216e+01	4.097024e-02	2.000000e-01	4.096627e-02	3.512740e+00	8.890793e-01	6.573474e-02	7.168947e-01	1.301343e+01
60	7.715890e-01	1.221487e+00	7.717100e-01	1.883654e+01	-3.112867e-02	-2.000000e-01	-3.084705e-02	-4.855617e+00	8.889348e-01	6.480607e-02	7.492148e-01	1.322109e+01
61	7.573370e-01	1.421487e+00	7.573931e-01	2.152943e+01	-1.425201e-02	2.000000e-01	-1.431683e-02	2.692890e+00	8.890318e-01	6.344556e-02	7.488209e-01	1.322661e+01
62	7.805234e-01	1.287043e+00	7.804330e-01	2.016901e+01	2.318637e-02	-1.344436e-01	2.303987e-02	-1.360421e+00	8.891513e-01	6.275234e-02	7.531906e-01	1.320128e+01
63	7.770200e-01	1.150221e+00	7.770333e-01	1.818457e+01	-3.503350e-03	-1.368226e-01	-3.399665e-03	-1.984439e+00	8.891376e-01	6.221784e-02	7.534801e-01	1.321258e+01
64	7.531922e-01	1.124834e+00	7.532854e-01	1.889733e+01	-2.382778e-02	-2.538706e-02	-2.374798e-02	7.127620e-01	8.891487e-01	6.222968e-02	7.414205e-01	1.319973e+01
65	7.235382e-01	9.248336e-01	7.236544e-01	1.382433e+01	-2.965402e-02	-2.000000e-01	-2.963095e-02	-5.073003e+00	8.890220e-01	6.137488e-02	7.747018e-01	1.342420e+01
66	7.158821e-01	1.124834e+00	7.159125e-01	1.793685e+01	-7.656073e-03	2.000000e-01	-7.741913e-03	4.112520e+00	8.890691e-01	6.014452e-02	7.695907e-01	1.355771e+01
67	7.011638e-01	9.248336e-01	7.012214e-01	1.498738e+01	-1.471835e-02	-2.000000e-01	-1.469109e-02	-2.949472e+00	8.889977e-01	5.917382e-02	7.711436e-01	1.357882e+01
68	6.639643e-01	8.759576e-01	6.641098e-01	1.378768e+01	-3.719953e-02	-4.887609e-02	-3.711160e-02	-1.199695e+00	8.890179e-01	5.920045e-02	7.800912e-01	1.359057e+01
69	6.253756e-01	8.593618e-01	6.255269e-01	1.339642e+01	-3.858870e-02	-1.659572e-02	-3.858293e-02	-3.912611e-01	8.890783e-01	5.922639e-02	7.825747e-01	1.359164e+01
70	5.993403e-01	7.761633e-01	5.994426e-01	1.145285e+01	-2.603521e-02	-8.319853e-02	-2.608422e-02	-1.943569e+00	8.890537e-01	5.914802e-02	7.923369e-01	1.362284e+01
71	5.811051e-01	8.022839e-01	5.811768e-01	1.154058e+01	-1.823522e-02	2.612062e-02	-1.826588e-02	8.772482e-02	8.890849e-01	5.910339e-02	7.945329e-01	1.361969e+01
72	5.463625e-01	7.148697e-01	5.464984e-01	1.113972e+01	-3.474267e-02	-8.741426e-02	-3.467831e-02	-4.008592e-01	8.890623e-01	5.904645e-02	7.811046e-01	1.358591e+01
73	4.947732e-01	5.148697e-01	4.949753e-01	9.084842e+00	-5.158924e-02	-2.000000e-01	-5.152318e-02	-2.054874e+00	8.889146e-01	5.847421e-02	7.642470e-01	1.352055e+01
74	4.617544e-01	3.882945e-01	4.618842e-01	7.838949e+00	-3.301878e-02	-1.265751e-01	-3.309106e-02	-1.245893e+00	8.888577e-01	5.825595e-02	7.566161e-01	1.349130e+01
75	4.425373e-01	2.863332e-01	4.426129e-01	6.155531e+00	-1.921713e-02	-1.019614e-01	-1.927132e-02	-1.683418e+00	8.888237e-01	5.807531e-02	7.592789e-01	1.350543e+01
76	4.271748e-01	2.823756e-01	4.272351e-01	6.252153e+00	-1.536247e-02	-3.957568e-03	-1.537774e-02	9.662177e-02	8.888346e-01	5.807812e-02	7.580988e-01	1.350512e+01
77	4.182225e-01	1.681738e-01	4.182577e-01	5.298292e+00	-8.952314e-03	-1.142018e-01	-8.977414e-03	-9.538609e-01	8.888109e-01	5.777566e-02	7.555842e-01	1.347305e+01
