#sequence delta(k-1),f(k-1),theta(k),v(k),delta_diff(k-1),f_diff(k-1),theta_diff(k),v_diff(k),phi(1,1;k),phi(1,2;k),phi(2,1;k),phi(2,2;k)
1	1.698008e+00	0.000000e+00	1.698319e+00	0.000000e+00	1.698008e+00	0.000000e+00	-7.936269e-02	-7.910487e-03	4.128704e-01	1.000000e-01	1.000000e+00	7.000000e+00
2	8.480268e-01	2.000000e-01	8.513483e-01	2.048882e+00	-8.499809e-01	2.000000e-01	-8.469706e-01	2.048882e+00	5.637108e-01	6.450733e-02	5.618754e-01	7.103090e+00
3	1.765440e+00	3.969195e-01	1.761869e+00	2.997619e+00	9.174128e-01	1.969195e-01	9.105207e-01	9.487365e-01	6.788895e-01	8.923003e-02	2.697484e-01	7.040386e+00
4	1.707237e+00	5.969195e-01	1.707450e+00	3.360230e+00	-5.820274e-02	2.000000e-01	-5.441866e-02	3.626112e-01	6.797757e-01	8.618471e-02	2.976131e-01	6.944636e+00
5	1.494037e+00	7.969195e-01	1.494871e+00	4.181967e+00	-2.131998e-01	2.000000e-01	-2.125795e-01	8.217368e-01	6.880201e-01	7.845075e-02	3.465364e-01	6.898742e+00
6	1.547108e+00	9.969195e-01	1.546904e+00	5.770654e+00	5.307101e-02	2.000000e-01	5.203331e-02	1.588687e+00	6.880159e-01	7.843487e-02	3.512392e-01	6.916464e+00
7	1.703493e+00	1.196919e+00	1.702881e+00	6.759360e+00	1.563846e-01	2.000000e-01	1.559770e-01	9.887058e-01	6.903687e-01	8.144391e-02	3.188905e-01	6.875093e+00
8	1.740615e+00	1.396919e+00	1.740468e+00	7.736351e+00	3.712259e-02	2.000000e-01	3.758686e-02	9.769910e-01	6.902939e-01	8.104088e-02	3.118097e-01	6.836945e+00
9	1.682009e+00	1.596919e+00	1.682237e+00	8.976335e+00	-5.860655e-02	2.000000e-01	-5.823079e-02	1.239984e+00	6.912198e-01	7.788110e-02	3.147831e-01	6.826798e+00
10	1.658020e+00	1.796919e+00	1.658115e+00	1.090246e+01	-2.398888e-02	2.000000e-01	-2.412263e-02	1.926125e+00	6.914780e-01	7.572863e-02	3.084361e-01	6.879715e+00
11	1.671647e+00	1.996919e+00	1.671594e+00	1.300404e+01	1.362724e-02	2.000000e-01	1.347978e-02	2.101580e+00	6.914077e-01	7.469593e-02	3.130139e-01	6.946901e+00
12	1.656088e+00	2.165432e+00	1.656149e+00	1.297642e+01	-1.555888e-02	1.685124e-01	-1.544545e-02	-2.761776e-02	6.915335e-01	7.333269e-02	3.217091e-01	6.852727e+00
13	1.618086e+00	2.365432e+00	1.618235e+00	1.438702e+01	-3.800211e-02	2.000000e-01	-3.791400e-02	1.410596e+00	6.919986e-01	7.088484e-02	3.207846e-01	6.857592e+00
14	1.574559e+00	2.565432e+00	1.574730e+00	1.607893e+01	-4.352694e-02	2.000000e-01	-4.350501e-02	1.691914e+00	6.925568e-01	6.832023e-02	3.140135e-01	6.888705e+00
15	1.471262e+00	2.765432e+00	1.471666e+00	1.569587e+01	-1.032972e-01	2.000000e-01	-1.030637e-01	-3.830620e-01	6.947192e-01	6.413340e-02	3.967224e-01	6.728567e+00
16	1.252980e+00	2.965432e+00	1.253834e+00	1.648981e+01	-2.182821e-01	2.000000e-01	-2.178320e-01	7.939450e-01	7.025678e-01	5.694222e-02	4.429283e-01	6.686231e+00
17	1.099362e+00	3.165432e+00	1.099965e+00	1.867624e+01	-1.536179e-01	2.000000e-01	-1.538688e-01	2.186430e+00	7.066221e-01	5.166370e-02	3.780624e-01	6.770682e+00
18	9.099892e-01	3.333405e+00	9.107313e-01	2.065828e+01	-1.893727e-01	1.679729e-01	-1.892340e-01	1.982036e+00	7.122088e-01	4.670833e-02	2.981946e-01	6.841524e+00
19	7.986780e-01	3.348593e+00	7.991157e-01	2.028301e+01	-1.113112e-01	1.518788e-02	-1.116156e-01	-3.752704e-01	7.139452e-01	4.647141e-02	3.216273e-01	6.838327e+00
20	7.128208e-01	3.548593e+00	7.131579e-01	2.064063e+01	-8.585719e-02	2.000000e-01	-8.595781e-02	3.576229e-01	7.152979e-01	4.332034e-02	3.607659e-01	6.747156e+00
21	5.593834e-01	3.748593e+00	5.599841e-01	2.010238e+01	-1.534374e-01	2.000000e-01	-1.531738e-01	-5.382487e-01	7.189771e-01	3.852469e-02	4.901985e-01	6.578445e+00
22	4.215275e-01	3.948593e+00	4.220684e-01	2.133936e+01	-1.378559e-01	2.000000e-01	-1.379157e-01	1.236973e+00	7.219351e-01	3.423328e-02	4.909070e-01	6.577417e+00
23	1.776555e-01	4.148593e+00	1.786103e-01	2.278483e+01	-2.438720e-01	2.000000e-01	-2.434581e-01	1.445473e+00	7.301281e-01	2.751419e-02	4.633516e-01	6.600016e+00
24	-1.799794e-01	4.348593e+00	-1.785787e-01	2.443961e+01	-3.576350e-01	2.000000e-01	-3.571890e-01	1.654778e+00	7.460465e-01	1.861214e-02	3.849156e-01	6.643879e+00
25	-5.498011e-01	4.530528e+00	-5.483510e-01	2.607496e+01	-3.698216e-01	1.819348e-01	-3.697723e-01	1.635352e+00	7.617933e-01	1.086547e-02	2.927952e-01	6.689198e+00
26	-6.759835e-01	4.550032e+00	-6.754849e-01	2.637517e+01	-1.261824e-01	1.950474e-02	-1.271339e-01	3.002139e-01	7.636494e-01	1.057855e-02	2.805071e-01	6.691098e+00
27	-6.843841e-01	4.681983e+00	-6.843494e-01	2.752086e+01	-8.400665e-03	1.319505e-01	-8.864466e-03	1.145683e+00	7.636646e-01	1.033964e-02	2.794583e-01	6.707572e+00
28	-7.667864e-01	4.691629e+00	-7.664644e-01	2.651771e+01	-8.240227e-02	9.645939e-03	-8.211501e-02	-1.003148e+00	7.644169e-01	1.025157e-02	3.202134e-01	6.702801e+00
29	-8.372422e-01	4.891629e+00	-8.369657e-01	2.745960e+01	-7.045579e-02	2.000000e-01	-7.050133e-02	9.418935e-01	7.650288e-01	8.514687e-03	3.325236e-01	6.667857e+00
30	-7.730756e-01	5.000000e+00	-7.733252e-01	2.935083e+01	6.416653e-02	1.083713e-01	6.364049e-02	1.891224e+00	7.654409e-01	9.210712e-03	3.672166e-01	6.726450e+00
31	-6.742598e-01	4.888901e+00	-6.746468e-01	2.812952e+01	9.881583e-02	-1.110991e-01	9.867842e-02	-1.221305e+00	7.665581e-01	7.954687e-03	3.435267e-01	6.753085e+00
32	-5.242918e-01	5.000000e+00	-5.248791e-01	2.850373e+01	1.499680e-01	1.110991e-01	1.497677e-01	3.742111e-01	7.689333e-01	9.714317e-03	3.135904e-01	6.730907e+00
33	-3.676068e-01	5.000000e+00	-3.682211e-01	2.934142e+01	1.566850e-01	0.000000e+00	1.566580e-01	8.376931e-01	7.715932e-01	9.714317e-03	1.000000e+00	7.000000e+00
34	2.000568e-01	5.000000e+00	1.978369e-01	3.207705e+01	5.676636e-01	0.000000e+00	5.660581e-01	2.735629e+00	8.013301e-01	9.714317e-03	1.000000e+00	7.000000e+00
35	6.257524e-01	4.800000e+00	6.240809e-01	2.886343e+01	4.256956e-01	-2.000000e-01	4.262439e-01	-3.213629e+00	8.171817e-01	2.266972e-03	5.922924e-01	7.191549e+00
36	5.563799e-01	5.000000e+00	5.566443e-01	3.119112e+01	-6.937255e-02	2.000000e-01	-6.743655e-02	2.327699e+00	8.175426e-01	1.226293e-03	5.623033e-01	7.278007e+00
37	5.424182e-01	4.836548e+00	5.424738e-01	3.009283e+01	-1.396163e-02	-1.634518e-01	-1.417052e-02	-1.098296e+00	8.175593e-01	1.422093e-03	5.616544e-01	7.270411e+00
38	7.593374e-01	5.000000e+00	7.584903e-01	3.245480e+01	2.169192e-01	1.634518e-01	2.160165e-01	2.361971e+00	8.213792e-01	4.300373e-03	6.661708e-01	7.349165e+00
39	7.361592e-01	4.800000e+00	7.362464e-01	3.215696e+01	-2.317819e-02	-2.000000e-01	-2.224383e-02	-2.978402e-01	8.214045e-01	4.518785e-03	6.533572e-01	7.238600e+00
40	5.578687e-01	4.622113e+00	5.585654e-01	3.097064e+01	-1.782905e-01	-1.778874e-01	-1.776810e-01	-1.186319e+00	8.239022e-01	7.010850e-03	6.354773e-01	7.220761e+00
41	5.024498e-01	4.788308e+00	5.026690e-01	3.112818e+01	-5.541887e-02	1.661950e-01	-5.589646e-02	1.575376e-01	8.241978e-01	6.124358e-03	6.615926e-01	7.142444e+00
42	3.931613e-01	4.988308e+00	3.935891e-01	3.303864e+01	-1.092885e-01	2.000000e-01	-1.090799e-01	1.910459e+00	8.252214e-01	4.251209e-03	6.335475e-01	7.193767e+00
43	5.358090e-02	4.788308e+00	5.490906e-02	3.068127e+01	-3.395804e-01	-2.000000e-01	-3.386800e-01	-2.357366e+00	8.338429e-01	9.328957e-03	7.388413e-01	7.255781e+00
44	-3.037369e-01	4.988308e+00	-3.023360e-01	3.251549e+01	-3.573178e-01	2.000000e-01	-3.572450e-01	1.834221e+00	8.434210e-01	3.967851e-03	6.375125e-01	7.312497e+00
45	-4.523622e-01	4.847243e+00	-4.517761e-01	3.175168e+01	-1.486252e-01	-1.410650e-01	-1.494402e-01	-7.638095e-01	8.450477e-01	5.511869e-03	6.124488e-01	7.288708e+00
46	-5.295639e-01	4.879087e+00	-5.292600e-01	3.163313e+01	-7.720171e-02	3.184445e-02	-7.748389e-02	-1.185562e-01	8.455016e-01	5.324652e-03	6.235353e-01	7.284135e+00
47	-6.660079e-01	4.984642e+00	-6.654738e-01	3.280552e+01	-1.364440e-01	1.055548e-01	-1.362137e-01	1.172398e+00	8.468690e-01	4.266820e-03	5.923330e-01	7.308274e+00
48	-7.046614e-01	4.789618e+00	-7.045083e-01	3.194833e+01	-3.865347e-02	-1.950235e-01	-3.903456e-02	-8.571925e-01	8.469675e-01	4.763538e-03	5.816925e-01	7.254588e+00
49	-6.405232e-01	4.711167e+00	-6.407731e-01	3.139577e+01	6.413823e-02	-7.845144e-02	6.373521e-02	-5.525642e-01	8.472641e-01	4.400734e-03	5.810638e-01	7.255357e+00
50	-5.918515e-01	4.749962e+00	-5.920426e-01	3.161222e+01	4.867164e-02	3.879478e-02	4.873048e-02	2.164560e-01	8.474330e-01	4.535400e-03	5.789111e-01	7.253641e+00
51	-4.835450e-01	4.730169e+00	-4.839688e-01	3.239381e+01	1.083066e-01	-1.979227e-02	1.080739e-01	7.815825e-01	8.482707e-01	4.382324e-03	6.230130e-01	7.245582e+00
52	-3.500276e-01	4.530169e+00	-3.505509e-01	3.161454e+01	1.335173e-01	-2.000000e-01	1.334179e-01	-7.792611e-01	8.495673e-01	2.440101e-03	6.591747e-01	7.191414e+00
53	-5.562842e-01	4.364871e+00	-5.554806e-01	2.974185e+01	-2.062566e-01	-1.652987e-01	-2.049297e-01	-1.872699e+00	8.523407e-01	4.662808e-03	7.110518e-01	7.232989e+00
54	-8.571369e-01	4.564871e+00	-8.559586e-01	3.092485e+01	-3.008527e-01	2.000000e-01	-3.004780e-01	1.183003e+00	8.583750e-01	6.513336e-04	7.177154e-01	7.228560e+00
55	-7.414279e-01	4.504604e+00	-7.418753e-01	3.097658e+01	1.157090e-01	-6.026681e-02	1.140833e-01	5.172835e-02	8.591817e-01	2.312102e-04	7.397503e-01	7.217083e+00
56	-7.405726e-01	4.310256e+00	-7.405777e-01	2.961734e+01	8.553074e-04	-1.943478e-01	1.297604e-03	-1.359233e+00	8.591819e-01	1.761524e-04	7.397674e-01	7.213209e+00
57	-9.118564e-01	4.326098e+00	-9.111873e-01	3.031870e+01	-1.712838e-01	1.584185e-02	-1.706096e-01	7.013530e-01	8.610618e-01	2.277571e-06	6.825400e-01	7.218502e+00
58	-8.634379e-01	4.126098e+00	-8.636244e-01	3.017410e+01	4.841851e-02	-2.000000e-01	4.756293e-02	-1.446015e-01	8.611941e-01	-5.440018e-04	7.110539e-01	7.100720e+00
59	-7.154344e-01	3.926098e+00	-7.160133e-01	2.766527e+01	1.480034e-01	-2.000000e-01	1.476111e-01	-2.508831e+00	8.625608e-01	-2.390884e-03	6.296391e-01	7.210738e+00
60	-7.682616e-01	4.126098e+00	-7.680575e-01	2.877048e+01	-5.282714e-02	2.000000e-01	-5.204418e-02	1.105216e+00	8.627082e-01	-2.948886e-03	6.370994e-01	7.182494e+00
61	-7.706574e-01	4.042135e+00	-7.706472e-01	2.767880e+01	-2.395814e-03	-8.396286e-02	-2.589753e-03	-1.091679e+00	8.627091e-01	-2.918266e-03	6.376518e-01	7.201852e+00
62	-5.770305e-01	4.086634e+00	-5.777868e-01	2.874914e+01	1.936269e-01	4.449844e-02	1.928605e-01	1.070341e+00	8.650493e-01	-2.380453e-03	6.941488e-01	7.214836e+00
63	-4.668298e-01	3.886634e+00	-4.672632e-01	2.835499e+01	1.102006e-01	-2.000000e-01	1.105235e-01	-3.941538e-01	8.658001e-01	-3.743177e-03	7.437518e-01	7.124813e+00
64	-3.878525e-01	3.686634e+00	-3.881627e-01	2.625831e+01	7.897736e-02	-2.000000e-01	7.910059e-02	-2.096678e+00	8.661658e-01	-4.669236e-03	7.169685e-01	7.192638e+00
65	-2.261498e-01	3.740909e+00	-2.267826e-01	2.526605e+01	1.617027e-01	5.427574e-02	1.613800e-01	-9.922579e-01	8.677990e-01	-4.121060e-03	6.035149e-01	7.154557e+00
66	-1.498227e-01	3.930027e+00	-1.501233e-01	2.559260e+01	7.632708e-02	1.891176e-01	7.665932e-02	3.265482e-01	8.681969e-01	-3.135264e-03	5.654207e-01	7.060170e+00
67	-7.659827e-02	3.933484e+00	-7.688548e-02	2.609908e+01	7.322441e-02	3.456653e-03	7.323783e-02	5.064829e-01	8.685325e-01	-3.119420e-03	5.807070e-01	7.060892e+00
68	1.028880e-02	3.733484e+00	9.948273e-03	2.479382e+01	8.688707e-02	-2.000000e-01	8.683375e-02	-1.305260e+00	8.689657e-01	-4.116548e-03	5.829832e-01	7.055652e+00
69	5.640721e-02	3.535741e+00	5.622573e-02	2.450404e+01	4.611841e-02	-1.977426e-01	4.627746e-02	-2.897848e-01	8.690813e-01	-4.612420e-03	6.061326e-01	6.956394e+00
70	7.270108e-02	3.335741e+00	7.263672e-02	2.307628e+01	1.629387e-02	-2.000000e-01	1.641099e-02	-1.427757e+00	8.690914e-01	-4.736073e-03	6.057809e-01	6.960711e+00
71	9.701668e-02	3.199684e+00	9.692144e-02	2.274555e+01	2.431560e-02	-1.360573e-01	2.428472e-02	-3.307344e-01	8.691201e-01	-4.896616e-03	6.126635e-01	6.922200e+00
72	1.072579e-01	2.999684e+00	1.072175e-01	2.022454e+01	1.024124e-02	-2.000000e-01	1.029610e-02	-2.521009e+00	8.691221e-01	-4.935350e-03	6.072133e-01	7.028636e+00
73	1.107146e-01	3.199684e+00	1.107009e-01	2.108606e+01	3.456672e-03	2.000000e-01	3.483388e-03	8.615232e-01	8.691244e-01	-4.798794e-03	6.063339e-01	6.977755e+00
74	1.081525e-01	3.084888e+00	1.081625e-01	2.070058e+01	-2.562086e-03	-1.147961e-01	-2.538471e-03	-3.854814e-01	8.691255e-01	-4.752067e-03	6.058296e-01	6.955160e+00
75	1.021852e-01	2.884888e+00	1.022085e-01	1.812298e+01	-5.967337e-03	-2.000000e-01	-5.953943e-03	-2.577599e+00	8.691303e-01	-4.592061e-03	6.091169e-01	7.065335e+00
76	9.605874e-02	3.076544e+00	9.608277e-02	1.837672e+01	-6.126426e-03	1.916563e-01	-6.125752e-03	2.537326e-01	8.691300e-01	-4.584998e-03	6.122506e-01	6.967302e+00
77	8.830973e-02	3.091692e+00	8.834009e-02	1.967936e+01	-7.749019e-03	1.514811e-02	-7.742678e-03	1.302645e+00	8.691335e-01	-4.591749e-03	6.078275e-01	6.975949e+00
78	7.278973e-02	2.891692e+00	7.285048e-02	1.921584e+01	-1.551999e-02	-2.000000e-01	-1.548961e-02	-4.635163e-01	8.691546e-01	-4.319912e-03	6.010265e-01	6.888307e+00
79	4.978766e-02	2.691692e+00	4.987775e-02	1.792348e+01	-2.300207e-02	-2.000000e-01	-2.297273e-02	-1.292364e+00	8.691957e-01	-3.961952e-03	5.999650e-01	6.879077e+00
80	4.472216e-02	2.491692e+00	4.474230e-02	1.686510e+01	-5.065501e-03	-2.000000e-01	-5.135451e-03	-1.058382e+00	8.691993e-01	-3.819926e-03	5.992090e-01	6.849230e+00
81	3.487726e-02	2.291692e+00	3.491579e-02	1.547138e+01	-9.844902e-03	-2.000000e-01	-9.826506e-03	-1.393722e+00	8.692087e-01	-3.630558e-03	5.992914e-01	6.850904e+00
82	1.462608e-02	2.091692e+00	1.470534e-02	1.394286e+01	-2.025118e-02	-2.000000e-01	-2.021046e-02	-1.528517e+00	8.692401e-01	-3.320095e-03	6.006699e-01	6.864518e+00
83	4.800370e-03	1.908373e+00	4.839062e-03	1.283520e+01	-9.825709e-03	-1.833192e-01	-9.866275e-03	-1.107659e+00	8.692490e-01	-3.154478e-03	5.999510e-01	6.851104e+00
84	-2.148582e-03	1.708373e+00	-2.121287e-03	1.089550e+01	-6.948952e-03	-2.000000e-01	-6.960348e-03	-1.939697e+00	8.692540e-01	-3.010038e-03	6.017803e-01	6.903754e+00
85	-8.988365e-03	1.749198e+00	-8.961540e-03	1.128591e+01	-6.839782e-03	4.082535e-02	-6.840253e-03	3.904057e-01	8.692565e-01	-3.024993e-03	6.014145e-01	6.905937e+00
86	-1.685842e-02	1.549198e+00	-1.682758e-02	1.093034e+01	-7.870058e-03	-2.000000e-01	-7.866036e-03	-3.555725e-01	8.692625e-01	-2.873190e-03	5.976384e-01	6.809976e+00
87	-2.470520e-02	1.349198e+00	-2.467442e-02	9.172240e+00	-7.846774e-03	-2.000000e-01	-7.846849e-03	-1.758096e+00	8.692683e-01	-2.724121e-03	5.990687e-01	6.846430e+00
88	-3.236001e-02	1.235568e+00	-3.232999e-02	9.438570e+00	-7.654818e-03	-1.136297e-01	-7.655568e-03	2.663301e-01	8.692731e-01	-2.653815e-03	5.952795e-01	6.790183e+00
89	-3.828258e-02	1.035568e+00	-3.825933e-02	8.778687e+00	-5.922568e-03	-2.000000e-01	-5.929337e-03	-6.598833e-01	8.692767e-01	-2.531643e-03	5.933442e-01	6.724832e+00
90	-4.410324e-02	8.355684e-01	-4.408041e-02	7.571152e+00	-5.820653e-03	-2.000000e-01	-5.821077e-03	-1.207534e+00	8.692801e-01	-2.413579e-03	5.929624e-01	6.711710e+00
91	-5.008464e-02	6.355684e-01	-5.006119e-02	6.793736e+00	-5.981409e-03	-2.000000e-01	-5.980782e-03	-7.774164e-01	8.692836e-01	-2.295858e-03	5.913789e-01	6.658765e+00
92	-5.474053e-02	4.355684e-01	-5.472225e-02	5.203981e+00	-4.655882e-03	-2.000000e-01	-4.661057e-03	-1.589755e+00	8.692860e-01	-2.195928e-03	5.919324e-01	6.682538e+00
93	-5.669777e-02	2.355684e-01	-5.669005e-02	3.602840e+00	-1.957241e-03	-2.000000e-01	-1.967803e-03	-1.601141e+00	8.692866e-01	-2.130211e-03	5.921725e-01	6.707077e+00
94	-5.857582e-02	1.000857e-01	-5.856845e-02	1.483296e+00	-1.878053e-03	-1.354827e-01	-1.878404e-03	-2.119544e+00	8.692871e-01	-2.096131e-03	5.932419e-01	6.784221e+00
95	-5.794863e-02	2.662793e-01	-5.795105e-02	2.161634e+00	6.271865e-04	1.661936e-01	6.173991e-04	6.783374e-01	8.692872e-01	-2.063383e-03	5.931098e-01	6.749218e+00
96	-5.917519e-02	8.032308e-02	-5.917040e-02	1.293818e+00	-1.226552e-03	-1.859563e-01	-1.219349e-03	-8.678155e-01	8.692875e-01	-2.016772e-03	5.928876e-01	6.715531e+00
97	-5.967381e-02	0.000000e+00	-5.967184e-02	9.272389e-01	-4.986237e-04	-8.032308e-02	-5.014390e-04	-3.665792e-01	8.692876e-01	-2.008026e-03	5.928467e-01	6.708947e+00
98	-6.031502e-02	0.000000e+00	-6.031250e-02	1.553615e+00	-6.412084e-04	0.000000e+00	-6.406625e-04	6.263757e-01	8.692876e-01	-2.008026e-03	1.000000e+00	7.000000e+00
99	-6.191890e-02	0.000000e+00	-6.191263e-02	0.000000e+00	-1.603885e-03	0.000000e+00	-1.600122e-03	-1.553615e+00	8.692877e-01	-2.008026e-03	1.000000e+00	7.000000e+00
100	-6.388977e-02	5.078757e-02	-6.388204e-02	4.316989e-01	-1.970866e-03	5.078757e-02	-1.969418e-03	4.316989e-01	8.692879e-01	-2.011740e-03	9.999269e-01	7.001883e+00
101	-6.139081e-02	0.000000e+00	-6.140054e-02	0.000000e+00	2.498956e-03	-5.078757e-02	2.481502e-03	-4.316989e-01	8.692881e-01	-2.016728e-03	9.998338e-01	7.003776e+00
102	-6.288771e-02	1.813975e-03	-6.288190e-02	9.703630e-01	-1.496895e-03	1.813975e-03	-1.481354e-03	9.703630e-01	8.692883e-01	-2.016880e-03	9.991518e-01	7.004603e+00
103	-6.238238e-02	0.000000e+00	-6.238433e-02	0.000000e+00	5.053281e-04	-1.813975e-03	4.975677e-04	-9.703630e-01	8.692883e-01	-2.016927e-03	9.989218e-01	7.005428e+00
104	-6.292291e-02	0.000000e+00	-6.292081e-02	1.159191e+00	-5.405337e-04	0.000000e+00	-5.364786e-04	1.159191e+00	8.692883e-01	-2.016927e-03	1.000000e+00	7.000000e+00
105	-6.219926e-02	0.000000e+00	-6.220208e-02	0.000000e+00	7.236476e-04	0.000000e+00	7.187252e-04	-1.159191e+00	8.692883e-01	-2.016927e-03	1.000000e+00	7.000000e+00
106	-6.437630e-02	0.000000e+00	-6.436781e-02	0.000000e+00	-2.177039e-03	0.000000e+00	-2.165727e-03	0.000000e+00	8.692886e-01	-2.016927e-03	1.000000e+00	7.000000e+00
107	-6.369281e-02	0.000000e+00	-6.369544e-02	0.000000e+00	6.834961e-04	0.000000e+00	6.723663e-04	0.000000e+00	8.692886e-01	-2.016927e-03	1.000000e+00	7.000000e+00
108	-6.332656e-02	0.000000e+00	-6.332800e-02	0.000000e+00	3.662459e-04	0.000000e+00	3.674417e-04	0.000000e+00	8.692886e-01	-2.016927e-03	1.000000e+00	7.000000e+00
109	-6.313948e-02	0.000000e+00	-6.314021e-02	5.791833e-02	1.870851e-04	0.000000e+00	1.877896e-04	5.791833e-02	8.692886e-01	-2.016927e-03	1.000000e+00	7.000000e+00
110	-6.163648e-02	0.000000e+00	-6.164235e-02	4.486435e-01	1.503000e-03	0.000000e+00	1.497862e-03	3.907252e-01	8.692888e-01	-2.016927e-03	1.000000e+00	7.000000e+00
111	-6.247274e-02	0.000000e+00	-6.246949e-02	1.508910e-01	-8.362607e-04	0.000000e+00	-8.271430e-04	-2.977525e-01	8.692888e-01	-2.016927e-03	1.000000e+00	7.000000e+00
112	-6.289205e-02	0.000000e+00	-6.289040e-02	0.000000e+00	-4.193108e-04	0.000000e+00	-4.209039e-04	-1.508910e-01	8.692888e-01	-2.016927e-03	1.000000e+00	7.000000e+00
113	-6.469540e-02	0.000000e+00	-6.468835e-02	0.000000e+00	-1.803352e-03	0.000000e+00	-1.797951e-03	0.000000e+00	8.692890e-01	-2.016927e-03	1.000000e+00	7.000000e+00
114	-6.464644e-02	0.000000e+00	-6.464661e-02	1.712715e-02	4.895405e-05	0.000000e+00	4.173957e-05	1.712715e-02	8.692890e-01	-2.016927e-03	1.000000e+00	7.000000e+00
115	-6.351575e-02	0.000000e+00	-6.352016e-02	0.000000e+00	1.130698e-03	0.000000e+00	1.126445e-03	-1.712715e-02	8.692891e-01	-2.016927e-03	1.000000e+00	7.000000e+00
116	-6.395126e-02	0.000000e+00	-6.394957e-02	6.691220e-01	-4.355090e-04	0.000000e+00	-4.294076e-04	6.691220e-01	8.692891e-01	-2.016927e-03	1.000000e+00	7.000000e+00
117	-6.382612e-02	0.000000e+00	-6.382661e-02	0.000000e+00	1.251320e-04	0.000000e+00	1.229658e-04	-6.691220e-01	8.692891e-01	-2.016927e-03	1.000000e+00	7.000000e+00
118	-6.600387e-02	0.000000e+00	-6.599537e-02	1.013163e-01	-2.177750e-03	0.000000e+00	-2.168763e-03	1.013163e-01	8.692894e-01	-2.016927e-03	1.000000e+00	7.000000e+00
119	-6.485541e-02	0.000000e+00	-6.485986e-02	6.920680e-01	1.148462e-03	0.000000e+00	1.135504e-03	5.907517e-01	8.692895e-01	-2.016927e-03	1.000000e+00	7.000000e+00
120	-6.494152e-02	0.000000e+00	-6.494120e-02	0.000000e+00	-8.611163e-05	0.000000e+00	-8.133969e-05	-6.920680e-01	8.692895e-01	-2.016927e-03	1.000000e+00	7.000000e+00
121	-6.605733e-02	0.000000e+00	-6.605297e-02	1.475711e+00	-1.115807e-03	0.000000e+00	-1.111766e-03	1.475711e+00	8.692896e-01	-2.016927e-03	1.000000e+00	7.000000e+00
122	-6.703315e-02	0.000000e+00	-6.702932e-02	2.318652e+00	-9.758174e-04	0.000000e+00	-9.763485e-04	8.429411e-01	8.692896e-01	-2.016927e-03	1.000000e+00	7.000000e+00
123	-6.837596e-02	0.000000e+00	-6.837070e-02	7.370702e-01	-1.342812e-03	0.000000e+00	-1.341381e-03	-1.581582e+00	8.692897e-01	-2.016927e-03	1.000000e+00	7.000000e+00
124	-6.854158e-02	0.000000e+00	-6.854091e-02	0.000000e+00	-1.656157e-04	0.000000e+00	-1.702086e-04	-7.370702e-01	8.692897e-01	-2.016927e-03	1.000000e+00	7.000000e+00
125	-6.871791e-02	7.810192e-02	-6.871722e-02	1.665460e+00	-1.763318e-04	7.810192e-02	-1.763079e-04	1.665460e+00	8.692897e-01	-2.011952e-03	9.999066e-01	7.041384e+00
126	-6.877714e-02	0.000000e+00	-6.877691e-02	0.000000e+00	-5.923576e-05	-7.810192e-02	-5.969307e-05	-1.665460e+00	8.692897e-01	-2.005837e-03	9.999379e-01	7.082640e+00
127	-6.899675e-02	6.653968e-02	-6.899589e-02	0.000000e+00	-2.196088e-04	6.653968e-02	-2.189842e-04	0.000000e+00	8.692897e-01	-2.002514e-03	9.999869e-01	7.067784e+00
128	-6.865839e-02	1.366745e-01	-6.865971e-02	0.000000e+00	3.383614e-04	7.013483e-02	3.361843e-04	0.000000e+00	8.692897e-01	-1.996449e-03	9.999074e-01	7.051300e+00
129	-6.844676e-02	2.104009e-01	-6.844759e-02	2.969390e-01	2.116344e-04	7.372633e-02	2.121209e-04	2.969390e-01	8.692898e-01	-1.990325e-03	9.998850e-01	7.043507e+00
130	-6.760812e-02	2.027174e-01	-6.761140e-02	1.614031e-01	8.386325e-04	-7.683440e-03	8.361852e-04	-1.355359e-01	8.692898e-01	-1.990661e-03	9.998522e-01	7.043807e+00
131	-6.742806e-02	1.991648e-01	-6.742878e-02	9.890141e-01	1.800613e-04	-3.552583e-03	1.826243e-04	8.276110e-01	8.692898e-01	-1.990693e-03	9.999251e-01	7.042368e+00
132	-6.837192e-02	0.000000e+00	-6.836823e-02	4.673810e-01	-9.438554e-04	-1.991648e-01	-9.394550e-04	-5.216331e-01	8.692900e-01	-1.942878e-03	9.995374e-01	6.960560e+00
133	-6.940259e-02	0.000000e+00	-6.939855e-02	0.000000e+00	-1.030673e-03	0.000000e+00	-1.030317e-03	-4.673810e-01	8.692901e-01	-1.942878e-03	1.000000e+00	7.000000e+00
134	-7.036557e-02	0.000000e+00	-7.036179e-02	0.000000e+00	-9.629770e-04	0.000000e+00	-9.632400e-04	0.000000e+00	8.692901e-01	-1.942878e-03	1.000000e+00	7.000000e+00
135	-7.016993e-02	0.000000e+00	-7.017068e-02	0.000000e+00	1.956374e-04	0.000000e+00	1.911105e-04	0.000000e+00	8.692901e-01	-1.942878e-03	1.000000e+00	7.000000e+00
136	-7.031624e-02	0.000000e+00	-7.031567e-02	0.000000e+00	-1.463077e-04	0.000000e+00	-1.449896e-04	0.000000e+00	8.692901e-01	-1.942878e-03	1.000000e+00	7.000000e+00
137	-7.036444e-02	0.000000e+00	-7.036425e-02	0.000000e+00	-4.820404e-05	0.000000e+00	-4.858211e-05	0.000000e+00	8.692901e-01	-1.942878e-03	1.000000e+00	7.000000e+00
138	-7.032728e-02	0.000000e+00	-7.032743e-02	0.000000e+00	3.716039e-05	0.000000e+00	3.682546e-05	0.000000e+00	8.692901e-01	-1.942878e-03	1.000000e+00	7.000000e+00
139	-7.099887e-02	0.000000e+00	-7.099625e-02	0.000000e+00	-6.715884e-04	0.000000e+00	-6.688212e-04	0.000000e+00	8.692902e-01	-1.942878e-03	1.000000e+00	7.000000e+00
140	-7.217050e-02	0.000000e+00	-7.216591e-02	0.000000e+00	-1.171631e-03	0.000000e+00	-1.169667e-03	0.000000e+00	8.692903e-01	-1.942878e-03	1.000000e+00	7.000000e+00
141	-7.405551e-02	0.000000e+00	-7.404813e-02	0.000000e+00	-1.885012e-03	0.000000e+00	-1.882218e-03	0.000000e+00	8.692905e-01	-1.942878e-03	1.000000e+00	7.000000e+00
142	-7.359427e-02	0.000000e+00	-7.359604e-02	0.000000e+00	4.612429e-04	0.000000e+00	4.520888e-04	0.000000e+00	8.692905e-01	-1.942878e-03	1.000000e+00	7.000000e+00
143	-7.314874e-02	0.000000e+00	-7.315048e-02	3.693505e-01	4.455334e-04	0.000000e+00	4.455590e-04	3.693505e-01	8.692905e-01	-1.942878e-03	1.000000e+00	7.000000e+00
144	-6.720627e-02	0.000000e+00	-6.722949e-02	4.301866e-01	5.942463e-03	0.000000e+00	5.920991e-03	6.083609e-02	8.692926e-01	-1.942878e-03	1.000000e+00	7.000000e+00
145	-6.657576e-02	0.000000e+00	-6.657831e-02	0.000000e+00	6.305144e-04	0.000000e+00	6.511803e-04	-4.301866e-01	8.692927e-01	-1.942878e-03	1.000000e+00	7.000000e+00
146	-7.267977e-02	0.000000e+00	-7.265594e-02	0.000000e+00	-6.104010e-03	0.000000e+00	-6.077622e-03	0.000000e+00	8.692949e-01	-1.942878e-03	1.000000e+00	7.000000e+00
147	-7.288141e-02	0.000000e+00	-7.288053e-02	0.000000e+00	-2.016372e-04	0.000000e+00	-2.245903e-04	0.000000e+00	8.692949e-01	-1.942878e-03	1.000000e+00	7.000000e+00
148	-7.402236e-02	0.000000e+00	-7.401790e-02	0.000000e+00	-1.140957e-03	0.000000e+00	-1.137377e-03	0.000000e+00	8.692950e-01	-1.942878e-03	1.000000e+00	7.000000e+00
149	-7.382971e-02	0.000000e+00	-7.383045e-02	0.000000e+00	1.926521e-04	0.000000e+00	1.874567e-04	0.000000e+00	8.692950e-01	-1.942878e-03	1.000000e+00	7.000000e+00
150	-7.359330e-02	0.000000e+00	-7.359422e-02	0.000000e+00	2.364131e-04	0.000000e+00	2.362219e-04	0.000000e+00	8.692950e-01	-1.942878e-03	1.000000e+00	7.000000e+00
151	-7.363344e-02	0.000000e+00	-7.363328e-02	0.000000e+00	-4.013769e-05	0.000000e+00	-3.905816e-05	0.000000e+00	8.692950e-01	-1.942878e-03	1.000000e+00	7.000000e+00
152	-7.054064e-02	0.000000e+00	-7.055272e-02	0.000000e+00	3.092800e-03	0.000000e+00	3.080566e-03	0.000000e+00	8.692956e-01	-1.942878e-03	1.000000e+00	7.000000e+00
153	-7.146491e-02	0.000000e+00	-7.146135e-02	0.000000e+00	-9.242759e-04	0.000000e+00	-9.086320e-04	0.000000e+00	8.692956e-01	-1.942878e-03	1.000000e+00	7.000000e+00
154	-7.209922e-02	0.000000e+00	-7.209673e-02	0.000000e+00	-6.343121e-04	0.000000e+00	-6.353836e-04	0.000000e+00	8.692956e-01	-1.942878e-03	1.000000e+00	7.000000e+00
155	-7.179546e-02	0.000000e+00	-7.179664e-02	0.000000e+00	3.037604e-04	0.000000e+00	3.000919e-04	0.000000e+00	8.692956e-01	-1.942878e-03	1.000000e+00	7.000000e+00
156	-7.378748e-02	0.000000e+00	-7.377970e-02	0.000000e+00	-1.992017e-03	0.000000e+00	-1.983063e-03	0.000000e+00	8.692959e-01	-1.942878e-03	1.000000e+00	7.000000e+00
157	-7.092930e-02	0.000000e+00	-7.094043e-02	2.057829e-01	2.858182e-03	0.000000e+00	2.839271e-03	2.057829e-01	8.692964e-01	-1.942878e-03	1.000000e+00	7.000000e+00
158	-6.655475e-02	0.000000e+00	-6.657188e-02	0.000000e+00	4.374546e-03	0.000000e+00	4.368549e-03	-2.057829e-01	8.692975e-01	-1.942878e-03	1.000000e+00	7.000000e+00
159	-7.208365e-02	0.000000e+00	-7.206212e-02	0.000000e+00	-5.528898e-03	0.000000e+00	-5.490236e-03	0.000000e+00	8.692993e-01	-1.942878e-03	1.000000e+00	7.000000e+00
160	-7.263994e-02	0.000000e+00	-7.263768e-02	4.899462e-01	-5.562918e-04	0.000000e+00	-5.755650e-04	4.899462e-01	8.692994e-01	-1.942878e-03	1.000000e+00	7.000000e+00
161	-6.788379e-02	0.000000e+00	-6.790236e-02	0.000000e+00	4.756147e-03	0.000000e+00	4.735320e-03	-4.899462e-01	8.693007e-01	-1.942878e-03	1.000000e+00	7.000000e+00
162	-6.924924e-02	0.000000e+00	-6.924398e-02	0.000000e+00	-1.365451e-03	0.000000e+00	-1.341620e-03	0.000000e+00	8.693008e-01	-1.942878e-03	1.000000e+00	7.000000e+00
163	-7.050131e-02	0.000000e+00	-7.049640e-02	0.000000e+00	-1.252064e-03	0.000000e+00	-1.252413e-03	0.000000e+00	8.693009e-01	-1.942878e-03	1.000000e+00	7.000000e+00
164	-7.127264e-02	0.000000e+00	-7.126960e-02	0.000000e+00	-7.713268e-04	0.000000e+00	-7.732061e-04	0.000000e+00	8.693009e-01	-1.942878e-03	1.000000e+00	7.000000e+00
165	-7.083477e-02	0.000000e+00	-7.083647e-02	2.413118e-01	4.378645e-04	0.000000e+00	4.331337e-04	2.413118e-01	8.693010e-01	-1.942878e-03	1.000000e+00	7.000000e+00
166	-6.705582e-02	0.000000e+00	-6.707059e-02	0.000000e+00	3.778954e-03	0.000000e+00	3.765884e-03	-2.413118e-01	8.693018e-01	-1.942878e-03	1.000000e+00	7.000000e+00
167	-7.010101e-02	0.000000e+00	-7.008917e-02	1.901216e-01	-3.045190e-03	0.000000e+00	-3.018584e-03	1.901216e-01	8.693024e-01	-1.942878e-03	1.000000e+00	7.000000e+00
168	-6.841479e-02	0.000000e+00	-6.842133e-02	0.000000e+00	1.686220e-03	0.000000e+00	1.667842e-03	-1.901216e-01	8.693025e-01	-1.942878e-03	1.000000e+00	7.000000e+00
169	-6.949096e-02	0.000000e+00	-6.948678e-02	0.000000e+00	-1.076169e-03	0.000000e+00	-1.065450e-03	0.000000e+00	8.693026e-01	-1.942878e-03	1.000000e+00	7.000000e+00
170	-6.978872e-02	0.000000e+00	-6.978754e-02	0.000000e+00	-2.977681e-04	0.000000e+00	-3.007668e-04	0.000000e+00	8.693026e-01	-1.942878e-03	1.000000e+00	7.000000e+00
171	-7.096094e-02	0.000000e+00	-7.095635e-02	0.000000e+00	-1.172212e-03	0.000000e+00	-1.168808e-03	0.000000e+00	8.693027e-01	-1.942878e-03	1.000000e+00	7.000000e+00
172	-7.099864e-02	0.000000e+00	-7.099847e-02	0.000000e+00	-3.770159e-05	0.000000e+00	-4.211997e-05	0.000000e+00	8.693027e-01	-1.942878e-03	1.000000e+00	7.000000e+00
173	-7.069917e-02	0.000000e+00	-7.070034e-02	0.000000e+00	2.994660e-04	0.000000e+00	2.981317e-04	0.000000e+00	8.693027e-01	-1.942878e-03	1.000000e+00	7.000000e+00
174	-7.263486e-02	0.000000e+00	-7.262731e-02	0.000000e+00	-1.935693e-03	0.000000e+00	-1.926967e-03	0.000000e+00	8.693029e-01	-1.942878e-03	1.000000e+00	7.000000e+00
175	-7.017418e-02	0.000000e+00	-7.018377e-02	0.000000e+00	2.460681e-03	0.000000e+00	2.443541e-03	0.000000e+00	8.693033e-01	-1.942878e-03	1.000000e+00	7.000000e+00
176	-7.191403e-02	0.000000e+00	-7.190727e-02	0.000000e+00	-1.739844e-03	0.000000e+00	-1.723503e-03	0.000000e+00	8.693034e-01	-1.942878e-03	1.000000e+00	7.000000e+00
177	-7.269227e-02	0.000000e+00	-7.268920e-02	0.000000e+00	-7.782372e-04	0.000000e+00	-7.819296e-04	0.000000e+00	8.693035e-01	-1.942878e-03	1.000000e+00	7.000000e+00
178	-7.221847e-02	0.000000e+00	-7.222031e-02	0.000000e+00	4.737969e-04	0.000000e+00	4.688917e-04	0.000000e+00	8.693035e-01	-1.942878e-03	1.000000e+00	7.000000e+00
179	-7.206539e-02	0.000000e+00	-7.206600e-02	5.408643e-01	1.530767e-04	0.000000e+00	1.543104e-04	5.408643e-01	8.693035e-01	-1.942878e-03	1.000000e+00	7.000000e+00
180	-6.678590e-02	0.000000e+00	-6.680652e-02	0.000000e+00	5.279492e-03	0.000000e+00	5.259472e-03	-5.408643e-01	8.693052e-01	-1.942878e-03	1.000000e+00	7.000000e+00
181	-6.965940e-02	0.000000e+00	-6.964826e-02	1.931223e-01	-2.873505e-03	0.000000e+00	-2.841735e-03	1.931223e-01	8.693056e-01	-1.942878e-03	1.000000e+00	7.000000e+00
182	-6.731012e-02	0.000000e+00	-6.731925e-02	0.000000e+00	2.349286e-03	0.000000e+00	2.329009e-03	-1.931223e-01	8.693060e-01	-1.942878e-03	1.000000e+00	7.000000e+00
183	-7.006041e-02	0.000000e+00	-7.004971e-02	0.000000e+00	-2.750296e-03	0.000000e+00	-2.730455e-03	0.000000e+00	8.693064e-01	-1.942878e-03	1.000000e+00	7.000000e+00
184	-7.024157e-02	0.000000e+00	-7.024082e-02	0.000000e+00	-1.811535e-04	0.000000e+00	-1.911117e-04	0.000000e+00	8.693064e-01	-1.942878e-03	1.000000e+00	7.000000e+00
185	-6.867482e-02	0.000000e+00	-6.868094e-02	0.000000e+00	1.566747e-03	0.000000e+00	1.559880e-03	0.000000e+00	8.693066e-01	-1.942878e-03	1.000000e+00	7.000000e+00
186	-6.922780e-02	0.000000e+00	-6.922566e-02	0.000000e+00	-5.529767e-04	0.000000e+00	-5.447233e-04	0.000000e+00	8.693066e-01	-1.942878e-03	1.000000e+00	7.000000e+00
187	-6.956821e-02	0.000000e+00	-6.956688e-02	0.000000e+00	-3.404167e-04	0.000000e+00	-3.412148e-04	0.000000e+00	8.693066e-01	-1.942878e-03	1.000000e+00	7.000000e+00
188	-6.937463e-02	0.000000e+00	-6.937538e-02	1.115328e+00	1.935862e-04	0.000000e+00	1.914971e-04	1.115328e+00	8.693066e-01	-1.942878e-03	1.000000e+00	7.000000e+00
189	-6.788903e-02	0.000000e+00	-6.789484e-02	9.791234e-01	1.485593e-03	0.000000e+00	1.480538e-03	-1.362043e-01	8.693067e-01	-1.942878e-03	1.000000e+00	7.000000e+00
190	-6.857721e-02	0.000000e+00	-6.857454e-02	0.000000e+00	-6.881729e-04	0.000000e+00	-6.797014e-04	-9.791234e-01	8.693067e-01	-1.942878e-03	1.000000e+00	7.000000e+00
191	-7.026993e-02	0.000000e+00	-7.026331e-02	5.989585e-01	-1.692727e-03	0.000000e+00	-1.688769e-03	5.989585e-01	8.693069e-01	-1.942878e-03	1.000000e+00	7.000000e+00
192	-6.945191e-02	0.000000e+00	-6.945508e-02	0.000000e+00	8.180242e-04	0.000000e+00	8.082321e-04	-5.989585e-01	8.693070e-01	-1.942878e-03	1.000000e+00	7.000000e+00
193	-6.938362e-02	0.000000e+00	-6.938390e-02	0.000000e+00	6.828861e-05	0.000000e+00	7.117901e-05	0.000000e+00	8.693070e-01	-1.942878e-03	1.000000e+00	7.000000e+00
194	-6.958919e-02	0.000000e+00	-6.958839e-02	0.000000e+00	-2.055732e-04	0.000000e+00	-2.044922e-04	0.000000e+00	8.693070e-01	-1.942878e-03	1.000000e+00	7.000000e+00
195	-6.955530e-02	0.000000e+00	-6.955543e-02	0.000000e+00	3.389639e-05	0.000000e+00	3.296518e-05	0.000000e+00	8.693070e-01	-1.942878e-03	1.000000e+00	7.000000e+00
196	-6.950562e-02	0.000000e+00	-6.950581e-02	0.000000e+00	4.967736e-05	0.000000e+00	4.961208e-05	0.000000e+00	8.693070e-01	-1.942878e-03	1.000000e+00	7.000000e+00
197	-6.967503e-02	0.000000e+00	-6.967437e-02	8.257653e-01	-1.694069e-04	0.000000e+00	-1.685513e-04	8.257653e-01	8.693070e-01	-1.942878e-03	1.000000e+00	7.000000e+00
198	-6.949009e-02	0.000000e+00	-6.949081e-02	2.661664e-02	1.849343e-04	0.000000e+00	1.835535e-04	-7.991487e-01	8.693070e-01	-1.942878e-03	1.000000e+00	7.000000e+00
199	-6.964519e-02	0.000000e+00	-6.964459e-02	0.000000e+00	-1.550993e-04	0.000000e+00	-1.537764e-04	-2.661664e-02	8.693070e-01	-1.942878e-03	1.000000e+00	7.000000e+00
200	-6.993802e-02	0.000000e+00	-6.993687e-02	0.000000e+00	-2.928234e-04	0.000000e+00	-2.922802e-04	0.000000e+00	8.693070e-01	-1.942878e-03	1.000000e+00	7.000000e+00
201	-6.970768e-02	0.000000e+00	-6.970857e-02	0.000000e+00	2.303404e-04	0.000000e+00	2.282989e-04	0.000000e+00	8.693070e-01	-1.942878e-03	1.000000e+00	7.000000e+00
202	-6.958376e-02	0.000000e+00	-6.958424e-02	0.000000e+00	1.239199e-04	0.000000e+00	1.243276e-04	0.000000e+00	8.693070e-01	-1.942878e-03	1.000000e+00	7.000000e+00
203	-6.963343e-02	0.000000e+00	-6.963324e-02	0.000000e+00	-4.967353e-05	0.000000e+00	-4.899384e-05	0.000000e+00	8.693070e-01	-1.942878e-03	1.000000e+00	7.000000e+00
204	-6.973354e-02	0.000000e+00	-6.973315e-02	2.588367e-01	-1.001126e-04	0.000000e+00	-9.991290e-05	2.588367e-01	8.693070e-01	-1.942878e-03	1.000000e+00	7.000000e+00
205	-6.864182e-02	0.000000e+00	-6.864608e-02	0.000000e+00	1.091721e-03	0.000000e+00	1.087066e-03	-2.588367e-01	8.693070e-01	-1.942878e-03	1.000000e+00	7.000000e+00
206	-6.968368e-02	0.000000e+00	-6.967963e-02	0.000000e+00	-1.041860e-03	0.000000e+00	-1.033544e-03	0.000000e+00	8.693071e-01	-1.942878e-03	1.000000e+00	7.000000e+00
207	-6.992811e-02	0.000000e+00	-6.992714e-02	0.000000e+00	-2.444316e-04	0.000000e+00	-2.475141e-04	0.000000e+00	8.693071e-01	-1.942878e-03	1.000000e+00	7.000000e+00
208	-6.963829e-02	0.000000e+00	-6.963942e-02	0.000000e+00	2.898249e-04	0.000000e+00	2.877259e-04	0.000000e+00	8.693071e-01	-1.942878e-03	1.000000e+00	7.000000e+00
209	-6.964613e-02	0.000000e+00	-6.964610e-02	0.000000e+00	-7.838639e-06	0.000000e+00	-6.684090e-06	0.000000e+00	1.000000e+00	1.000000e-01	1.000000e+00	7.000000e+00
210	-6.979838e-02	0.000000e+00	-6.979779e-02	1.007945e+00	-1.522554e-04	0.000000e+00	-1.516867e-04	1.007945e+00	1.000000e+00	1.000000e-01	1.000000e+00	7.000000e+00
211	-6.917122e-02	0.000000e+00	-6.917367e-02	0.000000e+00	6.271617e-04	0.000000e+00	6.241193e-04	-1.007945e+00	1.000000e+00	1.000000e-01	1.000000e+00	7.000000e+00
212	-6.973289e-02	0.000000e+00	-6.973071e-02	5.308138e-01	-5.616736e-04	0.000000e+00	-5.570416e-04	5.308138e-01	1.000000e+00	1.000000e-01	1.000000e+00	7.000000e+00
213	-6.955577e-02	0.000000e+00	-6.955646e-02	0.000000e+00	1.771206e-04	0.000000e+00	1.742528e-04	-5.308138e-01	1.000000e+00	1.000000e-01	1.000000e+00	7.000000e+00
214	-6.994534e-02	0.000000e+00	-6.994382e-02	7.621203e-01	-3.895633e-04	0.000000e+00	-3.873609e-04	7.621203e-01	1.000000e+00	1.000000e-01	1.000000e+00	7.000000e+00
215	-7.016929e-02	0.000000e+00	-7.016841e-02	0.000000e+00	-2.239545e-04	0.000000e+00	-2.245928e-04	-7.621203e-01	1.000000e+00	1.000000e-01	1.000000e+00	7.000000e+00
216	-7.024374e-02	0.000000e+00	-7.024345e-02	1.066551e+00	-7.445012e-05	0.000000e+00	-7.503662e-05	1.066551e+00	1.000000e+00	1.000000e-01	1.000000e+00	7.000000e+00
