#sequence delta(k-1),f(k-1),theta(k),v(k),delta_diff(k-1),f_diff(k-1),theta_diff(k),v_diff(k),phi(1,1;k),phi(1,2;k),phi(2,1;k),phi(2,2;k)
1	2.230838e+00	0.000000e+00	2.231121e+00	0.000000e+00	2.230838e+00	0.000000e+00	-7.197207e-02	-5.938325e-03	3.004744e-01	1.000000e-01	1.000000e+00	1.400000e+01
2	2.908903e+00	2.000000e-01	2.906255e+00	2.430059e+00	6.780644e-01	2.000000e-01	6.751346e-01	2.430059e+00	4.167932e-01	1.343090e-01	7.299414e-01	1.392034e+01
3	2.641488e+00	2.060288e-01	2.642522e+00	2.156525e+00	-2.674147e-01	6.028773e-03	-2.637329e-01	-2.735336e-01	4.355668e-01	1.338858e-01	7.498401e-01	1.391990e+01
4	2.301149e+00	3.127780e-01	2.302482e+00	2.848977e+00	-3.403393e-01	1.067492e-01	-3.400401e-01	6.924523e-01	4.668912e-01	1.240607e-01	8.316554e-01	1.389423e+01
5	2.254729e+00	4.391117e-01	2.254916e+00	4.833647e+00	-4.641951e-02	1.263337e-01	-4.756646e-02	1.984669e+00	4.677995e-01	1.215888e-01	8.258000e-01	1.391017e+01
6	2.286087e+00	3.625644e-01	2.285965e+00	2.707424e+00	3.135794e-02	-7.654729e-02	3.104964e-02	-2.126222e+00	4.681808e-01	1.206580e-01	8.096594e-01	1.394957e+01
7	2.316663e+00	5.625644e-01	2.316543e+00	6.433294e+00	3.057526e-02	2.000000e-01	3.057711e-02	3.725869e+00	4.680688e-01	1.199254e-01	8.226275e-01	1.403440e+01
8	2.240486e+00	3.797275e-01	2.240783e+00	3.130272e+00	-7.617665e-02	-1.828369e-01	-7.575964e-02	-3.303022e+00	4.687139e-01	1.214736e-01	8.465588e-01	1.409184e+01
9	2.205142e+00	5.797275e-01	2.205281e+00	6.183091e+00	-3.534414e-02	2.000000e-01	-3.550201e-02	3.052819e+00	4.694250e-01	1.174497e-01	8.422100e-01	1.411644e+01
10	2.228764e+00	5.723664e-01	2.228672e+00	6.211711e+00	2.362208e-02	-7.361075e-03	2.339112e-02	2.862092e-02	4.695727e-01	1.174037e-01	8.434735e-01	1.411605e+01
11	2.250272e+00	6.831074e-01	2.250188e+00	7.256725e+00	2.150869e-02	1.107410e-01	2.151604e-02	1.045013e+00	4.695566e-01	1.173208e-01	8.380284e-01	1.408802e+01
12	2.243748e+00	7.835093e-01	2.243773e+00	8.813551e+00	-6.524789e-03	1.004019e-01	-6.415254e-03	1.556826e+00	4.696033e-01	1.166029e-01	8.375726e-01	1.409503e+01
13	2.234537e+00	7.557735e-01	2.234574e+00	9.584849e+00	-9.210195e-03	-2.773576e-02	-9.199277e-03	7.712983e-01	4.696104e-01	1.166245e-01	8.324564e-01	1.407962e+01
14	2.240288e+00	6.575693e-01	2.240266e+00	7.715748e+00	5.750953e-03	-9.820427e-02	5.692554e-03	-1.869101e+00	4.696497e-01	1.159539e-01	8.311210e-01	1.410243e+01
15	2.251045e+00	8.575693e-01	2.251003e+00	1.031210e+01	1.075687e-02	2.000000e-01	1.073709e-02	2.596349e+00	4.695620e-01	1.143236e-01	8.299535e-01	1.408072e+01
16	2.254299e+00	8.601783e-01	2.254287e+00	8.989871e+00	3.254121e-03	2.609055e-03	3.283351e-03	-1.322225e+00	4.695643e-01	1.143254e-01	8.278488e-01	1.407903e+01
17	2.254922e+00	1.060178e+00	2.254919e+00	1.198212e+01	6.223725e-04	2.000000e-01	6.327670e-04	2.992253e+00	4.695577e-01	1.122275e-01	8.278998e-01	1.409542e+01
18	2.260741e+00	9.765866e-01	2.260718e+00	1.112954e+01	5.819100e-03	-8.359177e-02	5.798841e-03	-8.525813e-01	4.695920e-01	1.117350e-01	8.287836e-01	1.408272e+01
19	2.273342e+00	1.024873e+00	2.273293e+00	1.156235e+01	1.260151e-02	4.828608e-02	1.257493e-02	4.328065e-01	4.695996e-01	1.117639e-01	8.272434e-01	1.407682e+01
20	2.278381e+00	1.097567e+00	2.278361e+00	1.344419e+01	5.038208e-03	7.269437e-02	5.067648e-03	1.881840e+00	4.695866e-01	1.115771e-01	8.292826e-01	1.410624e+01
21	2.286834e+00	9.755781e-01	2.286800e+00	1.291493e+01	8.452944e-03	-1.219889e-01	8.439720e-03	-5.292539e-01	4.696587e-01	1.105372e-01	8.340034e-01	1.403812e+01
22	2.302012e+00	9.210442e-01	2.301952e+00	1.152429e+01	1.517817e-02	-5.453392e-02	1.515185e-02	-1.390640e+00	4.697598e-01	1.101738e-01	8.294128e-01	1.405461e+01
23	2.309016e+00	1.120082e+00	2.308989e+00	1.400044e+01	7.004583e-03	1.990380e-01	7.036409e-03	2.476145e+00	4.697005e-01	1.084882e-01	8.283458e-01	1.402429e+01
24	2.316012e+00	1.126123e+00	2.315984e+00	1.343175e+01	6.995459e-03	6.041176e-03	6.995619e-03	-5.686881e-01	4.697107e-01	1.084969e-01	8.261555e-01	1.402240e+01
25	2.329466e+00	1.241576e+00	2.329413e+00	1.515421e+01	1.345396e-02	1.154528e-01	1.342874e-02	1.722459e+00	4.696763e-01	1.082019e-01	8.267421e-01	1.402743e+01
26	2.343274e+00	1.195702e+00	2.343220e+00	1.352995e+01	1.380834e-02	-4.587381e-02	1.380685e-02	-1.624260e+00	4.697568e-01	1.079345e-01	8.202419e-01	1.404903e+01
27	2.352147e+00	1.381439e+00	2.352112e+00	1.538316e+01	8.872493e-03	1.857364e-01	8.891767e-03	1.853205e+00	4.696933e-01	1.066055e-01	8.170789e-01	1.398281e+01
28	2.359397e+00	1.418658e+00	2.359368e+00	1.582845e+01	7.250049e-03	3.721954e-02	7.256462e-03	4.452936e-01	4.696929e-01	1.066035e-01	8.167999e-01	1.398138e+01
29	2.389363e+00	1.410937e+00	2.389246e+00	1.672937e+01	2.996680e-02	-7.721247e-03	2.987809e-02	9.009217e-01	4.699294e-01	1.065425e-01	8.308054e-01	1.397777e+01
30	2.454016e+00	1.279465e+00	2.453763e+00	1.453684e+01	6.465300e-02	-1.314721e-01	6.451716e-02	-2.192526e+00	4.713922e-01	1.035680e-01	8.183918e-01	1.400301e+01
31	2.508789e+00	1.443030e+00	2.508574e+00	1.720968e+01	5.477298e-02	1.635645e-01	5.481104e-02	2.672840e+00	4.717011e-01	1.044906e-01	8.270469e-01	1.402886e+01
32	2.564912e+00	1.339573e+00	2.564692e+00	1.532667e+01	5.612287e-02	-1.034567e-01	5.611775e-02	-1.883015e+00	4.727722e-01	1.025162e-01	8.143905e-01	1.405219e+01
33	2.673105e+00	1.484970e+00	2.672682e+00	1.802396e+01	1.081932e-01	1.453973e-01	1.079897e-01	2.697295e+00	4.748924e-01	1.053655e-01	8.430100e-01	1.409065e+01
34	2.822269e+00	1.337377e+00	2.821684e+00	1.765788e+01	1.491633e-01	-1.475928e-01	1.490025e-01	-3.660859e-01	4.813894e-01	9.893687e-02	9.530895e-01	1.398173e+01
35	3.133706e+00	1.185279e+00	3.132487e+00	1.555285e+01	3.114375e-01	-1.520979e-01	3.108030e-01	-2.105033e+00	5.059404e-01	8.694683e-02	9.146755e-01	1.400049e+01
36	-3.036304e+00	1.318829e+00	-3.036751e+00	1.917983e+01	-6.170010e+00	1.335495e-01	-6.169238e+00	3.626982e+00	9.532562e-01	7.726470e-02	-1.674682e-01	1.402391e+01
37	1.579409e+00	1.118829e+00	1.585921e+00	1.552966e+01	4.615713e+00	-2.000000e-01	4.622671e+00	-3.650169e+00	9.979920e-01	7.532629e-02	-1.810676e-01	1.402450e+01
38	-1.715464e+00	1.318829e+00	-1.702568e+00	1.804416e+01	-3.294873e+00	2.000000e-01	-3.288488e+00	2.514496e+00	1.001705e+00	7.510091e-02	3.422261e-02	1.401144e+01
39	2.153641e+00	1.307413e+00	2.163121e+00	1.759142e+01	3.869104e+00	-1.141618e-02	3.865689e+00	-4.527350e-01	9.997220e-01	7.510676e-02	-5.787144e-02	1.401171e+01
40	-1.885335e+00	1.351107e+00	-1.894064e+00	1.905988e+01	-4.038975e+00	4.369435e-02	-4.057185e+00	1.468465e+00	1.004460e+00	7.505551e-02	-1.882828e-01	1.401312e+01
41	1.892329e+00	1.218109e+00	1.877538e+00	1.752266e+01	3.777664e+00	-1.329980e-01	3.771602e+00	-1.537222e+00	1.001612e+00	7.515578e-02	4.036447e-02	1.400507e+01
42	-1.871398e+00	1.237901e+00	-1.881298e+00	1.767871e+01	-3.763727e+00	1.979220e-02	-3.758836e+00	1.560465e-01	9.995172e-01	7.516679e-02	3.355749e-02	1.400510e+01
43	1.911232e+00	1.277513e+00	1.896418e+00	1.720826e+01	3.782631e+00	3.961185e-02	3.777716e+00	-4.704474e-01	9.981806e-01	7.515280e-02	-2.202922e-01	1.400245e+01
44	-2.009341e+00	1.416345e+00	-2.018628e+00	1.765498e+01	-3.920574e+00	1.388320e-01	-3.915046e+00	4.467135e-01	1.000759e+00	7.506149e-02	2.853641e-01	1.398454e+01
45	2.096982e+00	1.561539e+00	2.080905e+00	2.084570e+01	4.106323e+00	1.451940e-01	4.099533e+00	3.190725e+00	9.964609e-01	7.490951e-02	2.829793e-01	1.398446e+01
46	-1.779641e+00	1.361539e+00	-1.789105e+00	1.803026e+01	-3.876623e+00	-2.000000e-01	-3.870010e+00	-2.815441e+00	9.947617e-01	7.482185e-02	5.028225e-02	1.397245e+01
47	1.932388e+00	1.390134e+00	1.917851e+00	1.872256e+01	3.712029e+00	2.859511e-02	3.706956e+00	6.922971e-01	9.974951e-01	7.484290e-02	7.399384e-02	1.397263e+01
48	-1.949891e+00	1.346079e+00	-1.959326e+00	1.822245e+01	-3.882279e+00	-4.405539e-02	-3.877177e+00	-5.001090e-01	9.977815e-01	7.484615e-02	-1.299901e-02	1.397165e+01
49	1.978261e+00	1.346886e+00	1.962880e+00	1.789611e+01	3.928151e+00	8.071848e-04	3.922206e+00	-3.263341e-01	9.983613e-01	7.484627e-02	-7.434766e-02	1.397163e+01
50	-1.860165e+00	1.397937e+00	-1.869775e+00	1.864546e+01	-3.838425e+00	5.105044e-02	-3.832654e+00	7.493504e-01	9.993068e-01	7.483370e-02	-2.003272e-02	1.397091e+01
51	1.937031e+00	1.373409e+00	1.922161e+00	1.894226e+01	3.797196e+00	-2.452727e-02	3.791935e+00	2.967947e-01	9.991326e-01	7.483482e-02	1.371702e-01	1.396990e+01
52	-1.949160e+00	1.285909e+00	-1.958582e+00	1.660374e+01	-3.886191e+00	-8.749993e-02	-3.880742e+00	-2.338520e+00	9.972713e-01	7.479291e-02	2.629834e-01	1.397273e+01
53	1.918472e+00	1.462700e+00	1.903327e+00	1.837131e+01	3.867632e+00	1.767910e-01	3.861909e+00	1.767569e+00	9.954563e-01	7.470995e-02	-1.089449e-01	1.395573e+01
54	-1.983038e+00	1.494907e+00	-1.992400e+00	1.755540e+01	-3.901510e+00	3.220706e-02	-3.895728e+00	-8.159094e-01	9.985448e-01	7.468445e-02	2.548443e-01	1.395272e+01
55	1.880592e+00	1.614518e+00	1.865463e+00	1.916174e+01	3.863630e+00	1.196105e-01	3.857864e+00	1.606344e+00	9.965783e-01	7.462357e-02	2.797588e-02	1.394570e+01
56	-2.041729e+00	1.540129e+00	-2.051010e+00	1.935787e+01	-3.922321e+00	-7.438896e-02	-3.916473e+00	1.961276e-01	9.970116e-01	7.463179e-02	-2.598469e-01	1.394024e+01
57	1.669415e+00	1.356748e+00	1.654882e+00	1.735867e+01	3.711144e+00	-1.833813e-01	3.705892e+00	-1.999200e+00	1.001367e+00	7.441660e-02	7.952667e-02	1.392347e+01
58	-2.211760e+00	1.339380e+00	-2.221200e+00	1.762089e+01	-3.881175e+00	-1.736798e-02	-3.876082e+00	2.622226e-01	9.988407e-01	7.440529e-02	-9.608036e-02	1.392269e+01
59	1.651956e+00	1.296589e+00	1.636826e+00	1.758526e+01	3.863716e+00	-4.279022e-02	3.858026e+00	-3.562973e-02	9.992685e-01	7.440055e-02	1.058411e-01	1.392045e+01
60	-2.251116e+00	1.243080e+00	-2.260472e+00	1.788617e+01	-3.903071e+00	-5.350969e-02	-3.897298e+00	3.009025e-01	9.977844e-01	7.438021e-02	-2.079888e-01	1.391615e+01
61	1.654549e+00	1.125969e+00	1.639256e+00	1.644757e+01	3.905664e+00	-1.171103e-01	3.899728e+00	-1.438601e+00	1.000240e+00	7.430658e-02	7.625430e-03	1.390968e+01
62	-2.249136e+00	1.148265e+00	-2.258491e+00	1.756458e+01	-3.903685e+00	2.229579e-02	-3.897746e+00	1.117017e+00	9.991174e-01	7.431299e-02	-1.723559e-01	1.391071e+01
63	1.356916e+00	1.044161e+00	1.342793e+00	1.719611e+01	3.606052e+00	-1.041044e-01	3.601284e+00	-3.684685e-01	1.000521e+00	7.427248e-02	2.158009e-01	1.389951e+01
64	-2.505646e+00	9.320983e-01	-2.515157e+00	1.552811e+01	-3.862562e+00	-1.120626e-01	-3.857950e+00	-1.668004e+00	9.972816e-01	7.417850e-02	5.908126e-02	1.389496e+01
65	1.602904e+00	9.948024e-01	1.586818e+00	1.604676e+01	4.108550e+00	6.270414e-02	4.101975e+00	5.186542e-01	9.972696e-01	7.417831e-02	-6.397166e-02	1.389308e+01
66	-2.259092e+00	1.026383e+00	-2.268612e+00	1.768809e+01	-3.861996e+00	3.158097e-02	-3.855430e+00	1.641325e+00	9.986407e-01	7.416710e-02	-2.712112e-01	1.389477e+01
67	1.495553e+00	8.303340e-01	1.480849e+00	1.468904e+01	3.754645e+00	-1.960494e-01	3.749462e+00	-2.999050e+00	1.001837e+00	7.400019e-02	-1.068972e-01	1.388620e+01
68	-2.404987e+00	9.165026e-01	-2.414352e+00	1.528033e+01	-3.900541e+00	8.616861e-02	-3.895201e+00	5.912867e-01	1.000519e+00	7.402932e-02	1.130508e-01	1.388134e+01
69	1.365755e+00	9.660462e-01	1.350989e+00	1.588814e+01	3.770742e+00	4.954364e-02	3.765341e+00	6.078109e-01	9.980839e-01	7.399734e-02	1.261113e-03	1.387987e+01
70	-2.510015e+00	9.235606e-01	-2.519477e+00	1.423517e+01	-3.875770e+00	-4.248566e-02	-3.870465e+00	-1.652965e+00	9.978629e-01	7.399491e-02	2.301779e-01	1.388238e+01
71	1.283110e+00	1.041721e+00	1.268256e+00	1.615233e+01	3.793125e+00	1.181604e-01	3.787733e+00	1.917161e+00	9.965383e-01	7.395365e-02	9.917525e-02	1.387830e+01
72	-2.460002e+00	9.173489e-01	-2.469983e+00	1.428032e+01	-3.743112e+00	-1.243721e-01	-3.738239e+00	-1.872018e+00	9.962911e-01	7.394544e-02	4.919002e-02	1.387664e+01
73	1.433554e+00	9.302555e-01	1.418306e+00	1.466059e+01	3.893556e+00	1.290656e-02	3.888288e+00	3.802780e-01	9.980626e-01	7.395131e-02	5.127102e-02	1.387664e+01
74	-2.488526e+00	8.680976e-01	-2.497809e+00	1.201048e+01	-3.922080e+00	-6.215785e-02	-3.916115e+00	-2.650111e+00	9.974275e-01	7.394124e-02	3.912566e-01	1.388203e+01
75	1.254028e+00	1.068098e+00	1.239372e+00	1.502226e+01	3.742554e+00	2.000000e-01	3.737181e+00	3.011781e+00	9.950936e-01	7.381652e-02	1.189673e-01	1.386748e+01
76	-2.475490e+00	9.310061e-01	-2.485522e+00	1.277456e+01	-3.729518e+00	-1.370915e-01	-3.724894e+00	-2.247708e+00	9.958846e-01	7.384560e-02	9.736924e-02	1.386669e+01
77	1.397088e+00	9.696363e-01	1.381922e+00	1.225861e+01	3.872578e+00	3.863027e-02	3.867444e+00	-5.159454e-01	9.976053e-01	7.386276e-02	-2.118416e-01	1.386360e+01
78	-2.451750e+00	1.062934e+00	-2.461318e+00	1.438608e+01	-3.848838e+00	9.329729e-02	-3.843240e+00	2.127470e+00	9.998897e-01	7.380739e-02	-2.159039e-01	1.386370e+01
79	1.190364e+00	8.629336e-01	1.176099e+00	1.229592e+01	3.642114e+00	-2.000000e-01	3.637418e+00	-2.090165e+00	1.002256e+00	7.367745e-02	1.161760e-01	1.384546e+01
80	-2.641362e+00	7.873892e-01	-2.650993e+00	1.116227e+01	-3.831725e+00	-7.554443e-02	-3.827093e+00	-1.133647e+00	9.981458e-01	7.359641e-02	3.820372e-02	1.384393e+01
81	1.326953e+00	8.100107e-01	1.311414e+00	1.179058e+01	3.968315e+00	2.262155e-02	3.962407e+00	6.283088e-01	9.981004e-01	7.359615e-02	7.294021e-02	1.384412e+01
82	-2.416560e+00	7.338711e-01	-2.426542e+00	1.060103e+01	-3.743513e+00	-7.613967e-02	-3.737956e+00	-1.189548e+00	9.972013e-01	7.357786e-02	4.239522e-02	1.384350e+01
83	1.255268e+00	7.447802e-01	1.240886e+00	1.115750e+01	3.671829e+00	1.090911e-02	3.667428e+00	5.564727e-01	9.983442e-01	7.358126e-02	9.867233e-02	1.384367e+01
84	-2.509287e+00	6.494653e-01	-2.519181e+00	8.192919e+00	-3.764555e+00	-9.531489e-02	-3.760067e+00	-2.964584e+00	9.971800e-01	7.355178e-02	3.801685e-01	1.385080e+01
85	1.247691e+00	8.494653e-01	1.232977e+00	1.120699e+01	3.756978e+00	2.000000e-01	3.752158e+00	3.014074e+00	9.952059e-01	7.344669e-02	1.185033e-01	1.383687e+01
86	-2.450523e+00	6.996976e-01	-2.460678e+00	8.517052e+00	-3.698214e+00	-1.497677e-01	-3.693655e+00	-2.689940e+00	9.956916e-01	7.346636e-02	1.586450e-01	1.383849e+01
87	1.197317e+00	7.719856e-01	1.183028e+00	8.316887e+00	3.647840e+00	7.228808e-02	3.643706e+00	-2.001654e-01	9.971110e-01	7.349449e-02	-2.440367e-01	1.383051e+01
88	-2.424504e+00	8.616688e-01	-2.434956e+00	9.609046e+00	-3.621821e+00	8.968319e-02	-3.617984e+00	1.292159e+00	1.000118e+00	7.342004e-02	-5.476176e-02	1.382583e+01
89	1.412356e+00	7.477536e-01	1.397327e+00	8.864326e+00	3.836860e+00	-1.139153e-01	3.832283e+00	-7.447207e-01	1.000844e+00	7.339847e-02	1.718453e-01	1.381910e+01
90	-2.305316e+00	6.005925e-01	-2.315396e+00	7.950499e+00	-3.717672e+00	-1.471610e-01	-3.712724e+00	-9.138268e-01	9.966335e-01	7.323179e-02	-2.202114e-01	1.380358e+01
91	1.252719e+00	4.595098e-01	1.238781e+00	6.445785e+00	3.558035e+00	-1.410828e-01	3.554177e+00	-1.504713e+00	1.000882e+00	7.306332e-02	6.214804e-02	1.379238e+01
92	-2.480843e+00	4.316622e-01	-2.490857e+00	6.053219e+00	-3.733562e+00	-2.784758e-02	-3.729638e+00	-3.925662e-01	9.988235e-01	7.304796e-02	1.240527e-02	1.379201e+01
93	1.198007e+00	4.267363e-01	1.183597e+00	5.602992e+00	3.678850e+00	-4.925840e-03	3.674455e+00	-4.502272e-01	9.988892e-01	7.304788e-02	-8.387187e-02	1.379214e+01
94	-2.361236e+00	4.456738e-01	-2.371933e+00	5.987545e+00	-3.559243e+00	1.893744e-02	-3.555530e+00	3.845527e-01	9.992636e-01	7.304588e-02	-4.349643e-02	1.379193e+01
95	1.282442e+00	3.699877e-01	1.268167e+00	3.141268e+00	3.643678e+00	-7.568608e-02	3.640100e+00	-2.846277e+00	1.000313e+00	7.302408e-02	-4.158575e-01	1.379966e+01
96	-2.209801e+00	5.699877e-01	-2.220759e+00	5.490861e+00	-3.492242e+00	2.000000e-01	-3.488925e+00	2.349594e+00	1.002689e+00	7.288802e-02	1.822298e-02	1.377480e+01
97	1.211048e+00	4.958635e-01	1.197643e+00	4.560682e+00	3.420849e+00	-7.412415e-02	3.418401e+00	-9.301794e-01	1.001209e+00	7.292009e-02	2.498638e-02	1.377466e+01
98	-2.497092e+00	4.169150e-01	-2.507203e+00	4.913332e+00	-3.708140e+00	-7.894851e-02	-3.704846e+00	3.526503e-01	9.981830e-01	7.285567e-02	-3.177042e-01	1.376736e+01
99	1.159213e+00	2.169150e-01	1.144891e+00	1.735343e+00	3.656305e+00	-2.000000e-01	3.652095e+00	-3.177989e+00	1.002016e+00	7.264601e-02	-1.515414e-01	1.375827e+01
100	-2.301417e+00	2.836249e-01	-2.312498e+00	2.711676e+00	-3.460630e+00	6.670984e-02	-3.457390e+00	9.763329e-01	1.000753e+00	7.267035e-02	-4.197966e-02	1.375616e+01
101	9.126924e-01	2.173003e-01	9.000940e-01	2.475322e+00	3.214109e+00	-6.632454e-02	3.212592e+00	-2.363538e-01	1.000972e+00	7.266584e-02	1.587630e-01	1.375202e+01
102	-2.246917e+00	8.791946e-02	-2.259168e+00	1.290705e+00	-3.159610e+00	-1.293809e-01	-3.159262e+00	-1.184617e+00	9.977650e-01	7.253454e-02	-1.154538e-01	1.374079e+01
103	1.179759e+00	2.864858e-03	1.166326e+00	6.557341e-01	3.426676e+00	-8.505460e-02	3.425494e+00	-6.349708e-01	1.000759e+00	7.246023e-02	1.045868e-01	1.373533e+01
104	-2.842673e+00	0.000000e+00	-2.851557e+00	0.000000e+00	-4.022432e+00	-2.864858e-03	-4.017883e+00	-6.557341e-01	9.991173e-01	7.245906e-02	1.457198e-01	1.373535e+01
105	1.666520e+00	0.000000e+00	1.648871e+00	0.000000e+00	4.509193e+00	0.000000e+00	4.500428e+00	0.000000e+00	9.981995e-01	7.245906e-02	1.000000e+00	1.400000e+01
106	-6.769127e-01	0.000000e+00	-6.923713e-01	0.000000e+00	-2.343433e+00	0.000000e+00	-2.341243e+00	0.000000e+00	9.988025e-01	7.245906e-02	1.000000e+00	1.400000e+01
107	-3.048001e-01	0.000000e+00	-3.063140e-01	0.000000e+00	3.721127e-01	0.000000e+00	3.860573e-01	0.000000e+00	1.001181e+00	7.245906e-02	1.000000e+00	1.400000e+01
108	7.375273e-01	0.000000e+00	7.334498e-01	3.354024e-01	1.042327e+00	0.000000e+00	1.039764e+00	3.354024e-01	9.999638e-01	7.245906e-02	1.000000e+00	1.400000e+01
109	2.659250e+00	0.000000e+00	2.651727e+00	4.631059e-01	1.921723e+00	0.000000e+00	1.918277e+00	1.277035e-01	9.988813e-01	7.245906e-02	1.000000e+00	1.400000e+01
110	3.023728e+00	0.000000e+00	3.022275e+00	0.000000e+00	3.644786e-01	0.000000e+00	3.705481e-01	-4.631059e-01	9.999329e-01	7.245906e-02	1.000000e+00	1.400000e+01
111	-2.068856e+00	0.000000e+00	-2.073512e+00	0.000000e+00	-5.092584e+00	0.000000e+00	-5.095787e+00	0.000000e+00	1.000547e+00	7.245906e-02	1.000000e+00	1.400000e+01
112	-1.555060e-01	0.000000e+00	-1.629982e-01	0.000000e+00	1.913350e+00	0.000000e+00	1.910514e+00	0.000000e+00	9.993003e-01	7.245906e-02	1.000000e+00	1.400000e+01
113	8.099980e-01	0.000000e+00	8.061973e-01	0.000000e+00	9.655041e-01	0.000000e+00	9.691955e-01	0.000000e+00	1.000666e+00	7.245906e-02	1.000000e+00	1.400000e+01
114	-2.234132e+00	0.000000e+00	-2.246799e+00	0.000000e+00	-3.044130e+00	0.000000e+00	-3.052997e+00	0.000000e+00	1.002422e+00	7.245906e-02	1.000000e+00	1.400000e+01
115	-8.076941e-02	0.000000e+00	-8.923047e-02	0.000000e+00	2.153363e+00	0.000000e+00	2.157569e+00	0.000000e+00	1.002111e+00	7.245906e-02	1.000000e+00	1.400000e+01
116	1.475516e+00	0.000000e+00	1.469403e+00	0.000000e+00	1.556285e+00	0.000000e+00	1.558634e+00	0.000000e+00	1.001798e+00	7.245906e-02	1.000000e+00	1.400000e+01
117	-1.542972e+00	0.000000e+00	-1.555749e+00	0.000000e+00	-3.018488e+00	0.000000e+00	-3.025152e+00	0.000000e+00	1.002117e+00	7.245906e-02	1.000000e+00	1.400000e+01
118	-5.344101e-01	0.000000e+00	-5.383997e-01	3.601437e-01	1.008562e+00	0.000000e+00	1.017349e+00	3.601437e-01	1.004229e+00	7.245906e-02	1.000000e+00	1.400000e+01
119	2.432840e+00	0.000000e+00	2.421234e+00	6.490954e-02	2.967251e+00	0.000000e+00	2.959634e+00	-2.952341e-01	9.989680e-01	7.245906e-02	1.000000e+00	1.400000e+01
120	3.100324e+00	0.000000e+00	3.097671e+00	0.000000e+00	6.674833e-01	0.000000e+00	6.764370e-01	-6.490954e-02	1.001468e+00	7.245906e-02	1.000000e+00	1.400000e+01
121	-2.340391e+00	0.000000e+00	-2.343693e+00	7.599769e-01	-5.440715e+00	0.000000e+00	-5.441364e+00	7.599769e-01	1.000268e+00	7.245906e-02	1.000000e+00	1.400000e+01
122	8.052848e-01	0.000000e+00	7.929841e-01	0.000000e+00	3.145676e+00	0.000000e+00	3.136677e+00	-7.599769e-01	9.977953e-01	7.245906e-02	1.000000e+00	1.400000e+01
123	-2.061742e+00	0.000000e+00	-2.075135e+00	0.000000e+00	-2.867027e+00	0.000000e+00	-2.868119e+00	0.000000e+00	9.997708e-01	7.245906e-02	1.000000e+00	1.400000e+01
124	-1.135295e-02	0.000000e+00	-1.941460e-02	0.000000e+00	2.050389e+00	0.000000e+00	2.055720e+00	0.000000e+00	1.001592e+00	7.245906e-02	1.000000e+00	1.400000e+01
125	1.579831e+00	0.000000e+00	1.573584e+00	0.000000e+00	1.591184e+00	0.000000e+00	1.592998e+00	0.000000e+00	1.001352e+00	7.245906e-02	1.000000e+00	1.400000e+01
126	-1.523815e+00	0.000000e+00	-1.536259e+00	1.883705e-01	-3.103646e+00	0.000000e+00	-3.109843e+00	1.883705e-01	1.001859e+00	7.245906e-02	1.000000e+00	1.400000e+01
127	1.476402e+00	0.000000e+00	1.464634e+00	4.014014e-01	3.000217e+00	0.000000e+00	3.000893e+00	2.130309e-01	1.000589e+00	7.245906e-02	1.000000e+00	1.400000e+01
128	-3.031972e+00	0.000000e+00	-3.038951e+00	0.000000e+00	-4.508374e+00	0.000000e+00	-4.503585e+00	-4.014014e-01	9.991608e-01	7.245906e-02	1.000000e+00	1.400000e+01
129	2.257468e+00	0.000000e+00	2.236779e+00	1.020746e+00	5.289440e+00	0.000000e+00	5.275730e+00	1.020746e+00	9.976067e-01	7.245906e-02	1.000000e+00	1.400000e+01
130	-2.135167e+00	0.000000e+00	-2.142633e+00	0.000000e+00	-4.392636e+00	0.000000e+00	-4.379412e+00	-1.020746e+00	9.970756e-01	7.245906e-02	1.000000e+00	1.400000e+01
131	3.807722e-01	0.000000e+00	3.709151e-01	0.000000e+00	2.515940e+00	0.000000e+00	2.513548e+00	0.000000e+00	9.985006e-01	7.245906e-02	1.000000e+00	1.400000e+01
132	-2.895721e+00	0.000000e+00	-2.907505e+00	0.000000e+00	-3.276494e+00	0.000000e+00	-3.278420e+00	0.000000e+00	1.000172e+00	7.245906e-02	1.000000e+00	1.400000e+01
133	2.601353e+00	0.000000e+00	2.579834e+00	0.000000e+00	5.497074e+00	0.000000e+00	5.487339e+00	0.000000e+00	9.984407e-01	7.245906e-02	1.000000e+00	1.400000e+01
134	-7.212394e-01	0.000000e+00	-7.328883e-01	0.000000e+00	-3.322592e+00	0.000000e+00	-3.312722e+00	0.000000e+00	9.973056e-01	7.245906e-02	1.000000e+00	1.400000e+01
135	-5.253932e-01	0.000000e+00	-5.262037e-01	0.000000e+00	1.958462e-01	0.000000e+00	2.066846e-01	0.000000e+00	9.983431e-01	7.245906e-02	1.000000e+00	1.400000e+01
136	3.651431e-01	0.000000e+00	3.616612e-01	0.000000e+00	8.905362e-01	0.000000e+00	8.878649e-01	0.000000e+00	9.979809e-01	7.245906e-02	1.000000e+00	1.400000e+01
137	2.843076e+00	0.000000e+00	2.833383e+00	0.000000e+00	2.477932e+00	0.000000e+00	2.471721e+00	0.000000e+00	9.976316e-01	7.245906e-02	1.000000e+00	1.400000e+01
138	-2.069567e+00	0.000000e+00	-2.074959e+00	1.241312e+00	-4.912642e+00	0.000000e+00	-4.908341e+00	1.241312e+00	9.989412e-01	7.245906e-02	1.000000e+00	1.400000e+01
139	6.593976e-01	0.000000e+00	6.487165e-01	0.000000e+00	2.728965e+00	0.000000e+00	2.723675e+00	-1.241312e+00	9.982826e-01	7.245906e-02	1.000000e+00	1.400000e+01
140	-2.125045e+00	0.000000e+00	-2.138754e+00	0.000000e+00	-2.784443e+00	0.000000e+00	-2.787470e+00	0.000000e+00	1.000401e+00	7.245906e-02	1.000000e+00	1.400000e+01
141	2.330303e-01	0.000000e+00	2.237656e-01	0.000000e+00	2.358075e+00	0.000000e+00	2.362519e+00	0.000000e+00	1.001437e+00	7.245906e-02	1.000000e+00	1.400000e+01
142	2.384872e+00	0.000000e+00	2.376430e+00	0.000000e+00	2.151841e+00	0.000000e+00	2.152664e+00	0.000000e+00	1.000738e+00	7.245906e-02	1.000000e+00	1.400000e+01
143	-2.309456e+00	0.000000e+00	-2.315695e+00	0.000000e+00	-4.694327e+00	0.000000e+00	-4.692125e+00	0.000000e+00	9.996866e-01	7.245906e-02	1.000000e+00	1.400000e+01
144	5.751708e-01	0.000000e+00	5.638784e-01	0.000000e+00	2.884626e+00	0.000000e+00	2.879573e+00	0.000000e+00	9.985850e-01	7.245906e-02	1.000000e+00	1.400000e+01
145	3.101092e+00	0.000000e+00	3.091181e+00	0.000000e+00	2.525921e+00	0.000000e+00	2.527302e+00	0.000000e+00	1.000004e+00	7.245906e-02	1.000000e+00	1.400000e+01
146	-2.719525e+00	0.000000e+00	-2.721371e+00	0.000000e+00	-5.820617e+00	0.000000e+00	-5.812552e+00	0.000000e+00	9.987574e-01	7.245906e-02	1.000000e+00	1.400000e+01
147	9.123246e-01	0.000000e+00	8.981305e-01	0.000000e+00	3.631850e+00	0.000000e+00	3.619502e+00	0.000000e+00	9.969777e-01	7.245906e-02	1.000000e+00	1.400000e+01
148	-2.505158e+00	0.000000e+00	-2.516408e+00	1.452023e-01	-3.417483e+00	0.000000e+00	-3.414538e+00	1.452023e-01	9.987302e-01	7.245906e-02	1.000000e+00	1.400000e+01
149	1.473947e+00	0.000000e+00	1.458360e+00	9.130147e-02	3.979106e+00	0.000000e+00	3.974768e+00	-5.390079e-02	9.988818e-01	7.245906e-02	1.000000e+00	1.400000e+01
150	-2.941076e+00	0.000000e+00	-2.948434e+00	0.000000e+00	-4.415023e+00	0.000000e+00	-4.406794e+00	-9.130147e-02	9.982393e-01	7.245906e-02	1.000000e+00	1.400000e+01
151	1.437507e+00	0.000000e+00	1.420375e+00	0.000000e+00	4.378583e+00	0.000000e+00	4.368809e+00	0.000000e+00	9.978336e-01	7.245906e-02	1.000000e+00	1.400000e+01
152	-1.529615e+00	0.000000e+00	-1.542635e+00	6.612803e-01	-2.967122e+00	0.000000e+00	-2.963010e+00	6.612803e-01	9.984378e-01	7.245906e-02	1.000000e+00	1.400000e+01
153	1.403145e+00	0.000000e+00	1.391638e+00	0.000000e+00	2.932760e+00	0.000000e+00	2.934274e+00	-6.612803e-01	1.000040e+00	7.245906e-02	1.000000e+00	1.400000e+01
154	-1.940271e+00	0.000000e+00	-1.951800e+00	0.000000e+00	-3.343417e+00	0.000000e+00	-3.343438e+00	0.000000e+00	1.000013e+00	7.245906e-02	1.000000e+00	1.400000e+01
155	2.607747e-01	0.000000e+00	2.521318e-01	1.996070e-01	2.201046e+00	0.000000e+00	2.203932e+00	1.996070e-01	1.000886e+00	7.245906e-02	1.000000e+00	1.400000e+01
156	2.895249e+00	0.000000e+00	2.884925e+00	1.502426e-01	2.634475e+00	0.000000e+00	2.632793e+00	-4.936434e-02	9.997617e-01	7.245906e-02	1.000000e+00	1.400000e+01
157	3.011236e+00	0.000000e+00	3.010742e+00	0.000000e+00	1.159861e-01	0.000000e+00	1.258174e-01	-1.502426e-01	1.000301e+00	7.245906e-02	1.000000e+00	1.400000e+01
158	2.888027e+00	0.000000e+00	2.888506e+00	0.000000e+00	-1.232084e-01	0.000000e+00	-1.222356e-01	0.000000e+00	1.000243e+00	7.245906e-02	1.000000e+00	1.400000e+01
159	2.976390e+00	0.000000e+00	2.976047e+00	0.000000e+00	8.836272e-02	0.000000e+00	8.754007e-02	0.000000e+00	1.000207e+00	7.245906e-02	1.000000e+00	1.400000e+01
160	2.909432e+00	0.000000e+00	2.909693e+00	0.000000e+00	-6.695742e-02	0.000000e+00	-6.635392e-02	0.000000e+00	1.000188e+00	7.245906e-02	1.000000e+00	1.400000e+01
161	2.964439e+00	0.000000e+00	2.964225e+00	1.441078e-01	5.500650e-02	0.000000e+00	5.453243e-02	1.441078e-01	1.000175e+00	7.245906e-02	1.000000e+00	1.400000e+01
162	2.362180e+00	0.000000e+00	2.364532e+00	7.916533e-01	-6.022589e-01	0.000000e+00	-5.996934e-01	6.475455e-01	9.995283e-01	7.245906e-02	1.000000e+00	1.400000e+01
163	2.375392e+00	0.000000e+00	2.375349e+00	0.000000e+00	1.321186e-02	0.000000e+00	1.081770e-02	-7.916533e-01	9.995133e-01	7.245906e-02	1.000000e+00	1.400000e+01
164	-2.893011e+00	0.000000e+00	-2.896975e+00	0.000000e+00	-5.268403e+00	0.000000e+00	-5.272325e+00	0.000000e+00	1.000604e+00	7.245906e-02	1.000000e+00	1.400000e+01
165	3.260447e-01	0.000000e+00	3.134548e-01	8.217868e-01	3.219056e+00	0.000000e+00	3.210430e+00	8.217868e-01	9.979893e-01	7.245906e-02	1.000000e+00	1.400000e+01
166	3.076075e+00	0.000000e+00	3.065283e+00	0.000000e+00	2.750030e+00	0.000000e+00	2.751828e+00	-8.217868e-01	9.999913e-01	7.245906e-02	1.000000e+00	1.400000e+01
167	-2.408685e+00	0.000000e+00	-2.411846e+00	0.000000e+00	-5.484760e+00	0.000000e+00	-5.477129e+00	0.000000e+00	9.987598e-01	7.245906e-02	1.000000e+00	1.400000e+01
168	8.073080e-01	0.000000e+00	7.947331e-01	0.000000e+00	3.215993e+00	0.000000e+00	3.206579e+00	0.000000e+00	9.974169e-01	7.245906e-02	1.000000e+00	1.400000e+01
169	-1.756432e+00	0.000000e+00	-1.771010e+00	0.000000e+00	-2.563740e+00	0.000000e+00	-2.565743e+00	0.000000e+00	9.998675e-01	7.245906e-02	1.000000e+00	1.400000e+01
170	1.541950e-01	0.000000e+00	1.466746e-01	0.000000e+00	1.910627e+00	0.000000e+00	1.917685e+00	0.000000e+00	1.002216e+00	7.245906e-02	1.000000e+00	1.400000e+01
171	-2.858014e+00	0.000000e+00	-2.870821e+00	0.000000e+00	-3.012209e+00	0.000000e+00	-3.017496e+00	0.000000e+00	1.001857e+00	7.245906e-02	1.000000e+00	1.400000e+01
172	6.635405e-01	0.000000e+00	6.497344e-01	0.000000e+00	3.521555e+00	0.000000e+00	3.520555e+00	0.000000e+00	1.000106e+00	7.245906e-02	1.000000e+00	1.400000e+01
173	-1.759143e+00	0.000000e+00	-1.774277e+00	0.000000e+00	-2.422684e+00	0.000000e+00	-2.424012e+00	0.000000e+00	1.000419e+00	7.245906e-02	1.000000e+00	1.400000e+01
174	1.430484e-01	0.000000e+00	1.355588e-01	0.000000e+00	1.902192e+00	0.000000e+00	1.909836e+00	0.000000e+00	1.002621e+00	7.245906e-02	1.000000e+00	1.400000e+01
175	-2.874162e+00	0.000000e+00	-2.886949e+00	0.000000e+00	-3.017211e+00	0.000000e+00	-3.022508e+00	0.000000e+00	1.001947e+00	7.245906e-02	1.000000e+00	1.400000e+01
176	1.937807e+00	0.000000e+00	1.918961e+00	2.336438e-01	4.811970e+00	0.000000e+00	4.805910e+00	2.336438e-01	9.991432e-01	7.245906e-02	1.000000e+00	1.400000e+01
177	-2.684243e+00	0.000000e+00	-2.690805e+00	0.000000e+00	-4.622050e+00	0.000000e+00	-4.609766e+00	-2.336438e-01	9.975788e-01	7.245906e-02	1.000000e+00	1.400000e+01
178	9.878192e-02	0.000000e+00	8.788510e-02	1.141655e+00	2.783025e+00	0.000000e+00	2.778690e+00	1.141655e+00	9.982310e-01	7.245906e-02	1.000000e+00	1.400000e+01
179	2.907553e+00	0.000000e+00	2.896539e+00	0.000000e+00	2.808771e+00	0.000000e+00	2.808654e+00	-1.141655e+00	9.995400e-01	7.245906e-02	1.000000e+00	1.400000e+01
180	-2.337520e+00	0.000000e+00	-2.341619e+00	1.281724e-01	-5.245074e+00	0.000000e+00	-5.238157e+00	1.281724e-01	9.987796e-01	7.245906e-02	1.000000e+00	1.400000e+01
181	1.006889e+00	0.000000e+00	9.938092e-01	0.000000e+00	3.344410e+00	0.000000e+00	3.335428e+00	-1.281724e-01	9.975987e-01	7.245906e-02	1.000000e+00	1.400000e+01
182	-2.401176e+00	0.000000e+00	-2.412458e+00	0.000000e+00	-3.408065e+00	0.000000e+00	-3.406267e+00	0.000000e+00	9.991172e-01	7.245906e-02	1.000000e+00	1.400000e+01
183	9.396349e-01	0.000000e+00	9.265408e-01	0.000000e+00	3.340811e+00	0.000000e+00	3.338999e+00	0.000000e+00	9.993914e-01	7.245906e-02	1.000000e+00	1.400000e+01
184	-2.482408e+00	0.000000e+00	-2.493635e+00	8.105826e-01	-3.422043e+00	0.000000e+00	-3.420176e+00	8.105826e-01	9.994426e-01	7.245906e-02	1.000000e+00	1.400000e+01
185	1.438219e+00	0.000000e+00	1.422860e+00	0.000000e+00	3.920627e+00	0.000000e+00	3.916495e+00	-8.105826e-01	9.990254e-01	7.245906e-02	1.000000e+00	1.400000e+01
186	-2.507592e+00	0.000000e+00	-2.516782e+00	0.000000e+00	-3.945810e+00	0.000000e+00	-3.939642e+00	0.000000e+00	9.985298e-01	7.245906e-02	1.000000e+00	1.400000e+01
187	1.128220e+00	0.000000e+00	1.113981e+00	0.000000e+00	3.635811e+00	0.000000e+00	3.630763e+00	0.000000e+00	9.985973e-01	7.245906e-02	1.000000e+00	1.400000e+01
188	-2.666111e+00	0.000000e+00	-2.675888e+00	0.000000e+00	-3.794330e+00	0.000000e+00	-3.789870e+00	0.000000e+00	9.987867e-01	7.245906e-02	1.000000e+00	1.400000e+01
189	7.286125e-02	0.000000e+00	6.212395e-02	0.000000e+00	2.738972e+00	0.000000e+00	2.738012e+00	0.000000e+00	9.994340e-01	7.245906e-02	1.000000e+00	1.400000e+01
190	2.997486e+00	0.000000e+00	2.986019e+00	0.000000e+00	2.924624e+00	0.000000e+00	2.923895e+00	0.000000e+00	9.996779e-01	7.245906e-02	1.000000e+00	1.400000e+01
191	3.101571e+00	0.000000e+00	3.101120e+00	0.000000e+00	1.040853e-01	0.000000e+00	1.151001e-01	0.000000e+00	1.000221e+00	7.245906e-02	1.000000e+00	1.400000e+01
192	2.337723e+00	0.000000e+00	2.340705e+00	5.663739e-01	-7.638481e-01	0.000000e+00	-7.604147e-01	5.663739e-01	9.992093e-01	7.245906e-02	1.000000e+00	1.400000e+01
193	2.205958e+00	0.000000e+00	2.206484e+00	0.000000e+00	-1.317647e-01	0.000000e+00	-1.342204e-01	-5.663739e-01	9.993682e-01	7.245906e-02	1.000000e+00	1.400000e+01
194	2.864637e+00	0.000000e+00	2.862067e+00	5.360038e-02	6.586794e-01	0.000000e+00	6.555821e-01	5.360038e-02	9.986789e-01	7.245906e-02	1.000000e+00	1.400000e+01
195	2.497520e+00	0.000000e+00	2.498944e+00	0.000000e+00	-3.671172e-01	0.000000e+00	-3.631223e-01	-5.360038e-02	9.981054e-01	7.245906e-02	1.000000e+00	1.400000e+01
196	2.597854e+00	0.000000e+00	2.597468e+00	0.000000e+00	1.003342e-01	0.000000e+00	9.852378e-02	0.000000e+00	9.980286e-01	7.245906e-02	1.000000e+00	1.400000e+01
197	2.632729e+00	0.000000e+00	2.632591e+00	0.000000e+00	3.487436e-02	0.000000e+00	3.512299e-02	0.000000e+00	9.980339e-01	7.245906e-02	1.000000e+00	1.400000e+01
198	2.570052e+00	0.000000e+00	2.570296e+00	2.166997e-01	-6.267681e-02	0.000000e+00	-6.229478e-02	2.166997e-01	9.980262e-01	7.245906e-02	1.000000e+00	1.400000e+01
199	2.330099e+00	0.000000e+00	2.331038e+00	1.758821e-01	-2.399526e-01	0.000000e+00	-2.392586e-01	-4.081755e-02	9.980018e-01	7.245906e-02	1.000000e+00	1.400000e+01
200	2.291832e+00	0.000000e+00	2.291985e+00	6.835192e-01	-3.826743e-02	0.000000e+00	-3.905255e-02	5.076370e-01	9.980174e-01	7.245906e-02	1.000000e+00	1.400000e+01
201	2.407039e+00	0.000000e+00	2.406590e+00	0.000000e+00	1.152071e-01	0.000000e+00	1.146045e-01	-6.835192e-01	9.979971e-01	7.245906e-02	1.000000e+00	1.400000e+01
202	2.807490e+00	0.000000e+00	2.805924e+00	0.000000e+00	4.004510e-01	0.000000e+00	3.993344e-01	0.000000e+00	9.979417e-01	7.245906e-02	1.000000e+00	1.400000e+01
203	2.907058e+00	0.000000e+00	2.906663e+00	1.472577e-01	9.956820e-02	0.000000e+00	1.007392e-01	1.472577e-01	9.980064e-01	7.245906e-02	1.000000e+00	1.400000e+01
204	2.340834e+00	0.000000e+00	2.343044e+00	0.000000e+00	-5.662242e-01	0.000000e+00	-5.636189e-01	-1.472577e-01	9.976642e-01	7.245906e-02	1.000000e+00	1.400000e+01
205	2.752040e+00	0.000000e+00	2.750443e+00	0.000000e+00	4.112065e-01	0.000000e+00	4.073986e-01	0.000000e+00	9.971514e-01	7.245906e-02	1.000000e+00	1.400000e+01
206	2.294129e+00	0.000000e+00	2.295912e+00	6.582884e-02	-4.579111e-01	0.000000e+00	-4.545310e-01	6.582884e-02	9.967427e-01	7.245906e-02	1.000000e+00	1.400000e+01
207	2.221042e+00	0.000000e+00	2.221334e+00	0.000000e+00	-7.308736e-02	0.000000e+00	-7.457738e-02	-6.582884e-02	9.968026e-01	7.245906e-02	1.000000e+00	1.400000e+01
208	2.966547e+00	0.000000e+00	2.963636e+00	3.903153e-02	7.455053e-01	0.000000e+00	7.423018e-01	3.903153e-02	9.965754e-01	7.245906e-02	1.000000e+00	1.400000e+01
209	2.508964e+00	0.000000e+00	2.510740e+00	0.000000e+00	-4.575832e-01	0.000000e+00	-4.528962e-01	-3.903153e-02	9.959615e-01	7.245906e-02	1.000000e+00	1.400000e+01
210	2.385312e+00	0.000000e+00	2.385802e+00	0.000000e+00	-1.236523e-01	0.000000e+00	-1.249384e-01	0.000000e+00	9.960656e-01	7.245906e-02	1.000000e+00	1.400000e+01
211	2.742985e+00	0.000000e+00	2.741590e+00	0.000000e+00	3.576735e-01	0.000000e+00	3.557883e-01	0.000000e+00	9.959893e-01	7.245906e-02	1.000000e+00	1.400000e+01
212	2.675711e+00	4.032091e-03	2.675969e+00	7.041888e-01	-6.727411e-02	4.032091e-03	-6.562152e-02	7.041888e-01	9.959545e-01	7.246114e-02	9.772034e-01	1.400137e+01
213	2.363305e+00	0.000000e+00	2.364527e+00	0.000000e+00	-3.124059e-01	-4.032091e-03	-3.114419e-01	-7.041888e-01	9.959556e-01	7.246116e-02	1.025656e+00	1.400199e+01
214	2.748665e+00	0.000000e+00	2.747164e+00	0.000000e+00	3.853594e-01	0.000000e+00	3.826375e-01	0.000000e+00	9.957574e-01	7.246116e-02	1.000000e+00	1.400000e+01
215	2.616142e+00	0.000000e+00	2.616654e+00	0.000000e+00	-1.325227e-01	0.000000e+00	-1.305104e-01	0.000000e+00	9.956669e-01	7.246116e-02	1.000000e+00	1.400000e+01
216	2.624702e+00	0.000000e+00	2.624670e+00	1.215515e+00	8.559893e-03	0.000000e+00	8.016650e-03	1.215515e+00	9.956648e-01	7.246116e-02	1.000000e+00	1.400000e+01
217	2.420559e+00	0.000000e+00	2.421356e+00	0.000000e+00	-2.041433e-01	0.000000e+00	-2.033145e-01	-1.215515e+00	9.956702e-01	7.246116e-02	1.000000e+00	1.400000e+01
218	2.552847e+00	0.000000e+00	2.552333e+00	0.000000e+00	1.322885e-01	0.000000e+00	1.309775e-01	0.000000e+00	9.956242e-01	7.246116e-02	1.000000e+00	1.400000e+01
219	2.748110e+00	0.000000e+00	2.747345e+00	0.000000e+00	1.952626e-01	0.000000e+00	1.950115e-01	0.000000e+00	9.956791e-01	7.246116e-02	1.000000e+00	1.400000e+01
220	2.689453e+00	0.000000e+00	2.689679e+00	7.553181e-01	-5.865670e-02	0.000000e+00	-5.766581e-02	7.553181e-01	9.956586e-01	7.246116e-02	1.000000e+00	1.400000e+01
221	2.281206e+00	0.000000e+00	2.282801e+00	0.000000e+00	-4.082473e-01	0.000000e+00	-4.068779e-01	-7.553181e-01	9.957307e-01	7.246116e-02	1.000000e+00	1.400000e+01
222	2.463863e+00	0.000000e+00	2.463156e+00	0.000000e+00	1.826576e-01	0.000000e+00	1.803547e-01	0.000000e+00	9.956007e-01	7.246116e-02	1.000000e+00	1.400000e+01
223	2.432590e+00	0.000000e+00	2.432710e+00	0.000000e+00	-3.127270e-02	0.000000e+00	-3.044603e-02	0.000000e+00	9.955905e-01	7.246116e-02	1.000000e+00	1.400000e+01
224	2.413807e+00	0.000000e+00	2.413881e+00	0.000000e+00	-1.878300e-02	0.000000e+00	-1.882856e-02	0.000000e+00	9.955916e-01	7.246116e-02	1.000000e+00	1.400000e+01
225	2.443126e+00	0.000000e+00	2.443012e+00	0.000000e+00	2.931853e-02	0.000000e+00	2.913045e-02	0.000000e+00	9.955908e-01	7.246116e-02	1.000000e+00	1.400000e+01
226	2.418185e+00	0.000000e+00	2.418282e+00	0.000000e+00	-2.494130e-02	0.000000e+00	-2.473009e-02	0.000000e+00	9.955896e-01	7.246116e-02	1.000000e+00	1.400000e+01
227	2.439180e+00	0.000000e+00	2.439098e+00	1.739165e-01	2.099525e-02	0.000000e+00	2.081663e-02	1.739165e-01	9.955888e-01	7.246116e-02	1.000000e+00	1.400000e+01
228	2.335683e+00	0.000000e+00	2.336087e+00	0.000000e+00	-1.034974e-01	0.000000e+00	-1.030118e-01	-1.739165e-01	9.955874e-01	7.246116e-02	1.000000e+00	1.400000e+01
229	2.498229e+00	0.000000e+00	2.497596e+00	2.532057e-01	1.625468e-01	0.000000e+00	1.615095e-01	2.532057e-01	9.955630e-01	7.246116e-02	1.000000e+00	1.400000e+01
230	2.367870e+00	0.000000e+00	2.368377e+00	0.000000e+00	-1.303591e-01	0.000000e+00	-1.292190e-01	-2.532057e-01	9.955285e-01	7.246116e-02	1.000000e+00	1.400000e+01
231	2.409348e+00	0.000000e+00	2.409187e+00	0.000000e+00	4.147729e-02	0.000000e+00	4.081051e-02	0.000000e+00	9.955190e-01	7.246116e-02	1.000000e+00	1.400000e+01
232	2.424313e+00	0.000000e+00	2.424254e+00	0.000000e+00	1.496595e-02	0.000000e+00	1.506690e-02	0.000000e+00	9.955202e-01	7.246116e-02	1.000000e+00	1.400000e+01
233	2.407828e+00	0.000000e+00	2.407892e+00	6.524306e-01	-1.648557e-02	0.000000e+00	-1.636231e-02	6.524306e-01	9.955198e-01	7.246116e-02	1.000000e+00	1.400000e+01
234	2.335577e+00	0.000000e+00	2.335859e+00	0.000000e+00	-7.225106e-02	0.000000e+00	-7.203274e-02	-6.524306e-01	9.955234e-01	7.246116e-02	1.000000e+00	1.400000e+01
235	2.420091e+00	0.000000e+00	2.419762e+00	0.000000e+00	8.451385e-02	0.000000e+00	8.390234e-02	0.000000e+00	9.955141e-01	7.246116e-02	1.000000e+00	1.400000e+01
236	2.415960e+00	0.000000e+00	2.415975e+00	0.000000e+00	-4.130364e-03	0.000000e+00	-3.786486e-03	0.000000e+00	9.955134e-01	7.246116e-02	1.000000e+00	1.400000e+01
237	2.398698e+00	0.000000e+00	2.398766e+00	0.000000e+00	-1.726202e-02	0.000000e+00	-1.720938e-02	0.000000e+00	9.955137e-01	7.246116e-02	1.000000e+00	1.400000e+01
238	2.419648e+00	0.000000e+00	2.419566e+00	0.000000e+00	2.094941e-02	0.000000e+00	2.080036e-02	0.000000e+00	9.955131e-01	7.246116e-02	1.000000e+00	1.400000e+01
239	2.399300e+00	0.000000e+00	2.399379e+00	7.208082e-02	-2.034777e-02	0.000000e+00	-2.018704e-02	7.208082e-02	9.955124e-01	7.246116e-02	1.000000e+00	1.400000e+01
240	2.323519e+00	0.000000e+00	2.323815e+00	4.029742e-01	-7.578093e-02	0.000000e+00	-7.556377e-02	3.308934e-01	9.955168e-01	7.246116e-02	1.000000e+00	1.400000e+01
241	2.324040e+00	0.000000e+00	2.324039e+00	0.000000e+00	5.207187e-04	0.000000e+00	2.235137e-04	-4.029742e-01	9.955168e-01	7.246116e-02	1.000000e+00	1.400000e+01
242	2.513514e+00	0.000000e+00	2.512774e+00	0.000000e+00	1.894743e-01	0.000000e+00	1.887350e-01	0.000000e+00	9.955265e-01	7.246116e-02	1.000000e+00	1.400000e+01
243	2.362136e+00	0.000000e+00	2.362725e+00	0.000000e+00	-1.513778e-01	0.000000e+00	-1.500492e-01	0.000000e+00	9.954802e-01	7.246116e-02	1.000000e+00	1.400000e+01
244	2.480585e+00	0.000000e+00	2.480124e+00	0.000000e+00	1.184483e-01	0.000000e+00	1.173995e-01	0.000000e+00	9.954515e-01	7.246116e-02	1.000000e+00	1.400000e+01
245	2.610075e+00	0.000000e+00	2.609567e+00	3.883690e-01	1.294901e-01	0.000000e+00	1.294429e-01	3.883690e-01	9.954846e-01	7.246116e-02	1.000000e+00	1.400000e+01
246	2.344137e+00	0.000000e+00	2.345174e+00	3.883750e-01	-2.659373e-01	0.000000e+00	-2.643929e-01	6.059007e-06	9.954426e-01	7.246116e-02	1.000000e+00	1.400000e+01
247	2.275110e+00	0.000000e+00	2.275383e+00	0.000000e+00	-6.902776e-02	0.000000e+00	-6.979091e-02	-3.883750e-01	9.954779e-01	7.246116e-02	1.000000e+00	1.400000e+01
248	2.551889e+00	0.000000e+00	2.550809e+00	0.000000e+00	2.767791e-01	0.000000e+00	2.754253e-01	0.000000e+00	9.954650e-01	7.246116e-02	1.000000e+00	1.400000e+01
249	2.357115e+00	0.000000e+00	2.357872e+00	1.008473e+00	-1.947736e-01	0.000000e+00	-1.929369e-01	1.008473e+00	9.953784e-01	7.246116e-02	1.000000e+00	1.400000e+01
250	2.318260e+00	0.000000e+00	2.318415e+00	0.000000e+00	-3.885477e-02	0.000000e+00	-3.945665e-02	-1.008473e+00	9.953928e-01	7.246116e-02	1.000000e+00	1.400000e+01
251	2.510669e+00	0.000000e+00	2.509918e+00	0.000000e+00	1.924086e-01	0.000000e+00	1.915028e-01	0.000000e+00	9.953911e-01	7.246116e-02	1.000000e+00	1.400000e+01
252	2.243231e+00	0.000000e+00	2.244273e+00	0.000000e+00	-2.674382e-01	0.000000e+00	-2.656454e-01	0.000000e+00	9.953224e-01	7.246116e-02	1.000000e+00	1.400000e+01
253	2.546534e+00	0.000000e+00	2.545353e+00	0.000000e+00	3.033027e-01	0.000000e+00	3.010803e-01	0.000000e+00	9.952117e-01	7.246116e-02	1.000000e+00	1.400000e+01
254	2.239195e+00	0.000000e+00	2.240391e+00	0.000000e+00	-3.073381e-01	0.000000e+00	-3.049615e-01	0.000000e+00	9.950855e-01	7.246116e-02	1.000000e+00	1.400000e+01
255	2.420982e+00	0.000000e+00	2.420276e+00	0.000000e+00	1.817861e-01	0.000000e+00	1.798848e-01	0.000000e+00	9.949999e-01	7.246116e-02	1.000000e+00	1.400000e+01
256	2.508161e+00	0.000000e+00	2.507818e+00	0.000000e+00	8.717988e-02	0.000000e+00	8.754201e-02	0.000000e+00	9.950328e-01	7.246116e-02	1.000000e+00	1.400000e+01
257	2.457609e+00	0.000000e+00	2.457805e+00	0.000000e+00	-5.055231e-02	0.000000e+00	-5.001288e-02	0.000000e+00	9.950259e-01	7.246116e-02	1.000000e+00	1.400000e+01
258	2.458130e+00	0.000000e+00	2.458128e+00	3.243712e-01	5.206015e-04	0.000000e+00	3.232051e-04	3.243712e-01	9.950259e-01	7.246116e-02	1.000000e+00	1.400000e+01
259	2.336908e+00	0.000000e+00	2.337382e+00	0.000000e+00	-1.212217e-01	0.000000e+00	-1.207469e-01	-3.243712e-01	9.950332e-01	7.246116e-02	1.000000e+00	1.400000e+01
260	2.523358e+00	0.000000e+00	2.522631e+00	7.628914e-01	1.864498e-01	0.000000e+00	1.852498e-01	7.628914e-01	9.950093e-01	7.246116e-02	1.000000e+00	1.400000e+01
261	2.342232e+00	0.000000e+00	2.342937e+00	0.000000e+00	-1.811258e-01	0.000000e+00	-1.796947e-01	-7.628914e-01	9.949647e-01	7.246116e-02	1.000000e+00	1.400000e+01
262	2.429792e+00	0.000000e+00	2.429452e+00	0.000000e+00	8.755961e-02	0.000000e+00	8.651565e-02	0.000000e+00	9.949397e-01	7.246116e-02	1.000000e+00	1.400000e+01
263	2.321229e+00	0.000000e+00	2.321652e+00	6.328917e-02	-1.085623e-01	0.000000e+00	-1.078003e-01	6.328917e-02	9.949288e-01	7.246116e-02	1.000000e+00	1.400000e+01
264	2.297706e+00	0.000000e+00	2.297800e+00	0.000000e+00	-2.352297e-02	0.000000e+00	-2.385218e-02	-6.328917e-02	9.949338e-01	7.246116e-02	1.000000e+00	1.400000e+01
265	2.480187e+00	0.000000e+00	2.479475e+00	1.564763e-01	1.824810e-01	0.000000e+00	1.816750e-01	1.564763e-01	9.949439e-01	7.246116e-02	1.000000e+00	1.400000e+01
266	2.367149e+00	0.000000e+00	2.367588e+00	0.000000e+00	-1.130385e-01	0.000000e+00	-1.118873e-01	-1.564763e-01	9.949130e-01	7.246116e-02	1.000000e+00	1.400000e+01
267	2.362843e+00	0.000000e+00	2.362861e+00	0.000000e+00	-4.306105e-03	0.000000e+00	-4.726344e-03	0.000000e+00	9.949139e-01	7.246116e-02	1.000000e+00	1.400000e+01
268	2.459318e+00	0.000000e+00	2.458941e+00	4.369432e-02	9.647509e-02	0.000000e+00	9.607977e-02	4.369432e-02	9.949183e-01	7.246116e-02	1.000000e+00	1.400000e+01
269	2.351856e+00	0.000000e+00	2.352275e+00	0.000000e+00	-1.074615e-01	0.000000e+00	-1.066664e-01	-4.369432e-02	9.949056e-01	7.246116e-02	1.000000e+00	1.400000e+01
270	2.428856e+00	0.000000e+00	2.428557e+00	0.000000e+00	7.699953e-02	0.000000e+00	7.628209e-02	0.000000e+00	9.948938e-01	7.246116e-02	1.000000e+00	1.400000e+01
271	2.433439e+00	0.000000e+00	2.433420e+00	5.777209e-01	4.583315e-03	0.000000e+00	4.863388e-03	5.777209e-01	9.948944e-01	7.246116e-02	1.000000e+00	1.400000e+01
272	2.338814e+00	0.000000e+00	2.339183e+00	0.000000e+00	-9.462569e-02	0.000000e+00	-9.423706e-02	-5.777209e-01	9.948987e-01	7.246116e-02	1.000000e+00	1.400000e+01
273	2.380957e+00	0.000000e+00	2.380794e+00	0.000000e+00	4.214371e-02	0.000000e+00	4.161097e-02	0.000000e+00	9.948923e-01	7.246116e-02	1.000000e+00	1.400000e+01
274	2.430084e+00	0.000000e+00	2.429892e+00	0.000000e+00	4.912700e-02	0.000000e+00	4.909764e-02	0.000000e+00	9.948975e-01	7.246116e-02	1.000000e+00	1.400000e+01
275	2.379317e+00	0.000000e+00	2.379515e+00	0.000000e+00	-5.076692e-02	0.000000e+00	-5.037683e-02	0.000000e+00	9.948943e-01	7.246116e-02	1.000000e+00	1.400000e+01
276	2.411369e+00	1.085618e-03	2.411245e+00	1.093260e+00	3.205185e-02	1.085618e-03	3.172986e-02	1.093260e+00	9.948907e-01	7.246104e-02	1.015917e+00	1.400054e+01
277	2.350455e+00	0.000000e+00	2.350693e+00	0.000000e+00	-6.091416e-02	-1.085618e-03	-6.055227e-02	-1.093260e+00	9.948870e-01	7.246097e-02	1.045265e+00	1.400106e+01
278	2.410365e+00	0.000000e+00	2.410132e+00	0.000000e+00	5.991036e-02	0.000000e+00	5.943980e-02	0.000000e+00	9.948823e-01	7.246097e-02	1.000000e+00	1.400000e+01
279	2.402434e+00	0.000000e+00	2.402464e+00	0.000000e+00	-7.931461e-03	0.000000e+00	-7.668292e-03	0.000000e+00	9.948815e-01	7.246097e-02	1.000000e+00	1.400000e+01
280	2.389202e+00	0.000000e+00	2.389254e+00	0.000000e+00	-1.323182e-02	0.000000e+00	-1.321008e-02	0.000000e+00	9.948818e-01	7.246097e-02	1.000000e+00	1.400000e+01
281	2.394723e+00	0.000000e+00	2.394702e+00	0.000000e+00	5.521111e-03	0.000000e+00	5.447943e-03	0.000000e+00	9.948816e-01	7.246097e-02	1.000000e+00	1.400000e+01
282	2.395707e+00	0.000000e+00	2.395703e+00	0.000000e+00	9.832878e-04	0.000000e+00	1.000728e-03	0.000000e+00	9.948816e-01	7.246097e-02	1.000000e+00	1.400000e+01
283	2.393743e+00	0.000000e+00	2.393751e+00	2.220761e-01	-1.963032e-03	0.000000e+00	-1.951455e-03	2.220761e-01	9.948816e-01	7.246097e-02	1.000000e+00	1.400000e+01
284	2.329797e+00	0.000000e+00	2.330046e+00	3.297412e-01	-6.394689e-02	0.000000e+00	-6.370472e-02	1.076651e-01	9.948842e-01	7.246097e-02	1.000000e+00	1.400000e+01
285	2.318919e+00	0.000000e+00	2.318962e+00	1.474979e+00	-1.087774e-02	0.000000e+00	-1.108410e-02	1.145238e+00	9.948856e-01	7.246097e-02	1.000000e+00	1.400000e+01
286	2.360684e+00	0.000000e+00	2.360521e+00	0.000000e+00	4.176547e-02	0.000000e+00	4.155903e-02	-1.474979e+00	9.948857e-01	7.246097e-02	1.000000e+00	1.400000e+01
287	2.417048e+00	0.000000e+00	2.416827e+00	0.000000e+00	5.636385e-02	0.000000e+00	5.630602e-02	0.000000e+00	9.948919e-01	7.246097e-02	1.000000e+00	1.400000e+01
288	2.357656e+00	0.000000e+00	2.357887e+00	0.000000e+00	-5.939203e-02	0.000000e+00	-5.894009e-02	0.000000e+00	9.948877e-01	7.246097e-02	1.000000e+00	1.400000e+01
289	2.396144e+00	0.000000e+00	2.395995e+00	0.000000e+00	3.848827e-02	0.000000e+00	3.810769e-02	0.000000e+00	9.948843e-01	7.246097e-02	1.000000e+00	1.400000e+01
290	2.384680e+00	0.000000e+00	2.384725e+00	0.000000e+00	-1.146396e-02	0.000000e+00	-1.127032e-02	0.000000e+00	9.948836e-01	7.246097e-02	1.000000e+00	1.400000e+01
291	2.382896e+00	0.000000e+00	2.382903e+00	0.000000e+00	-1.784401e-03	0.000000e+00	-1.821455e-03	0.000000e+00	9.948836e-01	7.246097e-02	1.000000e+00	1.400000e+01
292	2.386655e+00	0.000000e+00	2.386641e+00	0.000000e+00	3.759277e-03	0.000000e+00	3.737477e-03	0.000000e+00	9.948836e-01	7.246097e-02	1.000000e+00	1.400000e+01
293	2.385712e+00	0.000000e+00	2.385716e+00	0.000000e+00	-9.434524e-04	0.000000e+00	-9.251675e-04	0.000000e+00	9.948836e-01	7.246097e-02	1.000000e+00	1.400000e+01
294	2.385152e+00	0.000000e+00	2.385154e+00	0.000000e+00	-5.597707e-04	0.000000e+00	-5.611980e-04	0.000000e+00	9.948836e-01	7.246097e-02	1.000000e+00	1.400000e+01
295	2.385878e+00	0.000000e+00	2.385875e+00	0.000000e+00	7.255935e-04	0.000000e+00	7.205670e-04	0.000000e+00	9.948836e-01	7.246097e-02	1.000000e+00	1.400000e+01
296	2.481952e+00	0.000000e+00	2.481577e+00	4.504391e-01	9.607429e-02	0.000000e+00	9.570182e-02	4.504391e-01	9.948890e-01	7.246097e-02	1.000000e+00	1.400000e+01
297	2.336991e+00	0.000000e+00	2.337556e+00	0.000000e+00	-1.449610e-01	0.000000e+00	-1.440209e-01	-4.504391e-01	9.948755e-01	7.246097e-02	1.000000e+00	1.400000e+01
298	2.389556e+00	0.000000e+00	2.389353e+00	0.000000e+00	5.256519e-02	0.000000e+00	5.179727e-02	0.000000e+00	9.948630e-01	7.246097e-02	1.000000e+00	1.400000e+01
299	2.370513e+00	0.000000e+00	2.370587e+00	6.265425e-02	-1.904295e-02	0.000000e+00	-1.876623e-02	6.265425e-02	9.948614e-01	7.246097e-02	1.000000e+00	1.400000e+01
300	2.318990e+00	0.000000e+00	2.319192e+00	7.389566e-01	-5.152325e-02	0.000000e+00	-5.139530e-02	6.763023e-01	9.948648e-01	7.246097e-02	1.000000e+00	1.400000e+01
301	2.328299e+00	0.000000e+00	2.328263e+00	0.000000e+00	9.308539e-03	0.000000e+00	9.071415e-03	-7.389566e-01	9.948639e-01	7.246097e-02	1.000000e+00	1.400000e+01
302	2.432572e+00	0.000000e+00	2.432165e+00	0.000000e+00	1.042739e-01	0.000000e+00	1.039021e-01	0.000000e+00	9.948720e-01	7.246097e-02	1.000000e+00	1.400000e+01
303	2.369618e+00	0.000000e+00	2.369863e+00	0.000000e+00	-6.295419e-02	0.000000e+00	-6.230240e-02	0.000000e+00	9.948622e-01	7.246097e-02	1.000000e+00	1.400000e+01
304	2.390325e+00	0.000000e+00	2.390245e+00	0.000000e+00	2.070693e-02	0.000000e+00	2.038268e-02	0.000000e+00	9.948600e-01	7.246097e-02	1.000000e+00	1.400000e+01
305	2.389847e+00	0.000000e+00	2.389848e+00	0.000000e+00	-4.782876e-04	0.000000e+00	-3.967994e-04	0.000000e+00	9.948600e-01	7.246097e-02	1.000000e+00	1.400000e+01
306	2.385040e+00	0.000000e+00	2.385059e+00	0.000000e+00	-4.806545e-03	0.000000e+00	-4.789319e-03	0.000000e+00	9.948600e-01	7.246097e-02	1.000000e+00	1.400000e+01
307	2.388742e+00	0.000000e+00	2.388727e+00	3.133355e-01	3.701479e-03	0.000000e+00	3.668311e-03	3.133355e-01	9.948600e-01	7.246097e-02	1.000000e+00	1.400000e+01
308	2.327913e+00	0.000000e+00	2.328150e+00	0.000000e+00	-6.082921e-02	0.000000e+00	-6.057727e-02	-3.133355e-01	9.948618e-01	7.246097e-02	1.000000e+00	1.400000e+01
309	2.436374e+00	0.000000e+00	2.435951e+00	0.000000e+00	1.084612e-01	0.000000e+00	1.078009e-01	0.000000e+00	9.948565e-01	7.246097e-02	1.000000e+00	1.400000e+01
310	2.361178e+00	0.000000e+00	2.361471e+00	0.000000e+00	-7.519542e-02	0.000000e+00	-7.448059e-02	0.000000e+00	9.948448e-01	7.246097e-02	1.000000e+00	1.400000e+01
311	2.403370e+00	6.631445e-03	2.403206e+00	2.390355e-01	4.219138e-02	6.631445e-03	4.173563e-02	2.390355e-01	9.948304e-01	7.245871e-02	1.002082e+00	1.400033e+01
312	2.335753e+00	0.000000e+00	2.336017e+00	3.028782e-01	-6.761659e-02	-6.631445e-03	-6.718943e-02	6.384280e-02	9.948125e-01	7.245695e-02	9.948904e-01	1.399962e+01
313	2.313767e+00	0.000000e+00	2.313854e+00	1.277155e+00	-2.198594e-02	0.000000e+00	-2.216252e-02	9.742771e-01	9.948156e-01	7.245695e-02	1.000000e+00	1.400000e+01
314	2.355384e+00	0.000000e+00	2.355222e+00	0.000000e+00	4.161673e-02	0.000000e+00	4.136760e-02	-1.277155e+00	9.948149e-01	7.245695e-02	1.000000e+00	1.400000e+01
315	2.411602e+00	0.000000e+00	2.411381e+00	0.000000e+00	5.621770e-02	0.000000e+00	5.615969e-02	0.000000e+00	9.948211e-01	7.245695e-02	1.000000e+00	1.400000e+01
316	2.331382e+00	0.000000e+00	2.331694e+00	0.000000e+00	-8.022004e-02	0.000000e+00	-7.968731e-02	0.000000e+00	9.948167e-01	7.245695e-02	1.000000e+00	1.400000e+01
317	2.438209e+00	0.000000e+00	2.437792e+00	0.000000e+00	1.068269e-01	0.000000e+00	1.060983e-01	0.000000e+00	9.948078e-01	7.245695e-02	1.000000e+00	1.400000e+01
318	2.456176e+00	0.000000e+00	2.456104e+00	0.000000e+00	1.796728e-02	0.000000e+00	1.831154e-02	0.000000e+00	9.948116e-01	7.245695e-02	1.000000e+00	1.400000e+01
319	2.429869e+00	0.000000e+00	2.429972e+00	0.000000e+00	-2.630638e-02	0.000000e+00	-2.613209e-02	0.000000e+00	9.948111e-01	7.245695e-02	1.000000e+00	1.400000e+01
320	2.426624e+00	0.000000e+00	2.426637e+00	6.208427e-01	-3.245156e-03	0.000000e+00	-3.334558e-03	6.208427e-01	9.948113e-01	7.245695e-02	1.000000e+00	1.400000e+01
321	2.311939e+00	0.000000e+00	2.312387e+00	0.000000e+00	-1.146852e-01	0.000000e+00	-1.142502e-01	-6.208427e-01	9.948199e-01	7.245695e-02	1.000000e+00	1.400000e+01
322	2.399938e+00	0.000000e+00	2.399596e+00	0.000000e+00	8.799844e-02	0.000000e+00	8.720841e-02	0.000000e+00	9.948060e-01	7.245695e-02	1.000000e+00	1.400000e+01
323	2.341967e+00	0.000000e+00	2.342192e+00	0.000000e+00	-5.797028e-02	0.000000e+00	-5.740317e-02	0.000000e+00	9.947987e-01	7.245695e-02	1.000000e+00	1.400000e+01
324	2.378944e+00	0.000000e+00	2.378801e+00	1.068788e-01	3.697686e-02	0.000000e+00	3.660818e-02	1.068788e-01	9.947956e-01	7.245695e-02	1.000000e+00	1.400000e+01
325	2.328890e+00	0.000000e+00	2.329085e+00	0.000000e+00	-5.005420e-02	0.000000e+00	-4.971567e-02	-1.068788e-01	9.947938e-01	7.245695e-02	1.000000e+00	1.400000e+01
326	2.385324e+00	0.000000e+00	2.385104e+00	1.005077e+00	5.643364e-02	0.000000e+00	5.601899e-02	1.005077e+00	9.947905e-01	7.245695e-02	1.000000e+00	1.400000e+01
327	2.339642e+00	0.000000e+00	2.339820e+00	0.000000e+00	-4.568137e-02	0.000000e+00	-4.528410e-02	-1.005077e+00	9.947871e-01	7.245695e-02	1.000000e+00	1.400000e+01
328	2.348275e+00	0.000000e+00	2.348242e+00	0.000000e+00	8.632898e-03	0.000000e+00	8.422284e-03	0.000000e+00	9.947864e-01	7.245695e-02	1.000000e+00	1.400000e+01
329	2.307312e+00	0.000000e+00	2.307472e+00	0.000000e+00	-4.096289e-02	0.000000e+00	-4.076998e-02	0.000000e+00	9.947868e-01	7.245695e-02	1.000000e+00	1.400000e+01
330	2.354375e+00	0.000000e+00	2.354192e+00	0.000000e+00	4.706321e-02	0.000000e+00	4.672011e-02	0.000000e+00	9.947846e-01	7.245695e-02	1.000000e+00	1.400000e+01
331	2.320402e+00	0.000000e+00	2.320534e+00	0.000000e+00	-3.397373e-02	0.000000e+00	-3.365852e-02	0.000000e+00	9.947824e-01	7.245695e-02	1.000000e+00	1.400000e+01
332	2.336892e+00	0.000000e+00	2.336828e+00	1.528967e-02	1.648989e-02	0.000000e+00	1.629400e-02	1.528967e-02	9.947815e-01	7.245695e-02	1.000000e+00	1.400000e+01
333	2.319323e+00	0.000000e+00	2.319392e+00	8.662317e-02	-1.756842e-02	0.000000e+00	-1.743614e-02	7.133350e-02	9.947812e-01	7.245695e-02	1.000000e+00	1.400000e+01
334	2.311306e+00	0.000000e+00	2.311338e+00	0.000000e+00	-8.016697e-03	0.000000e+00	-8.053492e-03	-8.662317e-02	9.947815e-01	7.245695e-02	1.000000e+00	1.400000e+01
335	2.343218e+00	0.000000e+00	2.343094e+00	0.000000e+00	3.191172e-02	0.000000e+00	3.175561e-02	0.000000e+00	9.947816e-01	7.245695e-02	1.000000e+00	1.400000e+01
336	2.339386e+00	0.000000e+00	2.339401e+00	0.000000e+00	-3.831872e-03	0.000000e+00	-3.692859e-03	0.000000e+00	9.947814e-01	7.245695e-02	1.000000e+00	1.400000e+01
337	2.332262e+00	0.000000e+00	2.332289e+00	0.000000e+00	-7.124762e-03	0.000000e+00	-7.111356e-03	0.000000e+00	9.947815e-01	7.245695e-02	1.000000e+00	1.400000e+01
338	2.336825e+00	0.000000e+00	2.336807e+00	6.195552e-01	4.563267e-03	0.000000e+00	4.517663e-03	6.195552e-01	9.947815e-01	7.245695e-02	1.000000e+00	1.400000e+01
339	2.318998e+00	0.000000e+00	2.319067e+00	0.000000e+00	-1.782728e-02	0.000000e+00	-1.774000e-02	-6.195552e-01	9.947815e-01	7.245695e-02	1.000000e+00	1.400000e+01
340	2.338972e+00	0.000000e+00	2.338895e+00	0.000000e+00	1.997485e-02	0.000000e+00	1.982753e-02	0.000000e+00	9.947811e-01	7.245695e-02	1.000000e+00	1.400000e+01
341	2.334409e+00	0.000000e+00	2.334426e+00	0.000000e+00	-4.563613e-03	0.000000e+00	-4.468335e-03	0.000000e+00	9.947809e-01	7.245695e-02	1.000000e+00	1.400000e+01
342	2.332121e+00	0.000000e+00	2.332130e+00	3.507844e-01	-2.287721e-03	0.000000e+00	-2.296239e-03	3.507844e-01	9.947810e-01	7.245695e-02	1.000000e+00	1.400000e+01
343	2.316101e+00	0.000000e+00	2.316164e+00	0.000000e+00	-1.601993e-02	0.000000e+00	-1.596632e-02	-3.507844e-01	9.947812e-01	7.245695e-02	1.000000e+00	1.400000e+01
344	2.342801e+00	0.000000e+00	2.342697e+00	3.995639e-01	2.669998e-02	0.000000e+00	2.653332e-02	3.995639e-01	9.947808e-01	7.245695e-02	1.000000e+00	1.400000e+01
345	2.322331e+00	0.000000e+00	2.322410e+00	0.000000e+00	-2.047023e-02	0.000000e+00	-2.028662e-02	-3.995639e-01	9.947801e-01	7.245695e-02	1.000000e+00	1.400000e+01
346	2.330646e+00	0.000000e+00	2.330614e+00	5.240277e-01	8.314959e-03	0.000000e+00	8.203234e-03	5.240277e-01	9.947798e-01	7.245695e-02	1.000000e+00	1.400000e+01
347	2.318809e+00	0.000000e+00	2.318855e+00	0.000000e+00	-1.183716e-02	0.000000e+00	-1.175887e-02	-5.240277e-01	9.947797e-01	7.245695e-02	1.000000e+00	1.400000e+01
348	2.331146e+00	0.000000e+00	2.331098e+00	0.000000e+00	1.233686e-02	0.000000e+00	1.224274e-02	0.000000e+00	9.947796e-01	7.245695e-02	1.000000e+00	1.400000e+01
349	2.330576e+00	0.000000e+00	2.330578e+00	0.000000e+00	-5.698996e-04	0.000000e+00	-5.198503e-04	0.000000e+00	9.947795e-01	7.245695e-02	1.000000e+00	1.400000e+01
350	2.327681e+00	0.000000e+00	2.327692e+00	0.000000e+00	-2.894772e-03	0.000000e+00	-2.885495e-03	0.000000e+00	9.947796e-01	7.245695e-02	1.000000e+00	1.400000e+01
351	2.328183e+00	0.000000e+00	2.328182e+00	0.000000e+00	5.025764e-04	0.000000e+00	4.893417e-04	0.000000e+00	9.947796e-01	7.245695e-02	1.000000e+00	1.400000e+01
352	2.328818e+00	0.000000e+00	2.328815e+00	0.000000e+00	6.341960e-04	0.000000e+00	6.336301e-04	0.000000e+00	9.947796e-01	7.245695e-02	1.000000e+00	1.400000e+01
353	2.328522e+00	0.000000e+00	2.328523e+00	0.000000e+00	-2.953666e-04	0.000000e+00	-2.917377e-04	0.000000e+00	9.947796e-01	7.245695e-02	1.000000e+00	1.400000e+01
354	2.328461e+00	0.000000e+00	2.328462e+00	7.152540e-01	-6.102486e-05	0.000000e+00	-6.192608e-05	7.152540e-01	9.947796e-01	7.245695e-02	1.000000e+00	1.400000e+01
355	2.317263e+00	0.000000e+00	2.317306e+00	0.000000e+00	-1.119855e-02	0.000000e+00	-1.115504e-02	-7.152540e-01	9.947796e-01	7.245695e-02	1.000000e+00	1.400000e+01
356	2.328416e+00	0.000000e+00	2.328372e+00	0.000000e+00	1.115277e-02	0.000000e+00	1.106563e-02	0.000000e+00	9.947795e-01	7.245695e-02	1.000000e+00	1.400000e+01
357	2.329169e+00	0.000000e+00	2.329166e+00	0.000000e+00	7.539553e-04	0.000000e+00	7.942352e-04	0.000000e+00	9.947795e-01	7.245695e-02	1.000000e+00	1.400000e+01
358	2.326105e+00	0.000000e+00	2.326117e+00	0.000000e+00	-3.064730e-03	0.000000e+00	-3.049656e-03	0.000000e+00	9.947795e-01	7.245695e-02	1.000000e+00	1.400000e+01
359	2.328402e+00	0.000000e+00	2.328393e+00	3.955983e-03	2.297383e-03	0.000000e+00	2.276496e-03	3.955983e-03	9.947795e-01	7.245695e-02	1.000000e+00	1.400000e+01
360	2.315789e+00	0.000000e+00	2.315838e+00	0.000000e+00	-1.261354e-02	0.000000e+00	-1.255538e-02	-3.955983e-03	9.947795e-01	7.245695e-02	1.000000e+00	1.400000e+01
361	2.337688e+00	5.174798e-04	2.337602e+00	4.196486e-01	2.189900e-02	5.174798e-04	2.176442e-02	4.196486e-01	9.947789e-01	7.245694e-02	1.004061e+00	1.400010e+01
362	2.320700e+00	0.000000e+00	2.320766e+00	6.055789e-01	-1.698739e-02	-5.174798e-04	-1.683601e-02	1.859302e-01	9.947781e-01	7.245691e-02	1.002365e+00	1.400004e+01
363	2.312930e+00	0.000000e+00	2.312961e+00	3.845534e-01	-7.770257e-03	0.000000e+00	-7.805670e-03	-2.210255e-01	9.947784e-01	7.245691e-02	1.000000e+00	1.400000e+01
364	2.310914e+00	0.000000e+00	2.310922e+00	0.000000e+00	-2.016384e-03	0.000000e+00	-2.038998e-03	-3.845534e-01	9.947784e-01	7.245691e-02	1.000000e+00	1.400000e+01
365	2.328688e+00	0.000000e+00	2.328618e+00	5.391180e-02	1.777399e-02	0.000000e+00	1.769659e-02	5.391180e-02	9.947786e-01	7.245691e-02	1.000000e+00	1.400000e+01
366	2.316047e+00	0.000000e+00	2.316096e+00	0.000000e+00	-1.264090e-02	0.000000e+00	-1.252239e-02	-5.391180e-02	9.947783e-01	7.245691e-02	1.000000e+00	1.400000e+01
367	2.316517e+00	0.000000e+00	2.316515e+00	0.000000e+00	4.704892e-04	0.000000e+00	4.197357e-04	0.000000e+00	9.947782e-01	7.245691e-02	1.000000e+00	1.400000e+01
368	2.319309e+00	0.000000e+00	2.319298e+00	0.000000e+00	2.791463e-03	0.000000e+00	2.782198e-03	0.000000e+00	9.947782e-01	7.245691e-02	1.000000e+00	1.400000e+01
369	2.316471e+00	0.000000e+00	2.316482e+00	0.000000e+00	-2.837134e-03	0.000000e+00	-2.815184e-03	0.000000e+00	9.947782e-01	7.245691e-02	1.000000e+00	1.400000e+01
370	2.330435e+00	0.000000e+00	2.330381e+00	0.000000e+00	1.396360e-02	0.000000e+00	1.389806e-02	0.000000e+00	9.947783e-01	7.245691e-02	1.000000e+00	1.400000e+01
371	2.328551e+00	0.000000e+00	2.328558e+00	0.000000e+00	-1.884005e-03	0.000000e+00	-1.822356e-03	0.000000e+00	9.947782e-01	7.245691e-02	1.000000e+00	1.400000e+01
372	2.326130e+00	0.000000e+00	2.326140e+00	0.000000e+00	-2.420651e-03	0.000000e+00	-2.418314e-03	0.000000e+00	9.947783e-01	7.245691e-02	1.000000e+00	1.400000e+01
373	2.329406e+00	1.571365e-03	2.329393e+00	0.000000e+00	3.275718e-03	1.571365e-03	3.253475e-03	0.000000e+00	9.947781e-01	7.245683e-02	9.999607e-01	1.399998e+01
374	2.350730e+00	1.082009e-02	2.350647e+00	7.916208e-02	2.132415e-02	9.248726e-03	2.125356e-02	7.916208e-02	9.947717e-01	7.245406e-02	9.992352e-01	1.399967e+01
375	2.324652e+00	1.679980e-02	2.324754e+00	0.000000e+00	-2.607801e-02	5.979709e-03	-2.589313e-02	-7.916208e-02	9.947765e-01	7.245297e-02	1.000929e+00	1.399928e+01
376	2.346893e+00	3.647596e-02	2.346806e+00	0.000000e+00	2.224033e-02	1.967616e-02	2.205230e-02	0.000000e+00	9.947606e-01	7.243898e-02	9.977857e-01	1.399650e+01
377	2.342881e+00	6.382776e-02	2.342896e+00	0.000000e+00	-4.011873e-03	2.735179e-02	-3.910060e-03	0.000000e+00	9.947643e-01	7.241430e-02	9.985073e-01	1.399158e+01
378	2.340539e+00	9.885390e-02	2.340548e+00	2.195555e+00	-2.341594e-03	3.502614e-02	-2.347720e-03	2.195555e+00	9.947671e-01	7.237182e-02	9.966089e-01	1.401997e+01
379	2.331534e+00	0.000000e+00	2.331569e+00	0.000000e+00	-9.005564e-03	-9.885390e-02	-8.979557e-03	-2.195555e+00	9.947367e-01	7.203852e-02	1.000017e+00	1.405738e+01
380	2.314236e+00	0.000000e+00	2.314304e+00	0.000000e+00	-1.729727e-02	0.000000e+00	-1.726478e-02	0.000000e+00	9.947372e-01	7.203852e-02	1.000000e+00	1.400000e+01
381	2.335523e+00	0.000000e+00	2.335440e+00	1.859809e+00	2.128708e-02	0.000000e+00	2.113648e-02	1.859809e+00	9.947368e-01	7.203852e-02	1.000000e+00	1.400000e+01
382	2.321139e+00	0.000000e+00	2.321195e+00	0.000000e+00	-1.438430e-02	0.000000e+00	-1.424555e-02	-1.859809e+00	9.947364e-01	7.203852e-02	1.000000e+00	1.400000e+01
383	2.315157e+00	0.000000e+00	2.315180e+00	0.000000e+00	-5.982357e-03	0.000000e+00	-6.014635e-03	0.000000e+00	9.947366e-01	7.203852e-02	1.000000e+00	1.400000e+01
384	2.318747e+00	0.000000e+00	2.318733e+00	0.000000e+00	3.590294e-03	0.000000e+00	3.552775e-03	0.000000e+00	9.947366e-01	7.203852e-02	1.000000e+00	1.400000e+01
385	2.319463e+00	0.000000e+00	2.319460e+00	0.000000e+00	7.156287e-04	0.000000e+00	7.267113e-04	0.000000e+00	9.947366e-01	7.203852e-02	1.000000e+00	1.400000e+01
386	2.318409e+00	0.000000e+00	2.318413e+00	0.000000e+00	-1.053334e-03	0.000000e+00	-1.046381e-03	0.000000e+00	9.947366e-01	7.203852e-02	1.000000e+00	1.400000e+01
387	2.318442e+00	0.000000e+00	2.318442e+00	1.381572e-03	3.277061e-05	0.000000e+00	2.855517e-05	1.381572e-03	9.947366e-01	7.203852e-02	1.000000e+00	1.400000e+01
388	2.315219e+00	0.000000e+00	2.315231e+00	1.659323e-02	-3.223405e-03	0.000000e+00	-3.210703e-03	1.521166e-02	9.947366e-01	7.203852e-02	1.000000e+00	1.400000e+01
389	2.314422e+00	0.000000e+00	2.314425e+00	0.000000e+00	-7.965061e-04	0.000000e+00	-8.059365e-04	-1.659323e-02	9.947366e-01	7.203852e-02	1.000000e+00	1.400000e+01
390	2.319485e+00	1.757010e-03	2.319465e+00	1.019633e+00	5.062670e-03	1.757010e-03	5.039745e-03	1.019633e+00	9.947363e-01	7.203842e-02	1.002381e+00	1.400083e+01
391	2.310966e+00	0.000000e+00	2.310999e+00	0.000000e+00	-8.518839e-03	-1.757010e-03	-8.465876e-03	-1.019633e+00	9.947357e-01	7.203831e-02	1.006372e+00	1.400165e+01
392	2.311038e+00	0.000000e+00	2.311037e+00	0.000000e+00	7.153912e-05	0.000000e+00	3.818984e-05	0.000000e+00	9.947357e-01	7.203831e-02	1.000000e+00	1.400000e+01
393	2.313122e+00	0.000000e+00	2.313113e+00	0.000000e+00	2.083982e-03	0.000000e+00	2.075991e-03	0.000000e+00	9.947357e-01	7.203831e-02	1.000000e+00	1.400000e+01
394	2.311519e+00	0.000000e+00	2.311526e+00	0.000000e+00	-1.602010e-03	0.000000e+00	-1.587643e-03	0.000000e+00	9.947357e-01	7.203831e-02	1.000000e+00	1.400000e+01
395	2.312268e+00	0.000000e+00	2.312265e+00	1.036205e-01	7.483816e-04	0.000000e+00	7.392565e-04	1.036205e-01	9.947357e-01	7.203831e-02	1.000000e+00	1.400000e+01
396	2.311855e+00	0.000000e+00	2.311857e+00	0.000000e+00	-4.127710e-04	0.000000e+00	-4.082709e-04	-1.036205e-01	9.947357e-01	7.203831e-02	1.000000e+00	1.400000e+01
397	2.312078e+00	0.000000e+00	2.312077e+00	3.653521e-01	2.231362e-04	0.000000e+00	2.206697e-04	3.653521e-01	9.947357e-01	7.203831e-02	1.000000e+00	1.400000e+01
398	2.311744e+00	0.000000e+00	2.311746e+00	0.000000e+00	-3.340381e-04	0.000000e+00	-3.318713e-04	-3.653521e-01	9.947357e-01	7.203831e-02	1.000000e+00	1.400000e+01
399	2.312172e+00	0.000000e+00	2.312170e+00	0.000000e+00	4.276616e-04	0.000000e+00	4.246947e-04	0.000000e+00	9.947357e-01	7.203831e-02	1.000000e+00	1.400000e+01
400	2.311839e+00	0.000000e+00	2.311841e+00	0.000000e+00	-3.324650e-04	0.000000e+00	-3.295073e-04	0.000000e+00	9.947357e-01	7.203831e-02	1.000000e+00	1.400000e+01
401	2.312068e+00	0.000000e+00	2.312067e+00	1.290578e-01	2.286371e-04	0.000000e+00	2.264569e-04	1.290578e-01	9.947357e-01	7.203831e-02	1.000000e+00	1.400000e+01
402	2.311731e+00	0.000000e+00	2.311733e+00	0.000000e+00	-3.365883e-04	0.000000e+00	-3.343889e-04	-1.290578e-01	9.947357e-01	7.203831e-02	1.000000e+00	1.400000e+01
403	2.312172e+00	8.943619e-04	2.312170e+00	1.720467e+00	4.401213e-04	8.943619e-04	4.370958e-04	1.720467e+00	9.947357e-01	7.203828e-02	1.000357e+00	1.400073e+01
404	2.311843e+00	0.000000e+00	2.311844e+00	0.000000e+00	-3.287296e-04	-8.943619e-04	-3.257381e-04	-1.720467e+00	9.947357e-01	7.203825e-02	1.000624e+00	1.400145e+01
405	2.302835e+00	0.000000e+00	2.302871e+00	0.000000e+00	-9.007431e-03	0.000000e+00	-8.973519e-03	0.000000e+00	9.947358e-01	7.203825e-02	1.000000e+00	1.400000e+01
406	2.313409e+00	0.000000e+00	2.313367e+00	0.000000e+00	1.057322e-02	0.000000e+00	1.049687e-02	0.000000e+00	9.947357e-01	7.203825e-02	1.000000e+00	1.400000e+01
407	2.312522e+00	0.000000e+00	2.312526e+00	0.000000e+00	-8.862153e-04	0.000000e+00	-8.417501e-04	0.000000e+00	9.947356e-01	7.203825e-02	1.000000e+00	1.400000e+01
408	2.310098e+00	0.000000e+00	2.310107e+00	2.615142e-02	-2.424742e-03	0.000000e+00	-2.418559e-03	2.615142e-02	9.947356e-01	7.203825e-02	1.000000e+00	1.400000e+01
409	2.311067e+00	0.000000e+00	2.311063e+00	3.245205e-01	9.692713e-04	0.000000e+00	9.560376e-04	2.983691e-01	9.947356e-01	7.203825e-02	1.000000e+00	1.400000e+01
410	2.311904e+00	0.000000e+00	2.311901e+00	0.000000e+00	8.372914e-04	0.000000e+00	8.377553e-04	-3.245205e-01	9.947356e-01	7.203825e-02	1.000000e+00	1.400000e+01
411	2.311658e+00	0.000000e+00	2.311659e+00	0.000000e+00	-2.458046e-04	0.000000e+00	-2.415720e-04	0.000000e+00	9.947356e-01	7.203825e-02	1.000000e+00	1.400000e+01
412	2.311479e+00	0.000000e+00	2.311480e+00	0.000000e+00	-1.789846e-04	0.000000e+00	-1.792291e-04	0.000000e+00	9.947356e-01	7.203825e-02	1.000000e+00	1.400000e+01
413	2.311655e+00	0.000000e+00	2.311654e+00	0.000000e+00	1.751996e-04	0.000000e+00	1.738151e-04	0.000000e+00	9.947356e-01	7.203825e-02	1.000000e+00	1.400000e+01
414	2.311546e+00	0.000000e+00	2.311546e+00	0.000000e+00	-1.087483e-04	0.000000e+00	-1.076446e-04	0.000000e+00	9.947356e-01	7.203825e-02	1.000000e+00	1.400000e+01
415	2.311593e+00	0.000000e+00	2.311593e+00	2.752619e-01	4.692950e-05	0.000000e+00	4.632570e-05	2.752619e-01	9.947356e-01	7.203825e-02	1.000000e+00	1.400000e+01
416	2.311675e+00	0.000000e+00	2.311675e+00	5.151589e-01	8.246944e-05	0.000000e+00	8.232826e-05	2.398970e-01	9.947356e-01	7.203825e-02	1.000000e+00	1.400000e+01
417	2.311671e+00	0.000000e+00	2.311671e+00	0.000000e+00	-4.580797e-06	0.000000e+00	-4.241309e-06	-5.151589e-01	1.000000e+00	1.000000e-01	1.000001e+00	1.400000e+01
418	2.311493e+00	0.000000e+00	2.311494e+00	0.000000e+00	-1.777821e-04	0.000000e+00	-1.771042e-04	0.000000e+00	1.000000e+00	1.000000e-01	1.000000e+00	1.400000e+01
419	2.311566e+00	0.000000e+00	2.311566e+00	0.000000e+00	7.320805e-05	0.000000e+00	7.223027e-05	0.000000e+00	1.000000e+00	1.000000e-01	1.000000e+00	1.400000e+01
420	2.311572e+00	0.000000e+00	2.311572e+00	0.000000e+00	5.566561e-06	0.000000e+00	5.826966e-06	0.000000e+00	1.000000e+00	1.000000e-01	1.000000e+00	1.400000e+01
421	2.311549e+00	0.000000e+00	2.311549e+00	2.926375e-01	-2.263840e-05	0.000000e+00	-2.252721e-05	2.926375e-01	1.000000e+00	1.000000e-01	1.000000e+00	1.400000e+01
422	2.311658e+00	0.000000e+00	2.311658e+00	0.000000e+00	1.093130e-04	0.000000e+00	1.087980e-04	-2.926375e-01	1.000000e+00	1.000000e-01	1.000000e+00	1.400000e+01
423	2.315491e+00	0.000000e+00	2.315476e+00	4.442521e-02	3.832620e-03	0.000000e+00	3.818074e-03	4.442521e-02	1.000000e+00	1.000000e-01	1.000000e+00	1.400000e+01
424	2.316158e+00	0.000000e+00	2.316156e+00	0.000000e+00	6.672934e-04	0.000000e+00	6.796011e-04	-4.442521e-02	1.000000e+00	1.000000e-01	1.000000e+00	1.400000e+01
425	2.314434e+00	1.521526e-04	2.314441e+00	1.257340e+00	-1.723905e-03	1.521526e-04	-1.714517e-03	1.257340e+00	1.000000e+00	1.000000e-01	9.989708e-01	1.400009e+01
426	2.309865e+00	0.000000e+00	2.309883e+00	0.000000e+00	-4.569618e-03	-1.521526e-04	-4.558466e-03	-1.257340e+00	9.999999e-01	1.000000e-01	1.001685e+00	1.400018e+01
427	2.313404e+00	0.000000e+00	2.313391e+00	0.000000e+00	3.539569e-03	0.000000e+00	3.507936e-03	0.000000e+00	9.999999e-01	1.000000e-01	1.000000e+00	1.400000e+01
428	2.308193e+00	0.000000e+00	2.308213e+00	0.000000e+00	-5.211500e-03	0.000000e+00	-5.177440e-03	0.000000e+00	9.999998e-01	1.000000e-01	1.000000e+00	1.400000e+01
429	2.313043e+00	0.000000e+00	2.313025e+00	0.000000e+00	4.850571e-03	0.000000e+00	4.811399e-03	0.000000e+00	9.999997e-01	1.000000e-01	1.000000e+00	1.400000e+01
430	2.309819e+00	0.000000e+00	2.309831e+00	1.201646e+00	-3.224548e-03	0.000000e+00	-3.193158e-03	1.201646e+00	9.999996e-01	1.000000e-01	1.000000e+00	1.400000e+01
431	2.310947e+00	0.000000e+00	2.310942e+00	0.000000e+00	1.127785e-03	0.000000e+00	1.110907e-03	-1.201646e+00	9.999996e-01	1.000000e-01	1.000000e+00	1.400000e+01
432	2.311817e+00	0.000000e+00	2.311813e+00	0.000000e+00	8.698696e-04	0.000000e+00	8.708111e-04	0.000000e+00	9.999996e-01	1.000000e-01	1.000000e+00	1.400000e+01
433	2.311246e+00	0.000000e+00	2.311249e+00	0.000000e+00	-5.701178e-04	0.000000e+00	-5.644891e-04	0.000000e+00	9.999996e-01	1.000000e-01	1.000000e+00	1.400000e+01
434	2.311164e+00	0.000000e+00	2.311164e+00	0.000000e+00	-8.233500e-05	0.000000e+00	-8.421842e-05	0.000000e+00	9.999996e-01	1.000000e-01	1.000000e+00	1.400000e+01
435	2.311302e+00	0.000000e+00	2.311301e+00	0.000000e+00	1.379327e-04	0.000000e+00	1.370649e-04	0.000000e+00	9.999996e-01	1.000000e-01	1.000000e+00	1.400000e+01
436	2.311292e+00	0.000000e+00	2.311292e+00	5.759730e-01	-1.002534e-05	0.000000e+00	-9.450767e-06	5.759730e-01	9.999996e-01	1.000000e-01	1.000000e+00	1.400000e+01
437	2.307695e+00	0.000000e+00	2.307709e+00	0.000000e+00	-3.596934e-03	0.000000e+00	-3.582921e-03	-5.759730e-01	9.999996e-01	1.000000e-01	1.000000e+00	1.400000e+01
438	2.311275e+00	0.000000e+00	2.311261e+00	0.000000e+00	3.580164e-03	0.000000e+00	3.552183e-03	0.000000e+00	9.999996e-01	1.000000e-01	1.000000e+00	1.400000e+01
439	2.310438e+00	0.000000e+00	2.310441e+00	0.000000e+00	-8.371236e-04	0.000000e+00	-8.199779e-04	0.000000e+00	9.999996e-01	1.000000e-01	1.000000e+00	1.400000e+01
440	2.310072e+00	0.000000e+00	2.310074e+00	0.000000e+00	-3.657885e-04	0.000000e+00	-3.675627e-04	0.000000e+00	9.999996e-01	1.000000e-01	1.000000e+00	1.400000e+01
441	2.310448e+00	0.000000e+00	2.310447e+00	0.000000e+00	3.757532e-04	0.000000e+00	3.728496e-04	0.000000e+00	9.999996e-01	1.000000e-01	1.000000e+00	1.400000e+01
442	2.310346e+00	0.000000e+00	2.310346e+00	0.000000e+00	-1.020175e-04	0.000000e+00	-1.001625e-04	0.000000e+00	9.999996e-01	1.000000e-01	1.000000e+00	1.400000e+01
443	2.310300e+00	0.000000e+00	2.310300e+00	2.075693e-01	-4.637508e-05	0.000000e+00	-4.658518e-05	2.075693e-01	9.999996e-01	1.000000e-01	1.000000e+00	1.400000e+01
444	2.311602e+00	0.000000e+00	2.311597e+00	0.000000e+00	1.302067e-03	0.000000e+00	1.296799e-03	-2.075693e-01	9.999996e-01	1.000000e-01	1.000000e+00	1.400000e+01
445	2.310287e+00	0.000000e+00	2.310292e+00	0.000000e+00	-1.314664e-03	0.000000e+00	-1.304463e-03	0.000000e+00	9.999996e-01	1.000000e-01	1.000000e+00	1.400000e+01
446	2.310357e+00	0.000000e+00	2.310356e+00	0.000000e+00	6.969819e-05	0.000000e+00	6.433037e-05	0.000000e+00	9.999996e-01	1.000000e-01	1.000000e+00	1.400000e+01
447	2.310667e+00	0.000000e+00	2.310666e+00	0.000000e+00	3.101185e-04	0.000000e+00	3.091584e-04	0.000000e+00	9.999996e-01	1.000000e-01	1.000000e+00	1.400000e+01
448	2.310520e+00	0.000000e+00	2.310520e+00	0.000000e+00	-1.470935e-04	0.000000e+00	-1.453113e-04	0.000000e+00	9.999996e-01	1.000000e-01	1.000000e+00	1.400000e+01
449	2.310537e+00	0.000000e+00	2.310537e+00	1.827952e-01	1.772319e-05	0.000000e+00	1.708634e-05	1.827952e-01	9.999996e-01	1.000000e-01	1.000000e+00	1.400000e+01
450	2.311632e+00	0.000000e+00	2.311628e+00	0.000000e+00	1.094677e-03	0.000000e+00	1.090467e-03	-1.827952e-01	9.999995e-01	1.000000e-01	1.000000e+00	1.400000e+01
451	2.309715e+00	0.000000e+00	2.309722e+00	0.000000e+00	-1.917675e-03	0.000000e+00	-1.905924e-03	0.000000e+00	9.999995e-01	1.000000e-01	1.000000e+00	1.400000e+01
452	2.311229e+00	0.000000e+00	2.311223e+00	0.000000e+00	1.514578e-03	0.000000e+00	1.501217e-03	0.000000e+00	9.999995e-01	1.000000e-01	1.000000e+00	1.400000e+01
453	2.310021e+00	1.957212e-03	2.310025e+00	0.000000e+00	-1.208352e-03	1.957212e-03	-1.197767e-03	0.000000e+00	9.999996e-01	9.999983e-02	1.000015e+00	1.399998e+01
454	2.312911e+00	1.159414e-02	2.312900e+00	6.935911e-01	2.890548e-03	9.636924e-03	2.874578e-03	6.935911e-01	9.999983e-01	9.999534e-02	1.000778e+00	1.400252e+01
455	2.311678e+00	0.000000e+00	2.311683e+00	0.000000e+00	-1.232783e-03	-1.159414e-02	-1.216738e-03	-6.935911e-01	9.999976e-01	9.998887e-02	1.001088e+00	1.400544e+01
456	2.308320e+00	0.000000e+00	2.308333e+00	0.000000e+00	-3.358607e-03	0.000000e+00	-3.350241e-03	0.000000e+00	9.999976e-01	9.998887e-02	1.000000e+00	1.400000e+01
457	2.312381e+00	0.000000e+00	2.312366e+00	3.397914e-01	4.061431e-03	0.000000e+00	4.032479e-03	3.397914e-01	9.999975e-01	9.998887e-02	1.000000e+00	1.400000e+01
458	2.312378e+00	0.000000e+00	2.312378e+00	0.000000e+00	-3.270565e-06	0.000000e+00	1.249408e-05	-3.397914e-01	1.000000e+00	1.000000e-01	1.000001e+00	1.400000e+01
459	2.312501e+00	0.000000e+00	2.312500e+00	9.913360e-01	1.225004e-04	0.000000e+00	1.220707e-04	9.913360e-01	1.000000e+00	1.000000e-01	1.000000e+00	1.400000e+01
460	2.310719e+00	0.000000e+00	2.310726e+00	0.000000e+00	-1.781772e-03	0.000000e+00	-1.774335e-03	-9.913360e-01	1.000000e+00	1.000000e-01	1.000000e+00	1.400000e+01
461	2.308689e+00	0.000000e+00	2.308697e+00	0.000000e+00	-2.029278e-03	0.000000e+00	-2.028283e-03	0.000000e+00	1.000000e+00	1.000000e-01	1.000000e+00	1.400000e+01
462	2.310330e+00	0.000000e+00	2.310324e+00	0.000000e+00	1.640797e-03	0.000000e+00	1.626464e-03	0.000000e+00	1.000000e+00	1.000000e-01	1.000000e+00	1.400000e+01
463	2.310023e+00	0.000000e+00	2.310025e+00	0.000000e+00	-3.068825e-04	0.000000e+00	-2.993304e-04	0.000000e+00	1.000000e+00	1.000000e-01	1.000000e+00	1.400000e+01
464	2.309880e+00	0.000000e+00	2.309881e+00	0.000000e+00	-1.434561e-04	0.000000e+00	-1.440650e-04	0.000000e+00	1.000000e+00	1.000000e-01	1.000000e+00	1.400000e+01
465	2.310095e+00	0.000000e+00	2.310094e+00	3.967830e-01	2.151001e-04	0.000000e+00	2.136971e-04	3.967830e-01	1.000000e+00	1.000000e-01	1.000000e+00	1.400000e+01
466	2.311577e+00	0.000000e+00	2.311571e+00	0.000000e+00	1.481715e-03	0.000000e+00	1.476762e-03	-3.967830e-01	1.000000e+00	1.000000e-01	1.000000e+00	1.400000e+01
467	2.309193e+00	0.000000e+00	2.309202e+00	0.000000e+00	-2.384108e-03	0.000000e+00	-2.369026e-03	0.000000e+00	1.000000e+00	1.000000e-01	1.000000e+00	1.400000e+01
468	2.310306e+00	0.000000e+00	2.310302e+00	0.000000e+00	1.113290e-03	0.000000e+00	1.099687e-03	0.000000e+00	1.000000e+00	1.000000e-01	1.000000e+00	1.400000e+01
469	2.310035e+00	0.000000e+00	2.310036e+00	0.000000e+00	-2.707261e-04	0.000000e+00	-2.653730e-04	0.000000e+00	1.000000e+00	1.000000e-01	1.000000e+00	1.400000e+01
470	2.309964e+00	0.000000e+00	2.309964e+00	6.473836e-01	-7.110388e-05	0.000000e+00	-7.186274e-05	6.473836e-01	1.000000e+00	1.000000e-01	1.000000e+00	1.400000e+01
471	2.311434e+00	0.000000e+00	2.311428e+00	0.000000e+00	1.469512e-03	0.000000e+00	1.463491e-03	-6.473836e-01	9.999999e-01	1.000000e-01	1.000000e+00	1.400000e+01
472	2.309396e+00	0.000000e+00	2.309404e+00	0.000000e+00	-2.037285e-03	0.000000e+00	-2.023610e-03	0.000000e+00	9.999999e-01	1.000000e-01	1.000000e+00	1.400000e+01
473	2.310614e+00	0.000000e+00	2.310609e+00	0.000000e+00	1.217575e-03	0.000000e+00	1.204914e-03	0.000000e+00	9.999999e-01	1.000000e-01	1.000000e+00	1.400000e+01
474	2.310195e+00	0.000000e+00	2.310196e+00	0.000000e+00	-4.191640e-04	0.000000e+00	-4.128200e-04	0.000000e+00	9.999999e-01	1.000000e-01	1.000000e+00	1.400000e+01
475	2.310288e+00	0.000000e+00	2.310287e+00	0.000000e+00	9.275522e-05	0.000000e+00	9.078032e-05	0.000000e+00	9.999999e-01	1.000000e-01	1.000000e+00	1.400000e+01
476	2.312317e+00	0.000000e+00	2.312309e+00	0.000000e+00	2.029664e-03	0.000000e+00	2.022090e-03	0.000000e+00	9.999999e-01	1.000000e-01	1.000000e+00	1.400000e+01
477	2.312372e+00	0.000000e+00	2.312371e+00	4.159724e-01	5.451257e-05	0.000000e+00	6.219842e-05	4.159724e-01	9.999999e-01	1.000000e-01	1.000000e+00	1.400000e+01
478	2.311258e+00	0.000000e+00	2.311262e+00	0.000000e+00	-1.114187e-03	0.000000e+00	-1.109592e-03	-4.159724e-01	9.999999e-01	1.000000e-01	1.000000e+00	1.400000e+01
479	2.311713e+00	0.000000e+00	2.311711e+00	0.000000e+00	4.550820e-04	0.000000e+00	4.489700e-04	0.000000e+00	9.999999e-01	1.000000e-01	1.000000e+00	1.400000e+01
480	2.312015e+00	0.000000e+00	2.312014e+00	7.255732e-01	3.026545e-04	0.000000e+00	3.032261e-04	7.255732e-01	9.999999e-01	1.000000e-01	1.000000e+00	1.400000e+01
481	2.311064e+00	0.000000e+00	2.311067e+00	0.000000e+00	-9.516769e-04	0.000000e+00	-9.467749e-04	-7.255732e-01	9.999999e-01	1.000000e-01	1.000000e+00	1.400000e+01
482	2.308162e+00	0.000000e+00	2.308173e+00	0.000000e+00	-2.901746e-03	0.000000e+00	-2.894109e-03	0.000000e+00	9.999999e-01	1.000000e-01	1.000000e+00	1.400000e+01
483	2.310611e+00	0.000000e+00	2.310601e+00	0.000000e+00	2.448716e-03	0.000000e+00	2.427846e-03	0.000000e+00	9.999999e-01	1.000000e-01	1.000000e+00	1.400000e+01
484	2.309647e+00	0.000000e+00	2.309650e+00	4.168971e-01	-9.639025e-04	0.000000e+00	-9.506535e-04	4.168971e-01	9.999999e-01	1.000000e-01	1.000000e+00	1.400000e+01
485	2.311270e+00	0.000000e+00	2.311263e+00	0.000000e+00	1.622978e-03	0.000000e+00	1.612924e-03	-4.168971e-01	9.999999e-01	1.000000e-01	1.000000e+00	1.400000e+01
486	2.309245e+00	0.000000e+00	2.309252e+00	0.000000e+00	-2.025066e-03	0.000000e+00	-2.010855e-03	0.000000e+00	9.999999e-01	1.000000e-01	1.000000e+00	1.400000e+01
487	2.310112e+00	0.000000e+00	2.310109e+00	0.000000e+00	8.673962e-04	0.000000e+00	8.561530e-04	0.000000e+00	9.999998e-01	1.000000e-01	1.000000e+00	1.400000e+01
488	2.309941e+00	0.000000e+00	2.309941e+00	1.977941e-01	-1.711510e-04	0.000000e+00	-1.671381e-04	1.977941e-01	9.999998e-01	1.000000e-01	1.000000e+00	1.400000e+01
489	2.311557e+00	0.000000e+00	2.311551e+00	0.000000e+00	1.616275e-03	0.000000e+00	1.609309e-03	-1.977941e-01	9.999998e-01	1.000000e-01	1.000000e+00	1.400000e+01
490	2.308674e+00	0.000000e+00	2.308686e+00	0.000000e+00	-2.882762e-03	0.000000e+00	-2.865215e-03	0.000000e+00	9.999998e-01	1.000000e-01	1.000000e+00	1.400000e+01
491	2.310855e+00	0.000000e+00	2.310846e+00	4.520283e-01	2.180282e-03	0.000000e+00	2.160573e-03	4.520283e-01	9.999998e-01	1.000000e-01	1.000000e+00	1.400000e+01
492	2.311929e+00	0.000000e+00	2.311924e+00	1.270706e+00	1.073965e-03	0.000000e+00	1.078210e-03	8.186779e-01	9.999998e-01	1.000000e-01	1.000000e+00	1.400000e+01
493	2.310812e+00	0.000000e+00	2.310816e+00	0.000000e+00	-1.116914e-03	0.000000e+00	-1.108340e-03	-1.270706e+00	9.999998e-01	1.000000e-01	1.000000e+00	1.400000e+01
494	2.307680e+00	0.000000e+00	2.307692e+00	0.000000e+00	-3.131782e-03	0.000000e+00	-3.123878e-03	0.000000e+00	9.999998e-01	1.000000e-01	1.000000e+00	1.400000e+01
495	2.308696e+00	0.000000e+00	2.308692e+00	4.357862e-02	1.016351e-03	0.000000e+00	1.000178e-03	4.357862e-02	9.999998e-01	1.000000e-01	1.000000e+00	1.400000e+01
496	2.311895e+00	0.000000e+00	2.311882e+00	0.000000e+00	3.198789e-03	0.000000e+00	3.190201e-03	-4.357862e-02	9.999998e-01	1.000000e-01	1.000000e+00	1.400000e+01
497	2.308718e+00	0.000000e+00	2.308730e+00	0.000000e+00	-3.177214e-03	0.000000e+00	-3.152341e-03	0.000000e+00	9.999997e-01	1.000000e-01	1.000000e+00	1.400000e+01
498	2.308544e+00	0.000000e+00	2.308545e+00	0.000000e+00	-1.737483e-04	0.000000e+00	-1.853834e-04	0.000000e+00	9.999997e-01	1.000000e-01	1.000000e+00	1.400000e+01
499	2.309365e+00	0.000000e+00	2.309361e+00	8.199881e-01	8.205550e-04	0.000000e+00	8.166255e-04	8.199881e-01	9.999997e-01	1.000000e-01	1.000000e+00	1.400000e+01
