#sequence delta(k-1),f(k-1),theta(k),v(k),delta_diff(k-1),f_diff(k-1),theta_diff(k),v_diff(k),phi(1,1;k),phi(1,2;k),phi(2,1;k),phi(2,2;k)
1	-2.609607e-01	0.000000e+00	-2.606078e-01	8.630465e-01	-2.609607e-01	0.000000e+00	-8.998726e-02	8.629870e-01	9.795046e-01	1.000000e-01	1.000000e+00	1.200000e+01
2	-1.968811e-01	2.000000e-01	-1.971301e-01	2.738554e+00	6.407958e-02	2.000000e-01	6.347775e-02	1.875507e+00	9.789302e-01	9.820713e-02	9.824717e-01	1.194529e+01
3	-4.410221e-02	3.336039e-01	-4.469997e-02	3.888372e+00	1.527789e-01	1.336039e-01	1.524301e-01	1.149818e+00	9.782013e-01	9.756973e-02	9.400772e-01	1.190822e+01
4	-1.174836e-01	4.673033e-01	-1.171992e-01	5.848125e+00	-7.338134e-02	1.336994e-01	-7.249927e-02	1.959753e+00	9.786755e-01	9.670576e-02	9.250334e-01	1.193563e+01
5	-2.872279e-01	4.741795e-01	-2.865637e-01	5.361460e+00	-1.697444e-01	6.876119e-03	-1.693645e-01	-4.866647e-01	9.789859e-01	9.669319e-02	9.577573e-01	1.193430e+01
6	-3.068167e-01	6.741795e-01	-3.067376e-01	7.888388e+00	-1.958877e-02	2.000000e-01	-2.017383e-02	2.526928e+00	9.791713e-01	9.479957e-02	9.563087e-01	1.194909e+01
7	-2.559957e-01	7.112709e-01	-2.561939e-01	8.559328e+00	5.082094e-02	3.709146e-02	5.054362e-02	6.709398e-01	9.791054e-01	9.475147e-02	9.606244e-01	1.195224e+01
8	-2.587743e-01	7.838341e-01	-2.587642e-01	7.990016e+00	-2.778551e-03	7.256313e-02	-2.570262e-03	-5.693117e-01	9.791143e-01	9.452028e-02	9.625119e-01	1.190295e+01
9	-2.978181e-01	9.838341e-01	-2.976656e-01	9.181544e+00	-3.904385e-02	2.000000e-01	-3.890137e-02	1.191528e+00	9.794700e-01	9.269829e-02	9.834327e-01	1.179578e+01
10	-3.248118e-01	1.183834e+00	-3.247058e-01	1.286359e+01	-2.699367e-02	2.000000e-01	-2.704019e-02	3.682047e+00	9.797105e-01	9.091625e-02	9.664756e-01	1.192142e+01
11	-3.580092e-01	1.028663e+00	-3.578791e-01	9.804352e+00	-3.319735e-02	-1.551708e-01	-3.317330e-02	-3.059239e+00	9.795009e-01	8.993664e-02	9.848093e-01	1.200712e+01
12	-4.011754e-01	1.228663e+00	-4.010063e-01	1.171452e+01	-4.316629e-02	2.000000e-01	-4.312725e-02	1.910164e+00	9.798792e-01	8.818417e-02	9.938217e-01	1.196536e+01
13	-4.301666e-01	1.428663e+00	-4.300527e-01	1.405808e+01	-2.899121e-02	2.000000e-01	-2.904643e-02	2.343566e+00	9.801258e-01	8.648276e-02	9.941010e-01	1.196343e+01
14	-4.968286e-01	1.535405e+00	-4.965677e-01	1.510293e+01	-6.666192e-02	1.067413e-01	-6.651498e-02	1.044845e+00	9.804528e-01	8.595913e-02	9.993122e-01	1.195509e+01
15	-5.660705e-01	1.672609e+00	-5.657990e-01	1.640147e+01	-6.924189e-02	1.372042e-01	-6.923123e-02	1.298538e+00	9.808798e-01	8.511298e-02	1.008172e+00	1.193753e+01
16	-5.804241e-01	1.774230e+00	-5.803670e-01	1.880958e+01	-1.435364e-02	1.016209e-01	-1.456800e-02	2.408113e+00	9.809418e-01	8.467419e-02	9.999689e-01	1.199561e+01
17	-5.770325e-01	1.591390e+00	-5.770455e-01	1.714100e+01	3.391639e-03	-1.828398e-01	3.321485e-03	-1.668579e+00	9.809663e-01	8.335220e-02	1.000795e+00	1.195108e+01
18	-5.771692e-01	1.748332e+00	-5.771687e-01	1.895449e+01	-1.367301e-04	1.569416e-01	-1.232215e-04	1.813487e+00	9.809672e-01	8.238968e-02	1.000799e+00	1.194651e+01
19	-5.441915e-01	1.802563e+00	-5.443203e-01	1.931265e+01	3.297771e-02	5.423175e-02	3.284841e-02	3.581662e-01	9.809051e-01	8.228762e-02	9.957539e-01	1.193822e+01
20	-4.593888e-01	1.927908e+00	-4.597205e-01	1.982660e+01	8.480269e-02	1.253448e-01	8.459974e-02	5.139438e-01	9.805508e-01	8.176385e-02	9.532647e-01	1.187541e+01
21	-3.148892e-01	2.121689e+00	-3.154549e-01	2.049189e+01	1.444996e-01	1.937807e-01	1.442656e-01	6.652952e-01	9.796659e-01	8.057726e-02	8.349800e-01	1.171679e+01
22	-2.400335e-01	2.321689e+00	-2.403281e-01	2.365778e+01	7.485569e-02	2.000000e-01	7.512682e-02	3.165891e+00	9.791680e-01	7.924699e-02	8.614015e-01	1.178738e+01
23	-9.885265e-02	2.121689e+00	-9.940529e-02	2.094242e+01	1.411808e-01	-2.000000e-01	1.409228e-01	-2.715364e+00	9.803747e-01	7.753763e-02	8.301813e-01	1.183161e+01
24	1.973313e-01	2.321689e+00	1.961722e-01	2.231577e+01	2.961840e-01	2.000000e-01	2.955775e-01	1.373355e+00	9.790124e-01	7.661775e-02	6.663527e-01	1.172098e+01
25	2.454943e-01	2.490045e+00	2.453016e-01	2.343720e+01	4.816296e-02	1.683565e-01	4.912943e-02	1.121431e+00	9.787663e-01	7.575753e-02	6.464352e-01	1.165136e+01
26	3.199618e-01	2.598568e+00	3.196701e-01	2.451964e+01	7.446746e-02	1.085230e-01	7.436848e-02	1.082440e+00	9.785300e-01	7.541312e-02	6.383647e-01	1.163960e+01
27	5.270406e-01	2.596443e+00	5.262305e-01	2.352634e+01	2.070788e-01	-2.125335e-03	2.065604e-01	-9.932995e-01	9.789236e-01	7.540908e-02	5.323648e-01	1.164069e+01
28	6.561613e-01	2.796443e+00	6.556537e-01	2.739985e+01	1.291207e-01	2.000000e-01	1.294232e-01	3.873504e+00	9.782045e-01	7.429514e-02	6.204343e-01	1.177710e+01
29	6.696321e-01	2.596443e+00	6.695775e-01	2.324482e+01	1.347086e-02	-2.000000e-01	1.392380e-02	-4.155023e+00	9.783024e-01	7.284181e-02	6.090936e-01	1.194547e+01
30	7.221612e-01	2.796443e+00	7.219558e-01	2.491046e+01	5.252910e-02	2.000000e-01	5.237829e-02	1.665639e+00	9.779706e-01	7.157877e-02	5.906387e-01	1.187521e+01
31	7.858831e-01	2.907754e+00	7.856333e-01	2.591249e+01	6.372184e-02	1.113109e-01	6.367752e-02	1.002029e+00	9.777723e-01	7.123223e-02	5.799077e-01	1.185646e+01
32	7.720503e-01	2.934959e+00	7.721034e-01	2.582283e+01	-1.383273e-02	2.720500e-02	-1.352995e-02	-8.966578e-02	9.777850e-01	7.120714e-02	5.825623e-01	1.185124e+01
33	7.463756e-01	3.025749e+00	7.464760e-01	2.729676e+01	-2.567478e-02	9.079021e-02	-2.562734e-02	1.473936e+00	9.778699e-01	7.090712e-02	5.775489e-01	1.186897e+01
34	7.422382e-01	2.887576e+00	7.422548e-01	2.455864e+01	-4.137354e-03	-1.381729e-01	-4.221300e-03	-2.738124e+00	9.778511e-01	7.028159e-02	5.796820e-01	1.194021e+01
35	6.924115e-01	3.087576e+00	6.926062e-01	2.620477e+01	-4.982671e-02	2.000000e-01	-4.964856e-02	1.646131e+00	9.781983e-01	6.888793e-02	5.962066e-01	1.187388e+01
36	6.298205e-01	3.157585e+00	6.300658e-01	2.731850e+01	-6.259095e-02	7.000910e-02	-6.254039e-02	1.113734e+00	9.783800e-01	6.868475e-02	5.867414e-01	1.188447e+01
37	4.996533e-01	3.058571e+00	5.001627e-01	2.601807e+01	-1.301672e-01	-9.901434e-02	-1.299031e-01	-1.300430e+00	9.781206e-01	6.848747e-02	5.896287e-01	1.188666e+01
38	3.058465e-01	3.195415e+00	3.066056e-01	2.724670e+01	-1.938068e-01	1.368439e-01	-1.935572e-01	1.228624e+00	9.793171e-01	6.764265e-02	6.150324e-01	1.186872e+01
39	1.688716e-01	3.154517e+00	1.694096e-01	2.614517e+01	-1.369749e-01	-4.089769e-02	-1.371959e-01	-1.101527e+00	9.793356e-01	6.764818e-02	6.492881e-01	1.187895e+01
40	1.115599e-01	3.311130e+00	1.117858e-01	2.769980e+01	-5.731172e-02	1.566131e-01	-5.762377e-02	1.554628e+00	9.796603e-01	6.676105e-02	6.564989e-01	1.185925e+01
41	4.131569e-02	3.189645e+00	4.159096e-02	2.641468e+01	-7.024418e-02	-1.214857e-01	-7.019489e-02	-1.285113e+00	9.794379e-01	6.637642e-02	6.498336e-01	1.184772e+01
42	-2.751412e-02	3.242921e+00	-2.724418e-02	2.496663e+01	-6.882981e-02	5.327616e-02	-6.883514e-02	-1.448055e+00	9.795993e-01	6.625145e-02	7.160998e-01	1.179643e+01
43	-1.964010e-02	3.442921e+00	-1.966981e-02	2.690588e+01	7.874017e-03	2.000000e-01	7.574372e-03	1.939256e+00	9.795502e-01	6.500445e-02	7.145390e-01	1.175678e+01
44	2.580302e-02	3.337967e+00	2.562540e-02	2.622810e+01	4.544313e-02	-1.049539e-01	4.529520e-02	-6.777866e-01	9.797133e-01	6.462784e-02	7.257690e-01	1.173085e+01
45	9.733115e-03	3.296175e+00	9.795194e-03	2.561505e+01	-1.606991e-02	-4.179223e-02	-1.583020e-02	-6.130499e-01	9.796934e-01	6.457598e-02	7.266165e-01	1.173305e+01
46	-2.296643e-02	3.345089e+00	-2.283846e-02	2.604889e+01	-3.269955e-02	4.891469e-02	-3.263365e-02	4.338462e-01	9.797516e-01	6.448885e-02	7.284199e-01	1.173035e+01
47	-2.474451e-03	3.275552e+00	-2.553998e-03	2.637025e+01	2.049198e-02	-6.953687e-02	2.028446e-02	3.213519e-01	9.797972e-01	6.433428e-02	7.393137e-01	1.169339e+01
48	1.822955e-02	3.075552e+00	1.814837e-02	2.407255e+01	2.070400e-02	-2.000000e-01	2.070237e-02	-2.297694e+00	9.799252e-01	6.309736e-02	7.395612e-01	1.169100e+01
49	-5.721406e-04	3.238758e+00	-4.990136e-04	2.589210e+01	-1.880169e-02	1.632055e-01	-1.864738e-02	1.819546e+00	9.800179e-01	6.229260e-02	7.402184e-01	1.168529e+01
50	-1.393187e-02	3.038758e+00	-1.387940e-02	2.389065e+01	-1.335973e-02	-2.000000e-01	-1.338039e-02	-2.001444e+00	9.799422e-01	6.115914e-02	7.380690e-01	1.165312e+01
51	2.798727e-03	3.096076e+00	2.733578e-03	2.561444e+01	1.673060e-02	5.731829e-02	1.661298e-02	1.723785e+00	9.799161e-01	6.106979e-02	7.463470e-01	1.168148e+01
52	9.630510e-03	2.896076e+00	9.603569e-03	2.403302e+01	6.831783e-03	-2.000000e-01	6.869991e-03	-1.581417e+00	9.799555e-01	5.991590e-02	7.487324e-01	1.161164e+01
53	-5.173362e-03	2.780411e+00	-5.115639e-03	2.234163e+01	-1.480387e-02	-1.156655e-01	-1.471921e-02	-1.691395e+00	9.799086e-01	5.954929e-02	7.510878e-01	1.163005e+01
54	-4.766164e-03	2.886874e+00	-4.767529e-03	2.429489e+01	4.071979e-04	1.064633e-01	3.481104e-04	1.953265e+00	9.799074e-01	5.922793e-02	7.512253e-01	1.166599e+01
55	4.920942e-03	2.686874e+00	4.883096e-03	2.240784e+01	9.687106e-03	-2.000000e-01	9.650625e-03	-1.887049e+00	9.799615e-01	5.810999e-02	7.532050e-01	1.162512e+01
56	1.883761e-03	2.604081e+00	1.895477e-03	2.046317e+01	-3.037181e-03	-8.279289e-02	-2.987619e-03	-1.944673e+00	9.799546e-01	5.792188e-02	7.546138e-01	1.166352e+01
57	-3.884900e-03	2.787785e+00	-3.862321e-03	2.072316e+01	-5.768661e-03	1.837040e-01	-5.757797e-03	2.599868e-01	9.799836e-01	5.699983e-02	7.596751e-01	1.150235e+01
58	-7.435504e-04	2.851926e+00	-7.557331e-04	2.255143e+01	3.141350e-03	6.414090e-02	3.106587e-03	1.828277e+00	9.799782e-01	5.688952e-02	7.612954e-01	1.153543e+01
59	2.635000e-03	2.651926e+00	2.621755e-03	1.947987e+01	3.378550e-03	-2.000000e-01	3.377488e-03	-3.071567e+00	9.799962e-01	5.582362e-02	7.600886e-01	1.160687e+01
60	3.557820e-04	2.757236e+00	3.646334e-04	2.015725e+01	-2.279218e-03	1.053099e-01	-2.257121e-03	6.773883e-01	9.800026e-01	5.553000e-02	7.606734e-01	1.157985e+01
61	-1.760548e-03	2.557236e+00	-1.752247e-03	1.664688e+01	-2.116330e-03	-2.000000e-01	-2.116880e-03	-3.510378e+00	9.799917e-01	5.449962e-02	7.618489e-01	1.169094e+01
62	3.791123e-05	2.757236e+00	3.091842e-05	2.009413e+01	1.798460e-03	2.000000e-01	1.783165e-03	3.447250e+00	9.799825e-01	5.348636e-02	7.627767e-01	1.179411e+01
63	8.034238e-04	2.557236e+00	8.004062e-04	1.778682e+01	7.655126e-04	-2.000000e-01	7.694878e-04	-2.307304e+00	9.799864e-01	5.248824e-02	7.627948e-01	1.178936e+01
64	1.162489e-04	2.417563e+00	1.189214e-04	1.530911e+01	-6.871749e-04	-1.396726e-01	-6.814848e-04	-2.477716e+00	9.799840e-01	5.200709e-02	7.630633e-01	1.184393e+01
65	-4.154850e-03	2.543917e+00	-4.138156e-03	1.746466e+01	-4.271099e-03	1.263537e-01	-4.257077e-03	2.155550e+00	9.799974e-01	5.161157e-02	7.617303e-01	1.188337e+01
66	-1.416354e-02	2.343917e+00	-1.412437e-02	1.339463e+01	-1.000869e-02	-2.000000e-01	-9.986218e-03	-4.070024e+00	9.799501e-01	5.066677e-02	7.695869e-01	1.204036e+01
67	-2.287503e-02	2.543917e+00	-2.284085e-02	1.628538e+01	-8.711496e-03	2.000000e-01	-8.716476e-03	2.890747e+00	9.799919e-01	4.970629e-02	7.676017e-01	1.208594e+01
68	-3.314765e-02	2.343917e+00	-3.310739e-02	1.389797e+01	-1.027262e-02	-2.000000e-01	-1.026654e-02	-2.387407e+00	9.799453e-01	4.879901e-02	7.674215e-01	1.208243e+01
69	-4.833150e-02	2.177730e+00	-4.827203e-02	1.134183e+01	-1.518385e-02	-1.661868e-01	-1.516464e-02	-2.556140e+00	9.798897e-01	4.818984e-02	7.712381e-01	1.212421e+01
70	-5.231072e-02	2.251466e+00	-5.229495e-02	1.327823e+01	-3.979225e-03	7.373583e-02	-4.022918e-03	1.936396e+00	9.798966e-01	4.806140e-02	7.692674e-01	1.216072e+01
71	-5.434142e-02	2.051466e+00	-5.433343e-02	1.012520e+01	-2.030695e-03	-2.000000e-01	-2.038477e-03	-3.153026e+00	9.798876e-01	4.717067e-02	7.699476e-01	1.222772e+01
72	-6.030386e-02	2.104144e+00	-6.028054e-02	1.093433e+01	-5.962437e-03	5.267775e-02	-5.947109e-03	8.091231e-01	9.798949e-01	4.710597e-02	7.694680e-01	1.223196e+01
73	-6.482061e-02	1.904144e+00	-6.480288e-02	8.415547e+00	-4.516758e-03	-2.000000e-01	-4.522345e-03	-2.518780e+00	9.798753e-01	4.623749e-02	7.696130e-01	1.223838e+01
74	-6.563304e-02	1.853918e+00	-6.562980e-02	6.431900e+00	-8.124258e-04	-5.022612e-02	-8.269177e-04	-1.983647e+00	9.798744e-01	4.618289e-02	7.701404e-01	1.227098e+01
75	-6.481577e-02	1.994252e+00	-6.481895e-02	7.190599e+00	8.172710e-04	1.403340e-01	8.108484e-04	7.586991e-01	9.798719e-01	4.575575e-02	7.697698e-01	1.220735e+01
76	-6.460368e-02	1.794252e+00	-6.460453e-02	5.312973e+00	2.120849e-04	-2.000000e-01	2.144238e-04	-1.877626e+00	9.798728e-01	4.490282e-02	7.698255e-01	1.215485e+01
77	-6.505949e-02	1.685709e+00	-6.505771e-02	4.283717e+00	-4.558045e-04	-1.085428e-01	-4.531864e-04	-1.029255e+00	9.798717e-01	4.465334e-02	7.697629e-01	1.213996e+01
78	-6.489182e-02	1.566769e+00	-6.489246e-02	2.717016e+00	1.676727e-04	-1.189403e-01	1.652474e-04	-1.566702e+00	9.798722e-01	4.435534e-02	7.697532e-01	1.214686e+01
79	-6.438173e-02	1.569504e+00	-6.438372e-02	1.911645e+00	5.100915e-04	2.735232e-03	5.087444e-04	-8.053706e-01	9.798721e-01	4.435519e-02	7.695499e-01	1.214577e+01
80	-6.416422e-02	1.582276e+00	-6.416507e-02	3.282554e+00	2.175096e-04	1.277211e-02	2.186472e-04	1.370909e+00	9.798721e-01	4.435179e-02	7.696755e-01	1.215314e+01
81	-6.369359e-02	1.382276e+00	-6.369543e-02	2.471136e-01	4.706244e-04	-2.000000e-01	4.696402e-04	-3.035441e+00	9.798740e-01	4.352484e-02	7.695429e-01	1.220951e+01
82	-6.353189e-02	1.440484e+00	-6.353252e-02	8.197522e-01	1.617057e-04	5.820837e-02	1.629086e-04	5.726386e-01	9.798738e-01	4.345503e-02	7.695323e-01	1.220569e+01
83	-6.361839e-02	1.327211e+00	-6.361806e-02	0.000000e+00	-8.650946e-05	-1.132738e-01	-8.553517e-05	-8.197522e-01	9.798736e-01	4.319191e-02	7.695093e-01	1.217560e+01
84	-6.381561e-02	1.315921e+00	-6.381484e-02	9.644161e-01	-1.972166e-04	-1.128954e-02	-1.967804e-04	9.644161e-01	9.798736e-01	4.318932e-02	7.694061e-01	1.216969e+01
85	-6.367904e-02	1.115921e+00	-6.367957e-02	0.000000e+00	1.365757e-04	-2.000000e-01	1.352735e-04	-9.644161e-01	9.798741e-01	4.238468e-02	7.694995e-01	1.203283e+01
86	-6.354108e-02	1.031758e+00	-6.354162e-02	0.000000e+00	1.379519e-04	-8.416316e-02	1.379414e-04	0.000000e+00	9.798744e-01	4.224246e-02	7.695657e-01	1.199249e+01
87	-6.358289e-02	9.527993e-01	-6.358272e-02	0.000000e+00	-4.180123e-05	-7.895856e-02	-4.109911e-05	0.000000e+00	9.798743e-01	4.211776e-02	7.695469e-01	1.195709e+01
88	-6.371805e-02	8.789874e-01	-6.371752e-02	0.000000e+00	-1.351676e-04	-7.381190e-02	-1.348002e-04	0.000000e+00	9.798741e-01	4.200914e-02	7.694904e-01	1.192623e+01
89	-6.357109e-02	8.102723e-01	-6.357166e-02	0.000000e+00	1.469667e-04	-6.871511e-02	1.458661e-04	0.000000e+00	9.798743e-01	4.191508e-02	7.695475e-01	1.189954e+01
90	-6.367715e-02	7.466119e-01	-6.367674e-02	0.000000e+00	-1.060648e-04	-6.366042e-02	-1.050807e-04	0.000000e+00	9.798742e-01	4.183459e-02	7.695094e-01	1.187668e+01
91	-6.369690e-02	6.879714e-01	-6.369682e-02	0.000000e+00	-1.974672e-05	-5.864048e-02	-2.008005e-05	0.000000e+00	9.798742e-01	4.176640e-02	7.695029e-01	1.185731e+01
92	-6.378125e-02	6.343228e-01	-6.378092e-02	0.000000e+00	-8.434988e-05	-5.364857e-02	-8.409883e-05	0.000000e+00	9.798741e-01	4.170942e-02	7.694774e-01	1.184113e+01
93	-6.385738e-02	5.856442e-01	-6.385708e-02	0.000000e+00	-7.613220e-05	-4.867859e-02	-7.616332e-05	0.000000e+00	9.798740e-01	4.166256e-02	7.694566e-01	1.182781e+01
94	-6.371947e-02	5.419191e-01	-6.372001e-02	0.000000e+00	1.379080e-04	-4.372515e-02	1.370717e-04	0.000000e+00	9.798741e-01	4.162472e-02	7.694904e-01	1.181708e+01
95	-6.379561e-02	5.031355e-01	-6.379532e-02	7.002664e-01	-7.613881e-05	-3.878354e-02	-7.530595e-05	7.002664e-01	9.798740e-01	4.159502e-02	7.694486e-01	1.179575e+01
96	-6.376448e-02	3.324714e-01	-6.376460e-02	0.000000e+00	3.112955e-05	-1.706641e-01	3.071378e-05	-7.002664e-01	9.798742e-01	4.102780e-02	7.694677e-01	1.169086e+01
97	-6.357077e-02	2.421212e-01	-6.357152e-02	0.000000e+00	1.937156e-04	-9.035019e-02	1.930789e-04	0.000000e+00	9.798745e-01	4.086922e-02	7.695645e-01	1.164572e+01
98	-6.355396e-02	1.567347e-01	-6.355403e-02	0.000000e+00	1.680847e-05	-8.538651e-02	1.749703e-05	0.000000e+00	9.798745e-01	4.072815e-02	7.695724e-01	1.160553e+01
99	-6.360021e-02	7.633522e-02	-6.360003e-02	0.000000e+00	-4.625304e-05	-8.039948e-02	-4.600401e-05	0.000000e+00	9.798744e-01	4.060353e-02	7.695519e-01	1.157001e+01
100	-6.359822e-02	9.528836e-04	-6.359822e-02	0.000000e+00	1.994807e-06	-7.538234e-02	1.807311e-06	0.000000e+00	1.000000e+00	1.000000e-01	7.695528e-01	1.153887e+01
101	-6.342381e-02	0.000000e+00	-6.342450e-02	0.000000e+00	1.744013e-04	-9.528836e-04	1.737271e-04	0.000000e+00	1.000000e+00	9.999996e-02	7.695537e-01	1.153887e+01
102	-6.364203e-02	0.000000e+00	-6.364118e-02	0.000000e+00	-2.182175e-04	0.000000e+00	-2.166864e-04	0.000000e+00	1.000000e+00	9.999996e-02	1.000000e+00	1.200000e+01
103	-6.348775e-02	0.000000e+00	-6.348834e-02	0.000000e+00	1.542858e-04	0.000000e+00	1.528366e-04	0.000000e+00	1.000000e+00	9.999996e-02	1.000000e+00	1.200000e+01
104	-6.318194e-02	0.000000e+00	-6.318314e-02	0.000000e+00	3.058024e-04	0.000000e+00	3.052049e-04	0.000000e+00	1.000000e+00	9.999996e-02	1.000000e+00	1.200000e+01
105	-6.323749e-02	0.000000e+00	-6.323728e-02	4.259281e-01	-5.554961e-05	0.000000e+00	-5.414041e-05	4.259281e-01	1.000000e+00	9.999996e-02	1.000000e+00	1.200000e+01
106	-6.424630e-02	0.000000e+00	-6.424236e-02	0.000000e+00	-1.008810e-03	0.000000e+00	-1.005081e-03	-4.259281e-01	1.000000e+00	9.999996e-02	1.000000e+00	1.200000e+01
107	-6.352402e-02	0.000000e+00	-6.352682e-02	0.000000e+00	7.222875e-04	0.000000e+00	7.155400e-04	0.000000e+00	1.000000e+00	9.999996e-02	1.000000e+00	1.200000e+01
108	-6.305032e-02	0.000000e+00	-6.305218e-02	0.000000e+00	4.736924e-04	0.000000e+00	4.746371e-04	0.000000e+00	1.000000e+00	9.999996e-02	1.000000e+00	1.200000e+01
109	-6.316907e-02	0.000000e+00	-6.316861e-02	0.000000e+00	-1.187468e-04	0.000000e+00	-1.164289e-04	0.000000e+00	1.000000e+00	9.999996e-02	1.000000e+00	1.200000e+01
110	-6.328046e-02	0.000000e+00	-6.328002e-02	0.000000e+00	-1.113914e-04	0.000000e+00	-1.114111e-04	0.000000e+00	1.000000e+00	9.999996e-02	1.000000e+00	1.200000e+01
111	-6.323292e-02	0.000000e+00	-6.323311e-02	0.000000e+00	4.753884e-05	0.000000e+00	4.691795e-05	0.000000e+00	1.000000e+00	9.999996e-02	1.000000e+00	1.200000e+01
112	-6.321633e-02	0.000000e+00	-6.321640e-02	0.000000e+00	1.658765e-05	0.000000e+00	1.670612e-05	0.000000e+00	1.000000e+00	9.999996e-02	1.000000e+00	1.200000e+01
113	-6.271874e-02	0.000000e+00	-6.272068e-02	0.000000e+00	4.975987e-04	0.000000e+00	4.957202e-04	0.000000e+00	1.000000e+00	9.999996e-02	1.000000e+00	1.200000e+01
114	-6.112444e-02	0.000000e+00	-6.113067e-02	0.000000e+00	1.594301e-03	0.000000e+00	1.590009e-03	0.000000e+00	1.000000e+00	9.999996e-02	1.000000e+00	1.200000e+01
115	-6.121894e-02	0.000000e+00	-6.121860e-02	0.000000e+00	-9.450703e-05	0.000000e+00	-8.792689e-05	0.000000e+00	1.000000e+00	9.999996e-02	1.000000e+00	1.200000e+01
116	-6.160901e-02	0.000000e+00	-6.160748e-02	0.000000e+00	-3.900660e-04	0.000000e+00	-3.888858e-04	0.000000e+00	1.000000e+00	9.999996e-02	1.000000e+00	1.200000e+01
117	-6.146608e-02	0.000000e+00	-6.146663e-02	0.000000e+00	1.429281e-04	0.000000e+00	1.408507e-04	0.000000e+00	1.000000e+00	9.999996e-02	1.000000e+00	1.200000e+01
118	-5.966928e-02	0.000000e+00	-5.967630e-02	0.000000e+00	1.796800e-03	0.000000e+00	1.790332e-03	0.000000e+00	1.000000e+00	9.999996e-02	1.000000e+00	1.200000e+01
119	-5.735819e-02	0.000000e+00	-5.736724e-02	6.248634e-01	2.311091e-03	0.000000e+00	2.309057e-03	6.248634e-01	1.000000e+00	9.999996e-02	1.000000e+00	1.200000e+01
120	-6.368010e-02	0.000000e+00	-6.365544e-02	0.000000e+00	-6.321910e-03	0.000000e+00	-6.288196e-03	-6.248634e-01	9.999999e-01	9.999996e-02	1.000000e+00	1.200000e+01
121	-6.188730e-02	0.000000e+00	-6.189421e-02	1.134406e-01	1.792799e-03	0.000000e+00	1.761233e-03	1.134406e-01	9.999999e-01	9.999996e-02	1.000000e+00	1.200000e+01
122	-6.407762e-02	0.000000e+00	-6.406909e-02	0.000000e+00	-2.190322e-03	0.000000e+00	-2.174886e-03	-1.134406e-01	9.999998e-01	9.999996e-02	1.000000e+00	1.200000e+01
123	-6.113495e-02	0.000000e+00	-6.114641e-02	0.000000e+00	2.942669e-03	0.000000e+00	2.922679e-03	0.000000e+00	9.999998e-01	9.999996e-02	1.000000e+00	1.200000e+01
124	-5.930835e-02	0.000000e+00	-5.931553e-02	0.000000e+00	1.826599e-03	0.000000e+00	1.830881e-03	0.000000e+00	9.999998e-01	9.999996e-02	1.000000e+00	1.200000e+01
125	-6.299965e-02	0.000000e+00	-6.298526e-02	0.000000e+00	-3.691299e-03	0.000000e+00	-3.669728e-03	0.000000e+00	9.999998e-01	9.999996e-02	1.000000e+00	1.200000e+01
126	-6.081210e-02	0.000000e+00	-6.082059e-02	0.000000e+00	2.187550e-03	0.000000e+00	2.164670e-03	0.000000e+00	9.999998e-01	9.999996e-02	1.000000e+00	1.200000e+01
127	-6.003804e-02	0.000000e+00	-6.004109e-02	0.000000e+00	7.740662e-04	0.000000e+00	7.794983e-04	0.000000e+00	9.999998e-01	9.999996e-02	1.000000e+00	1.200000e+01
128	-6.058945e-02	0.000000e+00	-6.058731e-02	4.965593e-01	-5.514117e-04	0.000000e+00	-5.462128e-04	4.965593e-01	9.999998e-01	9.999996e-02	1.000000e+00	1.200000e+01
129	-6.456093e-02	0.000000e+00	-6.454541e-02	0.000000e+00	-3.971485e-03	0.000000e+00	-3.958105e-03	-4.965593e-01	9.999997e-01	9.999996e-02	1.000000e+00	1.200000e+01
130	-6.243737e-02	0.000000e+00	-6.244560e-02	0.000000e+00	2.123565e-03	0.000000e+00	2.099808e-03	0.000000e+00	9.999997e-01	9.999996e-02	1.000000e+00	1.200000e+01
131	-6.216888e-02	0.000000e+00	-6.216996e-02	0.000000e+00	2.684892e-04	0.000000e+00	2.756428e-04	0.000000e+00	9.999997e-01	9.999996e-02	1.000000e+00	1.200000e+01
132	-6.140066e-02	0.000000e+00	-6.140366e-02	0.000000e+00	7.682219e-04	0.000000e+00	7.662978e-04	0.000000e+00	9.999997e-01	9.999996e-02	1.000000e+00	1.200000e+01
133	-6.172829e-02	0.000000e+00	-6.172702e-02	0.000000e+00	-3.276332e-04	0.000000e+00	-3.233601e-04	0.000000e+00	9.999997e-01	9.999996e-02	1.000000e+00	1.200000e+01
134	-6.183812e-02	0.000000e+00	-6.183769e-02	0.000000e+00	-1.098326e-04	0.000000e+00	-1.106667e-04	0.000000e+00	9.999997e-01	9.999996e-02	1.000000e+00	1.200000e+01
135	-6.172670e-02	0.000000e+00	-6.172713e-02	7.300414e-01	1.114271e-04	0.000000e+00	1.105595e-04	7.300414e-01	9.999997e-01	9.999996e-02	1.000000e+00	1.200000e+01
136	-6.437345e-02	0.000000e+00	-6.436311e-02	4.347469e-01	-2.646755e-03	0.000000e+00	-2.635984e-03	-2.952944e-01	9.999997e-01	9.999996e-02	1.000000e+00	1.200000e+01
137	-6.506059e-02	0.000000e+00	-6.505787e-02	0.000000e+00	-6.871429e-04	0.000000e+00	-6.947556e-04	-4.347469e-01	9.999997e-01	9.999996e-02	1.000000e+00	1.200000e+01
138	-6.294814e-02	0.000000e+00	-6.295638e-02	0.000000e+00	2.112452e-03	0.000000e+00	2.101487e-03	0.000000e+00	9.999997e-01	9.999996e-02	1.000000e+00	1.200000e+01
139	-6.339409e-02	0.000000e+00	-6.339238e-02	0.000000e+00	-4.459449e-04	0.000000e+00	-4.359940e-04	0.000000e+00	9.999997e-01	9.999996e-02	1.000000e+00	1.200000e+01
140	-6.329464e-02	0.000000e+00	-6.329502e-02	0.000000e+00	9.944400e-05	0.000000e+00	9.735244e-05	0.000000e+00	9.999997e-01	9.999996e-02	1.000000e+00	1.200000e+01
141	-6.317290e-02	0.000000e+00	-6.317337e-02	0.000000e+00	1.217455e-04	0.000000e+00	1.216502e-04	0.000000e+00	9.999997e-01	9.999996e-02	1.000000e+00	1.200000e+01
142	-6.320095e-02	0.000000e+00	-6.320085e-02	0.000000e+00	-2.805846e-05	0.000000e+00	-2.747366e-05	0.000000e+00	9.999997e-01	9.999996e-02	1.000000e+00	1.200000e+01
143	-6.323118e-02	0.000000e+00	-6.323106e-02	0.000000e+00	-3.022785e-05	0.000000e+00	-3.021709e-05	0.000000e+00	9.999997e-01	9.999996e-02	1.000000e+00	1.200000e+01
144	-6.322354e-02	0.000000e+00	-6.322357e-02	0.000000e+00	7.642908e-06	0.000000e+00	7.495017e-06	0.000000e+00	1.000000e+00	1.000000e-01	1.000000e+00	1.200000e+01
145	-6.253467e-02	0.000000e+00	-6.253736e-02	0.000000e+00	6.888675e-04	0.000000e+00	6.862059e-04	0.000000e+00	1.000000e+00	1.000000e-01	1.000000e+00	1.200000e+01
146	-6.247919e-02	0.000000e+00	-6.247942e-02	0.000000e+00	5.548035e-05	0.000000e+00	5.794412e-05	0.000000e+00	1.000000e+00	1.000000e-01	1.000000e+00	1.200000e+01
147	-6.265846e-02	0.000000e+00	-6.265776e-02	0.000000e+00	-1.792682e-04	0.000000e+00	-1.783416e-04	0.000000e+00	1.000000e+00	1.000000e-01	1.000000e+00	1.200000e+01
148	-6.267532e-02	0.000000e+00	-6.267525e-02	0.000000e+00	-1.686216e-05	0.000000e+00	-1.749294e-05	0.000000e+00	1.000000e+00	1.000000e-01	1.000000e+00	1.200000e+01
149	-6.263111e-02	0.000000e+00	-6.263128e-02	0.000000e+00	4.421270e-05	0.000000e+00	4.397166e-05	0.000000e+00	1.000000e+00	1.000000e-01	1.000000e+00	1.200000e+01
150	-6.262851e-02	0.000000e+00	-6.262852e-02	0.000000e+00	2.599570e-06	0.000000e+00	2.761179e-06	0.000000e+00	1.000000e+00	1.000000e-01	1.000000e+00	1.200000e+01
151	-6.364922e-02	0.000000e+00	-6.364523e-02	0.000000e+00	-1.020711e-03	0.000000e+00	-1.016713e-03	0.000000e+00	1.000000e+00	1.000000e-01	1.000000e+00	1.200000e+01
152	-6.282840e-02	0.000000e+00	-6.283159e-02	0.000000e+00	8.208238e-04	0.000000e+00	8.136460e-04	0.000000e+00	1.000000e+00	1.000000e-01	1.000000e+00	1.200000e+01
153	-6.339654e-02	0.000000e+00	-6.339433e-02	0.000000e+00	-5.681418e-04	0.000000e+00	-5.627442e-04	0.000000e+00	1.000000e+00	1.000000e-01	1.000000e+00	1.200000e+01
154	-6.275993e-02	0.000000e+00	-6.276241e-02	0.000000e+00	6.366093e-04	0.000000e+00	6.319243e-04	0.000000e+00	1.000000e+00	1.000000e-01	1.000000e+00	1.200000e+01
155	-6.276350e-02	0.000000e+00	-6.276349e-02	0.000000e+00	-3.569771e-06	0.000000e+00	-1.087372e-06	0.000000e+00	1.000000e+00	1.000000e-01	1.000000e+00	1.200000e+01
156	-6.190596e-02	0.000000e+00	-6.190931e-02	0.000000e+00	8.575420e-04	0.000000e+00	8.541880e-04	0.000000e+00	1.000000e+00	1.000000e-01	1.000000e+00	1.200000e+01
157	-6.175547e-02	0.000000e+00	-6.175607e-02	0.000000e+00	1.504896e-04	0.000000e+00	1.532385e-04	0.000000e+00	1.000000e+00	1.000000e-01	1.000000e+00	1.200000e+01
158	-6.029892e-02	0.000000e+00	-6.030462e-02	0.000000e+00	1.456544e-03	0.000000e+00	1.451452e-03	0.000000e+00	1.000000e+00	1.000000e-01	1.000000e+00	1.200000e+01
159	-6.043284e-02	0.000000e+00	-6.043234e-02	0.000000e+00	-1.339151e-04	0.000000e+00	-1.277223e-04	0.000000e+00	1.000000e+00	1.000000e-01	1.000000e+00	1.200000e+01
160	-6.079606e-02	0.000000e+00	-6.079464e-02	0.000000e+00	-3.632242e-04	0.000000e+00	-3.623042e-04	0.000000e+00	1.000000e+00	1.000000e-01	1.000000e+00	1.200000e+01
161	-6.076552e-02	0.000000e+00	-6.076563e-02	0.000000e+00	3.054343e-05	0.000000e+00	2.900887e-05	0.000000e+00	1.000000e+00	1.000000e-01	1.000000e+00	1.200000e+01
162	-6.067978e-02	0.000000e+00	-6.068012e-02	0.000000e+00	8.573751e-05	0.000000e+00	8.551592e-05	0.000000e+00	1.000000e+00	1.000000e-01	1.000000e+00	1.200000e+01
163	-5.830838e-02	0.000000e+00	-5.831764e-02	0.000000e+00	2.371403e-03	0.000000e+00	2.362474e-03	0.000000e+00	1.000000e+00	1.000000e-01	1.000000e+00	1.200000e+01
164	-5.862249e-02	5.353113e-03	-5.862130e-02	2.728206e-01	-3.141126e-04	5.353113e-03	-3.036572e-04	2.728206e-01	1.000000e+00	9.999867e-02	9.999688e-01	1.200053e+01
165	-6.428087e-02	0.000000e+00	-6.425877e-02	7.185726e-01	-5.658381e-03	-5.353113e-03	-5.637464e-03	4.457520e-01	9.999986e-01	9.999725e-02	9.985829e-01	1.199922e+01
166	-6.495674e-02	0.000000e+00	-6.495401e-02	0.000000e+00	-6.758664e-04	0.000000e+00	-6.952476e-04	-7.185726e-01	9.999986e-01	9.999725e-02	1.000000e+00	1.200000e+01
167	-5.796486e-02	0.000000e+00	-5.799216e-02	0.000000e+00	6.991876e-03	0.000000e+00	6.961848e-03	0.000000e+00	9.999985e-01	9.999725e-02	1.000000e+00	1.200000e+01
168	-6.134506e-02	0.000000e+00	-6.133197e-02	5.921105e-02	-3.380200e-03	0.000000e+00	-3.339802e-03	5.921105e-02	9.999984e-01	9.999725e-02	1.000000e+00	1.200000e+01
169	-6.537973e-02	0.000000e+00	-6.536392e-02	0.000000e+00	-4.034663e-03	0.000000e+00	-4.031949e-03	-5.921105e-02	9.999984e-01	9.999725e-02	1.000000e+00	1.200000e+01
170	-6.126416e-02	0.000000e+00	-6.128017e-02	0.000000e+00	4.115570e-03	0.000000e+00	4.083744e-03	0.000000e+00	9.999983e-01	9.999725e-02	1.000000e+00	1.200000e+01
171	-6.126636e-02	0.000000e+00	-6.126642e-02	0.000000e+00	-2.206549e-06	0.000000e+00	1.375420e-05	0.000000e+00	1.000000e+00	1.000000e-01	1.000000e+00	1.200000e+01
172	-6.229074e-02	0.000000e+00	-6.228673e-02	0.000000e+00	-1.024372e-03	0.000000e+00	-1.020317e-03	0.000000e+00	1.000000e+00	1.000000e-01	1.000000e+00	1.200000e+01
173	-6.192054e-02	0.000000e+00	-6.192197e-02	0.000000e+00	3.701971e-04	0.000000e+00	3.647654e-04	0.000000e+00	1.000000e+00	1.000000e-01	1.000000e+00	1.200000e+01
174	-6.180288e-02	0.000000e+00	-6.180334e-02	0.000000e+00	1.176594e-04	0.000000e+00	1.186247e-04	0.000000e+00	1.000000e+00	1.000000e-01	1.000000e+00	1.200000e+01
175	-6.193649e-02	0.000000e+00	-6.193597e-02	0.000000e+00	-1.336071e-04	0.000000e+00	-1.326218e-04	0.000000e+00	1.000000e+00	1.000000e-01	1.000000e+00	1.200000e+01
176	-6.033154e-02	0.000000e+00	-6.033781e-02	0.000000e+00	1.604944e-03	0.000000e+00	1.598156e-03	0.000000e+00	1.000000e+00	1.000000e-01	1.000000e+00	1.200000e+01
177	-6.065373e-02	0.000000e+00	-6.065249e-02	2.083749e-03	-3.221841e-04	0.000000e+00	-3.146828e-04	2.083749e-03	1.000000e+00	1.000000e-01	1.000000e+00	1.200000e+01
178	-6.464181e-02	0.000000e+00	-6.462622e-02	0.000000e+00	-3.988082e-03	0.000000e+00	-3.973733e-03	-2.083749e-03	1.000000e+00	1.000000e-01	1.000000e+00	1.200000e+01
179	-5.987218e-02	0.000000e+00	-5.989075e-02	3.602545e-01	4.769628e-03	0.000000e+00	4.735475e-03	3.602545e-01	9.999999e-01	1.000000e-01	1.000000e+00	1.200000e+01
180	-6.312758e-02	0.000000e+00	-6.311494e-02	0.000000e+00	-3.255402e-03	0.000000e+00	-3.224187e-03	-3.602545e-01	9.999998e-01	1.000000e-01	1.000000e+00	1.200000e+01
181	-5.982426e-02	0.000000e+00	-5.983712e-02	5.562173e-01	3.303317e-03	0.000000e+00	3.277818e-03	5.562173e-01	9.999998e-01	1.000000e-01	1.000000e+00	1.200000e+01
182	-6.345374e-02	0.000000e+00	-6.343961e-02	0.000000e+00	-3.629472e-03	0.000000e+00	-3.602490e-03	-5.562173e-01	9.999998e-01	1.000000e-01	1.000000e+00	1.200000e+01
183	-6.100059e-02	0.000000e+00	-6.101012e-02	0.000000e+00	2.453148e-03	0.000000e+00	2.429493e-03	0.000000e+00	9.999997e-01	1.000000e-01	1.000000e+00	1.200000e+01
184	-6.179379e-02	0.000000e+00	-6.179073e-02	0.000000e+00	-7.931983e-04	0.000000e+00	-7.806097e-04	0.000000e+00	9.999997e-01	1.000000e-01	1.000000e+00	1.200000e+01
185	-6.031423e-02	0.000000e+00	-6.031999e-02	1.407485e-01	1.479560e-03	0.000000e+00	1.470731e-03	1.407485e-01	9.999997e-01	1.000000e-01	1.000000e+00	1.200000e+01
186	-6.404020e-02	0.000000e+00	-6.402567e-02	0.000000e+00	-3.725970e-03	0.000000e+00	-3.705671e-03	-1.407485e-01	9.999997e-01	1.000000e-01	1.000000e+00	1.200000e+01
187	-6.084130e-02	0.000000e+00	-6.085374e-02	0.000000e+00	3.198896e-03	0.000000e+00	3.171925e-03	0.000000e+00	9.999996e-01	1.000000e-01	1.000000e+00	1.200000e+01
188	-6.039385e-02	0.000000e+00	-6.039564e-02	0.000000e+00	4.474544e-04	0.000000e+00	4.580969e-04	0.000000e+00	9.999996e-01	1.000000e-01	1.000000e+00	1.200000e+01
189	-6.112772e-02	0.000000e+00	-6.112486e-02	0.000000e+00	-7.338732e-04	0.000000e+00	-7.292170e-04	0.000000e+00	9.999996e-01	1.000000e-01	1.000000e+00	1.200000e+01
190	-6.350947e-02	0.000000e+00	-6.350016e-02	0.000000e+00	-2.381754e-03	0.000000e+00	-2.375298e-03	0.000000e+00	9.999996e-01	1.000000e-01	1.000000e+00	1.200000e+01
191	-6.154033e-02	0.000000e+00	-6.154798e-02	0.000000e+00	1.969147e-03	0.000000e+00	1.952177e-03	0.000000e+00	9.999996e-01	1.000000e-01	1.000000e+00	1.200000e+01
192	-6.112494e-02	0.000000e+00	-6.112660e-02	0.000000e+00	4.153818e-04	0.000000e+00	4.213849e-04	0.000000e+00	9.999996e-01	1.000000e-01	1.000000e+00	1.200000e+01
193	-6.162075e-02	0.000000e+00	-6.161882e-02	0.000000e+00	-4.958008e-04	0.000000e+00	-4.922181e-04	0.000000e+00	9.999996e-01	1.000000e-01	1.000000e+00	1.200000e+01
194	-6.159502e-02	0.000000e+00	-6.159512e-02	3.242866e-01	2.572160e-05	0.000000e+00	2.369840e-05	3.242866e-01	9.999996e-01	1.000000e-01	1.000000e+00	1.200000e+01
195	-6.430135e-02	0.000000e+00	-6.429078e-02	9.530156e-01	-2.706329e-03	0.000000e+00	-2.695664e-03	6.287289e-01	9.999996e-01	1.000000e-01	1.000000e+00	1.200000e+01
196	-6.472871e-02	0.000000e+00	-6.472700e-02	0.000000e+00	-4.273621e-04	0.000000e+00	-4.362226e-04	-9.530156e-01	9.999996e-01	1.000000e-01	1.000000e+00	1.200000e+01
197	-6.201460e-02	0.000000e+00	-6.202520e-02	0.000000e+00	2.714112e-03	0.000000e+00	2.701806e-03	0.000000e+00	9.999996e-01	1.000000e-01	1.000000e+00	1.200000e+01
198	-6.262767e-02	0.000000e+00	-6.262531e-02	0.000000e+00	-6.130632e-04	0.000000e+00	-6.001145e-04	0.000000e+00	9.999996e-01	1.000000e-01	1.000000e+00	1.200000e+01
199	-6.196758e-02	0.000000e+00	-6.197015e-02	0.000000e+00	6.600863e-04	0.000000e+00	6.551637e-04	0.000000e+00	9.999996e-01	1.000000e-01	1.000000e+00	1.200000e+01
200	-6.330693e-02	0.000000e+00	-6.330171e-02	6.389843e-01	-1.339351e-03	0.000000e+00	-1.331560e-03	6.389843e-01	9.999996e-01	1.000000e-01	1.000000e+00	1.200000e+01
201	-6.475831e-02	0.000000e+00	-6.475262e-02	0.000000e+00	-1.451378e-03	0.000000e+00	-1.450910e-03	-6.389843e-01	9.999996e-01	1.000000e-01	1.000000e+00	1.200000e+01
202	-6.306519e-02	0.000000e+00	-6.307178e-02	0.000000e+00	1.693122e-03	0.000000e+00	1.680841e-03	0.000000e+00	9.999996e-01	1.000000e-01	1.000000e+00	1.200000e+01
203	-6.320146e-02	0.000000e+00	-6.320095e-02	0.000000e+00	-1.362724e-04	0.000000e+00	-1.291743e-04	0.000000e+00	9.999996e-01	1.000000e-01	1.000000e+00	1.200000e+01
204	-6.430164e-02	0.000000e+00	-6.429734e-02	0.000000e+00	-1.100179e-03	0.000000e+00	-1.096386e-03	0.000000e+00	9.999996e-01	1.000000e-01	1.000000e+00	1.200000e+01
205	-6.392560e-02	0.000000e+00	-6.392706e-02	0.000000e+00	3.760341e-04	0.000000e+00	3.702825e-04	0.000000e+00	9.999996e-01	1.000000e-01	1.000000e+00	1.200000e+01
206	-6.347260e-02	0.000000e+00	-6.347437e-02	0.000000e+00	4.530056e-04	0.000000e+00	4.526824e-04	0.000000e+00	9.999996e-01	1.000000e-01	1.000000e+00	1.200000e+01
207	-6.353134e-02	0.000000e+00	-6.353112e-02	0.000000e+00	-5.874027e-05	0.000000e+00	-5.674253e-05	0.000000e+00	9.999996e-01	1.000000e-01	1.000000e+00	1.200000e+01
208	-6.364113e-02	0.000000e+00	-6.364070e-02	0.000000e+00	-1.097879e-04	0.000000e+00	-1.095807e-04	0.000000e+00	9.999996e-01	1.000000e-01	1.000000e+00	1.200000e+01
209	-6.361572e-02	0.000000e+00	-6.361582e-02	0.000000e+00	2.540408e-05	0.000000e+00	2.487680e-05	0.000000e+00	9.999996e-01	1.000000e-01	1.000000e+00	1.200000e+01
210	-6.359572e-02	0.000000e+00	-6.359580e-02	1.739604e-01	1.999959e-05	0.000000e+00	2.001864e-05	1.739604e-01	9.999996e-01	1.000000e-01	1.000000e+00	1.200000e+01
211	-6.453130e-02	0.000000e+00	-6.452765e-02	0.000000e+00	-9.355774e-04	0.000000e+00	-9.318446e-04	-1.739604e-01	9.999996e-01	1.000000e-01	1.000000e+00	1.200000e+01
212	-6.367157e-02	0.000000e+00	-6.367492e-02	0.000000e+00	8.597258e-04	0.000000e+00	8.527275e-04	0.000000e+00	9.999996e-01	1.000000e-01	1.000000e+00	1.200000e+01
213	-6.350790e-02	0.000000e+00	-6.350856e-02	0.000000e+00	1.636719e-04	0.000000e+00	1.663636e-04	0.000000e+00	9.999996e-01	1.000000e-01	1.000000e+00	1.200000e+01
214	-6.371858e-02	0.000000e+00	-6.371776e-02	3.344439e-01	-2.106729e-04	0.000000e+00	-2.092001e-04	3.344439e-01	9.999996e-01	1.000000e-01	1.000000e+00	1.200000e+01
215	-6.455979e-02	0.000000e+00	-6.455650e-02	0.000000e+00	-8.412179e-04	0.000000e+00	-8.387491e-04	-3.344439e-01	9.999996e-01	1.000000e-01	1.000000e+00	1.200000e+01
216	-6.411562e-02	0.000000e+00	-6.411734e-02	0.000000e+00	4.441715e-04	0.000000e+00	4.391601e-04	0.000000e+00	9.999996e-01	1.000000e-01	1.000000e+00	1.200000e+01
217	-6.403565e-02	0.000000e+00	-6.403597e-02	0.000000e+00	7.997546e-05	0.000000e+00	8.137853e-05	0.000000e+00	9.999996e-01	1.000000e-01	1.000000e+00	1.200000e+01
218	-6.415552e-02	0.000000e+00	-6.415505e-02	7.829446e-01	-1.198751e-04	0.000000e+00	-1.190889e-04	7.829446e-01	9.999996e-01	1.000000e-01	1.000000e+00	1.200000e+01
219	-6.441097e-02	0.000000e+00	-6.440997e-02	0.000000e+00	-2.554512e-04	0.000000e+00	-2.549185e-04	-7.829446e-01	9.999996e-01	1.000000e-01	1.000000e+00	1.200000e+01
220	-6.427245e-02	0.000000e+00	-6.427298e-02	0.000000e+00	1.385260e-04	0.000000e+00	1.369891e-04	0.000000e+00	9.999996e-01	1.000000e-01	1.000000e+00	1.200000e+01
221	-6.423876e-02	0.000000e+00	-6.423889e-02	0.000000e+00	3.369133e-05	0.000000e+00	3.409484e-05	0.000000e+00	9.999996e-01	1.000000e-01	1.000000e+00	1.200000e+01
222	-6.427262e-02	0.000000e+00	-6.427248e-02	0.000000e+00	-3.385976e-05	0.000000e+00	-3.359432e-05	0.000000e+00	9.999996e-01	1.000000e-01	1.000000e+00	1.200000e+01
223	-6.427907e-02	0.000000e+00	-6.427904e-02	0.000000e+00	-6.453915e-06	0.000000e+00	-6.559933e-06	0.000000e+00	1.000000e+00	1.000000e-01	1.000000e+00	1.200000e+01
224	-6.426968e-02	0.000000e+00	-6.426972e-02	0.000000e+00	9.384471e-06	0.000000e+00	9.322188e-06	0.000000e+00	1.000000e+00	1.000000e-01	1.000000e+00	1.200000e+01
225	-6.426963e-02	0.000000e+00	-6.426963e-02	0.000000e+00	5.899176e-08	0.000000e+00	9.517612e-08	0.000000e+00	1.000000e+00	1.000000e-01	1.000000e+00	1.200000e+01
226	-6.429789e-02	0.000000e+00	-6.429778e-02	0.000000e+00	-2.826024e-05	0.000000e+00	-2.814947e-05	0.000000e+00	1.000000e+00	1.000000e-01	1.000000e+00	1.200000e+01
227	-6.430194e-02	0.000000e+00	-6.430193e-02	1.736047e-01	-4.058802e-06	0.000000e+00	-4.152906e-06	1.736047e-01	1.000000e+00	1.000000e-01	9.999997e-01	1.200000e+01
228	-6.438948e-02	0.000000e+00	-6.438913e-02	0.000000e+00	-8.753145e-05	0.000000e+00	-8.720575e-05	-1.736047e-01	1.000000e+00	1.000000e-01	1.000000e+00	1.200000e+01
229	-6.425089e-02	0.000000e+00	-6.425143e-02	0.000000e+00	1.385881e-04	0.000000e+00	1.377061e-04	0.000000e+00	1.000000e+00	1.000000e-01	1.000000e+00	1.200000e+01
230	-6.422669e-02	0.000000e+00	-6.422679e-02	7.157350e-02	2.419816e-05	0.000000e+00	2.464155e-05	7.157350e-02	1.000000e+00	1.000000e-01	1.000000e+00	1.200000e+01
231	-6.427721e-02	0.000000e+00	-6.427701e-02	3.049990e-01	-5.051999e-05	0.000000e+00	-5.022639e-05	2.334255e-01	1.000000e+00	1.000000e-01	1.000000e+00	1.200000e+01
232	-6.417897e-02	0.000000e+00	-6.417936e-02	0.000000e+00	9.823659e-05	0.000000e+00	9.765666e-05	-3.049990e-01	1.000000e+00	1.000000e-01	1.000000e+00	1.200000e+01
233	-6.414575e-02	0.000000e+00	-6.414589e-02	2.670541e-01	3.321910e-05	0.000000e+00	3.347081e-05	2.670541e-01	1.000000e+00	1.000000e-01	1.000000e+00	1.200000e+01
234	-6.416376e-02	0.000000e+00	-6.416369e-02	0.000000e+00	-1.800602e-05	0.000000e+00	-1.780494e-05	-2.670541e-01	1.000000e+00	1.000000e-01	1.000000e+00	1.200000e+01
235	-6.392904e-02	0.000000e+00	-6.392996e-02	0.000000e+00	2.347215e-04	0.000000e+00	2.337351e-04	0.000000e+00	1.000000e+00	1.000000e-01	1.000000e+00	1.200000e+01
236	-6.393603e-02	0.000000e+00	-6.393601e-02	0.000000e+00	-6.992070e-06	0.000000e+00	-6.051730e-06	0.000000e+00	1.000000e+00	1.000000e-01	1.000000e+00	1.200000e+01
237	-6.399498e-02	0.000000e+00	-6.399475e-02	0.000000e+00	-5.894632e-05	0.000000e+00	-5.873971e-05	0.000000e+00	1.000000e+00	1.000000e-01	1.000000e+00	1.200000e+01
238	-6.405610e-02	0.000000e+00	-6.405586e-02	0.000000e+00	-6.112693e-05	0.000000e+00	-6.111761e-05	0.000000e+00	1.000000e+00	1.000000e-01	1.000000e+00	1.200000e+01
239	-6.403755e-02	0.000000e+00	-6.403762e-02	0.000000e+00	1.855913e-05	0.000000e+00	1.824790e-05	0.000000e+00	1.000000e+00	1.000000e-01	1.000000e+00	1.200000e+01
240	-6.406871e-02	0.000000e+00	-6.406858e-02	5.298754e-01	-3.116044e-05	0.000000e+00	-3.096744e-05	5.298754e-01	1.000000e+00	1.000000e-01	1.000000e+00	1.200000e+01
241	-6.406051e-02	0.000000e+00	-6.406055e-02	0.000000e+00	8.191195e-06	0.000000e+00	8.038231e-06	-5.298754e-01	1.000000e+00	1.000000e-01	9.999979e-01	1.200000e+01
242	-6.368562e-02	0.000000e+00	-6.368708e-02	0.000000e+00	3.748949e-04	0.000000e+00	3.734619e-04	0.000000e+00	1.000000e+00	1.000000e-01	1.000000e+00	1.200000e+01
243	-6.353450e-02	0.000000e+00	-6.353509e-02	0.000000e+00	1.511230e-04	0.000000e+00	1.519915e-04	0.000000e+00	1.000000e+00	1.000000e-01	1.000000e+00	1.200000e+01
244	-6.362749e-02	0.000000e+00	-6.362713e-02	0.000000e+00	-9.299675e-05	0.000000e+00	-9.203976e-05	0.000000e+00	1.000000e+00	1.000000e-01	1.000000e+00	1.200000e+01
245	-6.366592e-02	0.000000e+00	-6.366577e-02	0.000000e+00	-3.842972e-05	0.000000e+00	-3.863914e-05	0.000000e+00	1.000000e+00	1.000000e-01	1.000000e+00	1.200000e+01
246	-6.374674e-02	0.000000e+00	-6.374642e-02	0.000000e+00	-8.081391e-05	0.000000e+00	-8.064917e-05	0.000000e+00	1.000000e+00	1.000000e-01	1.000000e+00	1.200000e+01
247	-6.375306e-02	0.000000e+00	-6.375303e-02	0.000000e+00	-6.321924e-06	0.000000e+00	-6.612264e-06	0.000000e+00	1.000000e+00	1.000000e-01	1.000000e+00	1.200000e+01
248	-6.373369e-02	0.000000e+00	-6.373377e-02	0.000000e+00	1.936622e-05	0.000000e+00	1.926474e-05	0.000000e+00	1.000000e+00	1.000000e-01	1.000000e+00	1.200000e+01
249	-6.373246e-02	0.000000e+00	-6.373246e-02	0.000000e+00	1.233765e-06	0.000000e+00	1.304199e-06	0.000000e+00	1.000000e+00	1.000000e-01	1.000000e+00	1.200000e+01
250	-6.373717e-02	0.000000e+00	-6.373716e-02	2.435344e-01	-4.714865e-06	0.000000e+00	-4.691353e-06	2.435344e-01	1.000000e+00	1.000000e-01	9.999995e-01	1.200000e+01
251	-6.376976e-02	0.000000e+00	-6.376964e-02	0.000000e+00	-3.259093e-05	0.000000e+00	-3.248195e-05	-2.435344e-01	1.000000e+00	1.000000e-01	1.000000e+00	1.200000e+01
252	-6.374285e-02	0.000000e+00	-6.374295e-02	0.000000e+00	2.691662e-05	0.000000e+00	2.668460e-05	0.000000e+00	1.000000e+00	1.000000e-01	1.000000e+00	1.200000e+01
253	-6.373343e-02	0.000000e+00	-6.373346e-02	0.000000e+00	9.420332e-06	0.000000e+00	9.487771e-06	0.000000e+00	1.000000e+00	1.000000e-01	1.000000e+00	1.200000e+01
254	-6.360917e-02	0.000000e+00	-6.360966e-02	0.000000e+00	1.242534e-04	0.000000e+00	1.238051e-04	0.000000e+00	1.000000e+00	1.000000e-01	1.000000e+00	1.200000e+01
255	-6.371555e-02	0.000000e+00	-6.371513e-02	0.000000e+00	-1.063741e-04	0.000000e+00	-1.054750e-04	0.000000e+00	1.000000e+00	1.000000e-01	1.000000e+00	1.200000e+01
256	-6.376288e-02	0.000000e+00	-6.376270e-02	9.037354e-01	-4.733596e-05	0.000000e+00	-4.756306e-05	9.037354e-01	1.000000e+00	1.000000e-01	1.000000e+00	1.200000e+01
257	-6.361567e-02	0.000000e+00	-6.361625e-02	0.000000e+00	1.472128e-04	0.000000e+00	1.464519e-04	-9.037354e-01	1.000000e+00	1.000000e-01	1.000000e+00	1.200000e+01
258	-6.339532e-02	0.000000e+00	-6.339618e-02	0.000000e+00	2.203534e-04	0.000000e+00	2.200647e-04	0.000000e+00	1.000000e+00	1.000000e-01	1.000000e+00	1.200000e+01
259	-6.340293e-02	0.000000e+00	-6.340290e-02	0.000000e+00	-7.608692e-06	0.000000e+00	-6.719342e-06	0.000000e+00	1.000000e+00	1.000000e-01	1.000000e+00	1.200000e+01
260	-6.345753e-02	0.000000e+00	-6.345731e-02	0.000000e+00	-5.459862e-05	0.000000e+00	-5.441159e-05	0.000000e+00	1.000000e+00	1.000000e-01	1.000000e+00	1.200000e+01
261	-6.350929e-02	0.000000e+00	-6.350909e-02	0.000000e+00	-5.176770e-05	0.000000e+00	-5.177803e-05	0.000000e+00	1.000000e+00	1.000000e-01	1.000000e+00	1.200000e+01
262	-6.342600e-02	0.000000e+00	-6.342632e-02	0.000000e+00	8.329686e-05	0.000000e+00	8.276923e-05	0.000000e+00	1.000000e+00	1.000000e-01	1.000000e+00	1.200000e+01
263	-6.346866e-02	0.000000e+00	-6.346849e-02	0.000000e+00	-4.265886e-05	0.000000e+00	-4.216891e-05	0.000000e+00	1.000000e+00	1.000000e-01	1.000000e+00	1.200000e+01
264	-6.351154e-02	0.000000e+00	-6.351137e-02	0.000000e+00	-4.288051e-05	0.000000e+00	-4.287773e-05	0.000000e+00	1.000000e+00	1.000000e-01	1.000000e+00	1.200000e+01
265	-6.347636e-02	0.000000e+00	-6.347649e-02	0.000000e+00	3.517847e-05	0.000000e+00	3.487357e-05	0.000000e+00	1.000000e+00	1.000000e-01	1.000000e+00	1.200000e+01
266	-6.346435e-02	0.000000e+00	-6.346440e-02	0.000000e+00	1.200789e-05	0.000000e+00	1.209721e-05	0.000000e+00	1.000000e+00	1.000000e-01	1.000000e+00	1.200000e+01
267	-6.347285e-02	0.000000e+00	-6.347282e-02	0.000000e+00	-8.500592e-06	0.000000e+00	-8.420132e-06	0.000000e+00	1.000000e+00	1.000000e-01	1.000000e+00	1.200000e+01
268	-6.331297e-02	0.000000e+00	-6.331360e-02	0.000000e+00	1.598789e-04	0.000000e+00	1.592215e-04	0.000000e+00	1.000000e+00	1.000000e-01	1.000000e+00	1.200000e+01
269	-6.266459e-02	0.000000e+00	-6.266712e-02	3.925825e-01	6.483850e-04	0.000000e+00	6.464742e-04	3.925825e-01	1.000000e+00	1.000000e-01	1.000000e+00	1.200000e+01
270	-6.405506e-02	0.000000e+00	-6.404963e-02	0.000000e+00	-1.390469e-03	0.000000e+00	-1.382512e-03	-3.925825e-01	1.000000e+00	1.000000e-01	1.000000e+00	1.200000e+01
271	-6.316508e-02	0.000000e+00	-6.316854e-02	0.000000e+00	8.899734e-04	0.000000e+00	8.810965e-04	0.000000e+00	1.000000e+00	1.000000e-01	1.000000e+00	1.200000e+01
272	-6.243089e-02	0.000000e+00	-6.243377e-02	0.000000e+00	7.341885e-04	0.000000e+00	7.347624e-04	0.000000e+00	1.000000e+00	1.000000e-01	1.000000e+00	1.200000e+01
273	-6.267228e-02	0.000000e+00	-6.267135e-02	0.000000e+00	-2.413858e-04	0.000000e+00	-2.375727e-04	0.000000e+00	1.000000e+00	1.000000e-01	1.000000e+00	1.200000e+01
274	-6.286132e-02	0.000000e+00	-6.286057e-02	8.638811e-02	-1.890367e-04	0.000000e+00	-1.892262e-04	8.638811e-02	1.000000e+00	1.000000e-01	1.000000e+00	1.200000e+01
275	-6.449433e-02	0.000000e+00	-6.448794e-02	0.000000e+00	-1.633010e-03	0.000000e+00	-1.627370e-03	-8.638811e-02	1.000000e+00	1.000000e-01	1.000000e+00	1.200000e+01
276	-6.275647e-02	0.000000e+00	-6.276323e-02	0.000000e+00	1.737858e-03	0.000000e+00	1.724712e-03	0.000000e+00	1.000000e+00	1.000000e-01	1.000000e+00	1.200000e+01
277	-6.243316e-02	0.000000e+00	-6.243445e-02	6.640922e-01	3.233086e-04	0.000000e+00	3.287829e-04	6.640922e-01	1.000000e+00	1.000000e-01	1.000000e+00	1.200000e+01
278	-6.418619e-02	0.000000e+00	-6.417935e-02	0.000000e+00	-1.753031e-03	0.000000e+00	-1.744898e-03	-6.640922e-01	1.000000e+00	1.000000e-01	1.000000e+00	1.200000e+01
279	-6.338413e-02	0.000000e+00	-6.338723e-02	0.000000e+00	8.020639e-04	0.000000e+00	7.921149e-04	0.000000e+00	1.000000e+00	1.000000e-01	1.000000e+00	1.200000e+01
280	-6.310919e-02	0.000000e+00	-6.311028e-02	0.000000e+00	2.749343e-04	0.000000e+00	2.769546e-04	0.000000e+00	1.000000e+00	1.000000e-01	1.000000e+00	1.200000e+01
281	-6.332256e-02	0.000000e+00	-6.332173e-02	0.000000e+00	-2.133723e-04	0.000000e+00	-2.114570e-04	0.000000e+00	1.000000e+00	1.000000e-01	1.000000e+00	1.200000e+01
282	-6.337966e-02	0.000000e+00	-6.337944e-02	0.000000e+00	-5.710105e-05	0.000000e+00	-5.770400e-05	0.000000e+00	1.000000e+00	1.000000e-01	1.000000e+00	1.200000e+01
283	-6.287639e-02	0.000000e+00	-6.287835e-02	0.000000e+00	5.032776e-04	0.000000e+00	5.010863e-04	0.000000e+00	1.000000e+00	1.000000e-01	1.000000e+00	1.200000e+01
284	-6.290534e-02	0.000000e+00	-6.290524e-02	0.000000e+00	-2.895553e-05	0.000000e+00	-2.688505e-05	0.000000e+00	1.000000e+00	1.000000e-01	1.000000e+00	1.200000e+01
285	-6.303136e-02	0.000000e+00	-6.303087e-02	0.000000e+00	-1.260207e-04	0.000000e+00	-1.256335e-04	0.000000e+00	1.000000e+00	1.000000e-01	1.000000e+00	1.200000e+01
286	-6.230554e-02	0.000000e+00	-6.230838e-02	0.000000e+00	7.258198e-04	0.000000e+00	7.224938e-04	0.000000e+00	1.000000e+00	1.000000e-01	1.000000e+00	1.200000e+01
287	-6.232853e-02	0.000000e+00	-6.232845e-02	5.803794e-02	-2.299003e-05	0.000000e+00	-2.007798e-05	5.803794e-02	1.000000e+00	1.000000e-01	1.000000e+00	1.200000e+01
288	-6.451465e-02	0.000000e+00	-6.450611e-02	0.000000e+00	-2.186117e-03	0.000000e+00	-2.177656e-03	-5.803794e-02	1.000000e+00	1.000000e-01	1.000000e+00	1.200000e+01
289	-6.265979e-02	0.000000e+00	-6.266700e-02	1.205142e-01	1.854864e-03	0.000000e+00	1.839112e-03	1.205142e-01	9.999999e-01	1.000000e-01	1.000000e+00	1.200000e+01
290	-6.398845e-02	0.000000e+00	-6.398329e-02	0.000000e+00	-1.328662e-03	0.000000e+00	-1.316288e-03	-1.205142e-01	9.999999e-01	1.000000e-01	1.000000e+00	1.200000e+01
291	-6.259340e-02	0.000000e+00	-6.259883e-02	0.000000e+00	1.395049e-03	0.000000e+00	1.384458e-03	0.000000e+00	9.999999e-01	1.000000e-01	1.000000e+00	1.200000e+01
292	-6.152324e-02	0.000000e+00	-6.152745e-02	1.139516e-01	1.070155e-03	0.000000e+00	1.071383e-03	1.139516e-01	9.999999e-01	1.000000e-01	1.000000e+00	1.200000e+01
293	-6.424553e-02	0.000000e+00	-6.423491e-02	2.646474e-02	-2.722286e-03	0.000000e+00	-2.707467e-03	-8.748684e-02	9.999999e-01	1.000000e-01	1.000000e+00	1.200000e+01
294	-6.519717e-02	0.000000e+00	-6.519341e-02	4.842790e-01	-9.516400e-04	0.000000e+00	-9.584987e-04	4.578143e-01	9.999999e-01	1.000000e-01	1.000000e+00	1.200000e+01
295	-6.448204e-02	0.000000e+00	-6.448482e-02	5.165844e-01	7.151272e-04	0.000000e+00	7.085896e-04	3.230537e-02	9.999999e-01	1.000000e-01	1.000000e+00	1.200000e+01
296	-6.389152e-02	0.000000e+00	-6.389384e-02	0.000000e+00	5.905236e-04	0.000000e+00	5.909848e-04	-5.165844e-01	9.999999e-01	1.000000e-01	1.000000e+00	1.200000e+01
297	-6.147585e-02	0.000000e+00	-6.148529e-02	0.000000e+00	2.415671e-03	0.000000e+00	2.408544e-03	0.000000e+00	9.999999e-01	1.000000e-01	1.000000e+00	1.200000e+01
298	-6.179393e-02	0.000000e+00	-6.179272e-02	0.000000e+00	-3.180772e-04	0.000000e+00	-3.074263e-04	0.000000e+00	9.999999e-01	1.000000e-01	1.000000e+00	1.200000e+01
299	-6.107330e-02	0.000000e+00	-6.107611e-02	0.000000e+00	7.206286e-04	0.000000e+00	7.166128e-04	0.000000e+00	9.999999e-01	1.000000e-01	1.000000e+00	1.200000e+01
300	-6.098122e-02	0.000000e+00	-6.098159e-02	0.000000e+00	9.207451e-05	0.000000e+00	9.451411e-05	0.000000e+00	9.999999e-01	1.000000e-01	1.000000e+00	1.200000e+01
301	-6.281955e-02	0.000000e+00	-6.281237e-02	0.000000e+00	-1.838332e-03	0.000000e+00	-1.830782e-03	0.000000e+00	9.999999e-01	1.000000e-01	1.000000e+00	1.200000e+01
302	-6.262885e-02	0.000000e+00	-6.262956e-02	0.000000e+00	1.907065e-04	0.000000e+00	1.828101e-04	0.000000e+00	9.999999e-01	1.000000e-01	1.000000e+00	1.200000e+01
303	-6.215776e-02	0.000000e+00	-6.215960e-02	1.484902e-01	4.710898e-04	0.000000e+00	4.699637e-04	1.484902e-01	9.999999e-01	1.000000e-01	1.000000e+00	1.200000e+01
304	-6.413355e-02	0.000000e+00	-6.412584e-02	0.000000e+00	-1.975792e-03	0.000000e+00	-1.966238e-03	-1.484902e-01	9.999999e-01	1.000000e-01	1.000000e+00	1.200000e+01
305	-6.325467e-02	0.000000e+00	-6.325807e-02	0.000000e+00	8.788805e-04	0.000000e+00	8.677668e-04	0.000000e+00	9.999999e-01	1.000000e-01	1.000000e+00	1.200000e+01
306	-6.294421e-02	0.000000e+00	-6.294544e-02	0.000000e+00	3.104566e-04	0.000000e+00	3.126336e-04	0.000000e+00	9.999999e-01	1.000000e-01	1.000000e+00	1.200000e+01
307	-6.277305e-02	0.000000e+00	-6.277372e-02	0.000000e+00	1.711676e-04	0.000000e+00	1.717202e-04	0.000000e+00	9.999999e-01	1.000000e-01	1.000000e+00	1.200000e+01
308	-6.225198e-02	0.000000e+00	-6.225402e-02	0.000000e+00	5.210658e-04	0.000000e+00	5.197011e-04	0.000000e+00	9.999999e-01	1.000000e-01	1.000000e+00	1.200000e+01
309	-6.226920e-02	0.000000e+00	-6.226914e-02	0.000000e+00	-1.722371e-05	0.000000e+00	-1.512635e-05	0.000000e+00	9.999999e-01	1.000000e-01	1.000000e+00	1.200000e+01
310	-6.139695e-02	0.000000e+00	-6.140036e-02	0.000000e+00	8.722494e-04	0.000000e+00	8.687831e-04	0.000000e+00	9.999999e-01	1.000000e-01	1.000000e+00	1.200000e+01
311	-6.267653e-02	0.000000e+00	-6.267154e-02	0.000000e+00	-1.279574e-03	0.000000e+00	-1.271182e-03	0.000000e+00	9.999999e-01	1.000000e-01	1.000000e+00	1.200000e+01
312	-6.269513e-02	0.000000e+00	-6.269503e-02	0.000000e+00	-1.859881e-05	0.000000e+00	-2.349171e-05	0.000000e+00	9.999999e-01	1.000000e-01	1.000000e+00	1.200000e+01
313	-6.237531e-02	0.000000e+00	-6.237656e-02	2.374905e-01	3.198135e-04	0.000000e+00	3.184724e-04	2.374905e-01	9.999999e-01	1.000000e-01	1.000000e+00	1.200000e+01
314	-6.415590e-02	0.000000e+00	-6.414895e-02	0.000000e+00	-1.780588e-03	0.000000e+00	-1.772389e-03	-2.374905e-01	9.999999e-01	1.000000e-01	1.000000e+00	1.200000e+01
315	-6.251546e-02	0.000000e+00	-6.252184e-02	1.104600e+00	1.640442e-03	0.000000e+00	1.627111e-03	1.104600e+00	9.999999e-01	1.000000e-01	1.000000e+00	1.200000e+01
316	-6.374794e-02	0.000000e+00	-6.374315e-02	0.000000e+00	-1.232477e-03	0.000000e+00	-1.221307e-03	-1.104600e+00	9.999998e-01	1.000000e-01	1.000000e+00	1.200000e+01
317	-6.360282e-02	0.000000e+00	-6.360336e-02	0.000000e+00	1.451210e-04	0.000000e+00	1.397834e-04	0.000000e+00	9.999998e-01	1.000000e-01	1.000000e+00	1.200000e+01
318	-6.311205e-02	0.000000e+00	-6.311397e-02	1.091797e+00	4.907663e-04	0.000000e+00	4.893953e-04	1.091797e+00	9.999998e-01	1.000000e-01	1.000000e+00	1.200000e+01
319	-6.402375e-02	0.000000e+00	-6.402020e-02	0.000000e+00	-9.117026e-04	0.000000e+00	-9.062295e-04	-1.091797e+00	9.999998e-01	1.000000e-01	1.000000e+00	1.200000e+01
320	-6.393796e-02	0.000000e+00	-6.393828e-02	0.000000e+00	8.579384e-05	0.000000e+00	8.191875e-05	0.000000e+00	9.999998e-01	1.000000e-01	1.000000e+00	1.200000e+01
321	-6.378786e-02	0.000000e+00	-6.378845e-02	7.668349e-02	1.500968e-04	0.000000e+00	1.498305e-04	7.668349e-02	9.999998e-01	1.000000e-01	1.000000e+00	1.200000e+01
322	-6.413519e-02	0.000000e+00	-6.413384e-02	8.053443e-01	-3.473302e-04	0.000000e+00	-3.453881e-04	7.286608e-01	9.999998e-01	1.000000e-01	1.000000e+00	1.200000e+01
323	-6.392829e-02	0.000000e+00	-6.392909e-02	0.000000e+00	2.069012e-04	0.000000e+00	2.047438e-04	-8.053443e-01	9.999998e-01	1.000000e-01	1.000000e+00	1.200000e+01
324	-6.365799e-02	0.000000e+00	-6.365905e-02	0.000000e+00	2.702967e-04	0.000000e+00	2.700406e-04	0.000000e+00	9.999998e-01	1.000000e-01	1.000000e+00	1.200000e+01
325	-6.363691e-02	0.000000e+00	-6.363700e-02	3.181239e-01	2.107955e-05	0.000000e+00	2.205205e-05	3.181239e-01	9.999998e-01	1.000000e-01	1.000000e+00	1.200000e+01
326	-6.404775e-02	0.000000e+00	-6.404615e-02	0.000000e+00	-4.108385e-04	0.000000e+00	-4.091476e-04	-3.181239e-01	9.999998e-01	1.000000e-01	1.000000e+00	1.200000e+01
327	-6.385729e-02	0.000000e+00	-6.385802e-02	0.000000e+00	1.904650e-04	0.000000e+00	1.881228e-04	0.000000e+00	9.999998e-01	1.000000e-01	1.000000e+00	1.200000e+01
328	-6.375193e-02	0.000000e+00	-6.375234e-02	0.000000e+00	1.053610e-04	0.000000e+00	1.056842e-04	0.000000e+00	9.999998e-01	1.000000e-01	1.000000e+00	1.200000e+01
329	-6.379217e-02	0.000000e+00	-6.379202e-02	0.000000e+00	-4.024836e-05	0.000000e+00	-3.967831e-05	0.000000e+00	9.999998e-01	1.000000e-01	1.000000e+00	1.200000e+01
330	-6.372567e-02	0.000000e+00	-6.372593e-02	0.000000e+00	6.650664e-05	0.000000e+00	6.609185e-05	0.000000e+00	9.999998e-01	1.000000e-01	1.000000e+00	1.200000e+01
331	-6.372331e-02	0.000000e+00	-6.372332e-02	0.000000e+00	2.360337e-06	0.000000e+00	2.609288e-06	0.000000e+00	1.000000e+00	1.000000e-01	1.000000e+00	1.200000e+01
332	-6.373943e-02	0.000000e+00	-6.373937e-02	2.277444e-01	-1.612090e-05	0.000000e+00	-1.604773e-05	2.277444e-01	1.000000e+00	1.000000e-01	1.000000e+00	1.200000e+01
333	-6.377324e-02	0.000000e+00	-6.377310e-02	0.000000e+00	-3.380883e-05	0.000000e+00	-3.373945e-05	-2.277444e-01	1.000000e+00	1.000000e-01	1.000000e+00	1.200000e+01
334	-6.375175e-02	0.000000e+00	-6.375183e-02	0.000000e+00	2.148733e-05	0.000000e+00	2.127161e-05	0.000000e+00	1.000000e+00	1.000000e-01	1.000000e+00	1.200000e+01
335	-6.360160e-02	0.000000e+00	-6.360219e-02	0.000000e+00	1.501503e-04	0.000000e+00	1.496469e-04	0.000000e+00	1.000000e+00	1.000000e-01	1.000000e+00	1.200000e+01
336	-6.348027e-02	0.000000e+00	-6.348074e-02	0.000000e+00	1.213324e-04	0.000000e+00	1.214430e-04	0.000000e+00	1.000000e+00	1.000000e-01	1.000000e+00	1.200000e+01
337	-6.360211e-02	0.000000e+00	-6.360164e-02	0.000000e+00	-1.218427e-04	0.000000e+00	-1.208924e-04	0.000000e+00	1.000000e+00	1.000000e-01	1.000000e+00	1.200000e+01
338	-6.365060e-02	0.000000e+00	-6.365040e-02	0.000000e+00	-4.848570e-05	0.000000e+00	-4.876854e-05	0.000000e+00	1.000000e+00	1.000000e-01	1.000000e+00	1.200000e+01
339	-6.361925e-02	0.000000e+00	-6.361937e-02	0.000000e+00	3.135013e-05	0.000000e+00	3.103716e-05	0.000000e+00	1.000000e+00	1.000000e-01	1.000000e+00	1.200000e+01
340	-6.369456e-02	0.000000e+00	-6.369427e-02	5.117650e-01	-7.531830e-05	0.000000e+00	-7.490285e-05	5.117650e-01	1.000000e+00	1.000000e-01	1.000000e+00	1.200000e+01
341	-6.377368e-02	0.000000e+00	-6.377336e-02	0.000000e+00	-7.911127e-05	0.000000e+00	-7.909483e-05	-5.117650e-01	1.000000e+00	1.000000e-01	1.000000e+00	1.200000e+01
342	-6.370925e-02	0.000000e+00	-6.370950e-02	0.000000e+00	6.442722e-05	0.000000e+00	6.386658e-05	0.000000e+00	1.000000e+00	1.000000e-01	1.000000e+00	1.200000e+01
343	-6.369891e-02	0.000000e+00	-6.369895e-02	0.000000e+00	1.034172e-05	0.000000e+00	1.055080e-05	0.000000e+00	1.000000e+00	1.000000e-01	1.000000e+00	1.200000e+01
344	-6.377530e-02	0.000000e+00	-6.377500e-02	0.000000e+00	-7.639602e-05	0.000000e+00	-7.605638e-05	0.000000e+00	1.000000e+00	1.000000e-01	1.000000e+00	1.200000e+01
345	-6.378937e-02	0.000000e+00	-6.378931e-02	0.000000e+00	-1.406638e-05	0.000000e+00	-1.430853e-05	0.000000e+00	1.000000e+00	1.000000e-01	1.000000e+00	1.200000e+01
346	-6.377023e-02	0.000000e+00	-6.377030e-02	0.000000e+00	1.914208e-05	0.000000e+00	1.901142e-05	0.000000e+00	1.000000e+00	1.000000e-01	1.000000e+00	1.200000e+01
347	-6.376729e-02	0.000000e+00	-6.376730e-02	1.028053e-01	2.939847e-06	0.000000e+00	3.002626e-06	1.028053e-01	1.000000e+00	1.000000e-01	1.000000e+00	1.200000e+01
348	-6.391642e-02	0.000000e+00	-6.391583e-02	0.000000e+00	-1.491307e-04	0.000000e+00	-1.485364e-04	-1.028053e-01	1.000000e+00	1.000000e-01	1.000000e+00	1.200000e+01
349	-6.367323e-02	0.000000e+00	-6.367418e-02	0.000000e+00	2.431839e-04	0.000000e+00	2.416538e-04	0.000000e+00	1.000000e+00	1.000000e-01	1.000000e+00	1.200000e+01
350	-6.361319e-02	0.000000e+00	-6.361342e-02	0.000000e+00	6.004795e-05	0.000000e+00	6.075735e-05	0.000000e+00	1.000000e+00	1.000000e-01	1.000000e+00	1.200000e+01
351	-6.369493e-02	0.000000e+00	-6.369461e-02	1.036219e+00	-8.174748e-05	0.000000e+00	-8.119082e-05	1.036219e+00	1.000000e+00	1.000000e-01	1.000000e+00	1.200000e+01
352	-6.374401e-02	0.000000e+00	-6.374382e-02	0.000000e+00	-4.907985e-05	0.000000e+00	-4.920528e-05	-1.036219e+00	1.000000e+00	1.000000e-01	1.000000e+00	1.200000e+01
