#sequence delta(k-1),f(k-1),theta(k),v(k),delta_diff(k-1),f_diff(k-1),theta_diff(k),v_diff(k),phi(1,1;k),phi(1,2;k),phi(2,1;k),phi(2,2;k)
1	3.204644e-01	0.000000e+00	3.208115e-01	2.932494e-01	3.204644e-01	0.000000e+00	-8.851707e-02	2.862851e-01	9.407852e-01	1.000000e-01	1.000000e+00	7.000000e+00
2	2.844253e-01	2.000000e-01	2.845674e-01	1.381026e+00	-3.603913e-02	2.000000e-01	-3.624412e-02	1.087776e+00	9.411599e-01	9.792073e-02	1.004632e+00	6.974293e+00
3	2.555180e-01	4.000000e-01	2.556314e-01	2.383047e+00	-2.890733e-02	2.000000e-01	-2.893599e-02	1.002021e+00	9.414467e-01	9.593644e-02	1.009528e+00	6.940424e+00
4	2.351782e-01	6.000000e-01	2.352581e-01	4.758234e+00	-2.033979e-02	2.000000e-01	-2.037337e-02	2.375188e+00	9.416400e-01	9.403572e-02	9.999852e-01	7.034254e+00
5	2.877189e-01	6.986594e-01	2.875140e-01	4.635658e+00	5.254074e-02	9.865942e-02	5.225592e-02	-1.225766e-01	9.414789e-01	9.373319e-02	9.784296e-01	6.993777e+00
6	3.202155e-01	8.986594e-01	3.200878e-01	5.758093e+00	3.249664e-02	2.000000e-01	3.257382e-02	1.122435e+00	9.412252e-01	9.217230e-02	9.737692e-01	6.965095e+00
7	3.163016e-01	1.098659e+00	3.163164e-01	7.440149e+00	-3.913938e-03	2.000000e-01	-3.771408e-03	1.682055e+00	9.412590e-01	9.044722e-02	9.732354e-01	6.992370e+00
8	3.210767e-01	1.298659e+00	3.210581e-01	8.899072e+00	4.775134e-03	2.000000e-01	4.741749e-03	1.458923e+00	9.412193e-01	8.878546e-02	9.733595e-01	6.997567e+00
9	3.666273e-01	1.498659e+00	3.664493e-01	1.109366e+01	4.555058e-02	2.000000e-01	4.539117e-02	2.194589e+00	9.408964e-01	8.736758e-02	9.892682e-01	7.067418e+00
10	4.476761e-01	1.540111e+00	4.473588e-01	9.923977e+00	8.104877e-02	4.145168e-02	8.090948e-02	-1.169684e+00	9.409359e-01	8.738776e-02	9.301176e-01	7.037166e+00
11	5.008146e-01	1.740111e+00	5.006058e-01	1.002176e+01	5.313848e-02	2.000000e-01	5.324696e-02	9.778417e-02	9.405842e-01	8.606421e-02	8.965326e-01	6.910760e+00
12	5.334180e-01	1.940111e+00	5.332899e-01	1.082642e+01	3.260347e-02	2.000000e-01	3.268411e-02	8.046583e-01	9.403536e-01	8.464972e-02	8.873256e-01	6.854281e+00
13	5.626804e-01	2.140111e+00	5.625656e-01	1.288041e+01	2.926236e-02	2.000000e-01	2.927573e-02	2.053986e+00	9.401470e-01	8.323731e-02	8.962770e-01	6.915462e+00
14	5.709400e-01	2.340111e+00	5.709073e-01	1.403838e+01	8.259568e-03	2.000000e-01	8.341663e-03	1.157976e+00	9.400852e-01	8.174055e-02	8.953827e-01	6.893806e+00
15	5.664049e-01	2.540111e+00	5.664225e-01	1.486865e+01	-4.535098e-03	2.000000e-01	-4.484798e-03	8.302705e-01	9.401202e-01	8.019733e-02	8.965325e-01	6.843100e+00
16	5.551354e-01	2.740111e+00	5.551795e-01	1.602346e+01	-1.126947e-02	2.000000e-01	-1.124296e-02	1.154808e+00	9.402077e-01	7.864317e-02	8.976015e-01	6.824128e+00
17	5.151832e-01	2.940111e+00	5.153395e-01	1.723933e+01	-3.995218e-02	2.000000e-01	-3.984003e-02	1.215870e+00	9.405425e-01	7.696751e-02	8.997040e-01	6.813603e+00
18	4.382441e-01	3.140111e+00	4.385452e-01	1.802672e+01	-7.693916e-02	2.000000e-01	-7.679424e-02	7.873913e-01	9.412507e-01	7.512658e-02	9.177851e-01	6.766602e+00
19	3.173992e-01	3.340111e+00	3.178724e-01	1.880073e+01	-1.208449e-01	2.000000e-01	-1.206728e-01	7.740058e-01	9.424773e-01	7.309649e-02	9.439576e-01	6.723286e+00
20	1.281465e-01	3.540111e+00	1.288876e-01	2.086662e+01	-1.892527e-01	2.000000e-01	-1.889848e-01	2.065888e+00	9.446632e-01	7.078647e-02	8.660177e-01	6.805652e+00
21	-2.770809e-02	3.578495e+00	-2.709639e-02	2.061124e+01	-1.558546e-01	3.838390e-02	-1.559840e-01	-2.553730e-01	9.455016e-01	7.057999e-02	8.939106e-01	6.798783e+00
22	-1.435671e-01	3.778495e+00	-1.431122e-01	2.189393e+01	-1.158590e-01	2.000000e-01	-1.160158e-01	1.282691e+00	9.466051e-01	6.867512e-02	8.924901e-01	6.801235e+00
23	-2.511382e-01	3.978495e+00	-2.507162e-01	2.249248e+01	-1.075710e-01	2.000000e-01	-1.076040e-01	5.985496e-01	9.475770e-01	6.686810e-02	9.256493e-01	6.739584e+00
24	-3.545109e-01	4.178495e+00	-3.541054e-01	2.358200e+01	-1.033727e-01	2.000000e-01	-1.033893e-01	1.089520e+00	9.484777e-01	6.512538e-02	9.334413e-01	6.724509e+00
25	-4.267521e-01	4.378495e+00	-4.264683e-01	2.320994e+01	-7.224119e-02	2.000000e-01	-7.236286e-02	-3.720622e-01	9.490438e-01	6.355828e-02	9.887927e-01	6.571268e+00
26	-4.771884e-01	4.578495e+00	-4.769903e-01	2.412452e+01	-5.043630e-02	2.000000e-01	-5.052195e-02	9.145798e-01	9.494043e-01	6.212879e-02	9.969985e-01	6.538729e+00
27	-5.217194e-01	4.778495e+00	-5.215447e-01	2.567644e+01	-4.453100e-02	2.000000e-01	-4.455440e-02	1.551920e+00	9.497088e-01	6.076079e-02	9.910201e-01	6.565580e+00
28	-5.612339e-01	4.863588e+00	-5.610789e-01	2.638141e+01	-3.951453e-02	8.509337e-02	-3.953421e-02	7.049708e-01	9.498430e-01	6.047196e-02	9.875547e-01	6.573042e+00
29	-5.874435e-01	4.966812e+00	-5.873405e-01	2.741767e+01	-2.620961e-02	1.032236e-01	-2.626166e-02	1.036263e+00	9.499372e-01	6.010100e-02	9.828053e-01	6.591747e+00
30	-6.001220e-01	4.947474e+00	-6.000721e-01	2.789306e+01	-1.267852e-02	-1.933795e-02	-1.273158e-02	4.753885e-01	9.499343e-01	6.009664e-02	9.791006e-01	6.586097e+00
31	-6.058787e-01	4.913198e+00	-6.058561e-01	2.788948e+01	-5.756702e-03	-3.427607e-02	-5.783947e-03	-3.581327e-03	9.499295e-01	6.006826e-02	9.784781e-01	6.582390e+00
32	-5.973405e-01	5.000000e+00	-5.973737e-01	2.940956e+01	8.538251e-03	8.680201e-02	8.482305e-03	1.520078e+00	9.499100e-01	5.986935e-02	9.822774e-01	6.621015e+00
33	-5.770048e-01	4.813680e+00	-5.770844e-01	2.937218e+01	2.033564e-02	-1.863202e-01	2.028934e-02	-3.737572e-02	9.500251e-01	5.881460e-02	9.934435e-01	6.518709e+00
34	-5.416476e-01	4.684541e+00	-5.417860e-01	2.880110e+01	3.535728e-02	-1.291386e-01	3.529842e-02	-5.710826e-01	9.501800e-01	5.824899e-02	9.973653e-01	6.504385e+00
35	-4.459704e-01	4.851493e+00	-4.463447e-01	3.111001e+01	9.567715e-02	1.669522e-01	9.544130e-02	2.308912e+00	9.499482e-01	5.784458e-02	1.047678e+00	6.592178e+00
36	-4.570569e-01	4.651493e+00	-4.570150e-01	2.984539e+01	-1.108645e-02	-2.000000e-01	-1.067032e-02	-1.264627e+00	9.498892e-01	5.678008e-02	1.047340e+00	6.586085e+00
37	-4.901599e-01	4.816537e+00	-4.900304e-01	3.246339e+01	-3.310301e-02	1.650437e-01	-3.301539e-02	2.618001e+00	9.500588e-01	5.593422e-02	1.023065e+00	6.707113e+00
38	-4.956485e-01	4.616537e+00	-4.956266e-01	2.983523e+01	-5.488662e-03	-2.000000e-01	-5.596188e-03	-2.628160e+00	9.500312e-01	5.492787e-02	1.026340e+00	6.826431e+00
39	-5.547491e-01	4.816537e+00	-5.545181e-01	3.192979e+01	-5.910054e-02	2.000000e-01	-5.889154e-02	2.094566e+00	9.504085e-01	5.365130e-02	1.004636e+00	6.899878e+00
40	-6.346089e-01	4.629575e+00	-6.342961e-01	3.104685e+01	-7.985983e-02	-1.869620e-01	-7.977793e-02	-8.829452e-01	9.501798e-01	5.311600e-02	9.865255e-01	6.857479e+00
41	-6.986057e-01	4.721954e+00	-6.983545e-01	3.010559e+01	-6.399676e-02	9.237904e-02	-6.405841e-02	-9.412544e-01	9.504262e-01	5.276033e-02	1.032188e+00	6.791566e+00
42	-7.051835e-01	4.921954e+00	-7.051568e-01	3.134241e+01	-6.577844e-03	2.000000e-01	-6.802377e-03	1.236817e+00	9.504602e-01	5.172628e-02	1.032539e+00	6.780882e+00
43	-7.830722e-01	5.000000e+00	-7.827679e-01	3.264161e+01	-7.788870e-02	7.804585e-02	-7.761102e-02	1.299202e+00	9.507403e-01	5.144557e-02	1.001267e+00	6.812218e+00
44	-8.808592e-01	4.918776e+00	-8.804760e-01	3.249898e+01	-9.778694e-02	-8.122432e-02	-9.770813e-02	-1.426301e-01	9.507661e-01	5.146699e-02	9.778322e-01	6.792753e+00
45	-9.112197e-01	4.898009e+00	-9.110996e-01	3.365011e+01	-3.036052e-02	-2.076688e-02	-3.062360e-02	1.151123e+00	9.507761e-01	5.147378e-02	9.587820e-01	6.779722e+00
46	-9.616812e-01	4.698009e+00	-9.614836e-01	3.037265e+01	-5.046149e-02	-2.000000e-01	-5.038400e-02	-3.277454e+00	9.505909e-01	5.074000e-02	1.002744e+00	6.953963e+00
47	-9.928108e-01	4.898009e+00	-9.926884e-01	3.302348e+01	-3.112960e-02	2.000000e-01	-3.120482e-02	2.650823e+00	9.507613e-01	4.964510e-02	9.840343e-01	7.074169e+00
48	-1.030237e+00	4.698009e+00	-1.030090e+00	3.138729e+01	-3.742615e-02	-2.000000e-01	-3.740185e-02	-1.636191e+00	9.506201e-01	4.889023e-02	9.872482e-01	7.091343e+00
49	-1.056536e+00	4.898009e+00	-1.056432e+00	3.193218e+01	-2.629883e-02	2.000000e-01	-2.634220e-02	5.448974e-01	9.507562e-01	4.785489e-02	9.976229e-01	7.012445e+00
50	-9.709477e-01	5.000000e+00	-9.712816e-01	3.209180e+01	8.558806e-02	1.019912e-01	8.515083e-02	1.596187e-01	9.507118e-01	4.780191e-02	9.717935e-01	6.981665e+00
51	-8.354456e-01	5.000000e+00	-8.359762e-01	3.215642e+01	1.355021e-01	0.000000e+00	1.353054e-01	6.461451e-02	9.511252e-01	4.780191e-02	1.000000e+00	7.000000e+00
52	-8.056875e-01	5.000000e+00	-8.058058e-01	3.464048e+01	2.975815e-02	0.000000e+00	3.017044e-02	2.484063e+00	9.511515e-01	4.780191e-02	1.000000e+00	7.000000e+00
53	-6.362635e-01	4.800000e+00	-6.369258e-01	3.161739e+01	1.694240e-01	-2.000000e-01	1.688800e-01	-3.023086e+00	9.524970e-01	4.621368e-02	8.605362e-01	7.164633e+00
54	-2.719169e-01	5.000000e+00	-2.733427e-01	3.402503e+01	3.643466e-01	2.000000e-01	3.635830e-01	2.407640e+00	9.536601e-01	4.685215e-02	9.658653e-01	7.222451e+00
55	8.066924e-02	4.800000e+00	7.928638e-02	3.350541e+01	3.525861e-01	-2.000000e-01	3.526291e-01	-5.196213e-01	9.576456e-01	4.459143e-02	1.056296e+00	7.171155e+00
56	3.058412e-01	4.640123e+00	3.049562e-01	3.216702e+01	2.251719e-01	-1.598770e-01	2.256698e-01	-1.338391e+00	9.594140e-01	4.333584e-02	1.012021e+00	7.202591e+00
57	4.750919e-01	4.810185e+00	4.744274e-01	3.341276e+01	1.692508e-01	1.700619e-01	1.694712e-01	1.245735e+00	9.593921e-01	4.331384e-02	1.000266e+00	7.190779e+00
58	6.106007e-01	4.731877e+00	6.100687e-01	3.285099e+01	1.355087e-01	-7.830732e-02	1.356414e-01	-5.617646e-01	9.599661e-01	4.298213e-02	9.917310e-01	7.195711e+00
59	6.914472e-01	4.744052e+00	6.911293e-01	3.338985e+01	8.084656e-02	1.217413e-02	8.106060e-02	5.388548e-01	9.600781e-01	4.299900e-02	1.005934e+00	7.197850e+00
60	7.417831e-01	4.589155e+00	7.415853e-01	3.148573e+01	5.033590e-02	-1.548962e-01	5.045592e-02	-1.904118e+00	9.602855e-01	4.236075e-02	9.861164e-01	7.258832e+00
61	7.880229e-01	4.789155e+00	7.878415e-01	3.280158e+01	4.623976e-02	2.000000e-01	4.625623e-02	1.315851e+00	9.601432e-01	4.174489e-02	9.822119e-01	7.241944e+00
62	8.107174e-01	4.734875e+00	8.106280e-01	3.215559e+01	2.269446e-02	-5.428010e-02	2.278650e-02	-6.459864e-01	9.601783e-01	4.166092e-02	9.792506e-01	7.249027e+00
63	8.222292e-01	4.786211e+00	8.221839e-01	3.140145e+01	1.151188e-02	5.133529e-02	1.155592e-02	-7.541383e-01	9.601693e-01	4.162107e-02	9.730390e-01	7.221327e+00
64	8.310619e-01	4.986211e+00	8.310272e-01	3.150381e+01	8.832668e-03	2.000000e-01	8.843306e-03	1.023515e-01	9.601366e-01	4.087957e-02	9.674842e-01	7.095550e+00
65	8.580229e-01	5.000000e+00	8.579174e-01	3.326957e+01	2.696098e-02	1.378935e-02	2.689021e-02	1.765764e+00	9.601422e-01	4.088245e-02	9.885007e-01	7.106299e+00
66	8.935360e-01	4.800000e+00	8.933968e-01	3.296629e+01	3.551308e-02	-2.000000e-01	3.547940e-02	-3.032784e-01	9.603002e-01	3.999277e-02	1.006398e+00	7.005505e+00
67	9.364905e-01	4.600000e+00	9.363221e-01	3.240886e+01	4.295449e-02	-2.000000e-01	4.292529e-02	-5.574336e-01	9.604935e-01	3.909251e-02	1.022395e+00	6.931022e+00
68	1.001094e+00	4.400000e+00	1.000841e+00	3.023744e+01	6.460387e-02	-2.000000e-01	6.451919e-02	-2.171417e+00	9.608024e-01	3.813645e-02	9.968370e-01	7.010144e+00
69	1.104074e+00	4.586044e+00	1.103671e+00	3.119577e+01	1.029797e-01	1.860442e-01	1.028294e-01	9.583246e-01	9.606489e-01	3.785916e-02	9.753823e-01	6.971384e+00
70	1.238513e+00	4.521304e+00	1.237987e+00	3.098374e+01	1.344392e-01	-6.474042e-02	1.343158e-01	-2.120305e-01	9.611300e-01	3.762747e-02	9.822139e-01	6.968094e+00
71	1.416607e+00	4.369777e+00	1.415909e+00	2.869973e+01	1.780938e-01	-1.515264e-01	1.779228e-01	-2.284010e+00	9.621554e-01	3.675502e-02	8.666790e-01	7.066394e+00
72	1.465213e+00	4.569777e+00	1.465021e+00	2.968570e+01	4.860626e-02	2.000000e-01	4.911140e-02	9.859771e-01	9.620422e-01	3.628928e-02	8.560656e-01	7.022723e+00
73	1.374852e+00	4.574356e+00	1.375204e+00	2.906235e+01	-9.036130e-02	4.578639e-03	-8.981649e-02	-6.233529e-01	9.621727e-01	3.628267e-02	8.807797e-01	7.021471e+00
74	1.332653e+00	4.659324e+00	1.332819e+00	2.966777e+01	-4.219904e-02	8.496756e-02	-4.238505e-02	6.054151e-01	9.622697e-01	3.608719e-02	8.798621e-01	7.023318e+00
75	1.189760e+00	4.513379e+00	1.190319e+00	2.886591e+01	-1.428927e-01	-1.459444e-01	-1.425001e-01	-8.018519e-01	9.622519e-01	3.606900e-02	8.566655e-01	6.999626e+00
76	9.103711e-01	4.400136e+00	9.114647e-01	2.923779e+01	-2.793892e-01	-1.132432e-01	-2.788544e-01	3.718780e-01	9.630043e-01	3.637396e-02	6.784548e-01	6.927393e+00
77	7.745010e-01	4.200136e+00	7.750360e-01	2.897520e+01	-1.358701e-01	-2.000000e-01	-1.364286e-01	-2.625952e-01	9.628984e-01	3.621800e-02	6.022637e-01	6.815240e+00
78	8.479294e-01	4.000136e+00	8.476447e-01	2.767136e+01	7.342840e-02	-2.000000e-01	7.260865e-02	-1.303835e+00	9.632104e-01	3.536821e-02	6.027749e-01	6.813848e+00
79	8.322146e-01	3.895430e+00	8.322749e-01	2.578986e+01	-1.571484e-02	-1.047063e-01	-1.536983e-02	-1.881502e+00	9.631846e-01	3.519659e-02	6.113749e-01	6.871149e+00
80	7.121134e-01	4.095430e+00	7.125828e-01	2.767153e+01	-1.201012e-01	2.000000e-01	-1.196920e-01	1.881673e+00	9.637984e-01	3.417448e-02	5.791153e-01	6.924870e+00
81	7.461201e-01	3.895430e+00	7.459891e-01	2.479102e+01	3.400666e-02	-2.000000e-01	3.340628e-02	-2.880517e+00	9.639166e-01	3.347955e-02	5.551329e-01	7.065915e+00
82	8.166570e-01	4.095430e+00	8.163810e-01	2.558798e+01	7.053693e-02	2.000000e-01	7.039189e-02	7.969679e-01	9.637758e-01	3.308043e-02	5.336576e-01	7.005024e+00
83	8.136126e-01	4.090173e+00	8.136234e-01	2.707648e+01	-3.044414e-03	-5.256582e-03	-2.757553e-03	1.488493e+00	9.637753e-01	3.307955e-02	5.314495e-01	7.001211e+00
84	8.247820e-01	3.890173e+00	8.247384e-01	2.491659e+01	1.116942e-02	-2.000000e-01	1.111501e-02	-2.159887e+00	9.638115e-01	3.243079e-02	5.274676e-01	7.072511e+00
85	9.331399e-01	3.888127e+00	9.327165e-01	2.579282e+01	1.083579e-01	-2.046341e-03	1.079781e-01	8.762282e-01	9.639961e-01	3.242730e-02	5.701197e-01	7.071706e+00
86	1.061937e+00	3.688127e+00	1.061432e+00	2.542690e+01	1.287968e-01	-2.000000e-01	1.287155e-01	-3.659206e-01	9.646530e-01	3.140724e-02	6.281269e-01	6.981630e+00
87	1.252038e+00	3.488127e+00	1.251294e+00	2.367032e+01	1.901016e-01	-2.000000e-01	1.898618e-01	-1.756582e+00	9.657631e-01	3.023939e-02	5.864026e-01	7.025527e+00
88	1.347493e+00	3.373725e+00	1.347117e+00	2.347647e+01	9.545471e-02	-1.144015e-01	9.582348e-02	-1.938456e-01	9.660813e-01	2.985800e-02	6.112417e-01	6.995758e+00
89	1.487048e+00	3.173725e+00	1.486501e+00	2.068773e+01	1.395547e-01	-2.000000e-01	1.393838e-01	-2.788738e+00	9.667594e-01	2.888615e-02	5.162971e-01	7.131826e+00
90	1.466168e+00	3.373725e+00	1.466247e+00	2.146833e+01	-2.087974e-02	2.000000e-01	-2.025371e-02	7.805981e-01	9.668163e-01	2.834185e-02	5.224700e-01	7.072697e+00
91	1.371621e+00	3.327967e+00	1.371990e+00	2.076761e+01	-9.454730e-02	-4.575876e-02	-9.425709e-02	-7.007176e-01	9.668855e-01	2.837536e-02	5.371054e-01	7.079781e+00
92	1.325642e+00	3.273461e+00	1.325823e+00	1.997307e+01	-4.597830e-02	-5.450526e-02	-4.616689e-02	-7.945450e-01	9.668891e-01	2.837961e-02	5.454698e-01	7.089696e+00
93	1.185912e+00	3.246286e+00	1.186458e+00	2.014212e+01	-1.397305e-01	-2.717513e-02	-1.393650e-01	1.690535e-01	9.671184e-01	2.842421e-02	5.166947e-01	7.084100e+00
94	9.636373e-01	3.046286e+00	9.645077e-01	1.905247e+01	-2.222745e-01	-2.000000e-01	-2.219506e-01	-1.089654e+00	9.672498e-01	2.854243e-02	4.720236e-01	7.043905e+00
95	9.255992e-01	2.875063e+00	9.257511e-01	1.850228e+01	-3.803815e-02	-1.712233e-01	-3.875655e-02	-5.501841e-01	9.671978e-01	2.830830e-02	4.600328e-01	6.989931e+00
96	9.160818e-01	2.675063e+00	9.161196e-01	1.643560e+01	-9.517381e-03	-2.000000e-01	-9.631597e-03	-2.066683e+00	9.671746e-01	2.782073e-02	4.629770e-01	7.051801e+00
97	8.334682e-01	2.815059e+00	8.337910e-01	1.853146e+01	-8.261360e-02	1.399957e-01	-8.232852e-02	2.095865e+00	9.674194e-01	2.740584e-02	4.185582e-01	7.127072e+00
98	7.995557e-01	2.615059e+00	7.996894e-01	1.761882e+01	-3.391248e-02	-2.000000e-01	-3.410161e-02	-9.126477e-01	9.673533e-01	2.701608e-02	4.102408e-01	7.078020e+00
99	7.932820e-01	2.415059e+00	7.933070e-01	1.733994e+01	-6.273678e-03	-2.000000e-01	-6.382381e-03	-2.788740e-01	9.673384e-01	2.654205e-02	4.069123e-01	6.971910e+00
100	7.736182e-01	2.215059e+00	7.736951e-01	1.566569e+01	-1.966383e-02	-2.000000e-01	-1.961194e-02	-1.674254e+00	9.672952e-01	2.610271e-02	4.094014e-01	6.997227e+00
101	7.645604e-01	2.052356e+00	7.645961e-01	1.377655e+01	-9.057748e-03	-1.627030e-01	-9.098976e-03	-1.889141e+00	9.672786e-01	2.580452e-02	4.125730e-01	7.054199e+00
102	7.661450e-01	2.108441e+00	7.661390e-01	1.319759e+01	1.584579e-03	5.608507e-02	1.542846e-03	-5.789543e-01	9.672776e-01	2.576630e-02	4.118401e-01	7.028259e+00
103	7.689070e-01	2.166330e+00	7.688961e-01	1.418729e+01	2.761937e-03	5.788979e-02	2.757175e-03	9.896980e-01	9.672757e-01	2.572770e-02	4.126020e-01	7.044227e+00
104	7.695591e-01	1.966330e+00	7.695565e-01	1.242408e+01	6.521496e-04	-2.000000e-01	6.603723e-04	-1.763207e+00	9.672773e-01	2.524570e-02	4.124943e-01	7.077256e+00
105	7.746361e-01	1.865432e+00	7.746162e-01	1.199055e+01	5.076958e-03	-1.008979e-01	5.059705e-03	-4.335357e-01	9.672838e-01	2.511714e-02	4.131624e-01	7.063979e+00
106	7.818906e-01	1.665432e+00	7.818621e-01	1.183709e+01	7.254497e-03	-2.000000e-01	7.245924e-03	-1.534576e-01	9.673015e-01	2.462798e-02	4.174066e-01	6.946970e+00
107	7.933874e-01	1.465432e+00	7.933424e-01	1.013192e+01	1.149684e-02	-2.000000e-01	1.148023e-02	-1.705170e+00	9.673298e-01	2.413579e-02	4.156904e-01	6.976825e+00
108	8.065199e-01	1.365193e+00	8.064684e-01	9.817749e+00	1.313246e-02	-1.002393e-01	1.312601e-02	-3.141717e-01	9.673474e-01	2.400116e-02	4.180470e-01	6.958837e+00
109	8.128140e-01	1.165193e+00	8.127892e-01	7.897809e+00	6.294132e-03	-2.000000e-01	6.320819e-03	-1.919940e+00	9.673622e-01	2.353247e-02	4.164912e-01	7.008274e+00
110	8.206320e-01	1.189302e+00	8.206014e-01	6.566818e+00	7.818045e-03	2.410905e-02	7.812197e-03	-1.330992e+00	9.673610e-01	2.352882e-02	4.109107e-01	6.991065e+00
111	8.233902e-01	1.389302e+00	8.233793e-01	8.525443e+00	2.758135e-03	2.000000e-01	2.777878e-03	1.958626e+00	9.673551e-01	2.310077e-02	4.116291e-01	7.043155e+00
112	8.334902e-01	1.189302e+00	8.334507e-01	7.134229e+00	1.010003e-02	-2.000000e-01	1.007143e-02	-1.391214e+00	9.673783e-01	2.264244e-02	4.116914e-01	7.041920e+00
113	8.492213e-01	9.893023e-01	8.491597e-01	4.990759e+00	1.573109e-02	-2.000000e-01	1.570898e-02	-2.143471e+00	9.674150e-01	2.217499e-02	4.062596e-01	7.110979e+00
114	8.581308e-01	1.023561e+00	8.580958e-01	5.217341e+00	8.909516e-03	3.425914e-02	8.936077e-03	2.265824e-01	9.674131e-01	2.216778e-02	4.061722e-01	7.110643e+00
115	8.606358e-01	8.235614e-01	8.606259e-01	3.391878e+00	2.504993e-03	-2.000000e-01	2.530115e-03	-1.825463e+00	9.674184e-01	2.174491e-02	4.057005e-01	7.148303e+00
116	8.666883e-01	8.112889e-01	8.666646e-01	2.644527e+00	6.052499e-03	-1.227249e-02	6.038739e-03	-7.473516e-01	9.674197e-01	2.174229e-02	4.037973e-01	7.152162e+00
117	8.705495e-01	8.165911e-01	8.705343e-01	2.115291e+00	3.861176e-03	5.302178e-03	3.869682e-03	-5.292356e-01	9.674198e-01	2.174234e-02	4.027542e-01	7.150730e+00
118	8.717273e-01	7.732094e-01	8.717226e-01	2.192046e+00	1.177808e-03	-4.338169e-02	1.188323e-03	7.675509e-02	9.674203e-01	2.172191e-02	4.029703e-01	7.142773e+00
119	8.739152e-01	5.732094e-01	8.739066e-01	5.608101e-02	2.187918e-03	-2.000000e-01	2.184013e-03	-2.135965e+00	9.674248e-01	2.131101e-02	4.022486e-01	7.208741e+00
120	8.708850e-01	6.215403e-01	8.708968e-01	0.000000e+00	-3.030209e-03	4.833086e-02	-3.009841e-03	-5.608101e-02	9.674264e-01	2.128560e-02	4.028284e-01	7.199494e+00
121	8.762323e-01	6.239044e-01	8.762115e-01	0.000000e+00	5.347327e-03	2.364084e-03	5.314682e-03	0.000000e+00	9.674266e-01	2.128570e-02	4.027797e-01	7.199473e+00
122	8.751851e-01	6.318142e-01	8.751891e-01	0.000000e+00	-1.047222e-03	7.909804e-03	-1.022371e-03	0.000000e+00	9.674267e-01	2.128504e-02	4.028078e-01	7.199260e+00
123	8.741787e-01	6.452462e-01	8.741827e-01	0.000000e+00	-1.006387e-03	1.343203e-02	-1.006449e-03	0.000000e+00	9.674269e-01	2.128300e-02	4.028538e-01	7.198646e+00
124	8.748255e-01	6.641781e-01	8.748230e-01	3.689490e-01	6.467589e-04	1.893187e-02	6.403011e-04	3.689490e-01	9.674268e-01	2.127951e-02	4.029252e-01	7.200736e+00
125	8.676772e-01	5.900778e-01	8.677051e-01	0.000000e+00	-7.148309e-03	-7.410026e-02	-7.117885e-03	-3.689490e-01	9.674221e-01	2.123127e-02	4.023580e-01	7.194856e+00
126	8.772056e-01	5.754491e-01	8.771685e-01	0.000000e+00	9.528442e-03	-1.462875e-02	9.463417e-03	0.000000e+00	9.674246e-01	2.122741e-02	4.028169e-01	7.194151e+00
127	8.770447e-01	5.662675e-01	8.770452e-01	0.000000e+00	-1.609263e-04	-9.181532e-03	-1.233312e-04	0.000000e+00	9.674246e-01	2.122642e-02	4.028119e-01	7.193863e+00
128	8.809395e-01	5.625186e-01	8.809243e-01	8.362110e-01	3.894853e-03	-3.748907e-03	3.879157e-03	8.362110e-01	9.674250e-01	2.122608e-02	4.044059e-01	7.192329e+00
129	8.659948e-01	3.625186e-01	8.660531e-01	0.000000e+00	-1.494472e-02	-2.000000e-01	-1.487119e-02	-8.362110e-01	9.673983e-01	2.086922e-02	4.001729e-01	7.135680e+00
130	8.739447e-01	2.893515e-01	8.739139e-01	0.000000e+00	7.949876e-03	-7.316710e-02	7.860731e-03	0.000000e+00	9.674047e-01	2.081040e-02	4.021271e-01	7.117694e+00
131	8.758132e-01	2.216012e-01	8.758058e-01	0.000000e+00	1.868547e-03	-6.775037e-02	1.891954e-03	0.000000e+00	9.674060e-01	2.076243e-02	4.025535e-01	7.102235e+00
132	8.733908e-01	1.592684e-01	8.734002e-01	0.000000e+00	-2.422441e-03	-6.233272e-02	-2.405588e-03	0.000000e+00	9.674046e-01	2.072602e-02	4.020439e-01	7.089124e+00
133	8.738103e-01	1.023569e-01	8.738087e-01	9.877940e-02	4.195050e-04	-5.691157e-02	4.084694e-04	9.877940e-02	9.674048e-01	2.069411e-02	4.021438e-01	7.075574e+00
134	8.638391e-01	2.475379e-02	8.638781e-01	0.000000e+00	-9.971175e-03	-7.760308e-02	-9.930629e-03	-9.877940e-02	9.673986e-01	2.064555e-02	3.999986e-01	7.058878e+00
135	8.759729e-01	0.000000e+00	8.759257e-01	0.000000e+00	1.213381e-02	-2.475379e-02	1.204762e-02	0.000000e+00	9.674033e-01	2.063591e-02	4.009773e-01	7.056881e+00
136	8.784036e-01	0.000000e+00	8.783940e-01	1.775391e+00	2.430705e-03	0.000000e+00	2.468271e-03	1.775391e+00	9.674035e-01	2.063591e-02	1.000000e+00	7.000000e+00
137	8.662287e-01	0.000000e+00	8.662762e-01	5.744473e-01	-1.217496e-02	0.000000e+00	-1.211776e-02	-1.200943e+00	9.674054e-01	2.063591e-02	1.000000e+00	7.000000e+00
138	8.677460e-01	0.000000e+00	8.677403e-01	0.000000e+00	1.517350e-03	0.000000e+00	1.464088e-03	-5.744473e-01	9.674054e-01	2.063591e-02	1.000000e+00	7.000000e+00
139	8.682683e-01	2.617995e-03	8.682662e-01	0.000000e+00	5.222637e-04	2.617995e-03	5.259427e-04	0.000000e+00	9.674054e-01	2.063586e-02	9.999953e-01	6.999977e+00
140	8.679160e-01	1.072673e-02	8.679174e-01	0.000000e+00	-3.522552e-04	8.108733e-03	-3.488247e-04	0.000000e+00	9.674054e-01	2.063519e-02	1.000005e+00	6.999759e+00
141	8.649525e-01	2.433263e-02	8.649641e-01	0.000000e+00	-2.963557e-03	1.360590e-02	-2.953343e-03	0.000000e+00	9.674060e-01	2.063282e-02	1.000135e+00	6.999163e+00
142	8.653822e-01	4.344132e-02	8.653805e-01	0.000000e+00	4.296881e-04	1.910869e-02	4.164731e-04	0.000000e+00	9.674059e-01	2.062925e-02	1.000107e+00	6.997945e+00
143	8.635354e-01	6.805749e-02	8.635426e-01	9.727986e-01	-1.846760e-03	2.461617e-02	-1.837919e-03	9.727986e-01	9.674064e-01	2.062271e-02	9.994036e-01	7.007325e+00
144	8.639936e-01	0.000000e+00	8.639918e-01	0.000000e+00	4.581466e-04	-6.805749e-02	4.491776e-04	-9.727986e-01	9.674067e-01	2.057725e-02	9.992959e-01	7.023333e+00
145	8.642620e-01	0.000000e+00	8.642610e-01	0.000000e+00	2.684804e-04	0.000000e+00	2.691862e-04	0.000000e+00	9.674067e-01	2.057725e-02	1.000000e+00	7.000000e+00
146	8.673212e-01	0.000000e+00	8.673093e-01	0.000000e+00	3.059191e-03	0.000000e+00	3.048292e-03	0.000000e+00	9.674068e-01	2.057725e-02	1.000000e+00	7.000000e+00
147	8.646195e-01	0.000000e+00	8.646300e-01	1.404007e-01	-2.701684e-03	0.000000e+00	-2.679223e-03	1.404007e-01	9.674069e-01	2.057725e-02	1.000000e+00	7.000000e+00
148	8.629560e-01	0.000000e+00	8.629626e-01	0.000000e+00	-1.663497e-03	0.000000e+00	-1.667465e-03	-1.404007e-01	9.674069e-01	2.057725e-02	1.000000e+00	7.000000e+00
149	8.639492e-01	0.000000e+00	8.639453e-01	0.000000e+00	9.931203e-04	0.000000e+00	9.827274e-04	0.000000e+00	9.674069e-01	2.057725e-02	1.000000e+00	7.000000e+00
150	8.642716e-01	0.000000e+00	8.642703e-01	0.000000e+00	3.223915e-04	0.000000e+00	3.249710e-04	0.000000e+00	9.674069e-01	2.057725e-02	1.000000e+00	7.000000e+00
151	8.639873e-01	0.000000e+00	8.639884e-01	1.918221e-01	-2.842936e-04	0.000000e+00	-2.819137e-04	1.918221e-01	9.674069e-01	2.057725e-02	1.000000e+00	7.000000e+00
152	8.601745e-01	0.000000e+00	8.601894e-01	9.716718e-01	-3.812739e-03	0.000000e+00	-3.798946e-03	7.798497e-01	9.674071e-01	2.057725e-02	1.000000e+00	7.000000e+00
153	8.642174e-01	0.000000e+00	8.642017e-01	0.000000e+00	4.042864e-03	0.000000e+00	4.012232e-03	-9.716718e-01	9.674073e-01	2.057725e-02	1.000000e+00	7.000000e+00
154	8.705067e-01	0.000000e+00	8.704821e-01	0.000000e+00	6.289333e-03	0.000000e+00	6.280438e-03	0.000000e+00	9.674079e-01	2.057725e-02	1.000000e+00	7.000000e+00
155	8.681876e-01	0.000000e+00	8.681966e-01	0.000000e+00	-2.319085e-03	0.000000e+00	-2.285494e-03	0.000000e+00	9.674080e-01	2.057725e-02	1.000000e+00	7.000000e+00
156	8.669369e-01	0.000000e+00	8.669418e-01	0.000000e+00	-1.250755e-03	0.000000e+00	-1.254797e-03	0.000000e+00	9.674080e-01	2.057725e-02	1.000000e+00	7.000000e+00
157	8.674285e-01	0.000000e+00	8.674266e-01	6.390205e-01	4.916050e-04	0.000000e+00	4.847831e-04	6.390205e-01	9.674080e-01	2.057725e-02	1.000000e+00	7.000000e+00
158	8.643348e-01	0.000000e+00	8.643469e-01	0.000000e+00	-3.093654e-03	0.000000e+00	-3.079676e-03	-6.390205e-01	9.674081e-01	2.057725e-02	1.000000e+00	7.000000e+00
159	8.691675e-01	0.000000e+00	8.691487e-01	0.000000e+00	4.832654e-03	0.000000e+00	4.801746e-03	0.000000e+00	9.674084e-01	2.057725e-02	1.000000e+00	7.000000e+00
160	8.681613e-01	0.000000e+00	8.681652e-01	0.000000e+00	-1.006172e-03	0.000000e+00	-9.834850e-04	0.000000e+00	9.674084e-01	2.057725e-02	1.000000e+00	7.000000e+00
161	8.671483e-01	0.000000e+00	8.671523e-01	0.000000e+00	-1.012983e-03	0.000000e+00	-1.012868e-03	0.000000e+00	9.674084e-01	2.057725e-02	1.000000e+00	7.000000e+00
162	8.676080e-01	0.000000e+00	8.676062e-01	0.000000e+00	4.596909e-04	0.000000e+00	4.539387e-04	0.000000e+00	9.674084e-01	2.057725e-02	1.000000e+00	7.000000e+00
163	8.685597e-01	0.000000e+00	8.685560e-01	1.143822e+00	9.516997e-04	0.000000e+00	9.497553e-04	1.143822e+00	9.674085e-01	2.057725e-02	1.000000e+00	7.000000e+00
164	8.680355e-01	0.000000e+00	8.680375e-01	0.000000e+00	-5.242668e-04	0.000000e+00	-5.185089e-04	-1.143822e+00	9.674085e-01	2.057725e-02	1.000000e+00	7.000000e+00
165	8.705312e-01	0.000000e+00	8.705214e-01	2.525966e-01	2.495723e-03	0.000000e+00	2.483949e-03	2.525966e-01	9.674085e-01	2.057725e-02	1.000000e+00	7.000000e+00
166	8.676561e-01	0.000000e+00	8.676673e-01	0.000000e+00	-2.875088e-03	0.000000e+00	-2.854154e-03	-2.525966e-01	9.674086e-01	2.057725e-02	1.000000e+00	7.000000e+00
167	8.697317e-01	0.000000e+00	8.697236e-01	6.907778e-02	2.075602e-03	0.000000e+00	2.056345e-03	6.907778e-02	9.674087e-01	2.057725e-02	1.000000e+00	7.000000e+00
168	8.674728e-01	0.000000e+00	8.674816e-01	0.000000e+00	-2.258884e-03	0.000000e+00	-2.242027e-03	-6.907778e-02	9.674087e-01	2.057725e-02	1.000000e+00	7.000000e+00
169	8.697139e-01	0.000000e+00	8.697052e-01	0.000000e+00	2.241119e-03	0.000000e+00	2.223607e-03	0.000000e+00	9.674088e-01	2.057725e-02	1.000000e+00	7.000000e+00
170	8.700268e-01	0.000000e+00	8.700255e-01	0.000000e+00	3.128337e-04	0.000000e+00	3.202977e-04	0.000000e+00	9.674088e-01	2.057725e-02	1.000000e+00	7.000000e+00
171	8.694495e-01	0.000000e+00	8.694518e-01	1.257438e+00	-5.772325e-04	0.000000e+00	-5.737265e-04	1.257438e+00	9.674088e-01	2.057725e-02	1.000000e+00	7.000000e+00
172	8.710967e-01	0.000000e+00	8.710902e-01	0.000000e+00	1.647145e-03	0.000000e+00	1.638469e-03	-1.257438e+00	9.674088e-01	2.057725e-02	1.000000e+00	7.000000e+00
173	8.703922e-01	0.000000e+00	8.703949e-01	1.070224e+00	-7.044807e-04	0.000000e+00	-6.953285e-04	1.070224e+00	9.674089e-01	2.057725e-02	1.000000e+00	7.000000e+00
174	8.708783e-01	0.000000e+00	8.708764e-01	0.000000e+00	4.860621e-04	0.000000e+00	4.814473e-04	-1.070224e+00	9.674089e-01	2.057725e-02	1.000000e+00	7.000000e+00
175	8.735212e-01	0.000000e+00	8.735108e-01	8.059404e-01	2.642916e-03	0.000000e+00	2.634473e-03	8.059404e-01	9.674090e-01	2.057725e-02	1.000000e+00	7.000000e+00
176	8.748457e-01	0.000000e+00	8.748405e-01	0.000000e+00	1.324540e-03	0.000000e+00	1.329656e-03	-8.059404e-01	9.674090e-01	2.057725e-02	1.000000e+00	7.000000e+00
177	8.763096e-01	0.000000e+00	8.763038e-01	4.405107e-01	1.463870e-03	0.000000e+00	1.463346e-03	4.405107e-01	9.674090e-01	2.057725e-02	1.000000e+00	7.000000e+00
178	8.741810e-01	0.000000e+00	8.741893e-01	0.000000e+00	-2.128578e-03	0.000000e+00	-2.114547e-03	-4.405107e-01	9.674091e-01	2.057725e-02	1.000000e+00	7.000000e+00
179	8.806847e-01	0.000000e+00	8.806593e-01	0.000000e+00	6.503697e-03	0.000000e+00	6.470032e-03	0.000000e+00	9.674096e-01	2.057725e-02	1.000000e+00	7.000000e+00
180	8.794325e-01	0.000000e+00	8.794373e-01	0.000000e+00	-1.252224e-03	0.000000e+00	-1.222059e-03	0.000000e+00	9.674096e-01	2.057725e-02	1.000000e+00	7.000000e+00
181	8.780073e-01	0.000000e+00	8.780129e-01	0.000000e+00	-1.425172e-03	0.000000e+00	-1.424378e-03	0.000000e+00	9.674097e-01	2.057725e-02	1.000000e+00	7.000000e+00
182	8.784863e-01	0.000000e+00	8.784845e-01	0.000000e+00	4.790178e-04	0.000000e+00	4.715827e-04	0.000000e+00	9.674097e-01	2.057725e-02	1.000000e+00	7.000000e+00
183	8.786659e-01	0.000000e+00	8.786652e-01	2.195917e-01	1.795766e-04	0.000000e+00	1.807172e-04	2.195917e-01	9.674097e-01	2.057725e-02	1.000000e+00	7.000000e+00
184	8.773105e-01	0.000000e+00	8.773158e-01	0.000000e+00	-1.355430e-03	0.000000e+00	-1.349429e-03	-2.195917e-01	9.674097e-01	2.057725e-02	1.000000e+00	7.000000e+00
185	8.783293e-01	0.000000e+00	8.783253e-01	0.000000e+00	1.018834e-03	0.000000e+00	1.009583e-03	0.000000e+00	9.674097e-01	2.057725e-02	1.000000e+00	7.000000e+00
186	8.785599e-01	0.000000e+00	8.785590e-01	0.000000e+00	2.305799e-04	0.000000e+00	2.336229e-04	0.000000e+00	9.674097e-01	2.057725e-02	1.000000e+00	7.000000e+00
187	8.782665e-01	0.000000e+00	8.782676e-01	0.000000e+00	-2.933824e-04	0.000000e+00	-2.913238e-04	0.000000e+00	9.674097e-01	2.057725e-02	1.000000e+00	7.000000e+00
188	8.782705e-01	0.000000e+00	8.782704e-01	5.387114e-01	3.958355e-06	0.000000e+00	2.804909e-06	5.387114e-01	1.000000e+00	1.000000e-01	1.000001e+00	7.000000e+00
189	8.809596e-01	0.000000e+00	8.809491e-01	4.398121e-02	2.689102e-03	0.000000e+00	2.678608e-03	-4.947302e-01	1.000000e+00	1.000000e-01	1.000000e+00	7.000000e+00
190	8.813096e-01	0.000000e+00	8.813082e-01	0.000000e+00	3.500490e-04	0.000000e+00	3.591449e-04	-4.398121e-02	1.000000e+00	1.000000e-01	1.000000e+00	7.000000e+00
191	8.788846e-01	0.000000e+00	8.788940e-01	0.000000e+00	-2.425027e-03	0.000000e+00	-2.414151e-03	0.000000e+00	1.000000e+00	1.000000e-01	1.000000e+00	7.000000e+00
192	8.786303e-01	0.000000e+00	8.786313e-01	0.000000e+00	-2.543088e-04	0.000000e+00	-2.627457e-04	0.000000e+00	1.000000e+00	1.000000e-01	1.000000e+00	7.000000e+00
193	8.841256e-01	0.000000e+00	8.841041e-01	0.000000e+00	5.495334e-03	0.000000e+00	5.472841e-03	0.000000e+00	9.999999e-01	1.000000e-01	1.000000e+00	7.000000e+00
194	8.831223e-01	0.000000e+00	8.831262e-01	0.000000e+00	-1.003268e-03	0.000000e+00	-9.779707e-04	0.000000e+00	9.999999e-01	1.000000e-01	1.000000e+00	7.000000e+00
195	8.818040e-01	0.000000e+00	8.818092e-01	3.864613e-01	-1.318325e-03	0.000000e+00	-1.316996e-03	3.864613e-01	9.999999e-01	1.000000e-01	1.000000e+00	7.000000e+00
196	8.837281e-01	0.000000e+00	8.837206e-01	0.000000e+00	1.924119e-03	0.000000e+00	1.911458e-03	-3.864613e-01	9.999999e-01	1.000000e-01	1.000000e+00	7.000000e+00
197	8.810737e-01	0.000000e+00	8.810840e-01	0.000000e+00	-2.654423e-03	0.000000e+00	-2.636588e-03	0.000000e+00	9.999999e-01	1.000000e-01	1.000000e+00	7.000000e+00
198	8.834545e-01	0.000000e+00	8.834452e-01	0.000000e+00	2.380777e-03	0.000000e+00	2.361178e-03	0.000000e+00	9.999998e-01	1.000000e-01	1.000000e+00	7.000000e+00
199	8.834788e-01	0.000000e+00	8.834786e-01	0.000000e+00	2.426403e-05	0.000000e+00	3.339260e-05	0.000000e+00	9.999998e-01	1.000000e-01	1.000000e+00	7.000000e+00
200	8.811279e-01	0.000000e+00	8.811370e-01	0.000000e+00	-2.350894e-03	0.000000e+00	-2.341580e-03	0.000000e+00	9.999998e-01	1.000000e-01	1.000000e+00	7.000000e+00
201	8.811143e-01	0.000000e+00	8.811144e-01	8.152499e-02	-1.356455e-05	0.000000e+00	-2.265836e-05	8.152499e-02	9.999998e-01	1.000000e-01	1.000000e+00	7.000000e+00
202	8.806935e-01	0.000000e+00	8.806952e-01	2.682933e-01	-4.207826e-04	0.000000e+00	-4.192274e-04	1.867683e-01	9.999998e-01	1.000000e-01	1.000000e+00	7.000000e+00
203	8.807784e-01	0.000000e+00	8.807781e-01	0.000000e+00	8.491816e-05	0.000000e+00	8.294884e-05	-2.682933e-01	9.999998e-01	1.000000e-01	1.000000e+00	7.000000e+00
204	8.852561e-01	0.000000e+00	8.852386e-01	0.000000e+00	4.477674e-03	0.000000e+00	4.460508e-03	0.000000e+00	9.999998e-01	1.000000e-01	1.000000e+00	7.000000e+00
205	8.878292e-01	0.000000e+00	8.878191e-01	0.000000e+00	2.573100e-03	0.000000e+00	2.580472e-03	0.000000e+00	9.999998e-01	1.000000e-01	1.000000e+00	7.000000e+00
206	8.848508e-01	0.000000e+00	8.848624e-01	0.000000e+00	-2.978438e-03	0.000000e+00	-2.956724e-03	0.000000e+00	9.999998e-01	1.000000e-01	1.000000e+00	7.000000e+00
207	8.838709e-01	0.000000e+00	8.838748e-01	3.042998e-02	-9.798305e-04	0.000000e+00	-9.875527e-04	3.042998e-02	9.999998e-01	1.000000e-01	1.000000e+00	7.000000e+00
208	8.835768e-01	0.000000e+00	8.835780e-01	0.000000e+00	-2.940869e-04	0.000000e+00	-2.967957e-04	-3.042998e-02	9.999998e-01	1.000000e-01	1.000000e+00	7.000000e+00
209	8.846364e-01	0.000000e+00	8.846323e-01	0.000000e+00	1.059603e-03	0.000000e+00	1.054305e-03	0.000000e+00	9.999998e-01	1.000000e-01	1.000000e+00	7.000000e+00
210	8.834546e-01	0.000000e+00	8.834592e-01	0.000000e+00	-1.181808e-03	0.000000e+00	-1.173073e-03	0.000000e+00	9.999998e-01	1.000000e-01	1.000000e+00	7.000000e+00
211	8.831444e-01	0.000000e+00	8.831456e-01	0.000000e+00	-3.102385e-04	0.000000e+00	-3.136089e-04	0.000000e+00	9.999998e-01	1.000000e-01	1.000000e+00	7.000000e+00
212	8.837094e-01	0.000000e+00	8.837072e-01	5.455504e-01	5.650317e-04	0.000000e+00	5.615995e-04	5.455504e-01	9.999998e-01	1.000000e-01	1.000000e+00	7.000000e+00
213	8.780413e-01	0.000000e+00	8.780635e-01	0.000000e+00	-5.668092e-03	0.000000e+00	-5.643757e-03	-5.455504e-01	9.999997e-01	1.000000e-01	1.000000e+00	7.000000e+00
214	8.832113e-01	0.000000e+00	8.831912e-01	0.000000e+00	5.169935e-03	0.000000e+00	5.127694e-03	0.000000e+00	9.999996e-01	1.000000e-01	1.000000e+00	7.000000e+00
215	8.867265e-01	0.000000e+00	8.867127e-01	0.000000e+00	3.515224e-03	0.000000e+00	3.521522e-03	0.000000e+00	9.999996e-01	1.000000e-01	1.000000e+00	7.000000e+00
216	8.839573e-01	0.000000e+00	8.839681e-01	3.103801e-01	-2.769188e-03	0.000000e+00	-2.744615e-03	3.103801e-01	9.999996e-01	1.000000e-01	1.000000e+00	7.000000e+00
217	8.801743e-01	0.000000e+00	8.801891e-01	0.000000e+00	-3.783022e-03	0.000000e+00	-3.778966e-03	-3.103801e-01	9.999996e-01	1.000000e-01	1.000000e+00	7.000000e+00
218	8.836890e-01	0.000000e+00	8.836753e-01	0.000000e+00	3.514701e-03	0.000000e+00	3.486210e-03	0.000000e+00	9.999995e-01	1.000000e-01	1.000000e+00	7.000000e+00
219	8.846153e-01	0.000000e+00	8.846116e-01	0.000000e+00	9.262896e-04	0.000000e+00	9.362893e-04	0.000000e+00	9.999995e-01	1.000000e-01	1.000000e+00	7.000000e+00
220	8.836384e-01	0.000000e+00	8.836422e-01	0.000000e+00	-9.768669e-04	0.000000e+00	-9.693936e-04	0.000000e+00	9.999995e-01	1.000000e-01	1.000000e+00	7.000000e+00
221	8.832701e-01	0.000000e+00	8.832716e-01	0.000000e+00	-3.682954e-04	0.000000e+00	-3.706434e-04	0.000000e+00	9.999995e-01	1.000000e-01	1.000000e+00	7.000000e+00
222	8.871482e-01	0.000000e+00	8.871331e-01	0.000000e+00	3.878130e-03	0.000000e+00	3.861533e-03	0.000000e+00	9.999995e-01	1.000000e-01	1.000000e+00	7.000000e+00
223	8.845538e-01	0.000000e+00	8.845638e-01	0.000000e+00	-2.594482e-03	0.000000e+00	-2.569263e-03	0.000000e+00	9.999995e-01	1.000000e-01	1.000000e+00	7.000000e+00
224	8.832744e-01	0.000000e+00	8.832794e-01	0.000000e+00	-1.279366e-03	0.000000e+00	-1.284405e-03	0.000000e+00	9.999995e-01	1.000000e-01	1.000000e+00	7.000000e+00
225	8.838829e-01	0.000000e+00	8.838806e-01	6.707745e-02	6.085470e-04	0.000000e+00	6.011526e-04	6.707745e-02	9.999995e-01	1.000000e-01	1.000000e+00	7.000000e+00
226	8.839974e-01	0.000000e+00	8.839969e-01	0.000000e+00	1.144323e-04	0.000000e+00	1.163336e-04	-6.707745e-02	9.999995e-01	1.000000e-01	1.000000e+00	7.000000e+00
227	8.874027e-01	0.000000e+00	8.873894e-01	0.000000e+00	3.405351e-03	0.000000e+00	3.392503e-03	0.000000e+00	9.999994e-01	1.000000e-01	1.000000e+00	7.000000e+00
228	8.863266e-01	0.000000e+00	8.863308e-01	0.000000e+00	-1.076108e-03	0.000000e+00	-1.058652e-03	0.000000e+00	9.999994e-01	1.000000e-01	1.000000e+00	7.000000e+00
229	8.841580e-01	0.000000e+00	8.841665e-01	2.092576e-01	-2.168632e-03	0.000000e+00	-2.164296e-03	2.092576e-01	9.999994e-01	1.000000e-01	1.000000e+00	7.000000e+00
230	8.834390e-01	0.000000e+00	8.834418e-01	0.000000e+00	-7.190015e-04	0.000000e+00	-7.246471e-04	-2.092576e-01	9.999994e-01	1.000000e-01	1.000000e+00	7.000000e+00
231	8.882625e-01	0.000000e+00	8.882437e-01	0.000000e+00	4.823554e-03	0.000000e+00	4.801882e-03	0.000000e+00	9.999994e-01	1.000000e-01	1.000000e+00	7.000000e+00
232	8.881395e-01	0.000000e+00	8.881399e-01	0.000000e+00	-1.230219e-04	0.000000e+00	-1.037840e-04	0.000000e+00	9.999994e-01	1.000000e-01	1.000000e+00	7.000000e+00
233	8.893789e-01	0.000000e+00	8.893740e-01	0.000000e+00	1.239332e-03	0.000000e+00	1.234086e-03	0.000000e+00	9.999994e-01	1.000000e-01	1.000000e+00	7.000000e+00
234	8.890077e-01	0.000000e+00	8.890091e-01	3.826161e-01	-3.711748e-04	0.000000e+00	-3.649043e-04	3.826161e-01	9.999994e-01	1.000000e-01	1.000000e+00	7.000000e+00
235	8.869319e-01	0.000000e+00	8.869400e-01	0.000000e+00	-2.075748e-03	0.000000e+00	-2.069065e-03	-3.826161e-01	9.999994e-01	1.000000e-01	1.000000e+00	7.000000e+00
236	8.886537e-01	0.000000e+00	8.886470e-01	3.913110e-01	1.721773e-03	0.000000e+00	1.706965e-03	3.913110e-01	9.999994e-01	1.000000e-01	1.000000e+00	7.000000e+00
237	8.904675e-01	0.000000e+00	8.904604e-01	0.000000e+00	1.813845e-03	0.000000e+00	1.813428e-03	-3.913110e-01	9.999994e-01	1.000000e-01	1.000000e+00	7.000000e+00
238	8.895132e-01	0.000000e+00	8.895169e-01	0.000000e+00	-9.543893e-04	0.000000e+00	-9.435775e-04	0.000000e+00	9.999994e-01	1.000000e-01	1.000000e+00	7.000000e+00
239	8.888969e-01	0.000000e+00	8.888993e-01	0.000000e+00	-6.162369e-04	0.000000e+00	-6.175155e-04	0.000000e+00	9.999994e-01	1.000000e-01	1.000000e+00	7.000000e+00
240	8.890760e-01	0.000000e+00	8.890753e-01	2.582258e-01	1.790461e-04	0.000000e+00	1.759345e-04	2.582258e-01	9.999994e-01	1.000000e-01	1.000000e+00	7.000000e+00
241	8.900098e-01	0.000000e+00	8.900062e-01	0.000000e+00	9.338636e-04	0.000000e+00	9.309029e-04	-2.582258e-01	9.999994e-01	1.000000e-01	1.000000e+00	7.000000e+00
242	8.925722e-01	0.000000e+00	8.925622e-01	0.000000e+00	2.562402e-03	0.000000e+00	2.556029e-03	0.000000e+00	9.999994e-01	1.000000e-01	1.000000e+00	7.000000e+00
243	8.917648e-01	0.000000e+00	8.917680e-01	0.000000e+00	-8.073876e-04	0.000000e+00	-7.942492e-04	0.000000e+00	9.999993e-01	1.000000e-01	1.000000e+00	7.000000e+00
244	8.911852e-01	0.000000e+00	8.911875e-01	0.000000e+00	-5.796144e-04	0.000000e+00	-5.804528e-04	0.000000e+00	9.999993e-01	1.000000e-01	1.000000e+00	7.000000e+00
245	8.915319e-01	0.000000e+00	8.915306e-01	0.000000e+00	3.466866e-04	0.000000e+00	3.430649e-04	0.000000e+00	9.999993e-01	1.000000e-01	1.000000e+00	7.000000e+00
246	8.894874e-01	0.000000e+00	8.894954e-01	0.000000e+00	-2.044480e-03	0.000000e+00	-2.035153e-03	0.000000e+00	9.999993e-01	1.000000e-01	1.000000e+00	7.000000e+00
247	8.894917e-01	0.000000e+00	8.894918e-01	0.000000e+00	4.304938e-06	0.000000e+00	-3.661695e-06	0.000000e+00	1.000000e+00	1.000000e-01	1.000000e+00	7.000000e+00
248	8.900009e-01	0.000000e+00	8.899989e-01	2.711635e-01	5.091164e-04	0.000000e+00	5.071134e-04	2.711635e-01	1.000000e+00	1.000000e-01	1.000000e+00	7.000000e+00
249	8.901080e-01	0.000000e+00	8.901076e-01	0.000000e+00	1.071328e-04	0.000000e+00	1.086952e-04	-2.711635e-01	1.000000e+00	1.000000e-01	1.000000e+00	7.000000e+00
250	8.899270e-01	0.000000e+00	8.899277e-01	0.000000e+00	-1.809495e-04	0.000000e+00	-1.798181e-04	0.000000e+00	1.000000e+00	1.000000e-01	1.000000e+00	7.000000e+00
251	8.898742e-01	0.000000e+00	8.898744e-01	0.000000e+00	-5.285438e-05	0.000000e+00	-5.335033e-05	0.000000e+00	1.000000e+00	1.000000e-01	1.000000e+00	7.000000e+00
252	8.899207e-01	0.000000e+00	8.899205e-01	0.000000e+00	4.650790e-05	0.000000e+00	4.611783e-05	0.000000e+00	1.000000e+00	1.000000e-01	1.000000e+00	7.000000e+00
253	8.885801e-01	0.000000e+00	8.885854e-01	0.000000e+00	-1.340550e-03	0.000000e+00	-1.335134e-03	0.000000e+00	1.000000e+00	1.000000e-01	1.000000e+00	7.000000e+00
254	8.886877e-01	0.000000e+00	8.886873e-01	0.000000e+00	1.075710e-04	0.000000e+00	1.019354e-04	0.000000e+00	1.000000e+00	1.000000e-01	1.000000e+00	7.000000e+00
255	8.890267e-01	0.000000e+00	8.890254e-01	0.000000e+00	3.389900e-04	0.000000e+00	3.380640e-04	0.000000e+00	1.000000e+00	1.000000e-01	1.000000e+00	7.000000e+00
256	8.889726e-01	0.000000e+00	8.889728e-01	0.000000e+00	-5.414826e-05	0.000000e+00	-5.261618e-05	0.000000e+00	1.000000e+00	1.000000e-01	1.000000e+00	7.000000e+00
257	8.888859e-01	0.000000e+00	8.888862e-01	0.000000e+00	-8.670858e-05	0.000000e+00	-8.657540e-05	0.000000e+00	1.000000e+00	1.000000e-01	1.000000e+00	7.000000e+00
258	8.888985e-01	0.000000e+00	8.888985e-01	0.000000e+00	1.265292e-05	0.000000e+00	1.226531e-05	0.000000e+00	1.000000e+00	1.000000e-01	1.000000e+00	7.000000e+00
259	8.889203e-01	0.000000e+00	8.889202e-01	0.000000e+00	2.180406e-05	0.000000e+00	2.176680e-05	0.000000e+00	1.000000e+00	1.000000e-01	1.000000e+00	7.000000e+00
260	8.889185e-01	0.000000e+00	8.889185e-01	0.000000e+00	-1.792603e-06	0.000000e+00	-1.700574e-06	0.000000e+00	1.000000e+00	1.000000e-01	1.000000e+00	7.000000e+00
261	8.907410e-01	0.000000e+00	8.907339e-01	1.025988e+00	1.822500e-03	0.000000e+00	1.815374e-03	1.025988e+00	1.000000e+00	1.000000e-01	1.000000e+00	7.000000e+00
262	8.825440e-01	0.000000e+00	8.825760e-01	0.000000e+00	-8.197031e-03	0.000000e+00	-8.157920e-03	-1.025988e+00	9.999998e-01	1.000000e-01	1.000000e+00	7.000000e+00
263	8.881259e-01	0.000000e+00	8.881042e-01	0.000000e+00	5.581914e-03	0.000000e+00	5.528243e-03	0.000000e+00	9.999997e-01	1.000000e-01	1.000000e+00	7.000000e+00
264	8.896187e-01	0.000000e+00	8.896128e-01	0.000000e+00	1.492771e-03	0.000000e+00	1.508535e-03	0.000000e+00	9.999997e-01	1.000000e-01	1.000000e+00	7.000000e+00
265	8.879007e-01	0.000000e+00	8.879074e-01	9.776620e-01	-1.717924e-03	0.000000e+00	-1.705321e-03	9.776620e-01	9.999997e-01	1.000000e-01	1.000000e+00	7.000000e+00
266	8.819161e-01	0.000000e+00	8.819395e-01	0.000000e+00	-5.984676e-03	0.000000e+00	-5.967959e-03	-9.776620e-01	9.999997e-01	1.000000e-01	1.000000e+00	7.000000e+00
267	8.917013e-01	0.000000e+00	8.916631e-01	0.000000e+00	9.785202e-03	0.000000e+00	9.723667e-03	0.000000e+00	9.999994e-01	1.000000e-01	1.000000e+00	7.000000e+00
268	8.915791e-01	0.000000e+00	8.915794e-01	0.000000e+00	-1.221514e-04	0.000000e+00	-8.369115e-05	0.000000e+00	9.999994e-01	1.000000e-01	1.000000e+00	7.000000e+00
269	8.891575e-01	0.000000e+00	8.891669e-01	6.388534e-01	-2.421670e-03	0.000000e+00	-2.412537e-03	6.388534e-01	9.999994e-01	1.000000e-01	1.000000e+00	7.000000e+00
270	8.868979e-01	0.000000e+00	8.869068e-01	1.000910e+00	-2.259544e-03	0.000000e+00	-2.260141e-03	3.620570e-01	9.999994e-01	1.000000e-01	1.000000e+00	7.000000e+00
271	8.908461e-01	0.000000e+00	8.908307e-01	0.000000e+00	3.948200e-03	0.000000e+00	3.923949e-03	-1.000910e+00	9.999993e-01	1.000000e-01	1.000000e+00	7.000000e+00
272	8.972574e-01	0.000000e+00	8.972323e-01	0.000000e+00	6.411341e-03	0.000000e+00	6.401625e-03	0.000000e+00	9.999993e-01	1.000000e-01	1.000000e+00	7.000000e+00
273	8.958492e-01	0.000000e+00	8.958546e-01	5.557788e-01	-1.408273e-03	0.000000e+00	-1.377766e-03	5.557788e-01	9.999993e-01	1.000000e-01	1.000000e+00	7.000000e+00
274	8.899364e-01	0.000000e+00	8.899595e-01	1.180390e+00	-5.912779e-03	0.000000e+00	-5.895064e-03	6.246116e-01	9.999992e-01	1.000000e-01	1.000000e+00	7.000000e+00
275	8.979913e-01	0.000000e+00	8.979599e-01	1.762678e-01	8.054927e-03	0.000000e+00	8.000435e-03	-1.004123e+00	9.999990e-01	1.000000e-01	1.000000e+00	7.000000e+00
276	8.988017e-01	0.000000e+00	8.987984e-01	4.929718e-01	8.103733e-04	0.000000e+00	8.384595e-04	3.167041e-01	9.999990e-01	1.000000e-01	1.000000e+00	7.000000e+00
277	9.003594e-01	0.000000e+00	9.003533e-01	0.000000e+00	1.557682e-03	0.000000e+00	1.554873e-03	-4.929718e-01	9.999990e-01	1.000000e-01	1.000000e+00	7.000000e+00
278	9.047668e-01	0.000000e+00	9.047496e-01	2.704603e-01	4.407413e-03	0.000000e+00	4.396270e-03	2.704603e-01	9.999990e-01	1.000000e-01	1.000000e+00	7.000000e+00
279	9.006513e-01	0.000000e+00	9.006673e-01	0.000000e+00	-4.115497e-03	0.000000e+00	-4.082248e-03	-2.704603e-01	9.999989e-01	1.000000e-01	1.000000e+00	7.000000e+00
280	9.044263e-01	0.000000e+00	9.044117e-01	0.000000e+00	3.775043e-03	0.000000e+00	3.744350e-03	0.000000e+00	9.999989e-01	1.000000e-01	1.000000e+00	7.000000e+00
281	9.039067e-01	0.000000e+00	9.039087e-01	0.000000e+00	-5.195910e-04	0.000000e+00	-5.029350e-04	0.000000e+00	9.999989e-01	1.000000e-01	1.000000e+00	7.000000e+00
282	9.029481e-01	0.000000e+00	9.029518e-01	3.576633e-01	-9.586567e-04	0.000000e+00	-9.568765e-04	3.576633e-01	9.999989e-01	1.000000e-01	1.000000e+00	7.000000e+00
283	8.994150e-01	0.000000e+00	8.994289e-01	0.000000e+00	-3.533053e-03	0.000000e+00	-3.522990e-03	-3.576633e-01	9.999988e-01	1.000000e-01	1.000000e+00	7.000000e+00
284	9.035923e-01	0.000000e+00	9.035761e-01	4.319274e-01	4.177311e-03	0.000000e+00	4.147232e-03	4.319274e-01	9.999988e-01	1.000000e-01	1.000000e+00	7.000000e+00
285	9.067184e-01	0.000000e+00	9.067061e-01	0.000000e+00	3.126020e-03	0.000000e+00	3.130009e-03	-4.319274e-01	9.999988e-01	1.000000e-01	1.000000e+00	7.000000e+00
286	9.102511e-01	0.000000e+00	9.102373e-01	0.000000e+00	3.532776e-03	0.000000e+00	3.531203e-03	0.000000e+00	9.999988e-01	1.000000e-01	1.000000e+00	7.000000e+00
287	9.097991e-01	0.000000e+00	9.098008e-01	0.000000e+00	-4.520130e-04	0.000000e+00	-4.364535e-04	0.000000e+00	9.999988e-01	1.000000e-01	1.000000e+00	7.000000e+00
288	9.089503e-01	0.000000e+00	9.089536e-01	0.000000e+00	-8.488275e-04	0.000000e+00	-8.472167e-04	0.000000e+00	9.999988e-01	1.000000e-01	1.000000e+00	7.000000e+00
289	9.078604e-01	0.000000e+00	9.078647e-01	0.000000e+00	-1.089869e-03	0.000000e+00	-1.088921e-03	0.000000e+00	9.999988e-01	1.000000e-01	1.000000e+00	7.000000e+00
290	9.099079e-01	0.000000e+00	9.098999e-01	0.000000e+00	2.047494e-03	0.000000e+00	2.035242e-03	0.000000e+00	9.999988e-01	1.000000e-01	1.000000e+00	7.000000e+00
291	9.086667e-01	0.000000e+00	9.086715e-01	0.000000e+00	-1.241269e-03	0.000000e+00	-1.228471e-03	0.000000e+00	9.999988e-01	1.000000e-01	1.000000e+00	7.000000e+00
292	9.081377e-01	0.000000e+00	9.081398e-01	2.227352e-01	-5.289101e-04	0.000000e+00	-5.316427e-04	2.227352e-01	9.999988e-01	1.000000e-01	1.000000e+00	7.000000e+00
293	9.052718e-01	0.000000e+00	9.052830e-01	0.000000e+00	-2.865964e-03	0.000000e+00	-2.856846e-03	-2.227352e-01	9.999988e-01	1.000000e-01	1.000000e+00	7.000000e+00
294	9.109999e-01	0.000000e+00	9.109775e-01	0.000000e+00	5.728094e-03	0.000000e+00	5.694559e-03	0.000000e+00	9.999987e-01	1.000000e-01	1.000000e+00	7.000000e+00
295	9.108004e-01	0.000000e+00	9.108011e-01	0.000000e+00	-1.994649e-04	0.000000e+00	-1.764413e-04	0.000000e+00	9.999987e-01	1.000000e-01	1.000000e+00	7.000000e+00
296	9.089526e-01	0.000000e+00	9.089598e-01	5.638843e-01	-1.847792e-03	0.000000e+00	-1.841263e-03	5.638843e-01	9.999987e-01	1.000000e-01	1.000000e+00	7.000000e+00
297	9.053626e-01	0.000000e+00	9.053767e-01	0.000000e+00	-3.589994e-03	0.000000e+00	-3.583163e-03	-5.638843e-01	9.999986e-01	1.000000e-01	1.000000e+00	7.000000e+00
298	9.075367e-01	0.000000e+00	9.075282e-01	0.000000e+00	2.174042e-03	0.000000e+00	2.151553e-03	0.000000e+00	9.999986e-01	1.000000e-01	1.000000e+00	7.000000e+00
299	9.085909e-01	0.000000e+00	9.085868e-01	0.000000e+00	1.054271e-03	0.000000e+00	1.058557e-03	0.000000e+00	9.999986e-01	1.000000e-01	1.000000e+00	7.000000e+00
300	9.081755e-01	0.000000e+00	9.081771e-01	0.000000e+00	-4.154685e-04	0.000000e+00	-4.097106e-04	0.000000e+00	9.999986e-01	1.000000e-01	1.000000e+00	7.000000e+00
301	9.086650e-01	0.000000e+00	9.086631e-01	4.942548e-01	4.894957e-04	0.000000e+00	4.859832e-04	4.942548e-01	9.999986e-01	1.000000e-01	1.000000e+00	7.000000e+00
302	9.026484e-01	0.000000e+00	9.026719e-01	0.000000e+00	-6.016604e-03	0.000000e+00	-5.991203e-03	-4.942548e-01	9.999985e-01	1.000000e-01	1.000000e+00	7.000000e+00
303	9.112428e-01	0.000000e+00	9.112094e-01	0.000000e+00	8.594478e-03	0.000000e+00	8.537502e-03	0.000000e+00	9.999983e-01	1.000000e-01	1.000000e+00	7.000000e+00
304	9.104046e-01	0.000000e+00	9.104077e-01	0.000000e+00	-8.382800e-04	0.000000e+00	-8.016558e-04	0.000000e+00	9.999983e-01	1.000000e-01	1.000000e+00	7.000000e+00
305	9.103168e-01	0.000000e+00	9.103171e-01	0.000000e+00	-8.777555e-05	0.000000e+00	-9.056414e-05	0.000000e+00	9.999983e-01	1.000000e-01	1.000000e+00	7.000000e+00
306	9.105036e-01	0.000000e+00	9.105029e-01	8.349520e-01	1.868096e-04	0.000000e+00	1.857261e-04	8.349520e-01	9.999983e-01	1.000000e-01	1.000000e+00	7.000000e+00
307	9.059367e-01	0.000000e+00	9.059545e-01	0.000000e+00	-4.566905e-03	0.000000e+00	-4.548340e-03	-8.349520e-01	9.999983e-01	1.000000e-01	1.000000e+00	7.000000e+00
308	9.098596e-01	0.000000e+00	9.098443e-01	0.000000e+00	3.922913e-03	0.000000e+00	3.889822e-03	0.000000e+00	9.999982e-01	1.000000e-01	1.000000e+00	7.000000e+00
309	9.091938e-01	0.000000e+00	9.091964e-01	0.000000e+00	-6.657799e-04	0.000000e+00	-6.479846e-04	0.000000e+00	9.999982e-01	1.000000e-01	1.000000e+00	7.000000e+00
310	9.082029e-01	0.000000e+00	9.082068e-01	0.000000e+00	-9.908965e-04	0.000000e+00	-9.895570e-04	0.000000e+00	9.999982e-01	1.000000e-01	1.000000e+00	7.000000e+00
311	9.085681e-01	0.000000e+00	9.085667e-01	0.000000e+00	3.652000e-04	0.000000e+00	3.599080e-04	0.000000e+00	9.999982e-01	1.000000e-01	1.000000e+00	7.000000e+00
312	9.096303e-01	0.000000e+00	9.096261e-01	5.758763e-01	1.062172e-03	0.000000e+00	1.059429e-03	5.758763e-01	9.999982e-01	1.000000e-01	1.000000e+00	7.000000e+00
313	9.029166e-01	0.000000e+00	9.029428e-01	0.000000e+00	-6.713736e-03	0.000000e+00	-6.683373e-03	-5.758763e-01	9.999981e-01	1.000000e-01	1.000000e+00	7.000000e+00
314	9.082229e-01	0.000000e+00	9.082023e-01	0.000000e+00	5.306334e-03	0.000000e+00	5.259499e-03	0.000000e+00	9.999980e-01	1.000000e-01	1.000000e+00	7.000000e+00
315	9.092580e-01	0.000000e+00	9.092539e-01	0.000000e+00	1.035095e-03	0.000000e+00	1.051596e-03	0.000000e+00	9.999980e-01	1.000000e-01	1.000000e+00	7.000000e+00
316	9.079216e-01	0.000000e+00	9.079268e-01	0.000000e+00	-1.336356e-03	0.000000e+00	-1.327028e-03	0.000000e+00	9.999980e-01	1.000000e-01	1.000000e+00	7.000000e+00
317	9.093762e-01	0.000000e+00	9.093706e-01	0.000000e+00	1.454616e-03	0.000000e+00	1.443750e-03	0.000000e+00	9.999980e-01	1.000000e-01	1.000000e+00	7.000000e+00
318	9.081071e-01	0.000000e+00	9.081121e-01	0.000000e+00	-1.269119e-03	0.000000e+00	-1.258522e-03	0.000000e+00	9.999980e-01	1.000000e-01	1.000000e+00	7.000000e+00
319	9.085363e-01	0.000000e+00	9.085347e-01	0.000000e+00	4.292155e-04	0.000000e+00	4.226228e-04	0.000000e+00	9.999980e-01	1.000000e-01	1.000000e+00	7.000000e+00
320	9.088750e-01	0.000000e+00	9.088737e-01	0.000000e+00	3.386421e-04	0.000000e+00	3.389701e-04	0.000000e+00	9.999980e-01	1.000000e-01	1.000000e+00	7.000000e+00
321	9.086821e-01	0.000000e+00	9.086828e-01	0.000000e+00	-1.929381e-04	0.000000e+00	-1.908603e-04	0.000000e+00	9.999980e-01	1.000000e-01	1.000000e+00	7.000000e+00
322	9.086301e-01	0.000000e+00	9.086303e-01	0.000000e+00	-5.195642e-05	0.000000e+00	-5.249901e-05	0.000000e+00	9.999980e-01	1.000000e-01	1.000000e+00	7.000000e+00
323	9.086957e-01	0.000000e+00	9.086954e-01	0.000000e+00	6.560207e-05	0.000000e+00	6.514074e-05	0.000000e+00	9.999980e-01	1.000000e-01	1.000000e+00	7.000000e+00
324	9.110779e-01	0.000000e+00	9.110686e-01	0.000000e+00	2.382216e-03	0.000000e+00	2.373165e-03	0.000000e+00	9.999980e-01	1.000000e-01	1.000000e+00	7.000000e+00
325	9.076265e-01	0.000000e+00	9.076400e-01	0.000000e+00	-3.451368e-03	0.000000e+00	-3.428616e-03	0.000000e+00	9.999979e-01	1.000000e-01	1.000000e+00	7.000000e+00
326	9.103780e-01	0.000000e+00	9.103673e-01	0.000000e+00	2.751450e-03	0.000000e+00	2.727309e-03	0.000000e+00	9.999979e-01	1.000000e-01	1.000000e+00	7.000000e+00
327	9.147860e-01	0.000000e+00	9.147688e-01	1.408254e-01	4.408018e-03	0.000000e+00	4.401453e-03	1.408254e-01	9.999979e-01	1.000000e-01	1.000000e+00	7.000000e+00
328	8.947846e-01	0.000000e+00	8.948627e-01	2.267795e-01	-2.000137e-02	0.000000e+00	-1.990605e-02	8.595401e-02	9.999970e-01	1.000000e-01	1.000000e+00	7.000000e+00
329	8.926861e-01	0.000000e+00	8.926946e-01	0.000000e+00	-2.098511e-03	0.000000e+00	-2.168072e-03	-2.267795e-01	9.999970e-01	1.000000e-01	1.000000e+00	7.000000e+00
330	9.159242e-01	0.000000e+00	9.158334e-01	0.000000e+00	2.323805e-02	0.000000e+00	2.313880e-02	0.000000e+00	9.999959e-01	1.000000e-01	1.000000e+00	7.000000e+00
331	9.163235e-01	0.000000e+00	9.163216e-01	0.000000e+00	3.993418e-04	0.000000e+00	4.881679e-04	0.000000e+00	9.999960e-01	1.000000e-01	1.000000e+00	7.000000e+00
332	9.104376e-01	0.000000e+00	9.104606e-01	7.707109e-01	-5.885886e-03	0.000000e+00	-5.860988e-03	7.707109e-01	9.999959e-01	1.000000e-01	1.000000e+00	7.000000e+00
333	8.969937e-01	0.000000e+00	8.970463e-01	0.000000e+00	-1.344393e-02	0.000000e+00	-1.341431e-02	-7.707109e-01	9.999957e-01	1.000000e-01	1.000000e+00	7.000000e+00
334	9.105334e-01	0.000000e+00	9.104807e-01	0.000000e+00	1.353970e-02	0.000000e+00	1.343442e-02	0.000000e+00	9.999950e-01	1.000000e-01	1.000000e+00	7.000000e+00
335	9.090442e-01	0.000000e+00	9.090498e-01	0.000000e+00	-1.489248e-03	0.000000e+00	-1.430953e-03	0.000000e+00	9.999950e-01	1.000000e-01	1.000000e+00	7.000000e+00
336	9.121866e-01	0.000000e+00	9.121744e-01	0.000000e+00	3.142480e-03	0.000000e+00	3.124615e-03	0.000000e+00	9.999950e-01	1.000000e-01	1.000000e+00	7.000000e+00
337	9.124008e-01	0.000000e+00	9.123999e-01	0.000000e+00	2.141956e-04	0.000000e+00	2.255644e-04	0.000000e+00	9.999950e-01	1.000000e-01	1.000000e+00	7.000000e+00
338	9.222335e-01	0.000000e+00	9.221951e-01	4.898076e-01	9.832675e-03	0.000000e+00	9.795147e-03	4.898076e-01	9.999948e-01	1.000000e-01	1.000000e+00	7.000000e+00
339	8.923684e-01	0.000000e+00	8.924849e-01	2.523373e-01	-2.986513e-02	0.000000e+00	-2.971021e-02	-2.374703e-01	9.999926e-01	1.000000e-01	1.000000e+00	7.000000e+00
340	8.840417e-01	0.000000e+00	8.840747e-01	0.000000e+00	-8.326631e-03	0.000000e+00	-8.410160e-03	-2.523373e-01	9.999929e-01	1.000000e-01	1.000000e+00	7.000000e+00
341	9.220118e-01	0.000000e+00	9.218636e-01	0.000000e+00	3.797007e-02	0.000000e+00	3.778890e-02	0.000000e+00	9.999897e-01	1.000000e-01	1.000000e+00	7.000000e+00
342	9.262850e-01	0.000000e+00	9.262678e-01	0.000000e+00	4.273226e-03	0.000000e+00	4.404147e-03	0.000000e+00	9.999899e-01	1.000000e-01	1.000000e+00	7.000000e+00
343	9.167073e-01	0.000000e+00	9.167447e-01	0.000000e+00	-9.577721e-03	0.000000e+00	-9.523105e-03	0.000000e+00	9.999897e-01	1.000000e-01	1.000000e+00	7.000000e+00
344	9.031547e-01	0.000000e+00	9.032078e-01	0.000000e+00	-1.355261e-02	0.000000e+00	-1.353687e-02	0.000000e+00	9.999896e-01	1.000000e-01	1.000000e+00	7.000000e+00
345	9.130676e-01	0.000000e+00	9.130291e-01	0.000000e+00	9.912892e-03	0.000000e+00	9.821291e-03	0.000000e+00	9.999891e-01	1.000000e-01	1.000000e+00	7.000000e+00
346	9.159059e-01	0.000000e+00	9.158947e-01	0.000000e+00	2.838326e-03	0.000000e+00	2.865603e-03	0.000000e+00	9.999892e-01	1.000000e-01	1.000000e+00	7.000000e+00
347	9.125218e-01	0.000000e+00	9.125349e-01	0.000000e+00	-3.384169e-03	0.000000e+00	-3.359756e-03	0.000000e+00	9.999891e-01	1.000000e-01	1.000000e+00	7.000000e+00
348	9.240588e-01	0.000000e+00	9.240138e-01	0.000000e+00	1.153708e-02	0.000000e+00	1.147889e-02	0.000000e+00	9.999888e-01	1.000000e-01	1.000000e+00	7.000000e+00
349	9.258108e-01	0.000000e+00	9.258037e-01	1.356538e-01	1.751922e-03	0.000000e+00	1.789918e-03	1.356538e-01	9.999889e-01	1.000000e-01	1.000000e+00	7.000000e+00
350	8.906446e-01	0.000000e+00	8.907819e-01	0.000000e+00	-3.516621e-02	0.000000e+00	-3.502185e-02	-1.356538e-01	9.999864e-01	1.000000e-01	1.000000e+00	7.000000e+00
351	9.110353e-01	0.000000e+00	9.109562e-01	0.000000e+00	2.039073e-02	0.000000e+00	2.017427e-02	0.000000e+00	9.999844e-01	1.000000e-01	1.000000e+00	7.000000e+00
352	9.204408e-01	0.000000e+00	9.204037e-01	0.000000e+00	9.405468e-03	0.000000e+00	9.447534e-03	0.000000e+00	9.999845e-01	1.000000e-01	1.000000e+00	7.000000e+00
353	9.153482e-01	0.000000e+00	9.153680e-01	0.000000e+00	-5.092536e-03	0.000000e+00	-5.035739e-03	0.000000e+00	9.999844e-01	1.000000e-01	1.000000e+00	7.000000e+00
354	9.129286e-01	0.000000e+00	9.129382e-01	1.851506e+00	-2.419587e-03	0.000000e+00	-2.429807e-03	1.851506e+00	9.999844e-01	1.000000e-01	1.000000e+00	7.000000e+00
355	8.932612e-01	0.000000e+00	8.933381e-01	1.636422e+00	-1.966742e-02	0.000000e+00	-1.960008e-02	-2.150837e-01	9.999838e-01	1.000000e-01	1.000000e+00	7.000000e+00
356	8.970878e-01	0.000000e+00	8.970732e-01	0.000000e+00	3.826635e-03	0.000000e+00	3.735124e-03	-1.636422e+00	9.999836e-01	1.000000e-01	1.000000e+00	7.000000e+00
357	9.062180e-01	5.774645e-02	9.061823e-01	0.000000e+00	9.130179e-03	5.774645e-02	9.109104e-03	0.000000e+00	9.999585e-01	9.984130e-02	9.982104e-01	6.988681e+00
358	9.053351e-01	1.212398e-01	9.053384e-01	6.089762e-01	-8.829651e-04	6.349333e-02	-8.439336e-04	6.089762e-01	9.999612e-01	9.965167e-02	9.981409e-01	6.993681e+00
359	8.995413e-01	1.998203e-02	8.995640e-01	0.000000e+00	-5.793747e-03	-1.012578e-01	-5.774412e-03	-6.089762e-01	9.999335e-01	9.916791e-02	9.978535e-01	6.988658e+00
360	9.021467e-01	1.824434e-02	9.021366e-01	0.000000e+00	2.605359e-03	-1.737692e-03	2.572626e-03	0.000000e+00	9.999337e-01	9.916780e-02	9.978653e-01	6.988650e+00
361	9.034419e-01	2.225340e-02	9.034368e-01	0.000000e+00	1.295190e-03	4.009063e-03	1.300180e-03	0.000000e+00	9.999334e-01	9.916705e-02	9.978472e-01	6.988595e+00
362	9.025310e-01	3.200917e-02	9.025345e-01	0.000000e+00	-9.108541e-04	9.755772e-03	-9.022172e-04	0.000000e+00	9.999338e-01	9.916261e-02	9.978763e-01	6.988283e+00
363	9.025043e-01	4.751156e-02	9.025044e-01	4.660377e-01	-2.673714e-05	1.550238e-02	-3.015698e-05	4.660377e-01	9.999339e-01	9.915126e-02	9.978718e-01	6.990917e+00
364	8.971370e-01	0.000000e+00	8.971580e-01	0.000000e+00	-5.367241e-03	-4.751156e-02	-5.346393e-03	-4.660377e-01	9.999218e-01	9.904461e-02	9.981991e-01	6.993814e+00
365	9.014117e-01	0.000000e+00	9.013951e-01	0.000000e+00	4.274707e-03	0.000000e+00	4.237125e-03	0.000000e+00	9.999217e-01	9.904461e-02	1.000000e+00	7.000000e+00
366	9.028847e-01	0.000000e+00	9.028789e-01	1.963249e-01	1.472975e-03	0.000000e+00	1.483772e-03	1.963249e-01	9.999217e-01	9.904461e-02	1.000000e+00	7.000000e+00
367	8.938276e-01	0.000000e+00	8.938629e-01	0.000000e+00	-9.057130e-03	0.000000e+00	-9.015955e-03	-1.963249e-01	9.999216e-01	9.904461e-02	1.000000e+00	7.000000e+00
368	9.016122e-01	0.000000e+00	9.015820e-01	0.000000e+00	7.784667e-03	0.000000e+00	7.719040e-03	0.000000e+00	9.999213e-01	9.904461e-02	1.000000e+00	7.000000e+00
369	9.026816e-01	0.000000e+00	9.026773e-01	0.000000e+00	1.069394e-03	0.000000e+00	1.095369e-03	0.000000e+00	9.999213e-01	9.904461e-02	1.000000e+00	7.000000e+00
370	9.004972e-01	0.000000e+00	9.005057e-01	2.250612e+00	-2.184438e-03	0.000000e+00	-2.171626e-03	2.250612e+00	9.999213e-01	9.904461e-02	1.000000e+00	7.000000e+00
371	9.013339e-01	0.000000e+00	9.013306e-01	7.466672e-01	8.366646e-04	0.000000e+00	8.249134e-04	-1.503945e+00	9.999213e-01	9.904461e-02	1.000000e+00	7.000000e+00
372	9.029451e-01	0.000000e+00	9.029388e-01	0.000000e+00	1.611231e-03	0.000000e+00	1.608159e-03	-7.466672e-01	9.999213e-01	9.904461e-02	1.000000e+00	7.000000e+00
373	9.068083e-01	6.413467e-02	9.067932e-01	2.239808e+00	3.863214e-03	6.413467e-02	3.854405e-03	2.239808e+00	9.999097e-01	9.885124e-02	1.003272e+00	7.054327e+00
374	9.073910e-01	0.000000e+00	9.073886e-01	8.036530e-01	5.826745e-04	-6.413467e-02	5.954547e-04	-1.436155e+00	9.999114e-01	9.865811e-02	1.003001e+00	7.084252e+00
375	9.088434e-01	0.000000e+00	9.088377e-01	0.000000e+00	1.452386e-03	0.000000e+00	1.449039e-03	-8.036530e-01	9.999114e-01	9.865811e-02	1.000000e+00	7.000000e+00
376	9.112827e-01	5.538638e-02	9.112732e-01	0.000000e+00	2.439343e-03	5.538638e-02	2.435475e-03	0.000000e+00	9.999051e-01	9.851447e-02	9.995486e-01	6.989752e+00
377	9.107371e-01	1.165249e-01	9.107392e-01	5.917278e-01	-5.456502e-04	6.113851e-02	-5.340052e-04	5.917278e-01	9.999067e-01	9.834022e-02	9.995060e-01	6.994532e+00
378	9.083256e-01	1.759560e-02	9.083351e-01	0.000000e+00	-2.411419e-03	-9.892929e-02	-2.404085e-03	-5.917278e-01	9.998956e-01	9.788495e-02	9.993890e-01	6.989732e+00
379	9.076341e-01	1.561863e-02	9.076369e-01	3.136934e-01	-6.915043e-04	-1.976972e-03	-6.981940e-04	3.136934e-01	9.998955e-01	9.788478e-02	9.992812e-01	6.989424e+00
380	9.082395e-01	0.000000e+00	9.082372e-01	0.000000e+00	6.053851e-04	-1.561863e-02	6.002930e-04	-3.136934e-01	9.998959e-01	9.787347e-02	9.992222e-01	6.990946e+00
381	9.084509e-01	0.000000e+00	9.084501e-01	9.002392e-01	2.113888e-04	0.000000e+00	2.129080e-04	9.002392e-01	9.998959e-01	9.787347e-02	1.000000e+00	7.000000e+00
382	9.088479e-01	0.000000e+00	9.088464e-01	0.000000e+00	3.970168e-04	0.000000e+00	3.962976e-04	-9.002392e-01	9.998959e-01	9.787347e-02	1.000000e+00	7.000000e+00
383	9.144955e-01	0.000000e+00	9.144735e-01	0.000000e+00	5.647593e-03	0.000000e+00	5.627081e-03	0.000000e+00	9.998959e-01	9.787347e-02	1.000000e+00	7.000000e+00
384	9.123574e-01	0.000000e+00	9.123657e-01	0.000000e+00	-2.138093e-03	0.000000e+00	-2.107760e-03	0.000000e+00	9.998958e-01	9.787347e-02	1.000000e+00	7.000000e+00
385	9.102425e-01	0.000000e+00	9.102508e-01	0.000000e+00	-2.114898e-03	0.000000e+00	-2.114870e-03	0.000000e+00	9.998958e-01	9.787347e-02	1.000000e+00	7.000000e+00
386	9.109783e-01	0.000000e+00	9.109755e-01	8.167428e-01	7.357810e-04	0.000000e+00	7.246456e-04	8.167428e-01	9.998958e-01	9.787347e-02	1.000000e+00	7.000000e+00
387	9.092150e-01	0.000000e+00	9.092218e-01	0.000000e+00	-1.763350e-03	0.000000e+00	-1.753632e-03	-8.167428e-01	9.998958e-01	9.787347e-02	1.000000e+00	7.000000e+00
388	9.107484e-01	0.000000e+00	9.107424e-01	0.000000e+00	1.533433e-03	0.000000e+00	1.520593e-03	0.000000e+00	9.998958e-01	9.787347e-02	1.000000e+00	7.000000e+00
389	9.105594e-01	0.000000e+00	9.105601e-01	0.000000e+00	-1.890343e-04	0.000000e+00	-1.823560e-04	0.000000e+00	9.998958e-01	9.787347e-02	1.000000e+00	7.000000e+00
390	9.107084e-01	0.000000e+00	9.107079e-01	0.000000e+00	1.490676e-04	0.000000e+00	1.477729e-04	0.000000e+00	9.998958e-01	9.787347e-02	1.000000e+00	7.000000e+00
391	9.123179e-01	0.000000e+00	9.123116e-01	0.000000e+00	1.609425e-03	0.000000e+00	1.603716e-03	0.000000e+00	9.998958e-01	9.787347e-02	1.000000e+00	7.000000e+00
392	9.166691e-01	0.000000e+00	9.166520e-01	2.424036e-01	4.351214e-03	0.000000e+00	4.340481e-03	2.424036e-01	9.998958e-01	9.787347e-02	1.000000e+00	7.000000e+00
393	9.008860e-01	0.000000e+00	9.009476e-01	0.000000e+00	-1.578309e-02	0.000000e+00	-1.570448e-02	-2.424036e-01	9.998952e-01	9.787347e-02	1.000000e+00	7.000000e+00
394	9.113376e-01	0.000000e+00	9.112970e-01	1.332443e+00	1.045165e-02	0.000000e+00	1.034947e-02	1.332443e+00	9.998947e-01	9.787347e-02	1.000000e+00	7.000000e+00
395	9.063154e-01	0.000000e+00	9.063349e-01	0.000000e+00	-5.022218e-03	0.000000e+00	-4.962172e-03	-1.332443e+00	9.998946e-01	9.787347e-02	1.000000e+00	7.000000e+00
396	9.090920e-01	1.124423e-02	9.090813e-01	9.721350e-01	2.776637e-03	1.124423e-02	2.746407e-03	9.721350e-01	9.998931e-01	9.786744e-02	1.001175e+00	7.004757e+00
397	9.040130e-01	0.000000e+00	9.040328e-01	0.000000e+00	-5.079004e-03	-1.124423e-02	-5.048436e-03	-9.721350e-01	9.998904e-01	9.786140e-02	1.003317e+00	7.009501e+00
398	9.079418e-01	0.000000e+00	9.079265e-01	0.000000e+00	3.928744e-03	0.000000e+00	3.893677e-03	0.000000e+00	9.998903e-01	9.786140e-02	1.000000e+00	7.000000e+00
399	9.089920e-01	0.000000e+00	9.089878e-01	4.720114e-01	1.050173e-03	0.000000e+00	1.061280e-03	4.720114e-01	9.998903e-01	9.786140e-02	1.000000e+00	7.000000e+00
400	9.004034e-01	0.000000e+00	9.004370e-01	0.000000e+00	-8.588526e-03	0.000000e+00	-8.550831e-03	-4.720114e-01	9.998902e-01	9.786140e-02	1.000000e+00	7.000000e+00
401	9.068572e-01	0.000000e+00	9.068321e-01	4.667467e-01	6.453768e-03	0.000000e+00	6.395156e-03	4.667467e-01	9.998900e-01	9.786140e-02	1.000000e+00	7.000000e+00
402	9.039985e-01	0.000000e+00	9.040095e-01	0.000000e+00	-2.858751e-03	0.000000e+00	-2.822603e-03	-4.667467e-01	9.998899e-01	9.786140e-02	1.000000e+00	7.000000e+00
403	9.074442e-01	0.000000e+00	9.074307e-01	0.000000e+00	3.445706e-03	0.000000e+00	3.421221e-03	0.000000e+00	9.998899e-01	9.786140e-02	1.000000e+00	7.000000e+00
404	9.077471e-01	0.000000e+00	9.077458e-01	0.000000e+00	3.029205e-04	0.000000e+00	3.151014e-04	0.000000e+00	9.998899e-01	9.786140e-02	1.000000e+00	7.000000e+00
405	9.068329e-01	0.000000e+00	9.068365e-01	0.000000e+00	-9.141846e-04	0.000000e+00	-9.093827e-04	0.000000e+00	9.998899e-01	9.786140e-02	1.000000e+00	7.000000e+00
406	9.070737e-01	0.000000e+00	9.070728e-01	0.000000e+00	2.408503e-04	0.000000e+00	2.363572e-04	0.000000e+00	9.998899e-01	9.786140e-02	1.000000e+00	7.000000e+00
407	9.087178e-01	0.000000e+00	9.087114e-01	0.000000e+00	1.644039e-03	0.000000e+00	1.638540e-03	0.000000e+00	9.998899e-01	9.786140e-02	1.000000e+00	7.000000e+00
408	9.085726e-01	0.000000e+00	9.085731e-01	0.000000e+00	-1.452295e-04	0.000000e+00	-1.382617e-04	0.000000e+00	9.998899e-01	9.786140e-02	1.000000e+00	7.000000e+00
409	9.081742e-01	0.000000e+00	9.081757e-01	0.000000e+00	-3.983725e-04	0.000000e+00	-3.973564e-04	0.000000e+00	9.998899e-01	9.786140e-02	1.000000e+00	7.000000e+00
410	9.082073e-01	0.000000e+00	9.082072e-01	7.733824e-01	3.315502e-05	0.000000e+00	3.147333e-05	7.733824e-01	9.998899e-01	9.786140e-02	1.000000e+00	7.000000e+00
411	9.025150e-01	0.000000e+00	9.025372e-01	0.000000e+00	-5.692322e-03	0.000000e+00	-5.669964e-03	-7.733824e-01	9.998898e-01	9.786140e-02	1.000000e+00	7.000000e+00
412	9.068630e-01	0.000000e+00	9.068461e-01	9.123766e-02	4.347941e-03	0.000000e+00	4.308808e-03	9.123766e-02	9.998897e-01	9.786140e-02	1.000000e+00	7.000000e+00
413	9.030837e-01	0.000000e+00	9.030984e-01	0.000000e+00	-3.779259e-03	0.000000e+00	-3.747665e-03	-9.123766e-02	9.998897e-01	9.786140e-02	1.000000e+00	7.000000e+00
414	9.065503e-01	0.000000e+00	9.065368e-01	0.000000e+00	3.466574e-03	0.000000e+00	3.438394e-03	0.000000e+00	9.998896e-01	9.786140e-02	1.000000e+00	7.000000e+00
415	9.075132e-01	0.000000e+00	9.075094e-01	0.000000e+00	9.629128e-04	0.000000e+00	9.725827e-04	0.000000e+00	9.998896e-01	9.786140e-02	1.000000e+00	7.000000e+00
416	9.064518e-01	0.000000e+00	9.064559e-01	0.000000e+00	-1.061409e-03	0.000000e+00	-1.053463e-03	0.000000e+00	9.998896e-01	9.786140e-02	1.000000e+00	7.000000e+00
417	9.063799e-01	0.000000e+00	9.063802e-01	0.000000e+00	-7.191034e-05	0.000000e+00	-7.574454e-05	0.000000e+00	9.998896e-01	9.786140e-02	1.000000e+00	7.000000e+00
418	9.077487e-01	0.000000e+00	9.077434e-01	1.132813e+00	1.368872e-03	0.000000e+00	1.363229e-03	1.132813e+00	9.998896e-01	9.786140e-02	1.000000e+00	7.000000e+00
419	9.012636e-01	0.000000e+00	9.012889e-01	0.000000e+00	-6.485144e-03	0.000000e+00	-6.454487e-03	-1.132813e+00	9.998895e-01	9.786140e-02	1.000000e+00	7.000000e+00
420	9.054760e-01	0.000000e+00	9.054596e-01	0.000000e+00	4.212388e-03	0.000000e+00	4.170721e-03	0.000000e+00	9.998895e-01	9.786140e-02	1.000000e+00	7.000000e+00
421	9.057050e-01	0.000000e+00	9.057041e-01	1.058530e+00	2.290602e-04	0.000000e+00	2.444573e-04	1.058530e+00	9.998895e-01	9.786140e-02	1.000000e+00	7.000000e+00
422	9.027491e-01	0.000000e+00	9.027607e-01	0.000000e+00	-2.955927e-03	0.000000e+00	-2.943426e-03	-1.058530e+00	9.998894e-01	9.786140e-02	1.000000e+00	7.000000e+00
423	9.031860e-01	0.000000e+00	9.031843e-01	0.000000e+00	4.368761e-04	0.000000e+00	4.236718e-04	0.000000e+00	9.998894e-01	9.786140e-02	1.000000e+00	7.000000e+00
424	9.039417e-01	0.000000e+00	9.039388e-01	3.460580e-01	7.557489e-04	0.000000e+00	7.544518e-04	3.460580e-01	9.998894e-01	9.786140e-02	1.000000e+00	7.000000e+00
425	8.998351e-01	0.000000e+00	8.998511e-01	0.000000e+00	-4.106681e-03	0.000000e+00	-4.087692e-03	-3.460580e-01	9.998894e-01	9.786140e-02	1.000000e+00	7.000000e+00
426	9.051985e-01	0.000000e+00	9.051776e-01	0.000000e+00	5.363403e-03	0.000000e+00	5.326484e-03	0.000000e+00	9.998893e-01	9.786140e-02	1.000000e+00	7.000000e+00
427	9.049955e-01	0.000000e+00	9.049962e-01	0.000000e+00	-2.029809e-04	0.000000e+00	-1.813814e-04	0.000000e+00	9.998893e-01	9.786140e-02	1.000000e+00	7.000000e+00
428	9.036629e-01	0.000000e+00	9.036681e-01	0.000000e+00	-1.332540e-03	0.000000e+00	-1.328043e-03	0.000000e+00	9.998893e-01	9.786140e-02	1.000000e+00	7.000000e+00
429	9.049267e-01	0.000000e+00	9.049218e-01	0.000000e+00	1.263739e-03	0.000000e+00	1.253615e-03	0.000000e+00	9.998893e-01	9.786140e-02	1.000000e+00	7.000000e+00
430	9.050741e-01	0.000000e+00	9.050735e-01	1.756062e-02	1.474444e-04	0.000000e+00	1.517654e-04	1.756062e-02	9.998893e-01	9.786140e-02	1.000000e+00	7.000000e+00
431	8.932108e-01	0.000000e+00	8.932572e-01	0.000000e+00	-1.186330e-02	0.000000e+00	-1.181637e-02	-1.756062e-02	9.998890e-01	9.786140e-02	1.000000e+00	7.000000e+00
432	9.044428e-01	0.000000e+00	9.043992e-01	0.000000e+00	1.123203e-02	0.000000e+00	1.114200e-02	0.000000e+00	9.998886e-01	9.786140e-02	1.000000e+00	7.000000e+00
433	9.078546e-01	0.000000e+00	9.078411e-01	0.000000e+00	3.411776e-03	0.000000e+00	3.441972e-03	0.000000e+00	9.998886e-01	9.786140e-02	1.000000e+00	7.000000e+00
434	9.043294e-01	0.000000e+00	9.043431e-01	0.000000e+00	-3.525267e-03	0.000000e+00	-3.498051e-03	0.000000e+00	9.998886e-01	9.786140e-02	1.000000e+00	7.000000e+00
435	9.122868e-01	0.000000e+00	9.122558e-01	0.000000e+00	7.957464e-03	0.000000e+00	7.912716e-03	0.000000e+00	9.998884e-01	9.786140e-02	1.000000e+00	7.000000e+00
436	9.260447e-01	0.000000e+00	9.259909e-01	0.000000e+00	1.375791e-02	0.000000e+00	1.373508e-02	0.000000e+00	9.998883e-01	9.786140e-02	1.000000e+00	7.000000e+00
437	9.210100e-01	3.854392e-03	9.210295e-01	9.275609e-01	-5.034698e-03	3.854392e-03	-4.961379e-03	9.275609e-01	9.998890e-01	9.786084e-02	9.978343e-01	7.001658e+00
438	8.875342e-01	0.000000e+00	8.876651e-01	2.817459e-02	-3.347579e-02	-3.854392e-03	-3.336440e-02	-8.993863e-01	9.998813e-01	9.785995e-02	1.011168e+00	7.003193e+00
439	8.756818e-01	0.000000e+00	8.757286e-01	6.325653e-01	-1.185246e-02	0.000000e+00	-1.193649e-02	6.043907e-01	9.998818e-01	9.785995e-02	1.000000e+00	7.000000e+00
440	8.908195e-01	0.000000e+00	8.907605e-01	0.000000e+00	1.513771e-02	0.000000e+00	1.503195e-02	-6.325653e-01	9.998810e-01	9.785995e-02	1.000000e+00	7.000000e+00
441	9.344957e-01	0.000000e+00	9.343248e-01	0.000000e+00	4.367618e-02	0.000000e+00	4.356429e-02	0.000000e+00	9.998788e-01	9.785995e-02	1.000000e+00	7.000000e+00
442	9.091349e-01	0.000000e+00	9.092333e-01	0.000000e+00	-2.536079e-02	0.000000e+00	-2.509155e-02	0.000000e+00	9.998756e-01	9.785995e-02	1.000000e+00	7.000000e+00
443	9.065686e-01	0.000000e+00	9.065790e-01	0.000000e+00	-2.566318e-03	0.000000e+00	-2.654307e-03	0.000000e+00	9.998757e-01	9.785995e-02	1.000000e+00	7.000000e+00
444	9.135246e-01	0.000000e+00	9.134975e-01	0.000000e+00	6.956063e-03	0.000000e+00	6.918523e-03	0.000000e+00	9.998756e-01	9.785995e-02	1.000000e+00	7.000000e+00
445	9.124315e-01	0.000000e+00	9.124356e-01	0.000000e+00	-1.093152e-03	0.000000e+00	-1.061857e-03	0.000000e+00	9.998756e-01	9.785995e-02	1.000000e+00	7.000000e+00
446	9.218110e-01	0.000000e+00	9.217743e-01	0.000000e+00	9.379477e-03	0.000000e+00	9.338691e-03	0.000000e+00	9.998754e-01	9.785995e-02	1.000000e+00	7.000000e+00
447	9.223113e-01	0.000000e+00	9.223092e-01	0.000000e+00	5.003334e-04	0.000000e+00	5.348582e-04	0.000000e+00	9.998754e-01	9.785995e-02	1.000000e+00	7.000000e+00
448	9.198126e-01	0.000000e+00	9.198224e-01	0.000000e+00	-2.498679e-03	0.000000e+00	-2.486829e-03	0.000000e+00	9.998754e-01	9.785995e-02	1.000000e+00	7.000000e+00
449	9.381897e-01	0.000000e+00	9.381180e-01	0.000000e+00	1.837711e-02	0.000000e+00	1.829561e-02	0.000000e+00	9.998747e-01	9.785995e-02	1.000000e+00	7.000000e+00
450	9.400980e-01	0.000000e+00	9.400902e-01	2.877718e-01	1.908227e-03	0.000000e+00	1.972240e-03	2.877718e-01	9.998748e-01	9.785995e-02	1.000000e+00	7.000000e+00
451	8.873249e-01	0.000000e+00	8.875310e-01	0.000000e+00	-5.277306e-02	0.000000e+00	-5.255921e-02	-2.877718e-01	9.998696e-01	9.785995e-02	1.000000e+00	7.000000e+00
452	9.307340e-01	0.000000e+00	9.305653e-01	0.000000e+00	4.340913e-02	0.000000e+00	4.303425e-02	0.000000e+00	9.998620e-01	9.785995e-02	1.000000e+00	7.000000e+00
453	9.514563e-01	0.000000e+00	9.513747e-01	0.000000e+00	2.072233e-02	0.000000e+00	2.080948e-02	0.000000e+00	9.998629e-01	9.785995e-02	1.000000e+00	7.000000e+00
454	9.438991e-01	0.000000e+00	9.439283e-01	0.000000e+00	-7.557217e-03	0.000000e+00	-7.446410e-03	0.000000e+00	9.998625e-01	9.785995e-02	1.000000e+00	7.000000e+00
455	9.378684e-01	0.000000e+00	9.378921e-01	1.322836e+00	-6.030749e-03	0.000000e+00	-6.036279e-03	1.322836e+00	9.998625e-01	9.785995e-02	1.000000e+00	7.000000e+00
456	8.868247e-01	0.000000e+00	8.870242e-01	4.929016e-01	-5.104366e-02	0.000000e+00	-5.086785e-02	-8.299346e-01	9.998584e-01	9.785995e-02	1.000000e+00	7.000000e+00
457	8.789890e-01	0.000000e+00	8.790204e-01	0.000000e+00	-7.835703e-03	0.000000e+00	-8.003797e-03	-4.929016e-01	9.998590e-01	9.785995e-02	1.000000e+00	7.000000e+00
458	9.066884e-01	0.000000e+00	9.065803e-01	0.000000e+00	2.769934e-02	0.000000e+00	2.755987e-02	0.000000e+00	9.998572e-01	9.785995e-02	1.000000e+00	7.000000e+00
459	9.074943e-01	0.000000e+00	9.074907e-01	0.000000e+00	8.059342e-04	0.000000e+00	9.104418e-04	0.000000e+00	9.998573e-01	9.785995e-02	1.000000e+00	7.000000e+00
460	9.003425e-01	0.000000e+00	9.003704e-01	0.000000e+00	-7.151766e-03	0.000000e+00	-7.120273e-03	0.000000e+00	9.998572e-01	9.785995e-02	1.000000e+00	7.000000e+00
461	9.016802e-01	0.000000e+00	9.016750e-01	9.653542e-01	1.337641e-03	0.000000e+00	1.304602e-03	9.653542e-01	9.998572e-01	9.785995e-02	1.000000e+00	7.000000e+00
462	8.952364e-01	0.000000e+00	8.952615e-01	0.000000e+00	-6.443784e-03	0.000000e+00	-6.413517e-03	-9.653542e-01	9.998571e-01	9.785995e-02	1.000000e+00	7.000000e+00
463	9.007284e-01	0.000000e+00	9.007071e-01	0.000000e+00	5.492058e-03	0.000000e+00	5.445552e-03	0.000000e+00	9.998570e-01	9.785995e-02	1.000000e+00	7.000000e+00
464	9.030217e-01	0.000000e+00	9.030126e-01	3.862183e-01	2.293211e-03	0.000000e+00	2.305525e-03	3.862183e-01	9.998570e-01	9.785995e-02	1.000000e+00	7.000000e+00
465	8.941961e-01	0.000000e+00	8.942305e-01	0.000000e+00	-8.825556e-03	0.000000e+00	-8.782076e-03	-3.862183e-01	9.998568e-01	9.785995e-02	1.000000e+00	7.000000e+00
466	8.999892e-01	0.000000e+00	8.999667e-01	0.000000e+00	5.793136e-03	0.000000e+00	5.736202e-03	0.000000e+00	9.998566e-01	9.785995e-02	1.000000e+00	7.000000e+00
467	9.020764e-01	0.000000e+00	9.020682e-01	3.762006e-01	2.087192e-03	0.000000e+00	2.101445e-03	3.762006e-01	9.998566e-01	9.785995e-02	1.000000e+00	7.000000e+00
468	8.941842e-01	0.000000e+00	8.942150e-01	0.000000e+00	-7.892259e-03	0.000000e+00	-7.853221e-03	-3.762006e-01	9.998565e-01	9.785995e-02	1.000000e+00	7.000000e+00
469	9.031359e-01	0.000000e+00	9.031011e-01	0.000000e+00	8.951751e-03	0.000000e+00	8.886107e-03	0.000000e+00	9.998562e-01	9.785995e-02	1.000000e+00	7.000000e+00
470	9.020775e-01	0.000000e+00	9.020815e-01	0.000000e+00	-1.058365e-03	0.000000e+00	-1.019520e-03	0.000000e+00	9.998562e-01	9.785995e-02	1.000000e+00	7.000000e+00
471	8.998748e-01	0.000000e+00	8.998834e-01	0.000000e+00	-2.202783e-03	0.000000e+00	-2.198161e-03	0.000000e+00	9.998562e-01	9.785995e-02	1.000000e+00	7.000000e+00
472	9.013169e-01	0.000000e+00	9.013113e-01	0.000000e+00	1.442122e-03	0.000000e+00	1.427902e-03	0.000000e+00	9.998562e-01	9.785995e-02	1.000000e+00	7.000000e+00
473	9.004372e-01	0.000000e+00	9.004406e-01	0.000000e+00	-8.796763e-04	0.000000e+00	-8.706623e-04	0.000000e+00	9.998562e-01	9.785995e-02	1.000000e+00	7.000000e+00
474	9.002621e-01	0.000000e+00	9.002628e-01	0.000000e+00	-1.750675e-04	0.000000e+00	-1.777846e-04	0.000000e+00	9.998562e-01	9.785995e-02	1.000000e+00	7.000000e+00
475	9.012689e-01	0.000000e+00	9.012650e-01	5.924301e-02	1.006788e-03	0.000000e+00	1.002161e-03	5.924301e-02	9.998562e-01	9.785995e-02	1.000000e+00	7.000000e+00
476	8.934628e-01	0.000000e+00	8.934933e-01	0.000000e+00	-7.806159e-03	0.000000e+00	-7.771752e-03	-5.924301e-02	9.998561e-01	9.785995e-02	1.000000e+00	7.000000e+00
477	8.993051e-01	0.000000e+00	8.992824e-01	0.000000e+00	5.842321e-03	0.000000e+00	5.789141e-03	0.000000e+00	9.998559e-01	9.785995e-02	1.000000e+00	7.000000e+00
478	9.020148e-01	0.000000e+00	9.020041e-01	1.614506e-01	2.709668e-03	0.000000e+00	2.721697e-03	1.614506e-01	9.998559e-01	9.785995e-02	1.000000e+00	7.000000e+00
479	8.939934e-01	0.000000e+00	8.940247e-01	2.360250e-03	-8.021398e-03	0.000000e+00	-7.979433e-03	-1.590903e-01	9.998558e-01	9.785995e-02	1.000000e+00	7.000000e+00
480	8.911414e-01	0.000000e+00	8.911527e-01	0.000000e+00	-2.851972e-03	0.000000e+00	-2.872001e-03	-2.360250e-03	9.998558e-01	9.785995e-02	1.000000e+00	7.000000e+00
481	9.016638e-01	0.000000e+00	9.016227e-01	0.000000e+00	1.052240e-02	0.000000e+00	1.047008e-02	0.000000e+00	9.998556e-01	9.785995e-02	1.000000e+00	7.000000e+00
482	9.026677e-01	0.000000e+00	9.026636e-01	1.866232e+00	1.003888e-03	0.000000e+00	1.040865e-03	1.866232e+00	9.998556e-01	9.785995e-02	1.000000e+00	7.000000e+00
483	9.002350e-01	0.000000e+00	9.002445e-01	9.058732e-01	-2.432660e-03	0.000000e+00	-2.419091e-03	-9.603590e-01	9.998556e-01	9.785995e-02	1.000000e+00	7.000000e+00
484	9.019512e-01	0.000000e+00	9.019445e-01	0.000000e+00	1.716177e-03	0.000000e+00	1.700023e-03	-9.058732e-01	9.998556e-01	9.785995e-02	1.000000e+00	7.000000e+00
485	9.049119e-01	0.000000e+00	9.049003e-01	0.000000e+00	2.960738e-03	0.000000e+00	2.955813e-03	0.000000e+00	9.998555e-01	9.785995e-02	1.000000e+00	7.000000e+00
486	9.034899e-01	0.000000e+00	9.034954e-01	6.109796e-01	-1.422053e-03	0.000000e+00	-1.404952e-03	6.109796e-01	9.998555e-01	9.785995e-02	1.000000e+00	7.000000e+00
487	9.017639e-01	0.000000e+00	9.017706e-01	0.000000e+00	-1.726007e-03	0.000000e+00	-1.724753e-03	-6.109796e-01	9.998555e-01	9.785995e-02	1.000000e+00	7.000000e+00
488	9.034713e-01	0.000000e+00	9.034647e-01	0.000000e+00	1.707448e-03	0.000000e+00	1.694041e-03	0.000000e+00	9.998555e-01	9.785995e-02	1.000000e+00	7.000000e+00
489	9.036417e-01	0.000000e+00	9.036411e-01	0.000000e+00	1.704278e-04	0.000000e+00	1.763794e-04	0.000000e+00	9.998555e-01	9.785995e-02	1.000000e+00	7.000000e+00
490	9.031805e-01	0.000000e+00	9.031823e-01	6.395957e-01	-4.612663e-04	0.000000e+00	-4.587755e-04	6.395957e-01	9.998555e-01	9.785995e-02	1.000000e+00	7.000000e+00
491	9.054065e-01	0.000000e+00	9.053979e-01	3.282154e-02	2.226060e-03	0.000000e+00	2.215572e-03	-6.067742e-01	9.998555e-01	9.785995e-02	1.000000e+00	7.000000e+00
492	9.087612e-01	0.000000e+00	9.087480e-01	0.000000e+00	3.354634e-03	0.000000e+00	3.350184e-03	-3.282154e-02	9.998555e-01	9.785995e-02	1.000000e+00	7.000000e+00
493	9.113296e-01	0.000000e+00	9.113196e-01	0.000000e+00	2.568467e-03	0.000000e+00	2.571521e-03	0.000000e+00	9.998555e-01	9.785995e-02	1.000000e+00	7.000000e+00
494	9.104042e-01	0.000000e+00	9.104078e-01	0.000000e+00	-9.253955e-04	0.000000e+00	-9.117357e-04	0.000000e+00	9.998555e-01	9.785995e-02	1.000000e+00	7.000000e+00
495	9.119768e-01	0.000000e+00	9.119707e-01	1.227428e+00	1.572559e-03	0.000000e+00	1.562855e-03	1.227428e+00	9.998555e-01	9.785995e-02	1.000000e+00	7.000000e+00
496	9.144611e-01	0.000000e+00	9.144514e-01	9.365027e-01	2.484286e-03	0.000000e+00	2.480687e-03	-2.909255e-01	9.998555e-01	9.785995e-02	1.000000e+00	7.000000e+00
497	9.202086e-01	0.000000e+00	9.201861e-01	6.382641e-02	5.747510e-03	0.000000e+00	5.734749e-03	-8.726763e-01	9.998555e-01	9.785995e-02	1.000000e+00	7.000000e+00
498	9.227064e-01	0.000000e+00	9.226966e-01	0.000000e+00	2.497823e-03	0.000000e+00	2.510468e-03	-6.382641e-02	9.998555e-01	9.785995e-02	1.000000e+00	7.000000e+00
499	9.261551e-01	0.000000e+00	9.261416e-01	0.000000e+00	3.448670e-03	0.000000e+00	3.445005e-03	0.000000e+00	9.998555e-01	9.785995e-02	1.000000e+00	7.000000e+00
