#sequence delta(k-1),f(k-1),theta(k),v(k),delta_diff(k-1),f_diff(k-1),theta_diff(k),v_diff(k),phi(1,1;k),phi(1,2;k),phi(2,1;k),phi(2,2;k)
1	7.948685e-01	0.000000e+00	7.945809e-01	0.000000e+00	7.948685e-01	0.000000e+00	7.333939e-02	-4.412610e-04	7.929776e-01	1.000000e-01	1.000000e+00	1.100000e+01
2	1.873602e+00	2.000000e-01	1.869387e+00	1.052829e+00	1.078734e+00	2.000000e-01	1.074806e+00	1.052829e+00	8.567605e-01	1.118255e-01	2.879719e-01	1.086799e+01
3	9.124973e-01	4.000000e-01	9.162351e-01	3.398426e+00	-9.611050e-01	2.000000e-01	-9.531522e-01	2.345597e+00	9.036128e-01	1.020758e-01	1.497169e-01	1.089676e+01
4	9.692314e-01	3.394795e-01	9.690244e-01	2.282940e+00	5.673418e-02	-6.052051e-02	5.278931e-02	-1.115485e+00	9.038196e-01	1.018552e-01	1.372421e-01	1.091007e+01
5	1.329533e+00	5.394795e-01	1.328125e+00	4.211866e+00	3.603020e-01	2.000000e-01	3.591008e-01	1.928926e+00	9.058832e-01	1.030007e-01	8.951729e-02	1.088357e+01
6	1.066517e+00	6.035137e-01	1.067539e+00	3.541324e+00	-2.630164e-01	6.403424e-02	-2.605862e-01	-6.705420e-01	9.093685e-01	1.021522e-01	2.514826e-01	1.084414e+01
7	8.607727e-01	8.035137e-01	8.615804e-01	5.269279e+00	-2.057443e-01	2.000000e-01	-2.059585e-01	1.727955e+00	9.130566e-01	9.856706e-02	2.880083e-01	1.080864e+01
8	8.240122e-01	9.313796e-01	8.241589e-01	7.616168e+00	-3.676055e-02	1.278659e-01	-3.742148e-02	2.346889e+00	9.133415e-01	9.757609e-02	2.711256e-01	1.086736e+01
9	8.287353e-01	7.398536e-01	8.287174e-01	4.996285e+00	4.723124e-03	-1.915261e-01	4.558497e-03	-2.619884e+00	9.133832e-01	9.588470e-02	2.699365e-01	1.091558e+01
10	8.320102e-01	9.398536e-01	8.319974e-01	6.877039e+00	3.274934e-03	2.000000e-01	3.279948e-03	1.880754e+00	9.133544e-01	9.412551e-02	2.694740e-01	1.088734e+01
11	8.059553e-01	1.118896e+00	8.060570e-01	9.536689e+00	-2.605497e-02	1.790421e-01	-2.594038e-02	2.659650e+00	9.135857e-01	9.253606e-02	2.607386e-01	1.094736e+01
12	7.891416e-01	9.805272e-01	7.892076e-01	8.141128e+00	-1.681370e-02	-1.383685e-01	-1.684935e-02	-1.395561e+00	9.134962e-01	9.179951e-02	2.597610e-01	1.093932e+01
13	7.946060e-01	1.180527e+00	7.945849e-01	1.085055e+01	5.464461e-03	2.000000e-01	5.377298e-03	2.709420e+00	9.134505e-01	9.012545e-02	2.610846e-01	1.098776e+01
14	8.023524e-01	1.084337e+00	8.023220e-01	1.059480e+01	7.746334e-03	-9.619052e-02	7.737080e-03	-2.557503e-01	9.134847e-01	8.970111e-02	2.640114e-01	1.095142e+01
15	7.998857e-01	1.117318e+00	7.998952e-01	1.032076e+01	-2.466705e-03	3.298162e-02	-2.426847e-03	-2.740337e-01	9.134883e-01	8.965207e-02	2.647546e-01	1.094148e+01
16	7.961396e-01	1.317318e+00	7.961542e-01	1.280387e+01	-3.746079e-03	2.000000e-01	-3.740926e-03	2.483106e+00	9.135202e-01	8.795239e-02	2.642385e-01	1.096903e+01
17	7.981168e-01	1.269259e+00	7.981092e-01	1.172354e+01	1.977262e-03	-4.805958e-02	1.954925e-03	-1.080326e+00	9.135243e-01	8.785262e-02	2.637191e-01	1.098166e+01
18	8.013338e-01	1.469259e+00	8.013212e-01	1.543884e+01	3.216935e-03	2.000000e-01	3.212005e-03	3.715296e+00	9.134984e-01	8.624161e-02	2.659934e-01	1.112305e+01
19	8.015696e-01	1.269259e+00	8.015686e-01	1.261275e+01	2.357868e-04	-2.000000e-01	2.474126e-04	-2.826092e+00	9.135003e-01	8.463216e-02	2.659273e-01	1.117908e+01
20	8.009620e-01	1.469259e+00	8.009644e-01	1.449227e+01	-6.075707e-04	2.000000e-01	-6.042309e-04	1.879523e+00	9.135051e-01	8.305110e-02	2.660281e-01	1.114591e+01
21	8.028280e-01	1.551067e+00	8.028207e-01	1.530004e+01	1.865966e-03	8.180848e-02	1.856317e-03	8.077649e-01	9.134992e-01	8.279384e-02	2.659357e-01	1.114186e+01
22	8.064639e-01	1.598214e+00	8.064496e-01	1.568446e+01	3.635907e-03	4.714655e-02	3.628956e-03	3.844262e-01	9.134930e-01	8.271340e-02	2.656910e-01	1.113868e+01
23	8.098365e-01	1.662720e+00	8.098233e-01	1.642553e+01	3.372663e-03	6.450659e-02	3.373664e-03	7.410728e-01	9.134849e-01	8.255920e-02	2.657257e-01	1.113935e+01
24	8.134702e-01	1.693048e+00	8.134559e-01	1.501319e+01	3.633636e-03	3.032771e-02	3.632620e-03	-1.412344e+00	9.134812e-01	8.252766e-02	2.627046e-01	1.111413e+01
25	8.186575e-01	1.893048e+00	8.186371e-01	1.713414e+01	5.187293e-03	2.000000e-01	5.181220e-03	2.120949e+00	9.134423e-01	8.103164e-02	2.624552e-01	1.110452e+01
26	8.222194e-01	1.945153e+00	8.222054e-01	1.816727e+01	3.561921e-03	5.210523e-02	3.568247e-03	1.033133e+00	9.134357e-01	8.093506e-02	2.632216e-01	1.111573e+01
27	8.322115e-01	1.909995e+00	8.321725e-01	1.689806e+01	9.992171e-03	-3.515850e-02	9.967077e-03	-1.269211e+00	9.134532e-01	8.087355e-02	2.590428e-01	1.113043e+01
28	8.381255e-01	2.109995e+00	8.381023e-01	1.777545e+01	5.913983e-03	2.000000e-01	5.929816e-03	8.773869e-01	9.134101e-01	7.941625e-02	2.553243e-01	1.100468e+01
29	8.451982e-01	2.309995e+00	8.451705e-01	1.958669e+01	7.072696e-03	2.000000e-01	7.068232e-03	1.811239e+00	9.133598e-01	7.799359e-02	2.540348e-01	1.096821e+01
30	8.554022e-01	2.327517e+00	8.553622e-01	1.975886e+01	1.020397e-02	1.752261e-02	1.019172e-02	1.721717e-01	9.133574e-01	7.798947e-02	2.539252e-01	1.096803e+01
31	8.666152e-01	2.352894e+00	8.665712e-01	2.026858e+01	1.121297e-02	2.537699e-02	1.120898e-02	5.097211e-01	9.133520e-01	7.797728e-02	2.551420e-01	1.097078e+01
32	8.775790e-01	2.339795e+00	8.775360e-01	1.954225e+01	1.096381e-02	-1.309950e-02	1.096477e-02	-7.263336e-01	9.133623e-01	7.796501e-02	2.520937e-01	1.097442e+01
33	8.889105e-01	2.519096e+00	8.888661e-01	2.140066e+01	1.133154e-02	1.793010e-01	1.133011e-02	1.858418e+00	9.132935e-01	7.687550e-02	2.514996e-01	1.096502e+01
34	8.997338e-01	2.476082e+00	8.996913e-01	2.042492e+01	1.082324e-02	-4.301392e-02	1.082522e-02	-9.757418e-01	9.133153e-01	7.678881e-02	2.488966e-01	1.097537e+01
35	9.096923e-01	2.641479e+00	9.096533e-01	2.240603e+01	9.958575e-03	1.653973e-01	9.961960e-03	1.981110e+00	9.132600e-01	7.587168e-02	2.496587e-01	1.098802e+01
36	9.198928e-01	2.536301e+00	9.198528e-01	2.133802e+01	1.020048e-02	-1.051784e-01	1.019955e-02	-1.068011e+00	9.133028e-01	7.543130e-02	2.500690e-01	1.098379e+01
37	9.174682e-01	2.628218e+00	9.174775e-01	2.189801e+01	-2.424652e-03	9.191698e-02	-2.375338e-03	5.599868e-01	9.133109e-01	7.512286e-02	2.505839e-01	1.096427e+01
38	9.730101e-01	2.710438e+00	9.727932e-01	2.310542e+01	5.554197e-02	8.222043e-02	5.531574e-02	1.207409e+00	9.132692e-01	7.506115e-02	2.582500e-01	1.097562e+01
39	1.324293e+00	2.623694e+00	1.322920e+00	2.244413e+01	3.512833e-01	-8.674413e-02	3.501272e-01	-6.612901e-01	9.188792e-01	7.367584e-02	2.895812e-01	1.096788e+01
40	1.794264e+00	2.666924e+00	1.792423e+00	2.319414e+01	4.699710e-01	4.322953e-02	4.695028e-01	7.500138e-01	9.258033e-01	7.431274e-02	3.176587e-01	1.097047e+01
41	2.257821e+00	2.633342e+00	2.256003e+00	2.256436e+01	4.635568e-01	-3.358210e-02	4.635801e-01	-6.297804e-01	9.331389e-01	7.378132e-02	2.364550e-01	1.097635e+01
42	2.709897e+00	2.761250e+00	2.708124e+00	2.317628e+01	4.520757e-01	1.279087e-01	4.521206e-01	6.119218e-01	9.371680e-01	7.492130e-02	6.260638e-02	1.092716e+01
43	2.515652e+00	2.872828e+00	2.516403e+00	2.359169e+01	-1.942454e-01	1.115776e-01	-1.917205e-01	4.154068e-01	9.387917e-01	7.398862e-02	1.338621e-01	1.088623e+01
44	2.260726e+00	2.971191e+00	2.261724e+00	2.526047e+01	-2.549258e-01	9.836281e-02	-2.546789e-01	1.668785e+00	9.414339e-01	7.296915e-02	6.007472e-02	1.091470e+01
45	2.030644e+00	2.772315e+00	2.031547e+00	2.423952e+01	-2.300816e-01	-1.988756e-01	-2.301777e-01	-1.020950e+00	9.413356e-01	7.288421e-02	-6.146653e-02	1.080965e+01
46	1.651318e+00	2.700034e+00	1.652803e+00	2.328619e+01	-3.793264e-01	-7.228141e-02	-3.787438e-01	-9.533358e-01	9.440859e-01	7.340828e-02	-2.871636e-02	1.081589e+01
47	1.413346e+00	2.852092e+00	1.414281e+00	2.460199e+01	-2.379716e-01	1.520579e-01	-2.385215e-01	1.315805e+00	9.468054e-01	7.167058e-02	7.771570e-03	1.079257e+01
48	1.507318e+00	2.856669e+00	1.506954e+00	2.426329e+01	9.397152e-02	4.577227e-03	9.267271e-02	-3.387065e-01	9.469553e-01	7.167788e-02	-9.508256e-03	1.079173e+01
49	1.586081e+00	2.949502e+00	1.585772e+00	2.459448e+01	7.876321e-02	9.283329e-02	7.881754e-02	3.311948e-01	9.468654e-01	7.157187e-02	-3.438609e-02	1.076241e+01
50	1.593245e+00	3.033230e+00	1.593216e+00	2.568822e+01	7.164490e-03	8.372782e-02	7.444385e-03	1.093741e+00	9.468473e-01	7.136056e-02	-3.373202e-02	1.077005e+01
51	1.886670e+00	2.925483e+00	1.885523e+00	2.526350e+01	2.934245e-01	-1.077474e-01	2.923074e-01	-4.247217e-01	9.497931e-01	7.027884e-02	6.534957e-02	1.073367e+01
52	2.171080e+00	2.851482e+00	2.169965e+00	2.335020e+01	2.844102e-01	-7.400035e-02	2.844411e-01	-1.913300e+00	9.523198e-01	6.962142e-02	-8.197133e-02	1.077200e+01
53	2.276747e+00	3.051482e+00	2.276330e+00	2.510316e+01	1.056667e-01	2.000000e-01	1.063650e-01	1.752957e+00	9.519191e-01	6.886299e-02	-1.011939e-01	1.073562e+01
54	2.328162e+00	3.059544e+00	2.327959e+00	2.537623e+01	5.141508e-02	8.062089e-03	5.162972e-02	2.730740e-01	9.519711e-01	6.887114e-02	-9.651788e-02	1.073635e+01
55	2.340269e+00	3.026884e+00	2.340221e+00	2.485360e+01	1.210721e-02	-3.266063e-02	1.226160e-02	-5.226340e-01	9.519882e-01	6.882486e-02	-9.749960e-02	1.073900e+01
56	2.293051e+00	3.100247e+00	2.293235e+00	2.658768e+01	-4.721810e-02	7.336367e-02	-4.698576e-02	1.734081e+00	9.521465e-01	6.857893e-02	-1.185389e-01	1.077169e+01
57	2.178296e+00	2.900247e+00	2.178745e+00	2.510580e+01	-1.147548e-01	-2.000000e-01	-1.144901e-01	-1.481876e+00	9.516958e-01	6.779335e-02	-1.535223e-01	1.071072e+01
58	1.824364e+00	2.896629e+00	1.825748e+00	2.584811e+01	-3.539324e-01	-3.618298e-03	-3.529971e-01	7.423061e-01	9.542138e-01	6.781910e-02	-2.684956e-01	1.070954e+01
59	1.666043e+00	2.756406e+00	1.666666e+00	2.355721e+01	-1.583211e-01	-1.402226e-01	-1.590816e-01	-2.290901e+00	9.541034e-01	6.772135e-02	-2.073186e-01	1.076372e+01
60	1.608274e+00	2.956406e+00	1.608502e+00	2.499593e+01	-5.776816e-02	2.000000e-01	-5.816392e-02	1.438722e+00	9.545490e-01	6.617859e-02	-1.878198e-01	1.069622e+01
61	1.329503e+00	3.013648e+00	1.330593e+00	2.610065e+01	-2.787715e-01	5.724191e-02	-2.779098e-01	1.104714e+00	9.565339e-01	6.577102e-02	-2.438260e-01	1.070772e+01
62	1.089815e+00	2.856401e+00	1.090756e+00	2.447598e+01	-2.396875e-01	-1.572474e-01	-2.398368e-01	-1.624663e+00	9.565585e-01	6.578718e-02	-2.438978e-01	1.070767e+01
63	1.053647e+00	2.953382e+00	1.053792e+00	2.708058e+01	-3.616843e-02	9.698138e-02	-3.696401e-02	2.604595e+00	9.567080e-01	6.538639e-02	-2.705102e-01	1.077903e+01
64	1.010928e+00	2.753382e+00	1.011095e+00	2.491751e+01	-4.271932e-02	-2.000000e-01	-4.269684e-02	-2.163069e+00	9.564844e-01	6.433950e-02	-2.701361e-01	1.078078e+01
65	8.153521e-01	2.809911e+00	8.161168e-01	2.567990e+01	-1.955754e-01	5.652910e-02	-1.949782e-01	7.623924e-01	9.575356e-01	6.403565e-02	-2.792494e-01	1.078341e+01
66	7.832899e-01	2.699678e+00	7.834182e-01	2.496840e+01	-3.206221e-02	-1.102339e-01	-3.269860e-02	-7.114983e-01	9.574591e-01	6.377239e-02	-2.863339e-01	1.075906e+01
67	7.779253e-01	2.649567e+00	7.779468e-01	2.467505e+01	-5.364642e-03	-5.011018e-02	-5.471416e-03	-2.933519e-01	9.574518e-01	6.370438e-02	-2.869555e-01	1.075325e+01
68	6.530758e-01	2.625817e+00	6.535635e-01	2.462604e+01	-1.248495e-01	-2.375004e-02	-1.243832e-01	-4.901439e-02	9.576479e-01	6.374168e-02	-2.969887e-01	1.075134e+01
69	5.518822e-01	2.590489e+00	5.522794e-01	2.480920e+01	-1.011936e-01	-3.532834e-02	-1.012842e-01	1.831651e-01	9.577494e-01	6.377713e-02	-3.224591e-01	1.074245e+01
70	5.141912e-01	2.484059e+00	5.143400e-01	2.291160e+01	-3.769099e-02	-1.064304e-01	-3.793940e-02	-1.897601e+00	9.576614e-01	6.352862e-02	-3.088244e-01	1.078095e+01
71	4.232389e-01	2.684059e+00	4.235947e-01	2.384413e+01	-9.095234e-02	2.000000e-01	-9.074526e-02	9.325275e-01	9.583511e-01	6.201203e-02	-2.560203e-01	1.066484e+01
72	3.382377e-01	2.782703e+00	3.385711e-01	2.479782e+01	-8.500115e-02	9.864397e-02	-8.502359e-02	9.536912e-01	9.587386e-01	6.156229e-02	-2.512123e-01	1.065926e+01
73	2.276307e-01	2.668666e+00	2.280641e-01	2.398881e+01	-1.106070e-01	-1.140362e-01	-1.105070e-01	-8.090154e-01	9.586060e-01	6.142554e-02	-2.708626e-01	1.063900e+01
74	1.353736e-01	2.599528e+00	1.357357e-01	2.455593e+01	-9.225713e-02	-6.913820e-02	-9.232842e-02	5.671249e-01	9.585904e-01	6.141390e-02	-3.264844e-01	1.059731e+01
75	5.353501e-02	2.399528e+00	5.385610e-02	2.164331e+01	-8.183861e-02	-2.000000e-01	-8.187959e-02	-2.912621e+00	9.582542e-01	6.059207e-02	-2.953402e-01	1.067342e+01
76	4.089935e-02	2.599528e+00	4.094996e-02	2.391470e+01	-1.263566e-02	2.000000e-01	-1.290614e-02	2.271393e+00	9.583301e-01	5.938916e-02	-2.961226e-01	1.068581e+01
77	9.414221e-03	2.429718e+00	9.537408e-03	2.217881e+01	-3.148513e-02	-1.698100e-01	-3.141256e-02	-1.735891e+00	9.581998e-01	5.868617e-02	-2.971444e-01	1.068030e+01
78	-2.877974e-02	2.484659e+00	-2.863006e-02	2.171328e+01	-3.819396e-02	5.494074e-02	-3.816747e-02	-4.655281e-01	9.582866e-01	5.856134e-02	-2.778904e-01	1.065260e+01
79	-2.028124e-03	2.635862e+00	-2.132038e-03	2.245776e+01	2.675162e-02	1.512035e-01	2.649803e-02	7.444815e-01	9.581862e-01	5.799400e-02	-2.886760e-01	1.059164e+01
80	1.653541e-02	2.647333e+00	1.646249e-02	2.341314e+01	1.856353e-02	1.147101e-02	1.859453e-02	9.553718e-01	9.581875e-01	5.799477e-02	-2.812777e-01	1.059621e+01
81	-5.217959e-03	2.447333e+00	-5.133269e-03	2.177296e+01	-2.175337e-02	-2.000000e-01	-2.159576e-02	-1.640175e+00	9.580776e-01	5.698475e-02	-2.860677e-01	1.055217e+01
82	-1.037676e-02	2.384121e+00	-1.035628e-02	2.106908e+01	-5.158806e-03	-6.321209e-02	-5.223013e-03	-7.038784e-01	9.580695e-01	5.688521e-02	-2.859739e-01	1.055332e+01
83	5.700496e-03	2.384707e+00	5.637774e-03	1.993997e+01	1.607726e-02	5.856144e-04	1.599406e-02	-1.129116e+00	9.580737e-01	5.688537e-02	-2.946076e-01	1.055301e+01
84	6.606871e-03	2.570218e+00	6.603086e-03	2.212428e+01	9.063755e-04	1.855108e-01	9.653117e-04	2.184310e+00	9.580693e-01	5.597961e-02	-2.945116e-01	1.057266e+01
85	-4.689067e-03	2.370218e+00	-4.644957e-03	2.021072e+01	-1.129594e-02	-2.000000e-01	-1.124804e-02	-1.913561e+00	9.580127e-01	5.497656e-02	-2.955512e-01	1.055425e+01
86	-4.976886e-03	2.349818e+00	-4.975589e-03	1.820037e+01	-2.878189e-04	-2.039939e-02	-3.306323e-04	-2.010344e+00	9.580125e-01	5.496623e-02	-2.953058e-01	1.057164e+01
87	3.527754e-03	2.549818e+00	3.494538e-03	1.990860e+01	8.504640e-03	2.000000e-01	8.470127e-03	1.708224e+00	9.579703e-01	5.397243e-02	-2.969042e-01	1.053406e+01
88	2.688660e-03	2.468388e+00	2.691807e-03	1.886574e+01	-8.390948e-04	-8.143045e-02	-8.027306e-04	-1.042856e+00	9.579685e-01	5.380295e-02	-2.968306e-01	1.054120e+01
89	-2.851870e-03	2.479552e+00	-2.830215e-03	1.889549e+01	-5.540530e-03	1.116410e-02	-5.522023e-03	2.975038e-02	9.579707e-01	5.379863e-02	-2.965949e-01	1.054073e+01
90	-1.718185e-03	2.416882e+00	-1.722529e-03	1.650943e+01	1.133685e-03	-6.267030e-02	1.107686e-03	-2.386062e+00	9.579725e-01	5.369782e-02	-2.975220e-01	1.059198e+01
91	1.487496e-03	2.616882e+00	1.474957e-03	1.791104e+01	3.205681e-03	2.000000e-01	3.197486e-03	1.401610e+00	9.579566e-01	5.270935e-02	-2.985906e-01	1.052531e+01
92	8.054194e-04	2.592094e+00	8.080348e-04	1.742149e+01	-6.820769e-04	-2.478722e-02	-6.669224e-04	-4.895432e-01	9.579562e-01	5.269414e-02	-2.985165e-01	1.052800e+01
93	-8.190379e-04	2.563229e+00	-8.126821e-04	1.671397e+01	-1.624457e-03	-2.886521e-02	-1.620717e-03	-7.075292e-01	9.579551e-01	5.267417e-02	-2.982048e-01	1.053354e+01
94	-5.200122e-04	2.577324e+00	-5.211554e-04	1.644787e+01	2.990257e-04	1.409530e-02	2.915267e-04	-2.660914e-01	9.579550e-01	5.266924e-02	-2.982637e-01	1.053077e+01
95	5.356236e-04	2.561210e+00	5.314955e-04	1.586231e+01	1.055636e-03	-1.611443e-02	1.052651e-03	-5.855674e-01	9.579554e-01	5.266242e-02	-2.984720e-01	1.053395e+01
96	3.182041e-04	2.560044e+00	3.190373e-04	1.655308e+01	-2.174195e-04	-1.166427e-03	-2.124583e-04	6.907721e-01	9.579554e-01	5.266239e-02	-2.985446e-01	1.053356e+01
97	-3.682778e-04	2.360044e+00	-3.655930e-04	1.402870e+01	-6.864819e-04	-2.000000e-01	-6.846302e-04	-2.524377e+00	9.579521e-01	5.168394e-02	-2.984110e-01	1.057248e+01
98	-2.030269e-04	2.480214e+00	-2.036619e-04	1.389217e+01	1.652509e-04	1.201706e-01	1.619311e-04	-1.365310e-01	9.579516e-01	5.133217e-02	-2.985207e-01	1.049274e+01
99	-4.044873e-05	2.599315e+00	-4.108628e-05	1.551692e+01	1.625781e-04	1.191006e-01	1.625756e-04	1.624749e+00	9.579511e-01	5.098912e-02	-2.984919e-01	1.051381e+01
100	8.207194e-04	2.399315e+00	8.173530e-04	1.375297e+01	8.611682e-04	-2.000000e-01	8.584393e-04	-1.763946e+00	9.579552e-01	5.003620e-02	-2.983560e-01	1.048223e+01
101	-3.594729e-03	2.296909e+00	-3.577495e-03	1.348913e+01	-4.415449e-03	-1.024053e-01	-4.394848e-03	-2.638424e-01	9.579449e-01	4.979625e-02	-3.000423e-01	1.044312e+01
102	-1.511196e-02	2.096909e+00	-1.506691e-02	1.120275e+01	-1.151723e-02	-2.000000e-01	-1.148941e-02	-2.286384e+00	9.578939e-01	4.891125e-02	-2.989632e-01	1.046186e+01
103	-2.407499e-02	2.192057e+00	-2.403980e-02	1.294011e+01	-8.963021e-03	9.514800e-02	-8.972890e-03	1.737363e+00	9.579153e-01	4.868445e-02	-3.020962e-01	1.049512e+01
104	-3.488102e-02	1.992057e+00	-3.483868e-02	1.012670e+01	-1.080604e-02	-2.000000e-01	-1.079888e-02	-2.813406e+00	9.578685e-01	4.781932e-02	-2.984851e-01	1.056195e+01
105	-4.491658e-02	2.135796e+00	-4.487721e-02	1.247838e+01	-1.003555e-02	1.437385e-01	-1.003853e-02	2.351674e+00	9.579030e-01	4.732608e-02	-3.024034e-01	1.061808e+01
106	-5.700137e-02	1.935796e+00	-5.695401e-02	9.582649e+00	-1.208479e-02	-2.000000e-01	-1.207680e-02	-2.895730e+00	9.578525e-01	4.649121e-02	-2.980379e-01	1.069032e+01
107	-7.022435e-02	2.018584e+00	-7.017251e-02	1.007823e+01	-1.322298e-02	8.278760e-02	-1.321851e-02	4.955844e-01	9.578801e-01	4.631872e-02	-2.955757e-01	1.067491e+01
108	-7.470303e-02	1.871806e+00	-7.468533e-02	7.574673e+00	-4.478678e-03	-1.467777e-01	-4.512818e-03	-2.503560e+00	9.578662e-01	4.586516e-02	-2.936014e-01	1.073961e+01
109	-7.878728e-02	2.027417e+00	-7.877126e-02	9.364793e+00	-4.084251e-03	1.556113e-01	-4.085925e-03	1.790119e+00	9.578803e-01	4.533124e-02	-2.938271e-01	1.074821e+01
110	-8.453008e-02	1.827417e+00	-8.450759e-02	6.738635e+00	-5.742800e-03	-2.000000e-01	-5.736328e-03	-2.626158e+00	9.578566e-01	4.450877e-02	-2.925482e-01	1.079275e+01
111	-9.082279e-02	1.892713e+00	-9.079812e-02	7.319229e+00	-6.292712e-03	6.529575e-02	-6.290539e-03	5.805944e-01	9.578661e-01	4.441069e-02	-2.921725e-01	1.078885e+01
112	-9.406250e-02	1.728265e+00	-9.404975e-02	4.882723e+00	-3.239705e-03	-1.644476e-01	-3.251622e-03	-2.436506e+00	9.578552e-01	4.385926e-02	-2.911655e-01	1.083996e+01
113	-9.515384e-02	1.847725e+00	-9.514953e-02	6.154079e+00	-1.091341e-03	1.194597e-01	-1.099779e-03	1.271355e+00	9.578579e-01	4.356100e-02	-2.911532e-01	1.083862e+01
114	-9.610310e-02	1.647725e+00	-9.609937e-02	5.585668e+00	-9.492604e-04	-2.000000e-01	-9.498484e-04	-5.684108e-01	9.578541e-01	4.275335e-02	-2.918600e-01	1.068969e+01
115	-1.000055e-01	1.447725e+00	-9.999025e-02	3.144937e+00	-3.902412e-03	-2.000000e-01	-3.890879e-03	-2.440730e+00	9.578389e-01	4.197122e-02	-2.913077e-01	1.071800e+01
116	-1.020842e-01	1.485714e+00	-1.020760e-01	4.403433e+00	-2.078660e-03	3.798853e-02	-2.085739e-03	1.258496e+00	9.578405e-01	4.194076e-02	-2.921471e-01	1.073334e+01
117	-1.009423e-01	1.285714e+00	-1.009468e-01	3.076991e+00	1.141835e-03	-2.000000e-01	1.129227e-03	-1.326442e+00	9.578450e-01	4.115620e-02	-2.917108e-01	1.065691e+01
118	-1.006130e-01	1.085714e+00	-1.006143e-01	6.808074e-01	3.293475e-04	-2.000000e-01	3.324720e-04	-2.396183e+00	9.578463e-01	4.038798e-02	-2.917514e-01	1.068156e+01
119	-1.008471e-01	1.129462e+00	-1.008462e-01	1.707089e+00	-2.341116e-04	4.374801e-02	-2.318984e-04	1.026281e+00	9.578465e-01	4.035114e-02	-2.918135e-01	1.069317e+01
120	-1.012948e-01	9.294616e-01	-1.012930e-01	4.591558e-02	-4.476951e-04	-2.000000e-01	-4.468522e-04	-1.661173e+00	9.578448e-01	3.960118e-02	-2.919130e-01	1.064871e+01
121	-1.011591e-01	8.458009e-01	-1.011597e-01	0.000000e+00	1.356573e-04	-8.366071e-02	1.333818e-04	-4.591558e-02	9.578450e-01	3.946985e-02	-2.918587e-01	1.061525e+01
122	-1.016058e-01	7.713424e-01	-1.016041e-01	0.000000e+00	-4.466882e-04	-7.445850e-02	-4.444223e-04	0.000000e+00	9.578444e-01	3.936678e-02	-2.920259e-01	1.058738e+01
123	-1.018500e-01	7.011726e-01	-1.018491e-01	0.000000e+00	-2.441884e-04	-7.016978e-02	-2.449706e-04	0.000000e+00	9.578441e-01	3.927530e-02	-2.921119e-01	1.056268e+01
124	-1.014305e-01	6.352649e-01	-1.014321e-01	0.000000e+00	4.195550e-04	-6.590778e-02	4.169592e-04	0.000000e+00	9.578446e-01	3.919397e-02	-2.919734e-01	1.054093e+01
125	-1.016229e-01	5.735986e-01	-1.016222e-01	0.000000e+00	-1.924803e-04	-6.166626e-02	-1.900996e-04	0.000000e+00	9.578444e-01	3.912347e-02	-2.920327e-01	1.052192e+01
126	-1.017246e-01	5.161592e-01	-1.017242e-01	0.000000e+00	-1.016889e-04	-5.743941e-02	-1.020343e-04	0.000000e+00	9.578442e-01	3.906239e-02	-2.920619e-01	1.050546e+01
127	-1.019502e-01	4.629372e-01	-1.019493e-01	5.763229e-01	-2.255728e-04	-5.322199e-02	-2.250902e-04	5.763229e-01	9.578440e-01	3.901013e-02	-2.921834e-01	1.047680e+01
128	-1.010858e-01	3.052582e-01	-1.010892e-01	0.000000e+00	8.643641e-04	-1.576790e-01	8.601084e-04	-5.763229e-01	9.578465e-01	3.855271e-02	-2.917470e-01	1.039721e+01
129	-1.013790e-01	2.116937e-01	-1.013779e-01	0.000000e+00	-2.931704e-04	-9.356455e-02	-2.886654e-04	0.000000e+00	9.578460e-01	3.839344e-02	-2.918819e-01	1.035416e+01
130	-1.015460e-01	1.223710e-01	-1.015454e-01	0.000000e+00	-1.670049e-04	-8.932270e-02	-1.674801e-04	0.000000e+00	9.578458e-01	3.824883e-02	-2.919550e-01	1.031508e+01
131	-1.014404e-01	3.731330e-02	-1.014408e-01	0.000000e+00	1.056331e-04	-8.505767e-02	1.045662e-04	0.000000e+00	9.578459e-01	3.811773e-02	-2.919111e-01	1.027976e+01
132	-1.013942e-01	0.000000e+00	-1.013944e-01	0.000000e+00	4.613980e-05	-3.731330e-02	4.636803e-05	0.000000e+00	9.578460e-01	3.809250e-02	-2.919027e-01	1.027297e+01
133	-1.013039e-01	0.000000e+00	-1.013043e-01	0.000000e+00	9.032571e-05	0.000000e+00	9.015400e-05	0.000000e+00	9.578460e-01	3.809250e-02	1.000000e+00	1.100000e+01
134	-1.013341e-01	0.000000e+00	-1.013340e-01	0.000000e+00	-3.018297e-05	0.000000e+00	-2.971290e-05	0.000000e+00	9.578460e-01	3.809250e-02	1.000000e+00	1.100000e+01
135	-1.013540e-01	0.000000e+00	-1.013539e-01	0.000000e+00	-1.988456e-05	0.000000e+00	-1.992295e-05	0.000000e+00	9.578460e-01	3.809250e-02	1.000000e+00	1.100000e+01
136	-1.013443e-01	0.000000e+00	-1.013443e-01	0.000000e+00	9.714121e-06	0.000000e+00	9.598351e-06	0.000000e+00	1.000000e+00	1.000000e-01	1.000000e+00	1.100000e+01
137	-1.013411e-01	0.000000e+00	-1.013411e-01	0.000000e+00	3.190277e-06	0.000000e+00	3.215309e-06	0.000000e+00	1.000000e+00	1.000000e-01	1.000000e+00	1.100000e+01
138	-1.014306e-01	0.000000e+00	-1.014302e-01	1.642123e-01	-8.948074e-05	0.000000e+00	-8.911865e-05	1.642123e-01	1.000000e+00	1.000000e-01	1.000000e+00	1.100000e+01
139	-1.011152e-01	0.000000e+00	-1.011165e-01	0.000000e+00	3.153357e-04	0.000000e+00	3.137558e-04	-1.642123e-01	1.000000e+00	1.000000e-01	1.000000e+00	1.100000e+01
140	-1.013054e-01	0.000000e+00	-1.013047e-01	2.823042e-02	-1.901784e-04	0.000000e+00	-1.882099e-04	2.823042e-02	1.000000e+00	1.000000e-01	1.000000e+00	1.100000e+01
141	-1.011342e-01	0.000000e+00	-1.011349e-01	0.000000e+00	1.711897e-04	0.000000e+00	1.697858e-04	-2.823042e-02	1.000000e+00	1.000000e-01	1.000000e+00	1.100000e+01
142	-1.013232e-01	0.000000e+00	-1.013224e-01	0.000000e+00	-1.889436e-04	0.000000e+00	-1.875423e-04	0.000000e+00	1.000000e+00	1.000000e-01	1.000000e+00	1.100000e+01
143	-1.013622e-01	0.000000e+00	-1.013620e-01	0.000000e+00	-3.903096e-05	0.000000e+00	-3.961108e-05	0.000000e+00	1.000000e+00	1.000000e-01	1.000000e+00	1.100000e+01
144	-1.013163e-01	0.000000e+00	-1.013165e-01	0.000000e+00	4.589405e-05	0.000000e+00	4.556005e-05	0.000000e+00	1.000000e+00	1.000000e-01	1.000000e+00	1.100000e+01
145	-1.013043e-01	0.000000e+00	-1.013044e-01	0.000000e+00	1.194917e-05	0.000000e+00	1.208046e-05	0.000000e+00	1.000000e+00	1.000000e-01	1.000000e+00	1.100000e+01
146	-1.013184e-01	0.000000e+00	-1.013184e-01	0.000000e+00	-1.410350e-05	0.000000e+00	-1.400122e-05	0.000000e+00	1.000000e+00	1.000000e-01	1.000000e+00	1.100000e+01
147	-1.013785e-01	0.000000e+00	-1.013782e-01	0.000000e+00	-6.002829e-05	0.000000e+00	-5.984850e-05	0.000000e+00	1.000000e+00	1.000000e-01	1.000000e+00	1.100000e+01
148	-1.013819e-01	0.000000e+00	-1.013819e-01	0.000000e+00	-3.448583e-06	0.000000e+00	-3.668895e-06	0.000000e+00	1.000000e+00	1.000000e-01	1.000000e+00	1.100000e+01
149	-1.013668e-01	0.000000e+00	-1.013669e-01	0.000000e+00	1.510979e-05	0.000000e+00	1.503643e-05	0.000000e+00	1.000000e+00	1.000000e-01	1.000000e+00	1.100000e+01
150	-1.014613e-01	0.000000e+00	-1.014610e-01	0.000000e+00	-9.451805e-05	0.000000e+00	-9.409010e-05	0.000000e+00	1.000000e+00	1.000000e-01	1.000000e+00	1.100000e+01
151	-1.014581e-01	0.000000e+00	-1.014581e-01	0.000000e+00	3.220763e-06	0.000000e+00	2.840643e-06	0.000000e+00	1.000000e+00	1.000000e-01	1.000000e+00	1.100000e+01
152	-1.016010e-01	0.000000e+00	-1.016004e-01	0.000000e+00	-1.428621e-04	0.000000e+00	-1.422929e-04	0.000000e+00	1.000000e+00	1.000000e-01	1.000000e+00	1.100000e+01
153	-1.015918e-01	0.000000e+00	-1.015918e-01	4.603156e-01	9.169177e-06	0.000000e+00	8.577528e-06	4.603156e-01	1.000000e+00	1.000000e-01	1.000002e+00	1.100000e+01
154	-1.007497e-01	0.000000e+00	-1.007530e-01	0.000000e+00	8.420903e-04	0.000000e+00	8.388344e-04	-4.603156e-01	1.000000e+00	1.000000e-01	1.000000e+00	1.100000e+01
155	-1.014469e-01	0.000000e+00	-1.014442e-01	7.151691e-01	-6.971962e-04	0.000000e+00	-6.911961e-04	7.151691e-01	1.000000e+00	1.000000e-01	1.000000e+00	1.100000e+01
156	-1.011181e-01	0.000000e+00	-1.011193e-01	0.000000e+00	3.288374e-04	0.000000e+00	3.248529e-04	-7.151691e-01	1.000000e+00	1.000000e-01	1.000000e+00	1.100000e+01
157	-1.014887e-01	0.000000e+00	-1.014872e-01	1.993798e-01	-3.705805e-04	0.000000e+00	-3.678639e-04	1.993798e-01	1.000000e+00	1.000000e-01	1.000000e+00	1.100000e+01
158	-1.011471e-01	0.000000e+00	-1.011485e-01	0.000000e+00	3.415164e-04	0.000000e+00	3.387454e-04	-1.993798e-01	1.000000e+00	1.000000e-01	1.000000e+00	1.100000e+01
159	-1.013641e-01	0.000000e+00	-1.013632e-01	0.000000e+00	-2.169338e-04	0.000000e+00	-2.147632e-04	0.000000e+00	1.000000e+00	1.000000e-01	1.000000e+00	1.100000e+01
160	-1.014520e-01	0.000000e+00	-1.014517e-01	0.000000e+00	-8.792862e-05	0.000000e+00	-8.842407e-05	0.000000e+00	1.000000e+00	1.000000e-01	1.000000e+00	1.100000e+01
161	-1.013887e-01	0.000000e+00	-1.013890e-01	0.000000e+00	6.326950e-05	0.000000e+00	6.267695e-05	0.000000e+00	1.000000e+00	1.000000e-01	1.000000e+00	1.100000e+01
162	-1.013726e-01	0.000000e+00	-1.013727e-01	0.000000e+00	1.613870e-05	0.000000e+00	1.632049e-05	0.000000e+00	1.000000e+00	1.000000e-01	1.000000e+00	1.100000e+01
163	-1.014820e-01	0.000000e+00	-1.014816e-01	0.000000e+00	-1.094055e-04	0.000000e+00	-1.089144e-04	0.000000e+00	1.000000e+00	1.000000e-01	1.000000e+00	1.100000e+01
164	-1.014739e-01	0.000000e+00	-1.014739e-01	0.000000e+00	8.101257e-06	0.000000e+00	7.644165e-06	0.000000e+00	1.000000e+00	1.000000e-01	1.000000e+00	1.100000e+01
165	-1.017716e-01	0.000000e+00	-1.017705e-01	0.000000e+00	-2.977532e-04	0.000000e+00	-2.965602e-04	0.000000e+00	1.000000e+00	1.000000e-01	1.000000e+00	1.100000e+01
166	-1.015000e-01	0.000000e+00	-1.015011e-01	0.000000e+00	2.716518e-04	0.000000e+00	2.694322e-04	0.000000e+00	1.000000e+00	1.000000e-01	1.000000e+00	1.100000e+01
167	-1.014587e-01	0.000000e+00	-1.014588e-01	0.000000e+00	4.133128e-05	0.000000e+00	4.222230e-05	0.000000e+00	1.000000e+00	1.000000e-01	1.000000e+00	1.100000e+01
168	-1.015261e-01	0.000000e+00	-1.015259e-01	0.000000e+00	-6.745375e-05	0.000000e+00	-6.702533e-05	0.000000e+00	1.000000e+00	1.000000e-01	1.000000e+00	1.100000e+01
169	-1.017284e-01	0.000000e+00	-1.017277e-01	0.000000e+00	-2.023275e-04	0.000000e+00	-2.017990e-04	0.000000e+00	1.000000e+00	1.000000e-01	1.000000e+00	1.100000e+01
170	-1.017049e-01	0.000000e+00	-1.017050e-01	8.231044e-01	2.353137e-05	0.000000e+00	2.265117e-05	8.231044e-01	1.000000e+00	1.000000e-01	1.000000e+00	1.100000e+01
171	-1.009244e-01	0.000000e+00	-1.009275e-01	0.000000e+00	7.805105e-04	0.000000e+00	7.775501e-04	-8.231044e-01	1.000000e+00	1.000000e-01	1.000000e+00	1.100000e+01
172	-1.013755e-01	0.000000e+00	-1.013738e-01	0.000000e+00	-4.511267e-04	0.000000e+00	-4.463272e-04	0.000000e+00	1.000000e+00	1.000000e-01	1.000000e+00	1.100000e+01
173	-1.015668e-01	0.000000e+00	-1.015661e-01	4.116592e-01	-1.912988e-04	0.000000e+00	-1.922950e-04	4.116592e-01	1.000000e+00	1.000000e-01	1.000000e+00	1.100000e+01
174	-1.009163e-01	0.000000e+00	-1.009188e-01	0.000000e+00	6.505625e-04	0.000000e+00	6.472701e-04	-4.116592e-01	1.000000e+00	1.000000e-01	1.000000e+00	1.100000e+01
175	-1.012460e-01	0.000000e+00	-1.012447e-01	0.000000e+00	-3.297202e-04	0.000000e+00	-3.259038e-04	0.000000e+00	1.000000e+00	1.000000e-01	1.000000e+00	1.100000e+01
176	-1.013705e-01	0.000000e+00	-1.013700e-01	0.000000e+00	-1.245430e-04	0.000000e+00	-1.253295e-04	0.000000e+00	1.000000e+00	1.000000e-01	1.000000e+00	1.100000e+01
177	-1.012617e-01	0.000000e+00	-1.012621e-01	3.438785e-01	1.088554e-04	0.000000e+00	1.079407e-04	3.438785e-01	1.000000e+00	1.000000e-01	1.000000e+00	1.100000e+01
178	-1.010284e-01	0.000000e+00	-1.010293e-01	0.000000e+00	2.333103e-04	0.000000e+00	2.328206e-04	-3.438785e-01	1.000000e+00	1.000000e-01	1.000000e+00	1.100000e+01
179	-1.012846e-01	0.000000e+00	-1.012836e-01	0.000000e+00	-2.561970e-04	0.000000e+00	-2.542867e-04	0.000000e+00	1.000000e+00	1.000000e-01	1.000000e+00	1.100000e+01
180	-1.013238e-01	0.000000e+00	-1.013236e-01	0.000000e+00	-3.919134e-05	0.000000e+00	-4.003156e-05	0.000000e+00	1.000000e+00	1.000000e-01	1.000000e+00	1.100000e+01
181	-1.012595e-01	0.000000e+00	-1.012598e-01	0.000000e+00	6.424372e-05	0.000000e+00	6.383639e-05	0.000000e+00	1.000000e+00	1.000000e-01	1.000000e+00	1.100000e+01
182	-1.012883e-01	0.000000e+00	-1.012881e-01	0.000000e+00	-2.875022e-05	0.000000e+00	-2.838856e-05	0.000000e+00	1.000000e+00	1.000000e-01	1.000000e+00	1.100000e+01
183	-1.013059e-01	0.000000e+00	-1.013058e-01	0.000000e+00	-1.762691e-05	0.000000e+00	-1.766895e-05	0.000000e+00	1.000000e+00	1.000000e-01	1.000000e+00	1.100000e+01
184	-1.013524e-01	0.000000e+00	-1.013523e-01	0.000000e+00	-4.655914e-05	0.000000e+00	-4.644629e-05	0.000000e+00	1.000000e+00	1.000000e-01	1.000000e+00	1.100000e+01
185	-1.013499e-01	0.000000e+00	-1.013499e-01	0.000000e+00	2.513513e-06	0.000000e+00	2.322264e-06	0.000000e+00	1.000000e+00	1.000000e-01	1.000000e+00	1.100000e+01
186	-1.012566e-01	0.000000e+00	-1.012570e-01	0.000000e+00	9.329493e-05	0.000000e+00	9.293957e-05	0.000000e+00	1.000000e+00	1.000000e-01	1.000000e+00	1.100000e+01
187	-1.013296e-01	0.000000e+00	-1.013293e-01	0.000000e+00	-7.293083e-05	0.000000e+00	-7.228290e-05	0.000000e+00	1.000000e+00	1.000000e-01	1.000000e+00	1.100000e+01
188	-1.014229e-01	0.000000e+00	-1.014226e-01	0.000000e+00	-9.335807e-05	0.000000e+00	-9.327575e-05	0.000000e+00	1.000000e+00	1.000000e-01	1.000000e+00	1.100000e+01
189	-1.013920e-01	0.000000e+00	-1.013921e-01	0.000000e+00	3.095492e-05	0.000000e+00	3.046965e-05	0.000000e+00	1.000000e+00	1.000000e-01	1.000000e+00	1.100000e+01
190	-1.013782e-01	0.000000e+00	-1.013782e-01	0.000000e+00	1.378233e-05	0.000000e+00	1.384751e-05	0.000000e+00	1.000000e+00	1.000000e-01	1.000000e+00	1.100000e+01
191	-1.013898e-01	0.000000e+00	-1.013898e-01	0.000000e+00	-1.160715e-05	0.000000e+00	-1.150772e-05	0.000000e+00	1.000000e+00	1.000000e-01	1.000000e+00	1.100000e+01
192	-1.015668e-01	0.000000e+00	-1.015661e-01	0.000000e+00	-1.770251e-04	0.000000e+00	-1.763785e-04	0.000000e+00	1.000000e+00	1.000000e-01	1.000000e+00	1.100000e+01
193	-1.015795e-01	0.000000e+00	-1.015794e-01	0.000000e+00	-1.264936e-05	0.000000e+00	-1.328893e-05	0.000000e+00	1.000000e+00	1.000000e-01	1.000000e+00	1.100000e+01
194	-1.015348e-01	0.000000e+00	-1.015349e-01	1.726546e-01	4.470601e-05	0.000000e+00	4.447946e-05	1.726546e-01	1.000000e+00	1.000000e-01	1.000000e+00	1.100000e+01
195	-1.004701e-01	0.000000e+00	-1.004742e-01	1.096978e-01	1.064687e-03	0.000000e+00	1.060702e-03	-6.295679e-02	1.000000e+00	1.000000e-01	1.000000e+00	1.100000e+01
196	-1.004265e-01	0.000000e+00	-1.004267e-01	0.000000e+00	4.355105e-05	0.000000e+00	4.752430e-05	-1.096978e-01	1.000000e+00	1.000000e-01	1.000000e+00	1.100000e+01
197	-1.018649e-01	0.000000e+00	-1.018593e-01	0.000000e+00	-1.438402e-03	0.000000e+00	-1.432598e-03	0.000000e+00	1.000000e+00	1.000000e-01	1.000000e+00	1.100000e+01
198	-1.018832e-01	0.000000e+00	-1.018831e-01	0.000000e+00	-1.825228e-05	0.000000e+00	-2.377706e-05	0.000000e+00	1.000000e+00	1.000000e-01	1.000000e+00	1.100000e+01
199	-1.015212e-01	0.000000e+00	-1.015226e-01	3.357070e-01	3.619857e-04	0.000000e+00	3.604788e-04	3.357070e-01	1.000000e+00	1.000000e-01	1.000000e+00	1.100000e+01
200	-1.004388e-01	0.000000e+00	-1.004430e-01	0.000000e+00	1.082420e-03	0.000000e+00	1.079600e-03	-3.357070e-01	1.000000e+00	1.000000e-01	1.000000e+00	1.100000e+01
201	-1.018478e-01	0.000000e+00	-1.018423e-01	0.000000e+00	-1.409035e-03	0.000000e+00	-1.399314e-03	0.000000e+00	1.000000e+00	1.000000e-01	1.000000e+00	1.100000e+01
202	-1.019496e-01	0.000000e+00	-1.019492e-01	0.000000e+00	-1.018280e-04	0.000000e+00	-1.068963e-04	0.000000e+00	1.000000e+00	1.000000e-01	1.000000e+00	1.100000e+01
203	-1.015909e-01	0.000000e+00	-1.015923e-01	2.000696e-01	3.587658e-04	0.000000e+00	3.569468e-04	2.000696e-01	1.000000e+00	1.000000e-01	1.000000e+00	1.100000e+01
204	-1.006032e-01	0.000000e+00	-1.006070e-01	0.000000e+00	9.876872e-04	0.000000e+00	9.852233e-04	-2.000696e-01	1.000000e+00	1.000000e-01	1.000000e+00	1.100000e+01
205	-1.013850e-01	0.000000e+00	-1.013820e-01	0.000000e+00	-7.818580e-04	0.000000e+00	-7.749554e-04	0.000000e+00	1.000000e+00	1.000000e-01	1.000000e+00	1.100000e+01
206	-1.016660e-01	0.000000e+00	-1.016649e-01	0.000000e+00	-2.809367e-04	0.000000e+00	-2.828665e-04	0.000000e+00	1.000000e+00	1.000000e-01	1.000000e+00	1.100000e+01
207	-1.016685e-01	0.000000e+00	-1.016685e-01	0.000000e+00	-2.552295e-06	0.000000e+00	-3.647272e-06	0.000000e+00	1.000000e+00	1.000000e-01	1.000000e+00	1.100000e+01
208	-1.013163e-01	0.000000e+00	-1.013177e-01	0.000000e+00	3.522490e-04	0.000000e+00	3.508588e-04	0.000000e+00	1.000000e+00	1.000000e-01	1.000000e+00	1.100000e+01
209	-1.013459e-01	0.000000e+00	-1.013458e-01	0.000000e+00	-2.963867e-05	0.000000e+00	-2.815235e-05	0.000000e+00	1.000000e+00	1.000000e-01	1.000000e+00	1.100000e+01
210	-1.014323e-01	0.000000e+00	-1.014319e-01	0.000000e+00	-8.635896e-05	0.000000e+00	-8.613159e-05	0.000000e+00	1.000000e+00	1.000000e-01	1.000000e+00	1.100000e+01
211	-1.014272e-01	0.000000e+00	-1.014272e-01	0.000000e+00	5.117339e-06	0.000000e+00	4.760898e-06	0.000000e+00	1.000000e+00	1.000000e-01	1.000000e+00	1.100000e+01
212	-1.015545e-01	0.000000e+00	-1.015540e-01	0.000000e+00	-1.273393e-04	0.000000e+00	-1.268233e-04	0.000000e+00	1.000000e+00	1.000000e-01	1.000000e+00	1.100000e+01
213	-1.015745e-01	0.000000e+00	-1.015744e-01	0.000000e+00	-2.001577e-05	0.000000e+00	-2.043299e-05	0.000000e+00	1.000000e+00	1.000000e-01	1.000000e+00	1.100000e+01
214	-1.015433e-01	0.000000e+00	-1.015434e-01	0.000000e+00	3.121248e-05	0.000000e+00	3.101074e-05	0.000000e+00	1.000000e+00	1.000000e-01	1.000000e+00	1.100000e+01
215	-1.018103e-01	0.000000e+00	-1.018092e-01	0.000000e+00	-2.669502e-04	0.000000e+00	-2.657863e-04	0.000000e+00	1.000000e+00	1.000000e-01	1.000000e+00	1.100000e+01
216	-1.022356e-01	0.000000e+00	-1.022340e-01	0.000000e+00	-4.253929e-04	0.000000e+00	-4.247694e-04	0.000000e+00	1.000000e+00	1.000000e-01	1.000000e+00	1.100000e+01
217	-1.021457e-01	0.000000e+00	-1.021460e-01	4.118150e-01	8.999953e-05	0.000000e+00	8.798871e-05	4.118150e-01	1.000000e+00	1.000000e-01	1.000000e+00	1.100000e+01
218	-1.003097e-01	0.000000e+00	-1.003168e-01	0.000000e+00	1.835999e-03	0.000000e+00	1.829171e-03	-4.118150e-01	1.000000e+00	1.000000e-01	1.000000e+00	1.100000e+01
219	-1.018935e-01	0.000000e+00	-1.018873e-01	6.376029e-02	-1.583814e-03	0.000000e+00	-1.570482e-03	6.376029e-02	1.000000e+00	1.000000e-01	1.000000e+00	1.100000e+01
220	-1.008475e-01	0.000000e+00	-1.008516e-01	0.000000e+00	1.045961e-03	0.000000e+00	1.035740e-03	-6.376029e-02	1.000000e+00	1.000000e-01	1.000000e+00	1.100000e+01
221	-1.018611e-01	0.000000e+00	-1.018572e-01	0.000000e+00	-1.013614e-03	0.000000e+00	-1.005609e-03	0.000000e+00	1.000000e+00	1.000000e-01	1.000000e+00	1.100000e+01
222	-1.024250e-01	0.000000e+00	-1.024228e-01	1.356503e-01	-5.639171e-04	0.000000e+00	-5.656425e-04	1.356503e-01	1.000000e+00	1.000000e-01	1.000000e+00	1.100000e+01
223	-1.003351e-01	0.000000e+00	-1.003433e-01	0.000000e+00	2.089932e-03	0.000000e+00	2.079559e-03	-1.356503e-01	1.000000e+00	1.000000e-01	1.000000e+00	1.100000e+01
224	-1.015148e-01	0.000000e+00	-1.015102e-01	0.000000e+00	-1.179712e-03	0.000000e+00	-1.166981e-03	0.000000e+00	1.000000e+00	1.000000e-01	1.000000e+00	1.100000e+01
225	-1.020733e-01	0.000000e+00	-1.020711e-01	9.825090e-01	-5.584377e-04	0.000000e+00	-5.608148e-04	9.825090e-01	1.000000e+00	1.000000e-01	1.000000e+00	1.100000e+01
226	-1.004636e-01	0.000000e+00	-1.004699e-01	0.000000e+00	1.609636e-03	0.000000e+00	1.601157e-03	-9.825090e-01	1.000000e+00	1.000000e-01	1.000000e+00	1.100000e+01
227	-1.009087e-01	0.000000e+00	-1.009070e-01	0.000000e+00	-4.450955e-04	0.000000e+00	-4.371023e-04	0.000000e+00	1.000000e+00	1.000000e-01	1.000000e+00	1.100000e+01
228	-1.011152e-01	0.000000e+00	-1.011144e-01	0.000000e+00	-2.065120e-04	0.000000e+00	-2.074128e-04	0.000000e+00	1.000000e+00	1.000000e-01	1.000000e+00	1.100000e+01
229	-1.009848e-01	0.000000e+00	-1.009853e-01	0.000000e+00	1.304513e-04	0.000000e+00	1.291315e-04	0.000000e+00	1.000000e+00	1.000000e-01	1.000000e+00	1.100000e+01
230	-1.009360e-01	0.000000e+00	-1.009362e-01	0.000000e+00	4.880268e-05	0.000000e+00	4.911647e-05	0.000000e+00	1.000000e+00	1.000000e-01	1.000000e+00	1.100000e+01
231	-1.009766e-01	0.000000e+00	-1.009765e-01	0.000000e+00	-4.066829e-05	0.000000e+00	-4.031757e-05	0.000000e+00	1.000000e+00	1.000000e-01	1.000000e+00	1.100000e+01
232	-1.009861e-01	0.000000e+00	-1.009861e-01	0.000000e+00	-9.464759e-06	0.000000e+00	-9.585278e-06	0.000000e+00	1.000000e+00	1.000000e-01	1.000000e+00	1.100000e+01
233	-1.009766e-01	0.000000e+00	-1.009767e-01	4.705693e-01	9.483120e-06	0.000000e+00	9.408634e-06	4.705693e-01	1.000000e+00	1.000000e-01	1.000002e+00	1.100000e+01
234	-1.004906e-01	0.000000e+00	-1.004925e-01	0.000000e+00	4.860209e-04	0.000000e+00	4.841591e-04	-4.705693e-01	1.000000e+00	1.000000e-01	1.000000e+00	1.100000e+01
235	-1.009629e-01	0.000000e+00	-1.009611e-01	0.000000e+00	-4.723206e-04	0.000000e+00	-4.685844e-04	0.000000e+00	1.000000e+00	1.000000e-01	1.000000e+00	1.100000e+01
236	-1.009403e-01	0.000000e+00	-1.009404e-01	0.000000e+00	2.262554e-05	0.000000e+00	2.070675e-05	0.000000e+00	1.000000e+00	1.000000e-01	1.000000e+00	1.100000e+01
237	-1.008188e-01	0.000000e+00	-1.008192e-01	4.751873e-01	1.215386e-04	0.000000e+00	1.211447e-04	4.751873e-01	1.000000e+00	1.000000e-01	1.000000e+00	1.100000e+01
238	-1.006700e-01	0.000000e+00	-1.006706e-01	0.000000e+00	1.487175e-04	0.000000e+00	1.486098e-04	-4.751873e-01	1.000000e+00	1.000000e-01	1.000000e+00	1.100000e+01
239	-1.010430e-01	0.000000e+00	-1.010415e-01	0.000000e+00	-3.729129e-04	0.000000e+00	-3.708757e-04	0.000000e+00	1.000000e+00	1.000000e-01	1.000000e+00	1.100000e+01
240	-1.010518e-01	0.000000e+00	-1.010518e-01	0.000000e+00	-8.866948e-06	0.000000e+00	-1.028105e-05	0.000000e+00	1.000000e+00	1.000000e-01	1.000000e+00	1.100000e+01
241	-1.009419e-01	0.000000e+00	-1.009423e-01	0.000000e+00	1.099520e-04	0.000000e+00	1.094823e-04	0.000000e+00	1.000000e+00	1.000000e-01	1.000000e+00	1.100000e+01
242	-1.009417e-01	0.000000e+00	-1.009417e-01	0.000000e+00	1.797326e-07	0.000000e+00	6.066957e-07	0.000000e+00	1.000000e+00	1.000000e-01	1.000000e+00	1.100000e+01
243	-1.009691e-01	0.000000e+00	-1.009690e-01	0.000000e+00	-2.738852e-05	0.000000e+00	-2.727916e-05	0.000000e+00	1.000000e+00	1.000000e-01	1.000000e+00	1.100000e+01
244	-1.009658e-01	0.000000e+00	-1.009658e-01	0.000000e+00	3.239681e-06	0.000000e+00	3.120467e-06	0.000000e+00	1.000000e+00	1.000000e-01	1.000000e+00	1.100000e+01
245	-1.009601e-01	0.000000e+00	-1.009601e-01	0.000000e+00	5.735741e-06	0.000000e+00	5.725526e-06	0.000000e+00	1.000000e+00	1.000000e-01	1.000000e+00	1.100000e+01
246	-1.009628e-01	0.000000e+00	-1.009628e-01	0.000000e+00	-2.699717e-06	0.000000e+00	-2.666806e-06	0.000000e+00	1.000000e+00	1.000000e-01	1.000000e+00	1.100000e+01
247	-1.009635e-01	0.000000e+00	-1.009635e-01	2.289377e-01	-6.772822e-07	0.000000e+00	-6.850538e-07	2.289377e-01	1.000000e+00	1.000000e-01	9.999999e-01	1.100000e+01
248	-1.002044e-01	0.000000e+00	-1.002074e-01	0.000000e+00	7.590853e-04	0.000000e+00	7.561174e-04	-2.289377e-01	1.000000e+00	1.000000e-01	1.000000e+00	1.100000e+01
249	-1.006189e-01	0.000000e+00	-1.006173e-01	0.000000e+00	-4.145195e-04	0.000000e+00	-4.099467e-04	0.000000e+00	1.000000e+00	1.000000e-01	1.000000e+00	1.100000e+01
250	-1.008582e-01	0.000000e+00	-1.008573e-01	0.000000e+00	-2.392829e-04	0.000000e+00	-2.399496e-04	0.000000e+00	1.000000e+00	1.000000e-01	1.000000e+00	1.100000e+01
251	-1.007014e-01	0.000000e+00	-1.007020e-01	0.000000e+00	1.567934e-04	0.000000e+00	1.552436e-04	0.000000e+00	1.000000e+00	1.000000e-01	1.000000e+00	1.100000e+01
252	-1.006812e-01	0.000000e+00	-1.006812e-01	0.000000e+00	2.025144e-05	0.000000e+00	2.077876e-05	0.000000e+00	1.000000e+00	1.000000e-01	1.000000e+00	1.100000e+01
253	-1.007197e-01	0.000000e+00	-1.007196e-01	0.000000e+00	-3.855571e-05	0.000000e+00	-3.832394e-05	0.000000e+00	1.000000e+00	1.000000e-01	1.000000e+00	1.100000e+01
254	-1.007299e-01	0.000000e+00	-1.007299e-01	0.000000e+00	-1.021379e-05	0.000000e+00	-1.032359e-05	0.000000e+00	1.000000e+00	1.000000e-01	1.000000e+00	1.100000e+01
255	-1.007205e-01	0.000000e+00	-1.007206e-01	2.494014e-01	9.393397e-06	0.000000e+00	9.316378e-06	2.494014e-01	1.000000e+00	1.000000e-01	1.000001e+00	1.100000e+01
256	-9.988278e-02	0.000000e+00	-9.988605e-02	0.000000e+00	8.377468e-04	0.000000e+00	8.345107e-04	-2.494014e-01	1.000000e+00	1.000000e-01	1.000000e+00	1.100000e+01
257	-1.010896e-01	0.000000e+00	-1.010849e-01	0.000000e+00	-1.206826e-03	0.000000e+00	-1.198852e-03	0.000000e+00	1.000000e+00	1.000000e-01	1.000000e+00	1.100000e+01
258	-1.010158e-01	0.000000e+00	-1.010160e-01	0.000000e+00	7.385401e-05	0.000000e+00	6.888250e-05	0.000000e+00	1.000000e+00	1.000000e-01	1.000000e+00	1.100000e+01
259	-1.008950e-01	0.000000e+00	-1.008955e-01	0.000000e+00	1.207403e-04	0.000000e+00	1.205377e-04	0.000000e+00	1.000000e+00	1.000000e-01	1.000000e+00	1.100000e+01
260	-1.008933e-01	0.000000e+00	-1.008934e-01	0.000000e+00	1.661612e-06	0.000000e+00	2.125972e-06	0.000000e+00	1.000000e+00	1.000000e-01	1.000000e+00	1.100000e+01
261	-1.009234e-01	0.000000e+00	-1.009233e-01	0.000000e+00	-3.003959e-05	0.000000e+00	-2.991394e-05	0.000000e+00	1.000000e+00	1.000000e-01	1.000000e+00	1.100000e+01
262	-1.009208e-01	0.000000e+00	-1.009209e-01	3.599962e-01	2.543483e-06	0.000000e+00	2.416696e-06	3.599962e-01	1.000000e+00	1.000000e-01	1.000000e+00	1.100000e+01
263	-1.002145e-01	0.000000e+00	-1.002173e-01	0.000000e+00	7.063546e-04	0.000000e+00	7.036048e-04	-3.599962e-01	1.000000e+00	1.000000e-01	1.000000e+00	1.100000e+01
264	-1.009446e-01	0.000000e+00	-1.009418e-01	2.648667e-02	-7.301404e-04	0.000000e+00	-7.245398e-04	2.648667e-02	1.000000e+00	1.000000e-01	1.000000e+00	1.100000e+01
265	-1.006262e-01	0.000000e+00	-1.006274e-01	4.228556e-01	3.184340e-04	0.000000e+00	3.143599e-04	3.963690e-01	1.000000e+00	1.000000e-01	1.000000e+00	1.100000e+01
266	-1.006486e-01	0.000000e+00	-1.006485e-01	0.000000e+00	-2.237320e-05	0.000000e+00	-2.105784e-05	-4.228556e-01	1.000000e+00	1.000000e-01	1.000000e+00	1.100000e+01
267	-1.016449e-01	0.000000e+00	-1.016410e-01	0.000000e+00	-9.962922e-04	0.000000e+00	-9.924827e-04	0.000000e+00	1.000000e+00	1.000000e-01	1.000000e+00	1.100000e+01
268	-1.014421e-01	0.000000e+00	-1.014429e-01	0.000000e+00	2.027873e-04	0.000000e+00	1.981183e-04	0.000000e+00	1.000000e+00	1.000000e-01	1.000000e+00	1.100000e+01
269	-1.011847e-01	0.000000e+00	-1.011857e-01	0.000000e+00	2.573750e-04	0.000000e+00	2.571435e-04	0.000000e+00	1.000000e+00	1.000000e-01	1.000000e+00	1.100000e+01
270	-1.011999e-01	0.000000e+00	-1.011999e-01	0.000000e+00	-1.520802e-05	0.000000e+00	-1.414415e-05	0.000000e+00	1.000000e+00	1.000000e-01	1.000000e+00	1.100000e+01
271	-1.012593e-01	0.000000e+00	-1.012590e-01	0.000000e+00	-5.935410e-05	0.000000e+00	-5.917750e-05	0.000000e+00	1.000000e+00	1.000000e-01	1.000000e+00	1.100000e+01
272	-1.012615e-01	0.000000e+00	-1.012614e-01	0.000000e+00	-2.190091e-06	0.000000e+00	-2.412698e-06	0.000000e+00	1.000000e+00	1.000000e-01	1.000000e+00	1.100000e+01
273	-1.012468e-01	0.000000e+00	-1.012469e-01	0.000000e+00	1.465831e-05	0.000000e+00	1.459163e-05	0.000000e+00	1.000000e+00	1.000000e-01	1.000000e+00	1.100000e+01
274	-1.012470e-01	0.000000e+00	-1.012469e-01	0.000000e+00	-1.553619e-07	0.000000e+00	-9.775647e-08	0.000000e+00	1.000000e+00	1.000000e-01	1.000000e+00	1.100000e+01
275	-1.012990e-01	0.000000e+00	-1.012988e-01	0.000000e+00	-5.200337e-05	0.000000e+00	-5.180061e-05	0.000000e+00	1.000000e+00	1.000000e-01	1.000000e+00	1.100000e+01
276	-1.012986e-01	0.000000e+00	-1.012986e-01	0.000000e+00	3.705569e-07	0.000000e+00	1.667632e-07	0.000000e+00	1.000000e+00	1.000000e-01	1.000000e+00	1.100000e+01
277	-1.012857e-01	0.000000e+00	-1.012857e-01	0.000000e+00	1.289984e-05	0.000000e+00	1.285010e-05	0.000000e+00	1.000000e+00	1.000000e-01	1.000000e+00	1.100000e+01
278	-1.012881e-01	0.000000e+00	-1.012881e-01	2.152819e-01	-2.440950e-06	0.000000e+00	-2.381220e-06	2.152819e-01	1.000000e+00	1.000000e-01	9.999998e-01	1.100000e+01
279	-1.008538e-01	0.000000e+00	-1.008555e-01	0.000000e+00	4.342826e-04	0.000000e+00	4.325769e-04	-2.152819e-01	1.000000e+00	1.000000e-01	1.000000e+00	1.100000e+01
280	-1.012361e-01	0.000000e+00	-1.012346e-01	0.000000e+00	-3.822822e-04	0.000000e+00	-3.790992e-04	0.000000e+00	1.000000e+00	1.000000e-01	1.000000e+00	1.100000e+01
281	-1.012747e-01	0.000000e+00	-1.012746e-01	0.000000e+00	-3.860950e-05	0.000000e+00	-3.993954e-05	0.000000e+00	1.000000e+00	1.000000e-01	1.000000e+00	1.100000e+01
282	-1.011772e-01	0.000000e+00	-1.011776e-01	0.000000e+00	9.749735e-05	0.000000e+00	9.696049e-05	0.000000e+00	1.000000e+00	1.000000e-01	1.000000e+00	1.100000e+01
283	-1.011724e-01	0.000000e+00	-1.011724e-01	0.000000e+00	4.856491e-06	0.000000e+00	5.216272e-06	0.000000e+00	1.000000e+00	1.000000e-01	1.000000e+00	1.100000e+01
284	-1.011974e-01	0.000000e+00	-1.011973e-01	0.000000e+00	-2.499678e-05	0.000000e+00	-2.487876e-05	0.000000e+00	1.000000e+00	1.000000e-01	1.000000e+00	1.100000e+01
285	-1.011936e-01	0.000000e+00	-1.011936e-01	4.483240e-02	3.811926e-06	0.000000e+00	3.699853e-06	4.483240e-02	1.000000e+00	1.000000e-01	1.000000e+00	1.100000e+01
286	-1.006688e-01	0.000000e+00	-1.006709e-01	0.000000e+00	5.247309e-04	0.000000e+00	5.226956e-04	-4.483240e-02	1.000000e+00	1.000000e-01	1.000000e+00	1.100000e+01
287	-1.012860e-01	0.000000e+00	-1.012836e-01	0.000000e+00	-6.171424e-04	0.000000e+00	-6.126899e-04	0.000000e+00	1.000000e+00	1.000000e-01	1.000000e+00	1.100000e+01
288	-1.013111e-01	0.000000e+00	-1.013110e-01	7.324863e-01	-2.514723e-05	0.000000e+00	-2.744232e-05	7.324863e-01	1.000000e+00	1.000000e-01	1.000000e+00	1.100000e+01
289	-1.008792e-01	0.000000e+00	-1.008809e-01	0.000000e+00	4.319234e-04	0.000000e+00	4.301290e-04	-7.324863e-01	1.000000e+00	1.000000e-01	1.000000e+00	1.100000e+01
290	-1.010966e-01	0.000000e+00	-1.010958e-01	3.455831e-01	-2.174204e-04	0.000000e+00	-2.148909e-04	3.455831e-01	1.000000e+00	1.000000e-01	1.000000e+00	1.100000e+01
291	-1.007499e-01	0.000000e+00	-1.007513e-01	0.000000e+00	3.467025e-04	0.000000e+00	3.445087e-04	-3.455831e-01	1.000000e+00	1.000000e-01	1.000000e+00	1.100000e+01
292	-1.010333e-01	0.000000e+00	-1.010322e-01	0.000000e+00	-2.834079e-04	0.000000e+00	-2.809551e-04	0.000000e+00	1.000000e+00	1.000000e-01	1.000000e+00	1.100000e+01
293	-1.011614e-01	0.000000e+00	-1.011609e-01	0.000000e+00	-1.280827e-04	0.000000e+00	-1.286798e-04	0.000000e+00	1.000000e+00	1.000000e-01	1.000000e+00	1.100000e+01
294	-1.011075e-01	0.000000e+00	-1.011077e-01	0.000000e+00	5.389016e-05	0.000000e+00	5.317700e-05	0.000000e+00	1.000000e+00	1.000000e-01	1.000000e+00	1.100000e+01
295	-1.010806e-01	0.000000e+00	-1.010807e-01	0.000000e+00	2.691000e-05	0.000000e+00	2.701261e-05	0.000000e+00	1.000000e+00	1.000000e-01	1.000000e+00	1.100000e+01
296	-1.011000e-01	0.000000e+00	-1.010999e-01	0.000000e+00	-1.937846e-05	0.000000e+00	-1.919724e-05	0.000000e+00	1.000000e+00	1.000000e-01	1.000000e+00	1.100000e+01
297	-1.011045e-01	0.000000e+00	-1.011045e-01	0.000000e+00	-4.531522e-06	0.000000e+00	-4.588810e-06	0.000000e+00	1.000000e+00	1.000000e-01	1.000000e+00	1.100000e+01
298	-1.010991e-01	0.000000e+00	-1.010991e-01	0.000000e+00	5.443442e-06	0.000000e+00	5.404254e-06	0.000000e+00	1.000000e+00	1.000000e-01	1.000000e+00	1.100000e+01
299	-1.010986e-01	0.000000e+00	-1.010986e-01	0.000000e+00	4.321590e-07	0.000000e+00	4.515812e-07	0.000000e+00	1.000000e+00	1.000000e-01	1.000000e+00	1.100000e+01
300	-1.011125e-01	0.000000e+00	-1.011124e-01	0.000000e+00	-1.383927e-05	0.000000e+00	-1.378345e-05	0.000000e+00	1.000000e+00	1.000000e-01	1.000000e+00	1.100000e+01
301	-1.010944e-01	0.000000e+00	-1.010945e-01	0.000000e+00	1.809130e-05	0.000000e+00	1.796678e-05	0.000000e+00	1.000000e+00	1.000000e-01	1.000000e+00	1.100000e+01
302	-1.010968e-01	0.000000e+00	-1.010968e-01	1.510973e-01	-2.389910e-06	0.000000e+00	-2.310392e-06	1.510973e-01	1.000000e+00	1.000000e-01	9.999998e-01	1.100000e+01
303	-1.006790e-01	0.000000e+00	-1.006806e-01	0.000000e+00	4.177734e-04	0.000000e+00	4.161324e-04	-1.510973e-01	1.000000e+00	1.000000e-01	1.000000e+00	1.100000e+01
304	-1.013073e-01	0.000000e+00	-1.013049e-01	1.374386e-01	-6.283027e-04	0.000000e+00	-6.242229e-04	1.374386e-01	1.000000e+00	1.000000e-01	1.000000e+00	1.100000e+01
305	-1.009994e-01	0.000000e+00	-1.010006e-01	0.000000e+00	3.078739e-04	0.000000e+00	3.042328e-04	-1.374386e-01	1.000000e+00	1.000000e-01	1.000000e+00	1.100000e+01
306	-1.010728e-01	0.000000e+00	-1.010725e-01	0.000000e+00	-7.336963e-05	0.000000e+00	-7.189462e-05	0.000000e+00	1.000000e+00	1.000000e-01	1.000000e+00	1.100000e+01
307	-1.012323e-01	0.000000e+00	-1.012316e-01	0.000000e+00	-1.594651e-04	0.000000e+00	-1.591231e-04	0.000000e+00	1.000000e+00	1.000000e-01	1.000000e+00	1.100000e+01
308	-1.011830e-01	0.000000e+00	-1.011832e-01	0.000000e+00	4.928726e-05	0.000000e+00	4.847316e-05	0.000000e+00	1.000000e+00	1.000000e-01	1.000000e+00	1.100000e+01
309	-1.011625e-01	0.000000e+00	-1.011626e-01	0.000000e+00	2.045031e-05	0.000000e+00	2.055978e-05	0.000000e+00	1.000000e+00	1.000000e-01	1.000000e+00	1.100000e+01
310	-1.011710e-01	0.000000e+00	-1.011709e-01	0.000000e+00	-8.436673e-06	0.000000e+00	-8.323406e-06	0.000000e+00	1.000000e+00	1.000000e-01	1.000000e+00	1.100000e+01
311	-1.011765e-01	0.000000e+00	-1.011765e-01	0.000000e+00	-5.548555e-06	0.000000e+00	-5.559395e-06	0.000000e+00	1.000000e+00	1.000000e-01	1.000000e+00	1.100000e+01
312	-1.011725e-01	0.000000e+00	-1.011725e-01	0.000000e+00	4.065911e-06	0.000000e+00	4.028312e-06	0.000000e+00	1.000000e+00	1.000000e-01	1.000000e+00	1.100000e+01
313	-1.012272e-01	0.000000e+00	-1.012270e-01	0.000000e+00	-5.475889e-05	0.000000e+00	-5.452926e-05	0.000000e+00	1.000000e+00	1.000000e-01	1.000000e+00	1.100000e+01
314	-1.013773e-01	0.000000e+00	-1.013767e-01	0.000000e+00	-1.500639e-04	0.000000e+00	-1.496907e-04	0.000000e+00	1.000000e+00	1.000000e-01	1.000000e+00	1.100000e+01
315	-1.013674e-01	0.000000e+00	-1.013675e-01	1.096843e+00	9.850390e-06	0.000000e+00	9.227182e-06	1.096843e+00	1.000000e+00	1.000000e-01	1.000005e+00	1.100000e+01
316	-1.007245e-01	0.000000e+00	-1.007270e-01	0.000000e+00	6.429363e-04	0.000000e+00	6.404608e-04	-1.096843e+00	1.000000e+00	1.000000e-01	1.000000e+00	1.100000e+01
317	-1.010588e-01	0.000000e+00	-1.010575e-01	0.000000e+00	-3.343478e-04	0.000000e+00	-3.305400e-04	0.000000e+00	1.000000e+00	1.000000e-01	1.000000e+00	1.100000e+01
318	-1.012026e-01	0.000000e+00	-1.012021e-01	2.453835e-01	-1.437908e-04	0.000000e+00	-1.445203e-04	2.453835e-01	1.000000e+00	1.000000e-01	1.000000e+00	1.100000e+01
319	-1.008832e-01	0.000000e+00	-1.008845e-01	0.000000e+00	3.193901e-04	0.000000e+00	3.175780e-04	-2.453835e-01	1.000000e+00	1.000000e-01	1.000000e+00	1.100000e+01
320	-1.011498e-01	0.000000e+00	-1.011487e-01	6.721046e-01	-2.665423e-04	0.000000e+00	-2.642606e-04	6.721046e-01	1.000000e+00	1.000000e-01	1.000000e+00	1.100000e+01
321	-1.010548e-01	0.000000e+00	-1.010552e-01	4.854884e-01	9.494279e-05	0.000000e+00	9.353966e-05	-1.866162e-01	1.000000e+00	1.000000e-01	1.000000e+00	1.100000e+01
322	-1.010855e-01	0.000000e+00	-1.010854e-01	0.000000e+00	-3.066088e-05	0.000000e+00	-3.017572e-05	-4.854884e-01	1.000000e+00	1.000000e-01	1.000000e+00	1.100000e+01
323	-1.013043e-01	0.000000e+00	-1.013035e-01	0.000000e+00	-2.188315e-04	0.000000e+00	-2.180946e-04	0.000000e+00	1.000000e+00	1.000000e-01	1.000000e+00	1.100000e+01
324	-1.012588e-01	0.000000e+00	-1.012590e-01	2.732210e-01	4.554127e-05	0.000000e+00	4.451144e-05	2.732210e-01	1.000000e+00	1.000000e-01	1.000000e+00	1.100000e+01
325	-1.010814e-01	0.000000e+00	-1.010821e-01	0.000000e+00	1.773927e-04	0.000000e+00	1.768736e-04	-2.732210e-01	1.000000e+00	1.000000e-01	1.000000e+00	1.100000e+01
326	-1.010469e-01	0.000000e+00	-1.010471e-01	0.000000e+00	3.448133e-05	0.000000e+00	3.503755e-05	0.000000e+00	1.000000e+00	1.000000e-01	1.000000e+00	1.100000e+01
327	-1.011239e-01	0.000000e+00	-1.011236e-01	0.000000e+00	-7.694947e-05	0.000000e+00	-7.651202e-05	0.000000e+00	1.000000e+00	1.000000e-01	1.000000e+00	1.100000e+01
328	-1.011413e-01	0.000000e+00	-1.011413e-01	0.000000e+00	-1.747900e-05	0.000000e+00	-1.770960e-05	0.000000e+00	1.000000e+00	1.000000e-01	1.000000e+00	1.100000e+01
329	-1.010523e-01	0.000000e+00	-1.010526e-01	0.000000e+00	8.906821e-05	0.000000e+00	8.865111e-05	0.000000e+00	1.000000e+00	1.000000e-01	1.000000e+00	1.100000e+01
330	-1.010626e-01	0.000000e+00	-1.010626e-01	0.000000e+00	-1.035851e-05	0.000000e+00	-9.971752e-06	0.000000e+00	1.000000e+00	1.000000e-01	1.000000e+00	1.100000e+01
331	-1.010853e-01	0.000000e+00	-1.010852e-01	0.000000e+00	-2.263991e-05	0.000000e+00	-2.259043e-05	0.000000e+00	1.000000e+00	1.000000e-01	1.000000e+00	1.100000e+01
332	-1.010841e-01	0.000000e+00	-1.010841e-01	0.000000e+00	1.133166e-06	0.000000e+00	1.040496e-06	0.000000e+00	1.000000e+00	1.000000e-01	1.000000e+00	1.100000e+01
333	-1.011230e-01	0.000000e+00	-1.011228e-01	0.000000e+00	-3.885733e-05	0.000000e+00	-3.870148e-05	0.000000e+00	1.000000e+00	1.000000e-01	1.000000e+00	1.100000e+01
334	-1.011253e-01	0.000000e+00	-1.011253e-01	0.000000e+00	-2.296659e-06	0.000000e+00	-2.438865e-06	0.000000e+00	1.000000e+00	1.000000e-01	1.000000e+00	1.100000e+01
335	-1.011155e-01	0.000000e+00	-1.011155e-01	0.000000e+00	9.832957e-06	0.000000e+00	9.785020e-06	0.000000e+00	1.000000e+00	1.000000e-01	1.000000e+00	1.100000e+01
336	-1.011149e-01	0.000000e+00	-1.011149e-01	0.000000e+00	5.986900e-07	0.000000e+00	6.345741e-07	0.000000e+00	1.000000e+00	1.000000e-01	1.000000e+00	1.100000e+01
337	-1.011174e-01	0.000000e+00	-1.011174e-01	0.000000e+00	-2.503681e-06	0.000000e+00	-2.491422e-06	0.000000e+00	1.000000e+00	1.000000e-01	1.000000e+00	1.100000e+01
338	-1.011173e-01	0.000000e+00	-1.011173e-01	0.000000e+00	1.735657e-08	0.000000e+00	7.556652e-09	0.000000e+00	1.000000e+00	1.000000e-01	1.000000e+00	1.100000e+01
339	-1.011167e-01	0.000000e+00	-1.011167e-01	0.000000e+00	6.211527e-07	0.000000e+00	6.187558e-07	0.000000e+00	1.000000e+00	1.000000e-01	1.000000e+00	1.100000e+01
340	-1.011169e-01	0.000000e+00	-1.011169e-01	0.000000e+00	-1.292093e-07	0.000000e+00	-1.262876e-07	0.000000e+00	1.000000e+00	1.000000e-01	1.000000e+00	1.100000e+01
341	-1.011267e-01	0.000000e+00	-1.011267e-01	0.000000e+00	-9.847390e-06	0.000000e+00	-9.809417e-06	0.000000e+00	1.000000e+00	1.000000e-01	1.000000e+00	1.100000e+01
342	-1.011018e-01	0.000000e+00	-1.011019e-01	0.000000e+00	2.493264e-05	0.000000e+00	2.479693e-05	0.000000e+00	1.000000e+00	1.000000e-01	1.000000e+00	1.100000e+01
343	-1.010486e-01	0.000000e+00	-1.010488e-01	0.000000e+00	5.315551e-05	0.000000e+00	5.304474e-05	0.000000e+00	1.000000e+00	1.000000e-01	1.000000e+00	1.100000e+01
344	-1.010594e-01	0.000000e+00	-1.010593e-01	0.000000e+00	-1.075542e-05	0.000000e+00	-1.050620e-05	0.000000e+00	1.000000e+00	1.000000e-01	1.000000e+00	1.100000e+01
345	-1.010718e-01	0.000000e+00	-1.010718e-01	0.000000e+00	-1.247262e-05	0.000000e+00	-1.246494e-05	0.000000e+00	1.000000e+00	1.000000e-01	1.000000e+00	1.100000e+01
346	-1.010662e-01	0.000000e+00	-1.010662e-01	0.000000e+00	5.627669e-06	0.000000e+00	5.556995e-06	0.000000e+00	1.000000e+00	1.000000e-01	1.000000e+00	1.100000e+01
347	-1.010647e-01	0.000000e+00	-1.010647e-01	0.000000e+00	1.528404e-06	0.000000e+00	1.544141e-06	0.000000e+00	1.000000e+00	1.000000e-01	1.000000e+00	1.100000e+01
348	-1.009936e-01	0.000000e+00	-1.009939e-01	0.000000e+00	7.107264e-05	0.000000e+00	7.080104e-05	0.000000e+00	1.000000e+00	1.000000e-01	1.000000e+00	1.100000e+01
349	-1.009842e-01	0.000000e+00	-1.009843e-01	0.000000e+00	9.396873e-06	0.000000e+00	9.636733e-06	0.000000e+00	1.000000e+00	1.000000e-01	1.000000e+00	1.100000e+01
350	-1.010009e-01	0.000000e+00	-1.010008e-01	0.000000e+00	-1.666712e-05	0.000000e+00	-1.656437e-05	0.000000e+00	1.000000e+00	1.000000e-01	1.000000e+00	1.100000e+01
351	-1.010040e-01	0.000000e+00	-1.010040e-01	0.000000e+00	-3.085153e-06	0.000000e+00	-3.137806e-06	0.000000e+00	1.000000e+00	1.000000e-01	1.000000e+00	1.100000e+01
352	-1.009996e-01	0.000000e+00	-1.009997e-01	1.688357e-01	4.323392e-06	0.000000e+00	4.294246e-06	1.688357e-01	1.000000e+00	1.000000e-01	1.000000e+00	1.100000e+01
353	-1.008409e-01	0.000000e+00	-1.008415e-01	0.000000e+00	1.587698e-04	0.000000e+00	1.581664e-04	-1.688357e-01	1.000000e+00	1.000000e-01	1.000000e+00	1.100000e+01
354	-1.009861e-01	0.000000e+00	-1.009856e-01	3.252206e-01	-1.452705e-04	0.000000e+00	-1.440852e-04	3.252206e-01	1.000000e+00	1.000000e-01	1.000000e+00	1.100000e+01
355	-1.008817e-01	0.000000e+00	-1.008821e-01	0.000000e+00	1.044131e-04	0.000000e+00	1.034424e-04	-3.252206e-01	1.000000e+00	1.000000e-01	1.000000e+00	1.100000e+01
356	-1.009616e-01	0.000000e+00	-1.009613e-01	0.000000e+00	-7.988605e-05	0.000000e+00	-7.916992e-05	0.000000e+00	1.000000e+00	1.000000e-01	1.000000e+00	1.100000e+01
357	-1.009982e-01	0.000000e+00	-1.009980e-01	0.000000e+00	-3.657262e-05	0.000000e+00	-3.673901e-05	0.000000e+00	1.000000e+00	1.000000e-01	1.000000e+00	1.100000e+01
358	-1.009852e-01	0.000000e+00	-1.009853e-01	0.000000e+00	1.297228e-05	0.000000e+00	1.277809e-05	0.000000e+00	1.000000e+00	1.000000e-01	1.000000e+00	1.100000e+01
359	-1.009742e-01	0.000000e+00	-1.009742e-01	0.000000e+00	1.105356e-05	0.000000e+00	1.106030e-05	0.000000e+00	1.000000e+00	1.000000e-01	1.000000e+00	1.100000e+01
360	-1.009773e-01	0.000000e+00	-1.009773e-01	0.000000e+00	-3.115487e-06	0.000000e+00	-3.060112e-06	0.000000e+00	1.000000e+00	1.000000e-01	1.000000e+00	1.100000e+01
361	-1.008779e-01	0.000000e+00	-1.008783e-01	8.005752e-02	9.935159e-05	0.000000e+00	9.895155e-05	8.005752e-02	1.000000e+00	1.000000e-01	1.000000e+00	1.100000e+01
362	-1.006445e-01	0.000000e+00	-1.006454e-01	1.744315e+00	2.334406e-04	0.000000e+00	2.329152e-04	1.664257e+00	1.000000e+00	1.000000e-01	1.000000e+00	1.100000e+01
363	-1.011407e-01	0.000000e+00	-1.011388e-01	0.000000e+00	-4.962116e-04	0.000000e+00	-4.933635e-04	-1.744315e+00	1.000000e+00	1.000000e-01	1.000000e+00	1.100000e+01
364	-1.015159e-01	2.051601e-02	-1.015144e-01	6.258445e-01	-3.752150e-04	2.051601e-02	-3.756765e-04	6.258445e-01	1.000000e+00	9.998001e-02	9.999286e-01	1.100390e+01
365	-1.011485e-01	0.000000e+00	-1.011499e-01	1.794575e-01	3.674151e-04	-2.051601e-02	3.645124e-04	-4.463869e-01	1.000001e+00	9.996005e-02	9.998901e-01	1.100606e+01
366	-1.009603e-01	0.000000e+00	-1.009611e-01	2.229958e+00	1.881654e-04	0.000000e+00	1.888542e-04	2.050501e+00	1.000001e+00	9.996005e-02	1.000000e+00	1.100000e+01
367	-1.012226e-01	0.000000e+00	-1.012215e-01	0.000000e+00	-2.622321e-04	0.000000e+00	-2.604701e-04	-2.229958e+00	1.000001e+00	9.996005e-02	1.000000e+00	1.100000e+01
368	-1.013651e-01	8.072854e-02	-1.013646e-01	0.000000e+00	-1.425815e-04	8.072854e-02	-1.430420e-04	0.000000e+00	1.000001e+00	9.965160e-02	1.000060e+00	1.096606e+01
369	-1.015145e-01	1.664844e-01	-1.015139e-01	0.000000e+00	-1.493316e-04	8.575587e-02	-1.493070e-04	0.000000e+00	1.000002e+00	9.930477e-02	1.000126e+00	1.092790e+01
370	-1.017172e-01	2.572667e-01	-1.017164e-01	2.190139e+00	-2.027443e-04	9.078232e-02	-2.025356e-04	2.190139e+00	1.000003e+00	9.891763e-02	1.000011e+00	1.097936e+01
371	-1.012244e-01	5.726673e-02	-1.012263e-01	0.000000e+00	4.928399e-04	-2.000000e-01	4.901236e-04	-2.190139e+00	1.000007e+00	9.707530e-02	1.000013e+00	1.097888e+01
372	-1.009767e-01	1.330016e-01	-1.009777e-01	8.883091e-01	2.476890e-04	7.573486e-02	2.486360e-04	8.883091e-01	1.000006e+00	9.681161e-02	1.000019e+00	1.098091e+01
373	-1.009763e-01	1.412908e-02	-1.009763e-01	0.000000e+00	4.422881e-07	-1.188725e-01	1.411795e-06	-8.883091e-01	1.000000e+00	1.000000e-01	1.000019e+00	1.095752e+01
374	-1.010809e-01	1.008397e-02	-1.010805e-01	0.000000e+00	-1.046750e-04	-4.045111e-03	-1.042606e-04	0.000000e+00	1.000000e+00	9.999922e-02	1.000017e+00	1.095744e+01
375	-1.012750e-01	1.106557e-02	-1.012743e-01	1.334813e+00	-1.940813e-04	9.815992e-04	-1.937304e-04	1.334813e+00	1.000000e+00	9.999918e-02	9.998951e-01	1.095806e+01
376	-1.009588e-01	0.000000e+00	-1.009600e-01	0.000000e+00	3.162307e-04	-1.106557e-02	3.142387e-04	-1.334813e+00	1.000000e+00	9.999337e-02	9.997128e-01	1.096444e+01
377	-1.008314e-01	0.000000e+00	-1.008319e-01	5.872647e-01	1.274284e-04	0.000000e+00	1.281581e-04	5.872647e-01	1.000000e+00	9.999337e-02	1.000000e+00	1.100000e+01
378	-1.007878e-01	0.000000e+00	-1.007879e-01	0.000000e+00	4.358083e-05	0.000000e+00	4.391121e-05	-5.872647e-01	1.000000e+00	9.999337e-02	1.000000e+00	1.100000e+01
379	-1.005878e-01	0.000000e+00	-1.005885e-01	0.000000e+00	2.000062e-04	0.000000e+00	1.993965e-04	0.000000e+00	1.000000e+00	9.999337e-02	1.000000e+00	1.100000e+01
380	-1.007342e-01	0.000000e+00	-1.007336e-01	0.000000e+00	-1.463924e-04	0.000000e+00	-1.450416e-04	0.000000e+00	1.000000e+00	9.999337e-02	1.000000e+00	1.100000e+01
381	-1.008024e-01	0.000000e+00	-1.008022e-01	0.000000e+00	-6.826958e-05	0.000000e+00	-6.856947e-05	0.000000e+00	1.000000e+00	9.999337e-02	1.000000e+00	1.100000e+01
382	-1.007719e-01	0.000000e+00	-1.007720e-01	0.000000e+00	3.050975e-05	0.000000e+00	3.012272e-05	0.000000e+00	1.000000e+00	9.999337e-02	1.000000e+00	1.100000e+01
383	-1.007551e-01	0.000000e+00	-1.007551e-01	0.000000e+00	1.683370e-05	0.000000e+00	1.688561e-05	0.000000e+00	1.000000e+00	9.999337e-02	1.000000e+00	1.100000e+01
384	-1.008535e-01	0.000000e+00	-1.008531e-01	0.000000e+00	-9.844755e-05	0.000000e+00	-9.799703e-05	0.000000e+00	1.000000e+00	9.999337e-02	1.000000e+00	1.100000e+01
385	-1.008807e-01	0.000000e+00	-1.008806e-01	0.000000e+00	-2.713133e-05	0.000000e+00	-2.740815e-05	0.000000e+00	1.000000e+00	9.999337e-02	1.000000e+00	1.100000e+01
386	-1.008141e-01	0.000000e+00	-1.008144e-01	2.263867e-01	6.656267e-05	0.000000e+00	6.619560e-05	2.263867e-01	1.000000e+00	9.999337e-02	1.000000e+00	1.100000e+01
387	-1.009152e-01	0.000000e+00	-1.009148e-01	3.974656e-01	-1.010545e-04	0.000000e+00	-1.004012e-04	1.710789e-01	1.000000e+00	9.999337e-02	1.000000e+00	1.100000e+01
388	-1.006924e-01	0.000000e+00	-1.006932e-01	0.000000e+00	2.227990e-04	0.000000e+00	2.215365e-04	-3.974656e-01	1.000000e+00	9.999337e-02	1.000000e+00	1.100000e+01
389	-1.004602e-01	0.000000e+00	-1.004611e-01	0.000000e+00	2.321441e-04	0.000000e+00	2.321027e-04	0.000000e+00	1.000000e+00	9.999337e-02	1.000000e+00	1.100000e+01
390	-1.005377e-01	0.000000e+00	-1.005374e-01	0.000000e+00	-7.745086e-05	0.000000e+00	-7.624167e-05	0.000000e+00	1.000000e+00	9.999337e-02	1.000000e+00	1.100000e+01
391	-1.005846e-01	0.000000e+00	-1.005845e-01	0.000000e+00	-4.697457e-05	0.000000e+00	-4.708890e-05	0.000000e+00	1.000000e+00	9.999337e-02	1.000000e+00	1.100000e+01
392	-1.006549e-01	0.000000e+00	-1.006546e-01	0.000000e+00	-7.027166e-05	0.000000e+00	-7.018111e-05	0.000000e+00	1.000000e+00	9.999337e-02	1.000000e+00	1.100000e+01
393	-1.006523e-01	0.000000e+00	-1.006523e-01	0.000000e+00	2.627747e-06	0.000000e+00	2.343337e-06	0.000000e+00	1.000000e+00	1.000000e-01	1.000000e+00	1.100000e+01
394	-1.006762e-01	0.000000e+00	-1.006761e-01	2.659667e-02	-2.387754e-05	0.000000e+00	-2.377511e-05	2.659667e-02	1.000000e+00	1.000000e-01	1.000000e+00	1.100000e+01
395	-1.008299e-01	0.000000e+00	-1.008293e-01	0.000000e+00	-1.537298e-04	0.000000e+00	-1.532221e-04	-2.659667e-02	1.000000e+00	1.000000e-01	1.000000e+00	1.100000e+01
396	-1.006094e-01	0.000000e+00	-1.006103e-01	0.000000e+00	2.204864e-04	0.000000e+00	2.190266e-04	0.000000e+00	1.000000e+00	1.000000e-01	1.000000e+00	1.100000e+01
397	-1.005847e-01	0.000000e+00	-1.005848e-01	0.000000e+00	2.468134e-05	0.000000e+00	2.544051e-05	0.000000e+00	1.000000e+00	1.000000e-01	1.000000e+00	1.100000e+01
398	-1.006381e-01	0.000000e+00	-1.006379e-01	0.000000e+00	-5.342504e-05	0.000000e+00	-5.311697e-05	0.000000e+00	1.000000e+00	1.000000e-01	1.000000e+00	1.100000e+01
399	-1.006417e-01	0.000000e+00	-1.006417e-01	6.600110e-01	-3.544886e-06	0.000000e+00	-3.738527e-06	6.600110e-01	1.000000e+00	1.000000e-01	9.999989e-01	1.100000e+01
400	-1.006632e-01	0.000000e+00	-1.006632e-01	6.925357e-01	-2.155870e-05	0.000000e+00	-2.148909e-05	3.252466e-02	1.000000e+00	1.000000e-01	1.000000e+00	1.100000e+01
401	-1.001612e-01	0.000000e+00	-1.001631e-01	0.000000e+00	5.020956e-04	0.000000e+00	5.000503e-04	-6.925357e-01	1.000000e+00	1.000000e-01	1.000000e+00	1.100000e+01
402	-9.971022e-02	0.000000e+00	-9.971198e-02	0.000000e+00	4.509373e-04	0.000000e+00	4.511291e-04	0.000000e+00	1.000000e+00	1.000000e-01	1.000000e+00	1.100000e+01
403	-9.973389e-02	0.000000e+00	-9.973380e-02	0.000000e+00	-2.367275e-05	0.000000e+00	-2.181805e-05	0.000000e+00	1.000000e+00	1.000000e-01	1.000000e+00	1.100000e+01
404	-9.985664e-02	0.000000e+00	-9.985616e-02	0.000000e+00	-1.227546e-04	0.000000e+00	-1.223603e-04	0.000000e+00	1.000000e+00	1.000000e-01	1.000000e+00	1.100000e+01
405	-9.981825e-02	0.000000e+00	-9.981840e-02	0.000000e+00	3.839530e-05	0.000000e+00	3.776735e-05	0.000000e+00	1.000000e+00	1.000000e-01	1.000000e+00	1.100000e+01
406	-9.983541e-02	0.000000e+00	-9.983534e-02	0.000000e+00	-1.716386e-05	0.000000e+00	-1.694929e-05	0.000000e+00	1.000000e+00	1.000000e-01	1.000000e+00	1.100000e+01
407	-9.984709e-02	0.000000e+00	-9.984704e-02	0.000000e+00	-1.167402e-05	0.000000e+00	-1.169463e-05	0.000000e+00	1.000000e+00	1.000000e-01	1.000000e+00	1.100000e+01
408	-9.984210e-02	0.000000e+00	-9.984212e-02	0.000000e+00	4.982465e-06	0.000000e+00	4.917320e-06	0.000000e+00	1.000000e+00	1.000000e-01	1.000000e+00	1.100000e+01
409	-9.983942e-02	0.000000e+00	-9.983943e-02	0.000000e+00	2.680949e-06	0.000000e+00	2.689685e-06	0.000000e+00	1.000000e+00	1.000000e-01	1.000000e+00	1.100000e+01
410	-9.984104e-02	0.000000e+00	-9.984103e-02	0.000000e+00	-1.613642e-06	0.000000e+00	-1.596832e-06	0.000000e+00	1.000000e+00	1.000000e-01	1.000000e+00	1.100000e+01
411	-9.984149e-02	0.000000e+00	-9.984149e-02	0.000000e+00	-4.532089e-07	0.000000e+00	-4.576761e-07	0.000000e+00	1.000000e+00	1.000000e-01	1.000000e+00	1.100000e+01
412	-9.984109e-02	0.000000e+00	-9.984109e-02	0.000000e+00	4.024158e-07	0.000000e+00	3.990560e-07	0.000000e+00	1.000000e+00	1.000000e-01	1.000000e+00	1.100000e+01
413	-9.984098e-02	0.000000e+00	-9.984098e-02	0.000000e+00	1.105457e-07	0.000000e+00	1.116727e-07	0.000000e+00	1.000000e+00	1.000000e-01	1.000000e+00	1.100000e+01
414	-9.987989e-02	0.000000e+00	-9.987974e-02	0.000000e+00	-3.891583e-05	0.000000e+00	-3.876338e-05	0.000000e+00	1.000000e+00	1.000000e-01	1.000000e+00	1.100000e+01
415	-9.988456e-02	0.000000e+00	-9.988454e-02	0.000000e+00	-4.671032e-06	0.000000e+00	-4.804205e-06	0.000000e+00	1.000000e+00	1.000000e-01	1.000000e+00	1.100000e+01
416	-9.987489e-02	0.000000e+00	-9.987492e-02	0.000000e+00	9.677316e-06	0.000000e+00	9.620747e-06	0.000000e+00	1.000000e+00	1.000000e-01	1.000000e+00	1.100000e+01
417	-9.987357e-02	0.000000e+00	-9.987358e-02	0.000000e+00	1.311750e-06	0.000000e+00	1.344207e-06	0.000000e+00	1.000000e+00	1.000000e-01	1.000000e+00	1.100000e+01
418	-9.987597e-02	0.000000e+00	-9.987596e-02	0.000000e+00	-2.392402e-06	0.000000e+00	-2.377806e-06	0.000000e+00	1.000000e+00	1.000000e-01	1.000000e+00	1.100000e+01
419	-9.982252e-02	0.000000e+00	-9.982273e-02	0.000000e+00	5.344530e-05	0.000000e+00	5.322725e-05	0.000000e+00	1.000000e+00	1.000000e-01	1.000000e+00	1.100000e+01
420	-9.981832e-02	0.000000e+00	-9.981834e-02	0.000000e+00	4.202520e-06	0.000000e+00	4.394023e-06	0.000000e+00	1.000000e+00	1.000000e-01	1.000000e+00	1.100000e+01
421	-9.963952e-02	0.000000e+00	-9.964022e-02	0.000000e+00	1.787992e-04	0.000000e+00	1.781179e-04	0.000000e+00	1.000000e+00	1.000000e-01	1.000000e+00	1.100000e+01
422	-9.961764e-02	0.000000e+00	-9.961773e-02	0.000000e+00	2.187487e-05	0.000000e+00	2.248519e-05	0.000000e+00	1.000000e+00	1.000000e-01	1.000000e+00	1.100000e+01
423	-9.934740e-02	0.000000e+00	-9.934846e-02	0.000000e+00	2.702438e-04	0.000000e+00	2.692760e-04	0.000000e+00	1.000000e+00	1.000000e-01	1.000000e+00	1.100000e+01
424	-9.940110e-02	1.611104e-03	-9.940089e-02	4.909801e-01	-5.369978e-05	1.611104e-03	-5.243815e-05	4.909801e-01	1.000000e+00	9.999988e-02	9.999879e-01	1.100036e+01
425	-1.006949e-01	0.000000e+00	-1.006899e-01	0.000000e+00	-1.293836e-03	-1.611104e-03	-1.288986e-03	-4.909801e-01	9.999999e-01	9.999975e-02	1.000278e+00	1.100072e+01
426	-9.948191e-02	0.000000e+00	-9.948663e-02	1.801404e-01	1.213021e-03	0.000000e+00	1.203247e-03	1.801404e-01	9.999999e-01	9.999975e-02	1.000000e+00	1.100000e+01
427	-1.004811e-01	0.000000e+00	-1.004772e-01	0.000000e+00	-9.991363e-04	0.000000e+00	-9.905332e-04	-1.801404e-01	9.999999e-01	9.999975e-02	1.000000e+00	1.100000e+01
428	-9.965367e-02	0.000000e+00	-9.965689e-02	0.000000e+00	8.273805e-04	0.000000e+00	8.202792e-04	0.000000e+00	9.999999e-01	9.999975e-02	1.000000e+00	1.100000e+01
429	-9.944125e-02	0.000000e+00	-9.944209e-02	0.000000e+00	2.124186e-04	0.000000e+00	2.147931e-04	0.000000e+00	9.999999e-01	9.999975e-02	1.000000e+00	1.100000e+01
430	-9.918860e-02	0.000000e+00	-9.918959e-02	0.000000e+00	2.526484e-04	0.000000e+00	2.525005e-04	0.000000e+00	9.999999e-01	9.999975e-02	1.000000e+00	1.100000e+01
431	-9.850695e-02	0.000000e+00	-9.850961e-02	0.000000e+00	6.816577e-04	0.000000e+00	6.799813e-04	0.000000e+00	9.999999e-01	9.999975e-02	1.000000e+00	1.100000e+01
432	-9.851824e-02	0.000000e+00	-9.851821e-02	7.296870e-01	-1.129672e-05	0.000000e+00	-8.596419e-06	7.296870e-01	9.999999e-01	9.999975e-02	1.000000e+00	1.100000e+01
433	-1.007472e-01	0.000000e+00	-1.007384e-01	0.000000e+00	-2.228910e-03	0.000000e+00	-2.220237e-03	-7.296870e-01	9.999999e-01	9.999975e-02	1.000000e+00	1.100000e+01
434	-9.997950e-02	0.000000e+00	-9.998246e-02	0.000000e+00	7.676558e-04	0.000000e+00	7.559844e-04	0.000000e+00	9.999999e-01	9.999975e-02	1.000000e+00	1.100000e+01
435	-9.958296e-02	0.000000e+00	-9.958452e-02	0.000000e+00	3.965401e-04	0.000000e+00	3.979442e-04	0.000000e+00	9.999999e-01	9.999975e-02	1.000000e+00	1.100000e+01
436	-9.951094e-02	0.000000e+00	-9.951123e-02	0.000000e+00	7.201722e-05	0.000000e+00	7.329038e-05	0.000000e+00	9.999999e-01	9.999975e-02	1.000000e+00	1.100000e+01
437	-9.914350e-02	0.000000e+00	-9.914494e-02	0.000000e+00	3.674395e-04	0.000000e+00	3.662905e-04	0.000000e+00	9.999999e-01	9.999975e-02	1.000000e+00	1.100000e+01
438	-9.972239e-02	0.000000e+00	-9.972013e-02	0.000000e+00	-5.788892e-04	0.000000e+00	-5.751971e-04	0.000000e+00	9.999999e-01	9.999975e-02	1.000000e+00	1.100000e+01
439	-9.973804e-02	0.000000e+00	-9.973797e-02	0.000000e+00	-1.565000e-05	0.000000e+00	-1.783574e-05	0.000000e+00	9.999999e-01	9.999975e-02	1.000000e+00	1.100000e+01
440	-9.922478e-02	0.000000e+00	-9.922679e-02	0.000000e+00	5.132572e-04	0.000000e+00	5.111826e-04	0.000000e+00	9.999999e-01	9.999975e-02	1.000000e+00	1.100000e+01
441	-9.928116e-02	0.000000e+00	-9.928094e-02	0.000000e+00	-5.637437e-05	0.000000e+00	-5.415735e-05	0.000000e+00	9.999999e-01	9.999975e-02	1.000000e+00	1.100000e+01
442	-9.940152e-02	0.000000e+00	-9.940105e-02	4.277255e-01	-1.203618e-04	0.000000e+00	-1.201032e-04	4.277255e-01	9.999999e-01	9.999975e-02	1.000000e+00	1.100000e+01
443	-1.007690e-01	0.000000e+00	-1.007637e-01	0.000000e+00	-1.367477e-03	0.000000e+00	-1.362604e-03	-4.277255e-01	9.999999e-01	9.999975e-02	1.000000e+00	1.100000e+01
444	-9.968956e-02	0.000000e+00	-9.969376e-02	0.000000e+00	1.079431e-03	0.000000e+00	1.069891e-03	0.000000e+00	9.999999e-01	9.999975e-02	1.000000e+00	1.100000e+01
445	-9.935218e-02	0.000000e+00	-9.935351e-02	0.000000e+00	3.373862e-04	0.000000e+00	3.402476e-04	0.000000e+00	9.999999e-01	9.999975e-02	1.000000e+00	1.100000e+01
446	-9.964741e-02	0.000000e+00	-9.964626e-02	0.000000e+00	-2.952287e-04	0.000000e+00	-2.927463e-04	0.000000e+00	9.999999e-01	9.999975e-02	1.000000e+00	1.100000e+01
447	-9.967814e-02	0.000000e+00	-9.967801e-02	1.454818e-01	-3.072998e-05	0.000000e+00	-3.175348e-05	1.454818e-01	9.999999e-01	9.999975e-02	1.000000e+00	1.100000e+01
448	-1.009049e-01	0.000000e+00	-1.009001e-01	4.484023e-01	-1.226739e-03	0.000000e+00	-1.222071e-03	3.029205e-01	9.999999e-01	9.999975e-02	1.000000e+00	1.100000e+01
449	-1.008583e-01	0.000000e+00	-1.008584e-01	0.000000e+00	4.662513e-05	0.000000e+00	4.166929e-05	-4.484023e-01	9.999999e-01	9.999975e-02	1.000000e+00	1.100000e+01
450	-9.947638e-02	0.000000e+00	-9.948177e-02	0.000000e+00	1.381874e-03	0.000000e+00	1.376639e-03	0.000000e+00	9.999999e-01	9.999975e-02	1.000000e+00	1.100000e+01
451	-9.950499e-02	0.000000e+00	-9.950490e-02	0.000000e+00	-2.861007e-05	0.000000e+00	-2.312082e-05	0.000000e+00	9.999999e-01	9.999975e-02	1.000000e+00	1.100000e+01
452	-9.937811e-02	0.000000e+00	-9.937860e-02	0.000000e+00	1.268810e-04	0.000000e+00	1.262951e-04	0.000000e+00	9.999999e-01	9.999975e-02	1.000000e+00	1.100000e+01
453	-9.987301e-02	0.000000e+00	-9.987108e-02	0.000000e+00	-4.949065e-04	0.000000e+00	-4.924800e-04	0.000000e+00	9.999999e-01	9.999975e-02	1.000000e+00	1.100000e+01
454	-9.989423e-02	0.000000e+00	-9.989414e-02	0.000000e+00	-2.121587e-05	0.000000e+00	-2.305675e-05	0.000000e+00	9.999999e-01	9.999975e-02	1.000000e+00	1.100000e+01
455	-9.977093e-02	0.000000e+00	-9.977141e-02	0.000000e+00	1.232965e-04	0.000000e+00	1.227248e-04	0.000000e+00	9.999999e-01	9.999975e-02	1.000000e+00	1.100000e+01
456	-9.976813e-02	0.000000e+00	-9.976814e-02	1.300325e+00	2.801058e-06	0.000000e+00	3.269510e-06	1.300325e+00	1.000000e+00	1.000000e-01	1.000002e+00	1.100000e+01
457	-1.004803e-01	0.000000e+00	-1.004775e-01	0.000000e+00	-7.121913e-04	0.000000e+00	-7.093965e-04	-1.300325e+00	1.000000e+00	1.000000e-01	1.000000e+00	1.100000e+01
458	-1.002199e-01	0.000000e+00	-1.002209e-01	0.000000e+00	2.604649e-04	0.000000e+00	2.566764e-04	0.000000e+00	1.000000e+00	1.000000e-01	1.000000e+00	1.100000e+01
459	-1.001563e-01	0.000000e+00	-1.001566e-01	4.572332e-01	6.351043e-05	0.000000e+00	6.426498e-05	4.572332e-01	1.000000e+00	1.000000e-01	1.000000e+00	1.100000e+01
460	-1.003749e-01	0.000000e+00	-1.003741e-01	0.000000e+00	-2.185605e-04	0.000000e+00	-2.174557e-04	-4.572332e-01	1.000000e+00	1.000000e-01	1.000000e+00	1.100000e+01
461	-1.001922e-01	0.000000e+00	-1.001929e-01	0.000000e+00	1.827544e-04	0.000000e+00	1.811910e-04	0.000000e+00	1.000000e+00	1.000000e-01	1.000000e+00	1.100000e+01
462	-9.993629e-02	0.000000e+00	-9.993729e-02	0.000000e+00	2.558641e-04	0.000000e+00	2.555725e-04	0.000000e+00	1.000000e+00	1.000000e-01	1.000000e+00	1.100000e+01
463	-1.000110e-01	0.000000e+00	-1.000107e-01	0.000000e+00	-7.470185e-05	0.000000e+00	-7.341172e-05	0.000000e+00	1.000000e+00	1.000000e-01	1.000000e+00	1.100000e+01
464	-1.000683e-01	0.000000e+00	-1.000680e-01	0.000000e+00	-5.727356e-05	0.000000e+00	-5.733660e-05	0.000000e+00	1.000000e+00	1.000000e-01	1.000000e+00	1.100000e+01
465	-1.001671e-01	0.000000e+00	-1.001667e-01	0.000000e+00	-9.884205e-05	0.000000e+00	-9.867992e-05	0.000000e+00	1.000000e+00	1.000000e-01	1.000000e+00	1.100000e+01
466	-1.002001e-01	0.000000e+00	-1.002000e-01	0.000000e+00	-3.300035e-05	0.000000e+00	-3.325691e-05	0.000000e+00	1.000000e+00	1.000000e-01	1.000000e+00	1.100000e+01
467	-1.001038e-01	0.000000e+00	-1.001041e-01	0.000000e+00	9.634379e-05	0.000000e+00	9.583753e-05	0.000000e+00	1.000000e+00	1.000000e-01	1.000000e+00	1.100000e+01
468	-1.001087e-01	0.000000e+00	-1.001086e-01	1.209192e+00	-4.905264e-06	0.000000e+00	-4.511738e-06	1.209192e+00	1.000000e+00	1.000000e-01	9.999972e-01	1.100000e+01
469	-1.000224e-01	0.000000e+00	-1.000227e-01	0.000000e+00	8.630241e-05	0.000000e+00	8.594767e-05	-1.209192e+00	1.000000e+00	1.000000e-01	1.000000e+00	1.100000e+01
470	-9.983352e-02	0.000000e+00	-9.983426e-02	0.000000e+00	1.888449e-04	0.000000e+00	1.884429e-04	0.000000e+00	1.000000e+00	1.000000e-01	1.000000e+00	1.100000e+01
471	-9.983404e-02	0.000000e+00	-9.983404e-02	0.000000e+00	-5.170093e-07	0.000000e+00	2.211155e-07	0.000000e+00	1.000000e+00	1.000000e-01	1.000000e+00	1.100000e+01
472	-9.988114e-02	0.000000e+00	-9.988095e-02	0.000000e+00	-4.709959e-05	0.000000e+00	-4.691475e-05	0.000000e+00	1.000000e+00	1.000000e-01	1.000000e+00	1.100000e+01
473	-9.994009e-02	0.000000e+00	-9.993986e-02	0.000000e+00	-5.895137e-05	0.000000e+00	-5.890435e-05	0.000000e+00	1.000000e+00	1.000000e-01	1.000000e+00	1.100000e+01
474	-9.995714e-02	0.000000e+00	-9.995707e-02	0.000000e+00	-1.705295e-05	0.000000e+00	-1.721643e-05	0.000000e+00	1.000000e+00	1.000000e-01	1.000000e+00	1.100000e+01
475	-9.993921e-02	0.000000e+00	-9.993928e-02	1.195087e-01	1.792900e-05	0.000000e+00	1.779171e-05	1.195087e-01	1.000000e+00	1.000000e-01	1.000000e+00	1.100000e+01
476	-1.005514e-01	0.000000e+00	-1.005490e-01	6.604976e-02	-6.122202e-04	0.000000e+00	-6.097592e-04	-5.345893e-02	1.000000e+00	1.000000e-01	1.000000e+00	1.100000e+01
477	-1.007132e-01	0.000000e+00	-1.007126e-01	0.000000e+00	-1.617820e-04	0.000000e+00	-1.635319e-04	-6.604976e-02	1.000000e+00	1.000000e-01	1.000000e+00	1.100000e+01
478	-9.953853e-02	0.000000e+00	-9.954311e-02	1.328812e+00	1.174688e-03	0.000000e+00	1.169460e-03	1.328812e+00	1.000000e+00	1.000000e-01	1.000000e+00	1.100000e+01
479	-9.974309e-02	0.000000e+00	-9.974231e-02	0.000000e+00	-2.045646e-04	0.000000e+00	-1.991974e-04	-1.328812e+00	1.000000e+00	1.000000e-01	1.000000e+00	1.100000e+01
480	-9.989890e-02	0.000000e+00	-9.989829e-02	1.759539e-01	-1.558069e-04	0.000000e+00	-1.559764e-04	1.759539e-01	1.000000e+00	1.000000e-01	1.000000e+00	1.100000e+01
481	-1.001191e-01	0.000000e+00	-1.001182e-01	0.000000e+00	-2.201692e-04	0.000000e+00	-2.199185e-04	-1.759539e-01	1.000000e+00	1.000000e-01	1.000000e+00	1.100000e+01
482	-9.997018e-02	0.000000e+00	-9.997076e-02	0.000000e+00	1.488847e-04	0.000000e+00	1.474440e-04	0.000000e+00	1.000000e+00	1.000000e-01	1.000000e+00	1.100000e+01
483	-9.999674e-02	0.000000e+00	-9.999664e-02	2.477626e-01	-2.655587e-05	0.000000e+00	-2.587618e-05	2.477626e-01	1.000000e+00	1.000000e-01	1.000000e+00	1.100000e+01
484	-1.002224e-01	0.000000e+00	-1.002215e-01	0.000000e+00	-2.256133e-04	0.000000e+00	-2.248330e-04	-2.477626e-01	1.000000e+00	1.000000e-01	1.000000e+00	1.100000e+01
485	-1.001369e-01	0.000000e+00	-1.001372e-01	0.000000e+00	8.547655e-05	0.000000e+00	8.426441e-05	0.000000e+00	1.000000e+00	1.000000e-01	1.000000e+00	1.100000e+01
486	-1.000736e-01	0.000000e+00	-1.000738e-01	0.000000e+00	6.328459e-05	0.000000e+00	6.336654e-05	0.000000e+00	1.000000e+00	1.000000e-01	1.000000e+00	1.100000e+01
487	-1.000921e-01	0.000000e+00	-1.000921e-01	0.000000e+00	-1.855311e-05	0.000000e+00	-1.823311e-05	0.000000e+00	1.000000e+00	1.000000e-01	1.000000e+00	1.100000e+01
488	-1.001052e-01	0.000000e+00	-1.001052e-01	0.000000e+00	-1.308876e-05	0.000000e+00	-1.310886e-05	0.000000e+00	1.000000e+00	1.000000e-01	1.000000e+00	1.100000e+01
489	-1.000260e-01	0.000000e+00	-1.000263e-01	4.960605e-01	7.927972e-05	0.000000e+00	7.891883e-05	4.960605e-01	1.000000e+00	1.000000e-01	1.000000e+00	1.100000e+01
490	-1.005065e-01	0.000000e+00	-1.005046e-01	0.000000e+00	-4.805394e-04	0.000000e+00	-4.783540e-04	-4.960605e-01	1.000000e+00	1.000000e-01	1.000000e+00	1.100000e+01
491	-1.001278e-01	0.000000e+00	-1.001292e-01	5.428707e-02	3.787281e-04	0.000000e+00	3.753801e-04	5.428707e-02	1.000000e+00	1.000000e-01	1.000000e+00	1.100000e+01
492	-1.003175e-01	0.000000e+00	-1.003168e-01	0.000000e+00	-1.897277e-04	0.000000e+00	-1.875202e-04	-5.428707e-02	1.000000e+00	1.000000e-01	1.000000e+00	1.100000e+01
493	-1.001249e-01	0.000000e+00	-1.001257e-01	0.000000e+00	1.925854e-04	0.000000e+00	1.911006e-04	0.000000e+00	1.000000e+00	1.000000e-01	1.000000e+00	1.100000e+01
494	-1.000907e-01	0.000000e+00	-1.000908e-01	0.000000e+00	3.424887e-05	0.000000e+00	3.486157e-05	0.000000e+00	1.000000e+00	1.000000e-01	1.000000e+00	1.100000e+01
495	-1.001398e-01	0.000000e+00	-1.001396e-01	0.000000e+00	-4.917590e-05	0.000000e+00	-4.884763e-05	0.000000e+00	1.000000e+00	1.000000e-01	1.000000e+00	1.100000e+01
496	-1.001546e-01	0.000000e+00	-1.001546e-01	0.000000e+00	-1.477691e-05	0.000000e+00	-1.491000e-05	0.000000e+00	1.000000e+00	1.000000e-01	1.000000e+00	1.100000e+01
497	-1.000865e-01	0.000000e+00	-1.000868e-01	0.000000e+00	6.811991e-05	0.000000e+00	6.779557e-05	0.000000e+00	1.000000e+00	1.000000e-01	1.000000e+00	1.100000e+01
498	-1.000928e-01	0.000000e+00	-1.000928e-01	0.000000e+00	-6.308445e-06	0.000000e+00	-6.018977e-06	0.000000e+00	1.000000e+00	1.000000e-01	1.000000e+00	1.100000e+01
499	-1.001092e-01	0.000000e+00	-1.001092e-01	0.000000e+00	-1.643178e-05	0.000000e+00	-1.639111e-05	0.000000e+00	1.000000e+00	1.000000e-01	1.000000e+00	1.100000e+01
