#sequence delta(k-1),f(k-1),theta(k),v(k),delta_diff(k-1),f_diff(k-1),theta_diff(k),v_diff(k),phi(1,1;k),phi(1,2;k),phi(2,1;k),phi(2,2;k)
1	7.498751e-01	0.000000e+00	7.499651e-01	0.000000e+00	7.498751e-01	0.000000e+00	-2.295956e-02	-8.355196e-03	7.851344e-01	1.000000e-01	1.000000e+00	1.200000e+01
2	4.645055e-01	2.000000e-01	4.656206e-01	2.374160e+00	-2.853696e-01	2.000000e-01	-2.843445e-01	2.374160e+00	7.953949e-01	9.280897e-02	9.668344e-01	1.202324e+01
3	7.465806e-01	2.768920e-01	7.454831e-01	4.851296e+00	2.820752e-01	7.689198e-02	2.798626e-01	2.477136e+00	8.016095e-01	9.450304e-02	1.131297e+00	1.206808e+01
4	7.915778e-01	1.825885e-01	7.913977e-01	3.630596e+00	4.499713e-02	-9.430349e-02	4.591457e-02	-1.220701e+00	8.020082e-01	9.366743e-02	1.128458e+00	1.207403e+01
5	7.058412e-01	2.524186e-01	7.061754e-01	3.607493e+00	-8.573660e-02	6.983015e-02	-8.522233e-02	-2.310297e-02	8.029393e-01	9.290911e-02	1.159605e+00	1.204866e+01
6	6.884102e-01	4.524186e-01	6.884796e-01	5.664478e+00	-1.743098e-02	2.000000e-01	-1.769579e-02	2.056985e+00	8.031201e-01	9.083418e-02	1.162304e+00	1.201769e+01
7	7.433143e-01	6.085292e-01	7.431001e-01	8.053415e+00	5.490415e-02	1.561106e-01	5.462055e-02	2.388937e+00	8.030261e-01	9.056686e-02	1.173856e+00	1.205054e+01
8	7.650233e-01	6.032675e-01	7.649377e-01	7.635179e+00	2.170898e-02	-5.261683e-03	2.183754e-02	-4.182358e-01	8.030764e-01	9.055467e-02	1.169935e+00	1.205149e+01
9	7.456332e-01	7.399347e-01	7.457086e-01	8.934647e+00	-1.939016e-02	1.366672e-01	-1.922911e-02	1.299468e+00	8.032227e-01	8.952366e-02	1.172900e+00	1.203060e+01
10	7.323098e-01	8.562363e-01	7.323622e-01	1.016838e+01	-1.332331e-02	1.163016e-01	-1.334638e-02	1.233729e+00	8.033048e-01	8.880729e-02	1.173841e+00	1.202238e+01
11	7.365924e-01	9.324337e-01	7.365759e-01	1.136670e+01	4.282542e-03	7.619742e-02	4.213679e-03	1.198321e+00	8.032926e-01	8.859099e-02	1.174404e+00	1.203238e+01
12	7.361270e-01	9.475358e-01	7.361287e-01	1.153208e+01	-4.654238e-04	1.510208e-02	-4.471460e-04	1.653876e-01	8.032929e-01	8.858087e-02	1.174407e+00	1.203227e+01
13	7.246046e-01	1.035927e+00	7.246496e-01	1.257742e+01	-1.152239e-02	8.839126e-02	-1.147913e-02	1.045332e+00	8.033477e-01	8.816046e-02	1.174433e+00	1.203207e+01
14	7.118852e-01	1.106276e+00	7.119350e-01	1.398773e+01	-1.271942e-02	7.034875e-02	-1.271458e-02	1.410313e+00	8.034001e-01	8.787053e-02	1.170944e+00	1.205136e+01
15	7.009355e-01	1.085284e+00	7.009785e-01	1.372124e+01	-1.094964e-02	-2.099185e-02	-1.095653e-02	-2.664881e-01	8.034018e-01	8.787367e-02	1.170948e+00	1.205137e+01
16	6.856199e-01	1.184137e+00	6.856799e-01	1.583466e+01	-1.531561e-02	9.885273e-02	-1.529858e-02	2.113422e+00	8.034863e-01	8.732794e-02	1.164143e+00	1.209529e+01
17	6.563996e-01	1.114484e+00	6.565139e-01	1.428163e+01	-2.922035e-02	-6.965260e-02	-2.916596e-02	-1.553032e+00	8.034809e-01	8.731492e-02	1.173507e+00	1.211761e+01
18	6.313560e-01	1.314484e+00	6.314543e-01	1.547609e+01	-2.504356e-02	2.000000e-01	-2.505966e-02	1.194461e+00	8.037420e-01	8.522923e-02	1.187494e+00	1.200591e+01
19	6.173731e-01	1.514484e+00	6.174281e-01	1.702178e+01	-1.398286e-02	2.000000e-01	-1.402613e-02	1.545685e+00	8.038712e-01	8.338218e-02	1.192956e+00	1.192779e+01
20	5.803874e-01	1.650213e+00	5.805321e-01	1.807749e+01	-3.698577e-02	1.357284e-01	-3.689608e-02	1.055710e+00	8.041927e-01	8.220232e-02	1.201986e+00	1.189465e+01
21	5.252942e-01	1.733607e+00	5.255100e-01	2.001457e+01	-5.509317e-02	8.339423e-02	-5.502209e-02	1.937085e+00	8.046502e-01	8.150973e-02	1.175651e+00	1.193451e+01
22	4.741252e-01	1.592852e+00	4.743259e-01	1.816297e+01	-5.116898e-02	-1.407547e-01	-5.118403e-02	-1.851600e+00	8.046151e-01	8.141307e-02	1.178334e+00	1.194189e+01
23	4.260760e-01	1.739000e+00	4.262645e-01	2.095047e+01	-4.804919e-02	1.461480e-01	-4.806143e-02	2.787492e+00	8.050955e-01	7.995180e-02	1.153548e+00	1.201728e+01
24	3.479018e-01	1.604242e+00	3.482079e-01	2.062622e+01	-7.817421e-02	-1.347577e-01	-7.805658e-02	-3.242496e-01	8.052549e-01	8.022657e-02	1.102723e+00	1.192966e+01
25	2.936635e-01	1.524430e+00	2.938766e-01	2.076684e+01	-5.423831e-02	-7.981242e-02	-5.433135e-02	1.406194e-01	8.053640e-01	8.038704e-02	1.073167e+00	1.188617e+01
26	2.380441e-01	1.486483e+00	2.382622e-01	1.957797e+01	-5.561946e-02	-3.794687e-02	-5.561443e-02	-1.188861e+00	8.055688e-01	8.052678e-02	1.091042e+00	1.189837e+01
27	1.641352e-01	1.686483e+00	1.644248e-01	2.121569e+01	-7.390885e-02	2.000000e-01	-7.383739e-02	1.637717e+00	8.066124e-01	7.770259e-02	1.113743e+00	1.183694e+01
28	1.082380e-01	1.839806e+00	1.084575e-01	2.342326e+01	-5.589719e-02	1.533230e-01	-5.596727e-02	2.207570e+00	8.072097e-01	7.606439e-02	1.101822e+00	1.186964e+01
29	7.026819e-02	1.780674e+00	7.041737e-02	2.200095e+01	-3.796983e-02	-5.913210e-02	-3.804013e-02	-1.422312e+00	8.072617e-01	7.614544e-02	1.114031e+00	1.188865e+01
30	2.422045e-02	1.937611e+00	2.440091e-02	2.553973e+01	-4.604774e-02	1.569372e-01	-4.601646e-02	3.538779e+00	8.077105e-01	7.461581e-02	1.076813e+00	1.201549e+01
31	-6.015429e-03	1.737611e+00	-5.896615e-03	2.318240e+01	-3.023588e-02	-2.000000e-01	-3.029753e-02	-2.357331e+00	8.075832e-01	7.377353e-02	1.075711e+00	1.200820e+01
32	-9.903286e-03	1.800360e+00	-9.887635e-03	2.410114e+01	-3.887857e-03	6.274915e-02	-3.991020e-03	9.187437e-01	8.075933e-01	7.361050e-02	1.075399e+00	1.201324e+01
33	6.657268e-03	1.823332e+00	6.592639e-03	2.600035e+01	1.656055e-02	2.297195e-02	1.648027e-02	1.899210e+00	8.076044e-01	7.362594e-02	1.088022e+00	1.203075e+01
34	5.209293e-03	1.628437e+00	5.214697e-03	2.304601e+01	-1.447975e-03	-1.948951e-01	-1.377943e-03	-2.954345e+00	8.075949e-01	7.234125e-02	1.088433e+00	1.208599e+01
35	-6.321922e-03	1.810722e+00	-6.276857e-03	2.410089e+01	-1.153122e-02	1.822850e-01	-1.149155e-02	1.054887e+00	8.076777e-01	7.103263e-02	1.094551e+00	1.198927e+01
36	-3.158160e-03	2.005725e+00	-3.170343e-03	2.684037e+01	3.163762e-03	1.950025e-01	3.106515e-03	2.739478e+00	8.076581e-01	6.982367e-02	1.095138e+00	1.202546e+01
37	-5.967835e-02	1.925290e+00	-5.945761e-02	2.708367e+01	-5.652019e-02	-8.043454e-02	-5.628727e-02	2.432991e-01	8.077922e-01	7.001462e-02	1.061141e+00	1.197707e+01
38	-2.507553e-01	1.765137e+00	-2.500081e-01	2.423559e+01	-1.910770e-01	-1.601529e-01	-1.905504e-01	-2.848080e+00	8.099917e-01	7.185814e-02	1.125149e+00	1.203072e+01
39	-3.334813e-01	1.955813e+00	-3.331552e-01	2.617716e+01	-8.272597e-02	1.906756e-01	-8.314716e-02	1.941566e+00	8.111395e-01	6.921252e-02	1.135124e+00	1.200773e+01
40	-4.665818e-01	2.021541e+00	-4.660606e-01	2.707188e+01	-1.331005e-01	6.572764e-02	-1.329054e-01	8.947221e-01	8.129838e-01	6.830182e-02	1.119080e+00	1.201566e+01
41	-6.989540e-01	1.998126e+00	-6.980443e-01	2.678809e+01	-2.323722e-01	-2.341466e-02	-2.319837e-01	-2.837904e-01	8.174395e-01	6.875079e-02	1.091402e+00	1.201287e+01
42	-6.448858e-01	2.002791e+00	-6.450935e-01	2.638848e+01	5.406819e-02	4.664858e-03	5.295080e-02	-3.996042e-01	8.176558e-01	6.876945e-02	1.078204e+00	1.201173e+01
43	-8.427709e-02	2.077500e+00	-8.646778e-02	2.689810e+01	5.606087e-01	7.470975e-02	5.586257e-01	5.096115e-01	8.394889e-01	7.167905e-02	8.504140e-01	1.198137e+01
44	-1.389756e-02	2.128828e+00	-1.418104e-02	2.672299e+01	7.037953e-02	5.132785e-02	7.228674e-02	-1.751089e-01	8.398061e-01	7.191039e-02	8.221077e-01	1.196073e+01
45	-5.114213e-01	2.225281e+00	-5.094790e-01	2.710816e+01	-4.975238e-01	9.645311e-02	-4.952980e-01	3.851681e-01	8.574841e-01	6.848321e-02	8.973900e-01	1.194613e+01
46	-6.452551e-01	2.304458e+00	-6.447247e-01	2.691571e+01	-1.338338e-01	7.917604e-02	-1.352457e-01	-1.924454e-01	8.591114e-01	6.752050e-02	9.613443e-01	1.190830e+01
47	-4.751853e-01	2.425865e+00	-4.758475e-01	2.917205e+01	1.700698e-01	1.214080e-01	1.688772e-01	2.256341e+00	8.602633e-01	6.834283e-02	1.012501e+00	1.194482e+01
48	-5.384075e-01	2.256852e+00	-5.381631e-01	2.636626e+01	-6.322218e-02	-1.690131e-01	-6.231555e-02	-2.805787e+00	8.601563e-01	6.805663e-02	1.033863e+00	1.200193e+01
49	-6.893726e-01	2.372616e+00	-6.887819e-01	2.944779e+01	-1.509652e-01	1.157632e-01	-1.506189e-01	3.081523e+00	8.621738e-01	6.650957e-02	9.036861e-01	1.210175e+01
50	-5.894038e-01	2.172616e+00	-5.897920e-01	2.824077e+01	9.996881e-02	-2.000000e-01	9.898995e-02	-1.207012e+00	8.633830e-01	6.409041e-02	9.557114e-01	1.199767e+01
51	-3.969499e-01	2.007457e+00	-3.977032e-01	2.743377e+01	1.924539e-01	-1.651587e-01	1.920888e-01	-8.070029e-01	8.666168e-01	6.131524e-02	1.043445e+00	1.192238e+01
52	-4.065576e-01	1.893207e+00	-4.065230e-01	2.644263e+01	-9.607649e-03	-1.142494e-01	-8.819772e-03	-9.911469e-01	8.665873e-01	6.096417e-02	1.041718e+00	1.190183e+01
53	-3.451307e-01	1.901754e+00	-3.453705e-01	2.733815e+01	6.142686e-02	8.546183e-03	6.115246e-02	8.955231e-01	8.668028e-01	6.099415e-02	1.062971e+00	1.190479e+01
54	-8.766742e-02	1.822313e+00	-8.867408e-02	2.621467e+01	2.574633e-01	-7.944091e-02	2.566965e-01	-1.123474e+00	8.713311e-01	5.959693e-02	1.009698e+00	1.192123e+01
55	1.602452e-01	1.874342e+00	1.592729e-01	2.685865e+01	2.479126e-01	5.202895e-02	2.479469e-01	6.439788e-01	8.746208e-01	6.028733e-02	9.838451e-01	1.191580e+01
56	3.307914e-01	1.870938e+00	3.301214e-01	2.619417e+01	1.705462e-01	-3.403483e-03	1.708486e-01	-6.644823e-01	8.763687e-01	6.025245e-02	9.206282e-01	1.191706e+01
57	5.611622e-01	1.943901e+00	5.602596e-01	2.777139e+01	2.303707e-01	7.296311e-02	2.301382e-01	1.577218e+00	8.789047e-01	6.105566e-02	9.733240e-01	1.193375e+01
58	7.507668e-01	1.810221e+00	7.500226e-01	2.703999e+01	1.896047e-01	-1.336804e-01	1.897630e-01	-7.313983e-01	8.816481e-01	5.912145e-02	1.032906e+00	1.189175e+01
59	8.208116e-01	1.679296e+00	8.205351e-01	2.518255e+01	7.004482e-02	-1.309245e-01	7.051247e-02	-1.857440e+00	8.821910e-01	5.810664e-02	1.020635e+00	1.191468e+01
60	8.276255e-01	1.738234e+00	8.275978e-01	2.499123e+01	6.813922e-03	5.893786e-02	7.062745e-03	-1.913176e-01	8.821833e-01	5.804032e-02	1.017726e+00	1.188952e+01
61	8.638797e-01	1.856086e+00	8.637380e-01	2.734099e+01	3.625413e-02	1.178522e-01	3.614010e-02	2.349759e+00	8.821375e-01	5.789127e-02	1.033307e+00	1.194017e+01
62	8.863221e-01	1.677210e+00	8.862339e-01	2.344301e+01	2.244245e-02	-1.788767e-01	2.249596e-02	-3.897981e+00	8.822744e-01	5.679985e-02	1.014579e+00	1.208944e+01
63	8.588057e-01	1.877210e+00	8.589129e-01	2.586340e+01	-2.751638e-02	2.000000e-01	-2.732102e-02	2.420394e+00	8.824589e-01	5.545880e-02	1.014189e+00	1.209227e+01
64	8.372668e-01	1.829819e+00	8.373513e-01	2.468622e+01	-2.153897e-02	-4.739030e-02	-2.156156e-02	-1.177182e+00	8.824582e-01	5.545713e-02	1.020138e+00	1.210536e+01
65	8.091211e-01	1.859639e+00	8.092314e-01	2.474557e+01	-2.814568e-02	2.981923e-02	-2.811996e-02	5.935019e-02	8.825241e-01	5.538728e-02	1.023784e+00	1.210150e+01
66	7.479003e-01	1.847848e+00	7.481399e-01	2.380305e+01	-6.122082e-02	-1.179021e-02	-6.109152e-02	-9.425196e-01	8.827101e-01	5.542310e-02	1.045179e+00	1.210562e+01
67	6.564866e-01	1.905750e+00	6.568447e-01	2.513349e+01	-9.141363e-02	5.790197e-02	-9.129519e-02	1.330438e+00	8.833064e-01	5.504542e-02	1.013880e+00	1.212544e+01
68	5.436680e-01	1.755194e+00	5.441101e-01	2.297618e+01	-1.128187e-01	-1.505566e-01	-1.127346e-01	-2.157312e+00	8.835588e-01	5.538228e-02	1.025325e+00	1.214072e+01
69	3.801363e-01	1.768434e+00	3.807768e-01	2.235177e+01	-1.635316e-01	1.324055e-02	-1.633332e-01	-6.244095e-01	8.850593e-01	5.526079e-02	1.072653e+00	1.213688e+01
70	2.444631e-01	1.842095e+00	2.449956e-01	2.338883e+01	-1.356732e-01	7.366066e-02	-1.357812e-01	1.037067e+00	8.863185e-01	5.457710e-02	1.054274e+00	1.214686e+01
71	1.663831e-01	1.758918e+00	1.666902e-01	2.239102e+01	-7.807998e-02	-8.317751e-02	-7.830538e-02	-9.978145e-01	8.864867e-01	5.475618e-02	1.050779e+00	1.214314e+01
72	7.782914e-02	1.706571e+00	7.817625e-02	2.140088e+01	-8.855400e-02	-5.234701e-02	-8.851397e-02	-9.901395e-01	8.867856e-01	5.493292e-02	1.061718e+00	1.214960e+01
73	8.108853e-04	1.716560e+00	1.113094e-03	2.011913e+01	-7.701825e-02	9.989320e-03	-7.706316e-02	-1.281746e+00	8.871253e-01	5.488887e-02	1.109912e+00	1.214335e+01
74	-6.015939e-03	1.860284e+00	-5.988091e-03	2.182780e+01	-6.826824e-03	1.437243e-01	-7.101185e-03	1.708662e+00	8.871540e-01	5.428521e-02	1.110005e+00	1.214139e+01
75	2.861227e-03	1.772859e+00	2.826660e-03	2.219669e+01	8.877167e-03	-8.742475e-02	8.814751e-03	3.688982e-01	8.871779e-01	5.405003e-02	1.115972e+00	1.208263e+01
76	3.479965e-03	1.572859e+00	3.477413e-03	2.063532e+01	6.187376e-04	-2.000000e-01	6.507532e-04	-1.561376e+00	8.871810e-01	5.303373e-02	1.116218e+00	1.200305e+01
77	-2.529124e-03	1.398844e+00	-2.505661e-03	1.941496e+01	-6.009089e-03	-1.740152e-01	-5.983074e-03	-1.220361e+00	8.871569e-01	5.233539e-02	1.113758e+00	1.193180e+01
78	-2.349379e-03	1.266557e+00	-2.349989e-03	1.782873e+01	1.797454e-04	-1.322872e-01	1.556719e-04	-1.586230e+00	8.871575e-01	5.190436e-02	1.113757e+00	1.193230e+01
79	1.802571e-03	1.267582e+00	1.786350e-03	1.804243e+01	4.151950e-03	1.025177e-03	4.136340e-03	2.137032e-01	8.871583e-01	5.190456e-02	1.114146e+00	1.193239e+01
80	1.574205e-03	1.215169e+00	1.575033e-03	1.742528e+01	-2.283666e-04	-5.241292e-02	-2.113170e-04	-6.171537e-01	8.871580e-01	5.183714e-02	1.114145e+00	1.193218e+01
81	-1.198257e-03	1.174219e+00	-1.187424e-03	1.789273e+01	-2.772462e-03	-4.095059e-02	-2.762457e-03	4.674571e-01	8.871556e-01	5.180177e-02	1.112883e+00	1.191354e+01
82	-9.702547e-04	9.942672e-01	-9.711031e-04	1.520744e+01	2.280022e-04	-1.799514e-01	2.163207e-04	-2.685290e+00	8.871566e-01	5.101648e-02	1.112825e+00	1.195910e+01
83	5.470779e-04	1.047219e+00	5.411475e-04	1.590780e+01	1.517333e-03	5.295145e-02	1.512251e-03	7.003577e-01	8.871548e-01	5.095281e-02	1.112872e+00	1.196074e+01
84	-5.084539e-03	9.885695e-01	-5.062564e-03	1.602437e+01	-5.631617e-03	-5.864917e-02	-5.603711e-03	1.165718e-01	8.871484e-01	5.088660e-02	1.110671e+00	1.193782e+01
85	-1.968674e-02	8.148006e-01	-1.962961e-02	1.303531e+01	-1.460220e-02	-1.737689e-01	-1.456705e-02	-2.989068e+00	8.870990e-01	5.029879e-02	1.116809e+00	1.201087e+01
86	-3.621044e-02	9.154299e-01	-3.614567e-02	1.453174e+01	-1.652370e-02	1.006293e-01	-1.651606e-02	1.496439e+00	8.871530e-01	4.996976e-02	1.114418e+00	1.202543e+01
87	-4.721295e-02	8.031076e-01	-4.716972e-02	1.355459e+01	-1.100252e-02	-1.123223e-01	-1.102405e-02	-9.771536e-01	8.871305e-01	4.973916e-02	1.112414e+00	1.200497e+01
88	-5.945676e-02	6.900049e-01	-5.940876e-02	1.212608e+01	-1.224380e-02	-1.131026e-01	-1.223904e-02	-1.428510e+00	8.871059e-01	4.951239e-02	1.112744e+00	1.200802e+01
89	-7.450763e-02	6.594733e-01	-7.444865e-02	1.230347e+01	-1.505087e-02	-3.053168e-02	-1.503989e-02	1.773928e-01	8.871072e-01	4.951495e-02	1.108737e+00	1.199989e+01
90	-8.616290e-02	5.276045e-01	-8.611714e-02	1.129931e+01	-1.165527e-02	-1.318688e-01	-1.166849e-02	-1.004161e+00	8.870786e-01	4.919203e-02	1.105493e+00	1.196319e+01
91	-9.433831e-02	4.075704e-01	-9.430620e-02	9.367459e+00	-8.175411e-03	-1.200341e-01	-8.189056e-03	-1.931853e+00	8.870595e-01	4.891082e-02	1.107370e+00	1.199074e+01
92	-1.009486e-01	4.546365e-01	-1.009227e-01	9.759696e+00	-6.610314e-03	4.706615e-02	-6.616481e-03	3.922372e-01	8.870691e-01	4.884260e-02	1.107887e+00	1.198706e+01
93	-1.037078e-01	4.066576e-01	-1.036969e-01	8.976368e+00	-2.759203e-03	-4.797887e-02	-2.774270e-03	-7.833281e-01	8.870664e-01	4.879669e-02	1.108155e+00	1.199173e+01
94	-1.070775e-01	3.625121e-01	-1.070643e-01	8.758961e+00	-3.369711e-03	-4.414558e-02	-3.367385e-03	-2.174074e-01	8.870636e-01	4.875949e-02	1.107650e+00	1.198512e+01
95	-1.101412e-01	2.404148e-01	-1.101292e-01	7.591213e+00	-3.063645e-03	-1.220973e-01	-3.064832e-03	-1.167748e+00	8.870555e-01	4.843675e-02	1.107218e+00	1.196791e+01
96	-1.112423e-01	1.470114e-01	-1.112380e-01	5.267134e+00	-1.101143e-03	-9.340334e-02	-1.108814e-03	-2.324079e+00	8.870532e-01	4.824274e-02	1.107846e+00	1.202114e+01
97	-1.109205e-01	2.854374e-01	-1.109218e-01	6.363572e+00	3.217827e-04	1.384259e-01	3.161944e-04	1.096437e+00	8.870522e-01	4.780981e-02	1.107760e+00	1.198415e+01
98	-1.101863e-01	2.444318e-01	-1.101892e-01	6.102254e+00	7.342044e-04	-4.100552e-02	7.325716e-04	-2.613177e-01	8.870529e-01	4.777008e-02	1.107840e+00	1.197968e+01
99	-1.095744e-01	1.025177e-01	-1.095768e-01	4.489719e+00	6.119828e-04	-1.419141e-01	6.124539e-04	-1.612535e+00	8.870549e-01	4.731300e-02	1.107865e+00	1.197389e+01
100	-1.087381e-01	3.024187e-02	-1.087413e-01	4.263158e+00	8.363052e-04	-7.227582e-02	8.354308e-04	-2.265613e-01	8.870563e-01	4.719271e-02	1.108118e+00	1.195204e+01
101	-1.075923e-01	0.000000e+00	-1.075968e-01	1.808155e+00	1.145775e-03	-3.024187e-02	1.144563e-03	-2.455003e+00	8.870571e-01	4.717037e-02	1.106978e+00	1.198212e+01
