#sequence delta(k-1),f(k-1),theta(k),v(k),delta_diff(k-1),f_diff(k-1),theta_diff(k),v_diff(k),phi(1,1;k),phi(1,2;k),phi(2,1;k),phi(2,2;k)
1	2.454271e+00	0.000000e+00	2.454601e+00	2.555052e-01	2.454271e+00	0.000000e+00	-8.393464e-02	2.471635e-01	2.624151e-01	1.000000e-01	1.000000e+00	1.500000e+01
2	2.408400e+00	2.000000e-01	2.408580e+00	3.056029e+00	-4.587156e-02	2.000000e-01	-4.602025e-02	2.800524e+00	2.635671e-01	9.497737e-02	1.003278e+00	1.498571e+01
3	2.257774e+00	2.340548e-01	2.258363e+00	5.416249e+00	-1.506258e-01	3.405483e-02	-1.502172e-01	2.360220e+00	2.716098e-01	9.315900e-02	8.617985e-01	1.501770e+01
4	2.363823e+00	1.109588e-01	2.363411e+00	3.169860e+00	1.060485e-01	-1.230961e-01	1.050475e-01	-2.246389e+00	2.759705e-01	8.809728e-02	8.374790e-01	1.504592e+01
5	2.325623e+00	1.989046e-01	2.325771e+00	5.315249e+00	-3.819946e-02	8.794581e-02	-3.763991e-02	2.145389e+00	2.765999e-01	8.664829e-02	8.220515e-01	1.508144e+01
6	2.114383e+00	2.321493e-01	2.115208e+00	4.977194e+00	-2.112405e-01	3.324477e-02	-2.105624e-01	-3.380549e-01	2.918062e-01	8.425514e-02	8.873624e-01	1.507116e+01
7	1.944036e+00	3.779605e-01	1.944705e+00	7.138589e+00	-1.703462e-01	1.458112e-01	-1.705033e-01	2.161395e+00	3.023103e-01	7.526397e-02	8.782847e-01	1.507893e+01
8	1.816845e+00	4.655688e-01	1.817345e+00	9.333393e+00	-1.271911e-01	8.760827e-02	-1.273603e-01	2.194804e+00	3.080121e-01	7.133656e-02	8.194482e-01	1.511946e+01
9	1.676999e+00	4.391101e-01	1.677547e+00	9.399006e+00	-1.398460e-01	-2.645871e-02	-1.397972e-01	6.561358e-02	3.142486e-01	7.251649e-02	7.812904e-01	1.511224e+01
10	1.747604e+00	4.434177e-01	1.747331e+00	9.077203e+00	7.060503e-02	4.307583e-03	6.978315e-02	-3.218029e-01	3.158304e-01	7.261300e-02	7.665018e-01	1.511134e+01
11	2.078872e+00	5.473277e-01	2.077577e+00	9.498710e+00	3.312682e-01	1.039100e-01	3.302467e-01	4.215068e-01	3.481948e-01	8.276485e-02	5.583400e-01	1.504604e+01
12	2.228053e+00	7.360460e-01	2.227465e+00	1.075962e+01	1.491800e-01	1.887182e-01	1.498873e-01	1.260912e+00	3.538643e-01	8.993698e-02	4.438924e-01	1.490126e+01
13	2.206849e+00	9.360460e-01	2.206929e+00	1.256079e+01	-2.120384e-02	2.000000e-01	-2.053551e-02	1.801169e+00	3.541705e-01	8.704853e-02	4.554395e-01	1.479235e+01
14	2.231994e+00	1.065102e+00	2.231896e+00	1.489270e+01	2.514523e-02	1.290560e-01	2.496679e-02	2.331914e+00	3.542277e-01	8.734190e-02	4.603114e-01	1.481735e+01
15	2.380514e+00	9.833731e-01	2.379934e+00	1.316981e+01	1.485206e-01	-8.172880e-02	1.480379e-01	-1.722895e+00	3.613610e-01	8.341656e-02	4.199558e-01	1.483956e+01
16	2.436218e+00	1.158472e+00	2.435999e+00	1.599979e+01	5.570400e-02	1.750992e-01	5.606468e-02	2.829982e+00	3.619159e-01	8.516111e-02	4.253731e-01	1.485659e+01
17	2.389080e+00	1.095979e+00	2.389264e+00	1.505982e+01	-4.713821e-02	-6.249375e-02	-4.673507e-02	-9.399752e-01	3.624596e-01	8.588181e-02	4.251829e-01	1.485634e+01
18	2.364169e+00	1.202343e+00	2.364267e+00	1.711841e+01	-2.491122e-02	1.063643e-01	-2.499647e-02	2.058590e+00	3.627548e-01	8.462110e-02	4.194310e-01	1.488089e+01
19	2.394614e+00	1.147328e+00	2.394496e+00	1.587140e+01	3.044539e-02	-5.501455e-02	3.022882e-02	-1.247003e+00	3.630989e-01	8.399935e-02	4.130645e-01	1.489240e+01
20	2.393912e+00	1.318158e+00	2.393914e+00	1.718474e+01	-7.028268e-04	1.708301e-01	-5.820001e-04	1.313332e+00	3.631037e-01	8.282557e-02	4.134693e-01	1.479399e+01
21	2.362108e+00	1.464005e+00	2.362232e+00	2.077660e+01	-3.180338e-02	1.458463e-01	-3.168143e-02	3.591863e+00	3.635850e-01	8.061852e-02	3.918455e-01	1.489316e+01
22	2.312871e+00	1.264005e+00	2.313064e+00	1.794069e+01	-4.923753e-02	-2.000000e-01	-4.916895e-02	-2.835914e+00	3.639318e-01	8.202724e-02	3.881351e-01	1.487808e+01
23	2.260302e+00	1.396546e+00	2.260508e+00	1.931929e+01	-5.256918e-02	1.325411e-01	-5.255590e-02	1.378607e+00	3.650268e-01	7.926654e-02	4.022978e-01	1.484238e+01
24	2.221920e+00	1.469906e+00	2.222070e+00	1.878436e+01	-3.838193e-02	7.336057e-02	-3.843730e-02	-5.349288e-01	3.655762e-01	7.821632e-02	4.315199e-01	1.478652e+01
25	2.218596e+00	1.669906e+00	2.218610e+00	2.147823e+01	-3.323358e-03	2.000000e-01	-3.460522e-03	2.693870e+00	3.656039e-01	7.655022e-02	4.319253e-01	1.476212e+01
26	2.222697e+00	1.623409e+00	2.222681e+00	1.999129e+01	4.100863e-03	-4.649750e-02	4.071326e-03	-1.486944e+00	3.656159e-01	7.641494e-02	4.303642e-01	1.477982e+01
27	2.223371e+00	1.805298e+00	2.223368e+00	2.346507e+01	6.739976e-04	1.818889e-01	6.872684e-04	3.473776e+00	3.656116e-01	7.527111e-02	4.306115e-01	1.484656e+01
28	2.188485e+00	1.605298e+00	2.188621e+00	2.050443e+01	-3.488621e-02	-2.000000e-01	-3.474725e-02	-2.960639e+00	3.657243e-01	7.591694e-02	4.302268e-01	1.484435e+01
29	2.110488e+00	1.779627e+00	2.110793e+00	2.309235e+01	-7.799709e-02	1.743298e-01	-7.782814e-02	2.587922e+00	3.679997e-01	7.083118e-02	4.290018e-01	1.484709e+01
30	2.068896e+00	1.712311e+00	2.069059e+00	2.225253e+01	-4.159223e-02	-6.731636e-02	-4.173378e-02	-8.398189e-01	3.684263e-01	7.152160e-02	4.255065e-01	1.484143e+01
31	1.997819e+00	1.771343e+00	1.998097e+00	2.322799e+01	-7.107654e-02	5.903171e-02	-7.096192e-02	9.754628e-01	3.700735e-01	7.015354e-02	4.211499e-01	1.484505e+01
32	1.857469e+00	1.759256e+00	1.858018e+00	2.163626e+01	-1.403504e-01	-1.208694e-02	-1.400794e-01	-1.591734e+00	3.758357e-01	7.064979e-02	5.104762e-01	1.485274e+01
33	1.760471e+00	1.959256e+00	1.760852e+00	2.317401e+01	-9.699800e-02	2.000000e-01	-9.716628e-02	1.537752e+00	3.792008e-01	6.371131e-02	5.726731e-01	1.472450e+01
34	1.598227e+00	2.080409e+00	1.598862e+00	2.673580e+01	-1.622438e-01	1.211532e-01	-1.619896e-01	3.561785e+00	3.873707e-01	5.761054e-02	4.313963e-01	1.483000e+01
35	1.375887e+00	1.880409e+00	1.376758e+00	2.383963e+01	-2.223402e-01	-2.000000e-01	-2.221044e-01	-2.896163e+00	3.999519e-01	6.892763e-02	4.146402e-01	1.481492e+01
36	1.038976e+00	1.964254e+00	1.040295e+00	2.499280e+01	-3.369110e-01	8.384457e-02	-3.364626e-01	1.153166e+00	4.312702e-01	6.113369e-02	4.069860e-01	1.481683e+01
37	9.474622e-01	1.917468e+00	9.478249e-01	2.416513e+01	-9.151327e-02	-4.678554e-02	-9.247010e-02	-8.276725e-01	4.334384e-01	6.224217e-02	4.111896e-01	1.481898e+01
38	8.805599e-01	1.977777e+00	8.808227e-01	2.441070e+01	-6.690232e-02	6.030862e-02	-6.700219e-02	2.455712e-01	4.347600e-01	6.105078e-02	4.308328e-01	1.480127e+01
39	8.158749e-01	2.044500e+00	8.161286e-01	2.493992e+01	-6.468499e-02	6.672346e-02	-6.469404e-02	5.292249e-01	4.360035e-01	5.976813e-02	4.440031e-01	1.478769e+01
40	7.544596e-01	2.062353e+00	7.547005e-01	2.550071e+01	-6.141529e-02	1.785274e-02	-6.142810e-02	5.607873e-01	4.370433e-01	5.946586e-02	4.345690e-01	1.479043e+01
41	7.671419e-01	1.993419e+00	7.670933e-01	2.440891e+01	1.268223e-02	-6.893421e-02	1.239274e-02	-1.091797e+00	4.371091e-01	5.910821e-02	4.341018e-01	1.479297e+01
42	8.224361e-01	2.061027e+00	8.222199e-01	2.527978e+01	5.529426e-02	6.760882e-02	5.512667e-02	8.708660e-01	4.378145e-01	5.997075e-02	4.300914e-01	1.478806e+01
43	8.693513e-01	2.033617e+00	8.691672e-01	2.353928e+01	4.691519e-02	-2.741095e-02	4.694726e-02	-1.740495e+00	4.384387e-01	5.960606e-02	3.999331e-01	1.480568e+01
44	9.565559e-01	2.233617e+00	9.562146e-01	2.668796e+01	8.720460e-02	2.000000e-01	8.704734e-02	3.148677e+00	4.399314e-01	6.302934e-02	4.061098e-01	1.481985e+01
45	1.140538e+00	2.033617e+00	1.139818e+00	2.477767e+01	1.839819e-01	-2.000000e-01	1.836033e-01	-1.910286e+00	4.496462e-01	5.246867e-02	4.886165e-01	1.473016e+01
46	1.444204e+00	2.009540e+00	1.443015e+00	2.531568e+01	3.036660e-01	-2.407682e-02	3.031970e-01	5.380103e-01	4.727930e-01	5.063342e-02	5.912137e-01	1.472202e+01
47	1.431264e+00	1.899917e+00	1.431310e+00	2.388941e+01	-1.293980e-02	-1.096223e-01	-1.170489e-02	-1.426270e+00	4.727932e-01	5.063531e-02	5.900209e-01	1.471192e+01
48	1.028251e+00	1.971912e+00	1.029825e+00	2.518173e+01	-4.030131e-01	7.199456e-02	-4.014845e-01	1.292311e+00	5.106958e-01	4.386436e-02	5.068429e-01	1.472678e+01
49	7.606217e-01	1.882397e+00	7.616733e-01	2.316880e+01	-2.676292e-01	-8.951446e-02	-2.681521e-01	-2.012925e+00	5.262894e-01	4.907996e-02	5.751863e-01	1.474964e+01
50	9.192366e-01	2.055094e+00	9.186211e-01	2.535040e+01	1.586149e-01	1.726962e-01	1.569478e-01	2.181596e+00	5.310552e-01	5.426886e-02	5.416877e-01	1.471317e+01
51	9.469329e-01	1.948650e+00	9.468224e-01	2.270231e+01	2.769637e-02	-1.064438e-01	2.820126e-02	-2.648088e+00	5.313071e-01	5.330044e-02	5.273430e-01	1.476830e+01
52	7.202784e-01	2.148650e+00	7.211633e-01	2.617929e+01	-2.266545e-01	2.000000e-01	-2.256590e-01	3.476983e+00	5.432395e-01	4.277136e-02	4.611571e-01	1.482670e+01
53	6.847407e-01	1.948650e+00	6.848829e-01	2.325249e+01	-3.553775e-02	-2.000000e-01	-3.628041e-02	-2.926798e+00	5.433787e-01	4.355515e-02	4.602486e-01	1.482159e+01
54	7.261712e-01	2.019725e+00	7.260099e-01	2.352399e+01	4.143053e-02	7.107533e-02	4.112697e-02	2.714942e-01	5.436831e-01	4.407731e-02	4.445380e-01	1.479463e+01
55	6.086702e-01	2.036380e+00	6.091286e-01	2.371624e+01	-1.175010e-01	1.665479e-02	-1.168814e-01	1.922547e-01	5.466611e-01	4.365521e-02	4.446441e-01	1.479462e+01
56	4.857151e-01	1.968066e+00	4.861971e-01	2.102239e+01	-1.229551e-01	-6.831432e-02	-1.229314e-01	-2.693853e+00	5.497108e-01	4.534964e-02	5.388227e-01	1.484694e+01
57	4.662252e-01	2.168066e+00	4.663032e-01	2.380294e+01	-1.948983e-02	2.000000e-01	-1.989390e-02	2.780545e+00	5.498764e-01	4.365019e-02	5.404410e-01	1.483034e+01
58	3.697948e-01	1.988399e+00	3.701718e-01	2.105715e+01	-9.643046e-02	-1.796672e-01	-9.613149e-02	-2.745789e+00	5.514588e-01	4.659841e-02	5.417490e-01	1.483277e+01
59	1.653901e-01	2.106599e+00	1.661900e-01	2.213840e+01	-2.044047e-01	1.182006e-01	-2.039817e-01	1.081255e+00	5.605995e-01	4.131264e-02	5.947642e-01	1.480212e+01
60	1.294412e-01	2.061044e+00	1.295847e-01	2.051379e+01	-3.594894e-02	-4.555525e-02	-3.660531e-02	-1.624609e+00	5.608478e-01	4.162739e-02	6.105995e-01	1.482218e+01
61	2.149931e-01	2.191701e+00	2.146595e-01	2.157625e+01	8.555194e-02	1.306574e-01	8.507477e-02	1.062459e+00	5.621187e-01	4.356826e-02	5.734065e-01	1.476538e+01
62	2.961789e-01	2.132191e+00	2.958604e-01	2.215944e+01	8.118576e-02	-5.951071e-02	8.120095e-02	5.831862e-01	5.635827e-01	4.249507e-02	6.277111e-01	1.472557e+01
63	4.232455e-01	1.932191e+00	4.227479e-01	2.020134e+01	1.270667e-01	-2.000000e-01	1.268875e-01	-1.958094e+00	5.673268e-01	3.660198e-02	6.809751e-01	1.464174e+01
64	6.442029e-01	1.857987e+00	6.433379e-01	1.912280e+01	2.209574e-01	-7.420334e-02	2.205899e-01	-1.078545e+00	5.773354e-01	3.324085e-02	6.664099e-01	1.464663e+01
65	6.612841e-01	1.870272e+00	6.612140e-01	1.961479e+01	1.708119e-02	1.228512e-02	1.787615e-02	4.919869e-01	5.773971e-01	3.328522e-02	6.688488e-01	1.464838e+01
66	6.655595e-01	1.738941e+00	6.655425e-01	1.627382e+01	4.275400e-03	-1.313314e-01	4.328527e-03	-3.340968e+00	5.774096e-01	3.289983e-02	6.659897e-01	1.473621e+01
67	7.982478e-01	1.938941e+00	7.977294e-01	1.888301e+01	1.326883e-01	2.000000e-01	1.321869e-01	2.609189e+00	5.804109e-01	3.742371e-02	6.398660e-01	1.469684e+01
68	8.771445e-01	1.758602e+00	8.768342e-01	1.539938e+01	7.889666e-02	-1.803394e-01	7.910482e-02	-3.483625e+00	5.818837e-01	3.405723e-02	6.073783e-01	1.477109e+01
69	9.306575e-01	1.958602e+00	9.304472e-01	1.932604e+01	5.351301e-02	2.000000e-01	5.361297e-02	3.926657e+00	5.822735e-01	3.551401e-02	6.307689e-01	1.485851e+01
70	9.998026e-01	1.758602e+00	9.995317e-01	1.572704e+01	6.914513e-02	-2.000000e-01	6.908446e-02	-3.598995e+00	5.834276e-01	3.217579e-02	6.092163e-01	1.492086e+01
71	1.096478e+00	1.888276e+00	1.096100e+00	1.749833e+01	9.667566e-02	1.296741e-01	9.656788e-02	1.771285e+00	5.850591e-01	3.436412e-02	5.991327e-01	1.490733e+01
72	1.172475e+00	1.688276e+00	1.172177e+00	1.463982e+01	7.599674e-02	-2.000000e-01	7.607709e-02	-2.858506e+00	5.864173e-01	3.078963e-02	6.018652e-01	1.490014e+01
73	1.243158e+00	1.731182e+00	1.242880e+00	1.434353e+01	7.068268e-02	4.290605e-02	7.070375e-02	-2.962890e-01	5.873520e-01	3.135698e-02	5.691368e-01	1.488027e+01
74	1.287725e+00	1.733724e+00	1.287550e+00	1.603565e+01	4.456753e-02	2.542401e-03	4.466963e-02	1.692120e+00	5.877414e-01	3.137920e-02	6.035861e-01	1.488224e+01
75	1.382391e+00	1.533724e+00	1.382021e+00	1.411651e+01	9.466581e-02	-2.000000e-01	9.447051e-02	-1.919147e+00	5.897212e-01	2.719640e-02	6.474850e-01	1.478949e+01
76	1.452385e+00	1.361112e+00	1.452110e+00	1.179822e+01	6.999397e-02	-1.726121e-01	7.008958e-02	-2.318285e+00	5.908162e-01	2.449597e-02	6.536694e-01	1.477424e+01
77	1.491111e+00	1.386158e+00	1.490959e+00	1.191685e+01	3.872597e-02	2.504618e-02	3.884849e-02	1.186305e-01	5.910984e-01	2.467846e-02	6.485846e-01	1.477095e+01
78	1.520202e+00	1.299303e+00	1.520088e+00	9.836085e+00	2.909104e-02	-8.685526e-02	2.912916e-02	-2.080768e+00	5.912921e-01	2.410012e-02	6.373463e-01	1.480451e+01
79	1.545919e+00	1.426660e+00	1.545818e+00	1.244072e+01	2.571676e-02	1.273571e-01	2.573009e-02	2.604636e+00	5.913824e-01	2.454731e-02	6.458593e-01	1.484666e+01
80	1.580280e+00	1.226660e+00	1.580146e+00	9.806736e+00	3.436167e-02	-2.000000e-01	3.432795e-02	-2.633984e+00	5.916849e-01	2.278650e-02	6.508675e-01	1.481751e+01
81	1.625473e+00	1.176475e+00	1.625296e+00	8.472984e+00	4.519303e-02	-5.018508e-02	4.515059e-02	-1.333752e+00	5.921037e-01	2.232143e-02	6.375981e-01	1.483225e+01
82	1.634744e+00	1.194296e+00	1.634707e+00	7.821802e+00	9.270088e-03	1.782150e-02	9.410246e-03	-6.511822e-01	5.921192e-01	2.235125e-02	6.335416e-01	1.482445e+01
83	1.634509e+00	1.204425e+00	1.634509e+00	8.685555e+00	-2.348229e-04	1.012883e-02	-1.971468e-04	8.637528e-01	5.921193e-01	2.234988e-02	6.334620e-01	1.482788e+01
84	1.651104e+00	1.004425e+00	1.651039e+00	5.950687e+00	1.659514e-02	-2.000000e-01	1.652955e-02	-2.734868e+00	5.922056e-01	2.130938e-02	6.351634e-01	1.480738e+01
85	1.671835e+00	1.019624e+00	1.671754e+00	6.995162e+00	2.073157e-02	1.519898e-02	2.071516e-02	1.044475e+00	5.922855e-01	2.136794e-02	6.431004e-01	1.481320e+01
86	1.676475e+00	8.196242e-01	1.676457e+00	5.053243e+00	4.639948e-03	-2.000000e-01	4.702742e-03	-1.941919e+00	5.922989e-01	2.078787e-02	6.452994e-01	1.471841e+01
87	1.677417e+00	7.045296e-01	1.677413e+00	3.140810e+00	9.417762e-04	-1.150946e-01	9.564675e-04	-1.912433e+00	5.923002e-01	2.063628e-02	6.452021e-01	1.473031e+01
88	1.681321e+00	7.548227e-01	1.681306e+00	2.830800e+00	3.904246e-03	5.029316e-02	3.892731e-03	-3.100097e-01	5.923012e-01	2.064922e-02	6.432511e-01	1.470517e+01
89	1.682253e+00	7.857031e-01	1.682249e+00	3.629277e+00	9.311906e-04	3.088033e-02	9.427591e-04	7.984766e-01	5.923011e-01	2.064561e-02	6.434031e-01	1.471021e+01
90	1.682862e+00	5.857031e-01	1.682859e+00	1.411297e+00	6.090927e-04	-2.000000e-01	6.103961e-04	-2.217980e+00	5.923023e-01	2.023778e-02	6.436084e-01	1.464281e+01
91	1.685396e+00	5.230464e-01	1.685386e+00	0.000000e+00	2.534655e-03	-6.265669e-02	2.527138e-03	-1.411297e+00	5.923051e-01	2.016965e-02	6.430130e-01	1.465753e+01
92	1.687359e+00	5.685242e-01	1.687351e+00	0.000000e+00	1.962604e-03	4.547782e-02	1.964809e-03	0.000000e+00	5.923050e-01	2.016717e-02	6.423911e-01	1.464312e+01
93	1.687061e+00	5.730364e-01	1.687062e+00	0.000000e+00	-2.979157e-04	4.512251e-03	-2.890769e-04	0.000000e+00	5.923050e-01	2.016673e-02	6.424004e-01	1.464298e+01
94	1.687350e+00	5.886464e-01	1.687349e+00	1.978210e-01	2.894752e-04	1.560998e-02	2.872152e-04	1.978210e-01	5.923050e-01	2.016525e-02	6.423961e-01	1.464275e+01
95	1.682273e+00	5.848104e-01	1.682293e+00	8.716199e-01	-5.077663e-03	-3.835994e-03	-5.056706e-03	6.737989e-01	5.923097e-01	2.016885e-02	6.406277e-01	1.464141e+01
96	1.682918e+00	4.756597e-01	1.682916e+00	0.000000e+00	6.451235e-04	-1.091507e-01	6.228507e-04	-8.716199e-01	5.923105e-01	2.004298e-02	6.408489e-01	1.460399e+01
97	1.689026e+00	4.496232e-01	1.689002e+00	0.000000e+00	6.107796e-03	-2.603649e-02	6.086370e-03	0.000000e+00	5.923191e-01	2.000601e-02	6.419403e-01	1.459934e+01
98	1.691986e+00	4.342669e-01	1.691974e+00	0.000000e+00	2.960001e-03	-1.535632e-02	2.972213e-03	0.000000e+00	5.923213e-01	1.999488e-02	6.422528e-01	1.459772e+01
99	1.690820e+00	4.295125e-01	1.690825e+00	0.000000e+00	-1.165492e-03	-4.754412e-03	-1.149329e-03	0.000000e+00	5.923215e-01	1.999570e-02	6.422139e-01	1.459756e+01
100	1.693557e+00	4.352884e-01	1.693547e+00	7.126002e-01	2.736972e-03	5.775899e-03	2.721791e-03	7.126002e-01	5.923228e-01	1.999840e-02	6.430284e-01	1.459928e+01
101	1.682381e+00	3.469104e-01	1.682424e+00	0.000000e+00	-1.117648e-02	-8.837804e-02	-1.112219e-02	-7.126002e-01	5.923372e-01	2.011275e-02	6.399359e-01	1.457482e+01
102	1.689595e+00	3.262447e-01	1.689567e+00	0.000000e+00	7.214041e-03	-2.066566e-02	7.142415e-03	0.000000e+00	5.923485e-01	2.008051e-02	6.409519e-01	1.457191e+01
103	1.698194e+00	3.159671e-01	1.698160e+00	9.889592e-01	8.599325e-03	-1.027763e-02	8.593634e-03	9.889592e-01	5.923636e-01	2.006242e-02	6.455803e-01	1.456638e+01
104	1.682029e+00	1.723133e-01	1.682092e+00	0.000000e+00	-1.616479e-02	-1.436538e-01	-1.606808e-02	-9.889592e-01	5.923911e-01	2.030624e-02	6.371152e-01	1.449115e+01
105	1.688087e+00	1.180730e-01	1.688063e+00	0.000000e+00	6.057270e-03	-5.424027e-02	5.970843e-03	0.000000e+00	5.924011e-01	2.021661e-02	6.393623e-01	1.447103e+01
106	1.692076e+00	7.421325e-02	1.692061e+00	0.000000e+00	3.989620e-03	-4.385974e-02	3.997359e-03	0.000000e+00	5.924058e-01	2.016415e-02	6.405591e-01	1.445787e+01
107	1.690386e+00	4.075652e-02	1.690392e+00	0.000000e+00	-1.690434e-03	-3.345673e-02	-1.668216e-03	0.000000e+00	5.924058e-01	2.016403e-02	6.401700e-01	1.445017e+01
108	1.689326e+00	1.773267e-02	1.689330e+00	0.000000e+00	-1.059766e-03	-2.302385e-02	-1.062143e-03	0.000000e+00	5.924058e-01	2.016370e-02	6.400022e-01	1.444653e+01
109	1.689753e+00	5.175661e-03	1.689752e+00	0.000000e+00	4.271377e-04	-1.255701e-02	4.213202e-04	0.000000e+00	5.924059e-01	2.016119e-02	6.400390e-01	1.444545e+01
110	1.694385e+00	3.120436e-03	1.694367e+00	1.151315e+00	4.632074e-03	-2.055225e-03	4.615626e-03	1.151315e+00	5.924101e-01	2.015932e-02	6.426309e-01	1.444430e+01
111	1.680734e+00	0.000000e+00	1.680787e+00	0.000000e+00	-1.365119e-02	-3.120436e-03	-1.357984e-02	-1.151315e+00	5.924453e-01	2.016737e-02	6.497466e-01	1.444592e+01
112	1.685632e+00	0.000000e+00	1.685613e+00	0.000000e+00	4.898221e-03	0.000000e+00	4.826041e-03	0.000000e+00	5.924498e-01	2.016737e-02	1.000000e+00	1.500000e+01
113	1.688665e+00	0.000000e+00	1.688653e+00	0.000000e+00	3.032696e-03	0.000000e+00	3.039701e-03	0.000000e+00	5.924516e-01	2.016737e-02	1.000000e+00	1.500000e+01
114	1.687417e+00	0.000000e+00	1.687422e+00	0.000000e+00	-1.247831e-03	0.000000e+00	-1.231083e-03	0.000000e+00	5.924519e-01	2.016737e-02	1.000000e+00	1.500000e+01
115	1.686646e+00	0.000000e+00	1.686649e+00	0.000000e+00	-7.711566e-04	0.000000e+00	-7.729532e-04	0.000000e+00	5.924520e-01	2.016737e-02	1.000000e+00	1.500000e+01
116	1.690200e+00	0.000000e+00	1.690186e+00	0.000000e+00	3.553944e-03	0.000000e+00	3.537042e-03	0.000000e+00	5.924544e-01	2.016737e-02	1.000000e+00	1.500000e+01
117	1.695308e+00	0.000000e+00	1.695288e+00	1.559857e+00	5.107692e-03	0.000000e+00	5.101556e-03	1.559857e+00	5.924594e-01	2.016737e-02	1.000000e+00	1.500000e+01
118	1.679430e+00	0.000000e+00	1.679492e+00	0.000000e+00	-1.587750e-02	0.000000e+00	-1.579555e-02	-1.559857e+00	5.925076e-01	2.016737e-02	1.000000e+00	1.500000e+01
119	1.678516e+00	0.000000e+00	1.678520e+00	5.354787e-01	-9.142361e-04	0.000000e+00	-9.723663e-04	5.354787e-01	5.925078e-01	2.016737e-02	1.000000e+00	1.500000e+01
120	1.678606e+00	0.000000e+00	1.678605e+00	0.000000e+00	8.995718e-05	0.000000e+00	8.580748e-05	-5.354787e-01	5.925078e-01	2.016737e-02	1.000000e+00	1.500000e+01
121	1.685015e+00	0.000000e+00	1.684990e+00	0.000000e+00	6.409561e-03	0.000000e+00	6.384859e-03	0.000000e+00	5.925157e-01	2.016737e-02	1.000000e+00	1.500000e+01
122	1.683841e+00	0.000000e+00	1.683845e+00	0.000000e+00	-1.174719e-03	0.000000e+00	-1.145189e-03	0.000000e+00	5.925159e-01	2.016737e-02	1.000000e+00	1.500000e+01
123	1.683487e+00	0.000000e+00	1.683489e+00	0.000000e+00	-3.535622e-04	0.000000e+00	-3.566545e-04	0.000000e+00	5.925160e-01	2.016737e-02	1.000000e+00	1.500000e+01
124	1.682817e+00	0.000000e+00	1.682820e+00	1.460869e-01	-6.699912e-04	0.000000e+00	-6.687672e-04	1.460869e-01	5.925161e-01	2.016737e-02	1.000000e+00	1.500000e+01
125	1.680259e+00	0.000000e+00	1.680269e+00	0.000000e+00	-2.557798e-03	0.000000e+00	-2.550419e-03	-1.460869e-01	5.925173e-01	2.016737e-02	1.000000e+00	1.500000e+01
126	1.683171e+00	0.000000e+00	1.683160e+00	3.644579e-01	2.912076e-03	0.000000e+00	2.890738e-03	3.644579e-01	5.925189e-01	2.016737e-02	1.000000e+00	1.500000e+01
127	1.682267e+00	0.000000e+00	1.682270e+00	0.000000e+00	-9.047420e-04	0.000000e+00	-8.899159e-04	-3.644579e-01	5.925191e-01	2.016737e-02	1.000000e+00	1.500000e+01
128	1.683697e+00	0.000000e+00	1.683692e+00	0.000000e+00	1.430462e-03	0.000000e+00	1.421398e-03	0.000000e+00	5.925195e-01	2.016737e-02	1.000000e+00	1.500000e+01
129	1.683997e+00	0.000000e+00	1.683996e+00	0.000000e+00	3.003470e-04	0.000000e+00	3.047261e-04	0.000000e+00	5.925195e-01	2.016737e-02	1.000000e+00	1.500000e+01
130	1.683611e+00	0.000000e+00	1.683612e+00	0.000000e+00	-3.866726e-04	0.000000e+00	-3.839719e-04	0.000000e+00	5.925195e-01	2.016737e-02	1.000000e+00	1.500000e+01
131	1.683816e+00	0.000000e+00	1.683815e+00	0.000000e+00	2.050166e-04	0.000000e+00	2.027159e-04	0.000000e+00	5.925195e-01	2.016737e-02	1.000000e+00	1.500000e+01
132	1.683940e+00	1.066399e-02	1.683940e+00	1.381737e+00	1.245707e-04	1.066399e-02	1.248759e-04	1.381737e+00	5.925195e-01	2.016654e-02	1.000072e+00	1.500619e+01
133	1.682084e+00	0.000000e+00	1.682091e+00	0.000000e+00	-1.856378e-03	-1.066399e-02	-1.848639e-03	-1.381737e+00	5.925200e-01	2.016924e-02	1.001148e+00	1.501237e+01
134	1.682618e+00	0.000000e+00	1.682616e+00	0.000000e+00	5.343532e-04	0.000000e+00	5.250446e-04	0.000000e+00	5.925200e-01	2.016924e-02	1.000000e+00	1.500000e+01
135	1.683414e+00	0.000000e+00	1.683411e+00	0.000000e+00	7.956931e-04	0.000000e+00	7.946359e-04	0.000000e+00	5.925202e-01	2.016924e-02	1.000000e+00	1.500000e+01
136	1.683190e+00	0.000000e+00	1.683191e+00	0.000000e+00	-2.238309e-04	0.000000e+00	-2.198526e-04	0.000000e+00	5.925202e-01	2.016924e-02	1.000000e+00	1.500000e+01
137	1.683015e+00	0.000000e+00	1.683015e+00	0.000000e+00	-1.755278e-04	0.000000e+00	-1.757010e-04	0.000000e+00	5.925202e-01	2.016924e-02	1.000000e+00	1.500000e+01
138	1.683081e+00	0.000000e+00	1.683081e+00	0.000000e+00	6.661397e-05	0.000000e+00	6.566743e-05	0.000000e+00	5.925202e-01	2.016924e-02	1.000000e+00	1.500000e+01
139	1.683124e+00	0.000000e+00	1.683124e+00	0.000000e+00	4.260591e-05	0.000000e+00	4.269600e-05	0.000000e+00	5.925202e-01	2.016924e-02	1.000000e+00	1.500000e+01
140	1.683805e+00	3.150449e-03	1.683803e+00	0.000000e+00	6.812895e-04	3.150449e-03	6.787950e-04	0.000000e+00	5.925202e-01	2.016955e-02	9.999845e-01	1.499993e+01
141	1.685108e+00	1.737545e-02	1.685103e+00	0.000000e+00	1.303159e-03	1.422500e-02	1.300721e-03	0.000000e+00	5.925204e-01	2.017119e-02	9.998516e-01	1.499848e+01
142	1.687048e+00	4.268012e-02	1.687041e+00	1.251888e+00	1.940022e-03	2.530467e-02	1.937524e-03	1.251888e+00	5.925206e-01	2.017452e-02	1.000653e+00	1.500894e+01
143	1.679413e+00	0.000000e+00	1.679443e+00	0.000000e+00	-7.635352e-03	-4.268012e-02	-7.597958e-03	-1.251888e+00	5.925287e-01	2.021934e-02	1.002841e+00	1.502116e+01
144	1.682200e+00	0.000000e+00	1.682190e+00	0.000000e+00	2.787337e-03	0.000000e+00	2.746769e-03	0.000000e+00	5.925301e-01	2.021934e-02	1.000000e+00	1.500000e+01
145	1.684484e+00	0.000000e+00	1.684475e+00	0.000000e+00	2.283490e-03	0.000000e+00	2.285299e-03	0.000000e+00	5.925311e-01	2.021934e-02	1.000000e+00	1.500000e+01
146	1.683628e+00	0.000000e+00	1.683632e+00	6.538312e-01	-8.555994e-04	0.000000e+00	-8.433303e-04	6.538312e-01	5.925313e-01	2.021934e-02	1.000000e+00	1.500000e+01
147	1.677548e+00	0.000000e+00	1.677572e+00	0.000000e+00	-6.079755e-03	0.000000e+00	-6.059301e-03	-6.538312e-01	5.925384e-01	2.021934e-02	1.000000e+00	1.500000e+01
148	1.682431e+00	0.000000e+00	1.682412e+00	0.000000e+00	4.882723e-03	0.000000e+00	4.839981e-03	0.000000e+00	5.925429e-01	2.021934e-02	1.000000e+00	1.500000e+01
149	1.684077e+00	0.000000e+00	1.684070e+00	0.000000e+00	1.645479e-03	0.000000e+00	1.657957e-03	0.000000e+00	5.925434e-01	2.021934e-02	1.000000e+00	1.500000e+01
150	1.682974e+00	0.000000e+00	1.682978e+00	0.000000e+00	-1.102534e-03	0.000000e+00	-1.091751e-03	0.000000e+00	5.925436e-01	2.021934e-02	1.000000e+00	1.500000e+01
151	1.681110e+00	0.000000e+00	1.681118e+00	0.000000e+00	-1.863767e-03	0.000000e+00	-1.860751e-03	0.000000e+00	5.925443e-01	2.021934e-02	1.000000e+00	1.500000e+01
152	1.683504e+00	3.179687e-03	1.683495e+00	7.974681e-01	2.393467e-03	3.179687e-03	2.376849e-03	7.974681e-01	5.925453e-01	2.022069e-02	1.000850e+00	1.500113e+01
153	1.677238e+00	0.000000e+00	1.677262e+00	0.000000e+00	-6.265958e-03	-3.179687e-03	-6.232197e-03	-7.974681e-01	5.925526e-01	2.022440e-02	1.003063e+00	1.500225e+01
154	1.682784e+00	0.000000e+00	1.682762e+00	1.134989e-01	5.545880e-03	0.000000e+00	5.499872e-03	1.134989e-01	5.925585e-01	2.022440e-02	1.000000e+00	1.500000e+01
155	1.678592e+00	0.000000e+00	1.678608e+00	0.000000e+00	-4.192273e-03	0.000000e+00	-4.154413e-03	-1.134989e-01	5.925618e-01	2.022440e-02	1.000000e+00	1.500000e+01
156	1.681550e+00	0.000000e+00	1.681538e+00	6.674703e-02	2.958134e-03	0.000000e+00	2.930351e-03	6.674703e-02	5.925634e-01	2.022440e-02	1.000000e+00	1.500000e+01
157	1.676461e+00	0.000000e+00	1.676480e+00	1.580508e-01	-5.089136e-03	0.000000e+00	-5.057810e-03	9.130380e-02	5.925684e-01	2.022440e-02	1.000000e+00	1.500000e+01
158	1.676070e+00	0.000000e+00	1.676071e+00	0.000000e+00	-3.906623e-04	0.000000e+00	-4.088934e-04	-1.580508e-01	5.925684e-01	2.022440e-02	1.000000e+00	1.500000e+01
159	1.682238e+00	1.462646e-03	1.682214e+00	0.000000e+00	6.168237e-03	1.462646e-03	6.142545e-03	0.000000e+00	5.925756e-01	2.022611e-02	9.999176e-01	1.499998e+01
160	1.683059e+00	1.412247e-02	1.683056e+00	9.541454e-01	8.212501e-04	1.265983e-02	8.420364e-04	9.541454e-01	5.925756e-01	2.022670e-02	1.000215e+00	1.500457e+01
161	1.676663e+00	0.000000e+00	1.676688e+00	0.000000e+00	-6.396458e-03	-1.412247e-02	-6.368182e-03	-9.541454e-01	5.925826e-01	2.024208e-02	1.002451e+00	1.500951e+01
162	1.679722e+00	0.000000e+00	1.679710e+00	0.000000e+00	3.058780e-03	0.000000e+00	3.021955e-03	0.000000e+00	5.925844e-01	2.024208e-02	1.000000e+00	1.500000e+01
163	1.680576e+00	0.000000e+00	1.680573e+00	1.024866e+00	8.546748e-04	0.000000e+00	8.631407e-04	1.024866e+00	5.925845e-01	2.024208e-02	1.000000e+00	1.500000e+01
164	1.676577e+00	0.000000e+00	1.676593e+00	0.000000e+00	-3.999038e-03	0.000000e+00	-3.980045e-03	-1.024866e+00	5.925876e-01	2.024208e-02	1.000000e+00	1.500000e+01
165	1.680291e+00	0.000000e+00	1.680277e+00	0.000000e+00	3.713754e-03	0.000000e+00	3.683700e-03	0.000000e+00	5.925902e-01	2.024208e-02	1.000000e+00	1.500000e+01
166	1.680707e+00	0.000000e+00	1.680705e+00	4.695626e-01	4.155075e-04	0.000000e+00	4.282739e-04	4.695626e-01	5.925902e-01	2.024208e-02	1.000000e+00	1.500000e+01
167	1.678476e+00	0.000000e+00	1.678484e+00	0.000000e+00	-2.230970e-03	0.000000e+00	-2.220582e-03	-4.695626e-01	5.925912e-01	2.024208e-02	1.000000e+00	1.500000e+01
168	1.679810e+00	0.000000e+00	1.679805e+00	0.000000e+00	1.334837e-03	0.000000e+00	1.320948e-03	0.000000e+00	5.925915e-01	2.024208e-02	1.000000e+00	1.500000e+01
169	1.679265e+00	0.000000e+00	1.679267e+00	6.041490e-02	-5.457212e-04	0.000000e+00	-5.384295e-04	6.041490e-02	5.925916e-01	2.024208e-02	1.000000e+00	1.500000e+01
170	1.677001e+00	0.000000e+00	1.677010e+00	0.000000e+00	-2.263322e-03	0.000000e+00	-2.256584e-03	-6.041490e-02	5.925925e-01	2.024208e-02	1.000000e+00	1.500000e+01
171	1.678063e+00	0.000000e+00	1.678059e+00	2.720734e-01	1.061515e-03	0.000000e+00	1.048553e-03	2.720734e-01	5.925928e-01	2.024208e-02	1.000000e+00	1.500000e+01
172	1.677509e+00	0.000000e+00	1.677511e+00	0.000000e+00	-5.543346e-04	0.000000e+00	-5.480733e-04	-2.720734e-01	5.925928e-01	2.024208e-02	1.000000e+00	1.500000e+01
173	1.678343e+00	0.000000e+00	1.678340e+00	0.000000e+00	8.347120e-04	0.000000e+00	8.293105e-04	0.000000e+00	5.925930e-01	2.024208e-02	1.000000e+00	1.500000e+01
174	1.677898e+00	0.000000e+00	1.677899e+00	0.000000e+00	-4.455688e-04	0.000000e+00	-4.405888e-04	0.000000e+00	5.925930e-01	2.024208e-02	1.000000e+00	1.500000e+01
175	1.677707e+00	0.000000e+00	1.677707e+00	0.000000e+00	-1.910376e-04	0.000000e+00	-1.920124e-04	0.000000e+00	5.925930e-01	2.024208e-02	1.000000e+00	1.500000e+01
176	1.678065e+00	0.000000e+00	1.678064e+00	0.000000e+00	3.587055e-04	0.000000e+00	3.565542e-04	0.000000e+00	5.925930e-01	2.024208e-02	1.000000e+00	1.500000e+01
177	1.678099e+00	6.970447e-03	1.678098e+00	6.637944e-01	3.321220e-05	6.970447e-03	3.447525e-05	6.637944e-01	5.925930e-01	2.024166e-02	1.000009e+00	1.500185e+01
178	1.673265e+00	0.000000e+00	1.673283e+00	0.000000e+00	-4.834041e-03	-6.970447e-03	-4.815023e-03	-6.637944e-01	5.925972e-01	2.024765e-02	1.001282e+00	1.500369e+01
179	1.678687e+00	0.000000e+00	1.678666e+00	0.000000e+00	5.422130e-03	0.000000e+00	5.382141e-03	0.000000e+00	5.926028e-01	2.024765e-02	1.000000e+00	1.500000e+01
180	1.679596e+00	0.000000e+00	1.679592e+00	0.000000e+00	9.091215e-04	0.000000e+00	9.265942e-04	0.000000e+00	5.926029e-01	2.024765e-02	1.000000e+00	1.500000e+01
181	1.678076e+00	4.893909e-03	1.678082e+00	0.000000e+00	-1.519370e-03	4.893909e-03	-1.509815e-03	0.000000e+00	5.926034e-01	2.024600e-02	1.000052e+00	1.499983e+01
182	1.678140e+00	2.107257e-02	1.678140e+00	0.000000e+00	6.337763e-05	1.617866e-02	5.723235e-05	0.000000e+00	5.926034e-01	2.024364e-02	1.000045e+00	1.499797e+01
183	1.678927e+00	4.853673e-02	1.678924e+00	0.000000e+00	7.871662e-04	2.746416e-02	7.843149e-04	0.000000e+00	5.926033e-01	2.024053e-02	9.998903e-01	1.499259e+01
184	1.680257e+00	8.728534e-02	1.680251e+00	3.035375e-01	1.329593e-03	3.874862e-02	1.327463e-03	3.035375e-01	5.926032e-01	2.023603e-02	9.997144e-01	1.498746e+01
185	1.671639e+00	8.931745e-02	1.671673e+00	5.292906e-01	-8.617204e-03	2.032108e-03	-8.578358e-03	2.257531e-01	5.926176e-01	2.023264e-02	9.988798e-01	1.498766e+01
186	1.669894e+00	4.533611e-02	1.669901e+00	0.000000e+00	-1.745459e-03	-4.398134e-02	-1.772150e-03	-5.292906e-01	5.926174e-01	2.022947e-02	9.987708e-01	1.498491e+01
187	1.681983e+00	5.866451e-02	1.681936e+00	0.000000e+00	1.208883e-02	1.332840e-02	1.203468e-02	0.000000e+00	5.926439e-01	2.025859e-02	9.975548e-01	1.498357e+01
188	1.683217e+00	8.327272e-02	1.683212e+00	1.639630e+00	1.233842e-03	2.460821e-02	1.276033e-03	1.639630e+00	5.926439e-01	2.025913e-02	9.982987e-01	1.499841e+01
189	1.674117e+00	0.000000e+00	1.674152e+00	0.000000e+00	-9.099591e-03	-8.327272e-02	-9.059062e-03	-1.639630e+00	5.926524e-01	2.033714e-02	9.999423e-01	1.501345e+01
190	1.676851e+00	0.000000e+00	1.676840e+00	0.000000e+00	2.733900e-03	0.000000e+00	2.687834e-03	0.000000e+00	5.926538e-01	2.033714e-02	1.000000e+00	1.500000e+01
191	1.678388e+00	0.000000e+00	1.678382e+00	0.000000e+00	1.536743e-03	0.000000e+00	1.541239e-03	0.000000e+00	5.926543e-01	2.033714e-02	1.000000e+00	1.500000e+01
192	1.677915e+00	0.000000e+00	1.677917e+00	0.000000e+00	-4.726458e-04	0.000000e+00	-4.647790e-04	0.000000e+00	5.926543e-01	2.033714e-02	1.000000e+00	1.500000e+01
193	1.678561e+00	0.000000e+00	1.678559e+00	4.173856e-02	6.460900e-04	0.000000e+00	6.417506e-04	4.173856e-02	5.926544e-01	2.033714e-02	1.000000e+00	1.500000e+01
194	1.670973e+00	0.000000e+00	1.671002e+00	0.000000e+00	-7.588290e-03	0.000000e+00	-7.556142e-03	-4.173856e-02	5.926654e-01	2.033714e-02	1.000000e+00	1.500000e+01
195	1.677584e+00	7.443079e-03	1.677558e+00	0.000000e+00	6.611045e-03	7.443079e-03	6.555704e-03	0.000000e+00	5.926732e-01	2.034593e-02	9.996287e-01	1.499958e+01
196	1.679061e+00	2.618501e-02	1.679055e+00	1.803510e+00	1.477515e-03	1.874193e-02	1.497352e-03	1.803510e+00	5.926734e-01	2.034807e-02	1.000696e+00	1.501312e+01
197	1.674637e+00	0.000000e+00	1.674654e+00	0.000000e+00	-4.424437e-03	-2.618501e-02	-4.401305e-03	-1.803510e+00	5.926760e-01	2.036357e-02	1.003650e+00	1.503060e+01
198	1.675596e+00	0.000000e+00	1.675592e+00	0.000000e+00	9.590798e-04	0.000000e+00	9.381408e-04	0.000000e+00	5.926762e-01	2.036357e-02	1.000000e+00	1.500000e+01
199	1.676445e+00	0.000000e+00	1.676442e+00	3.996141e-01	8.491950e-04	0.000000e+00	8.495425e-04	3.996141e-01	5.926763e-01	2.036357e-02	1.000000e+00	1.500000e+01
200	1.674396e+00	0.000000e+00	1.674404e+00	0.000000e+00	-2.049162e-03	0.000000e+00	-2.037839e-03	-3.996141e-01	5.926771e-01	2.036357e-02	1.000000e+00	1.500000e+01
201	1.675745e+00	0.000000e+00	1.675740e+00	0.000000e+00	1.349148e-03	0.000000e+00	1.335918e-03	0.000000e+00	5.926774e-01	2.036357e-02	1.000000e+00	1.500000e+01
202	1.676047e+00	0.000000e+00	1.676046e+00	2.663257e-01	3.023061e-04	0.000000e+00	3.063437e-04	2.663257e-01	5.926775e-01	2.036357e-02	1.000000e+00	1.500000e+01
203	1.674193e+00	0.000000e+00	1.674200e+00	2.459695e-01	-1.854814e-03	0.000000e+00	-1.846372e-03	-2.035620e-02	5.926781e-01	2.036357e-02	1.000000e+00	1.500000e+01
204	1.675312e+00	0.000000e+00	1.675308e+00	0.000000e+00	1.119494e-03	0.000000e+00	1.107908e-03	-2.459695e-01	5.926784e-01	2.036357e-02	1.000000e+00	1.500000e+01
205	1.678174e+00	0.000000e+00	1.678162e+00	0.000000e+00	2.861369e-03	0.000000e+00	2.854519e-03	0.000000e+00	5.926799e-01	2.036357e-02	1.000000e+00	1.500000e+01
206	1.677962e+00	0.000000e+00	1.677962e+00	2.095935e-01	-2.119401e-04	0.000000e+00	-1.999617e-04	2.095935e-01	5.926799e-01	2.036357e-02	1.000000e+00	1.500000e+01
207	1.675665e+00	0.000000e+00	1.675674e+00	0.000000e+00	-2.296428e-03	0.000000e+00	-2.288239e-03	-2.095935e-01	5.926810e-01	2.036357e-02	1.000000e+00	1.500000e+01
208	1.677458e+00	1.707188e-03	1.677451e+00	1.240340e+00	1.792548e-03	1.707188e-03	1.776607e-03	1.240340e+00	5.926815e-01	2.036412e-02	1.001033e+00	1.500098e+01
209	1.678021e+00	0.000000e+00	1.678019e+00	0.000000e+00	5.635825e-04	-1.707188e-03	5.683208e-04	-1.240340e+00	5.926816e-01	2.036390e-02	1.000707e+00	1.500197e+01
210	1.680087e+00	0.000000e+00	1.680079e+00	0.000000e+00	2.065571e-03	0.000000e+00	2.059722e-03	0.000000e+00	5.926824e-01	2.036390e-02	1.000000e+00	1.500000e+01
211	1.678979e+00	0.000000e+00	1.678983e+00	5.765128e-02	-1.108336e-03	0.000000e+00	-1.095960e-03	5.765128e-02	5.926827e-01	2.036390e-02	1.000000e+00	1.500000e+01
212	1.676855e+00	0.000000e+00	1.676863e+00	4.326369e-01	-2.123872e-03	0.000000e+00	-2.119857e-03	3.749856e-01	5.926835e-01	2.036390e-02	1.000000e+00	1.500000e+01
213	1.677930e+00	0.000000e+00	1.677926e+00	0.000000e+00	1.075630e-03	0.000000e+00	1.063147e-03	-4.326369e-01	5.926837e-01	2.036390e-02	1.000000e+00	1.500000e+01
214	1.682697e+00	0.000000e+00	1.682679e+00	0.000000e+00	4.767162e-03	0.000000e+00	4.752693e-03	0.000000e+00	5.926881e-01	2.036390e-02	1.000000e+00	1.500000e+01
215	1.682668e+00	0.000000e+00	1.682668e+00	0.000000e+00	-2.917820e-05	0.000000e+00	-1.049901e-05	0.000000e+00	5.926881e-01	2.036390e-02	1.000000e+00	1.500000e+01
216	1.681985e+00	0.000000e+00	1.681988e+00	0.000000e+00	-6.830696e-04	0.000000e+00	-6.804424e-04	0.000000e+00	5.926882e-01	2.036390e-02	1.000000e+00	1.500000e+01
217	1.682652e+00	0.000000e+00	1.682649e+00	2.849820e-01	6.665146e-04	0.000000e+00	6.612531e-04	2.849820e-01	5.926883e-01	2.036390e-02	1.000000e+00	1.500000e+01
218	1.678609e+00	0.000000e+00	1.678625e+00	0.000000e+00	-4.042607e-03	0.000000e+00	-4.024232e-03	-2.849820e-01	5.926914e-01	2.036390e-02	1.000000e+00	1.500000e+01
219	1.681317e+00	0.000000e+00	1.681306e+00	0.000000e+00	2.707827e-03	0.000000e+00	2.681530e-03	0.000000e+00	5.926928e-01	2.036390e-02	1.000000e+00	1.500000e+01
220	1.682515e+00	0.000000e+00	1.682510e+00	0.000000e+00	1.198304e-03	0.000000e+00	1.204098e-03	0.000000e+00	5.926931e-01	2.036390e-02	1.000000e+00	1.500000e+01
221	1.682675e+00	5.065539e-03	1.682674e+00	0.000000e+00	1.599043e-04	5.065539e-03	1.639832e-04	0.000000e+00	5.926931e-01	2.036382e-02	9.999942e-01	1.499982e+01
222	1.684091e+00	2.148909e-02	1.684086e+00	2.229036e-01	1.416362e-03	1.642355e-02	1.411470e-03	2.229036e-01	5.926932e-01	2.036567e-02	9.999775e-01	1.499962e+01
223	1.674832e+00	1.378515e-02	1.674868e+00	0.000000e+00	-9.259491e-03	-7.703942e-03	-9.217807e-03	-2.229036e-01	5.927089e-01	2.037875e-02	1.000409e+00	1.499998e+01
224	1.682889e+00	3.695876e-02	1.682857e+00	1.093360e+00	8.056526e-03	2.317361e-02	7.989048e-03	1.093360e+00	5.927194e-01	2.040892e-02	1.003231e+00	1.500810e+01
225	1.679240e+00	0.000000e+00	1.679254e+00	0.000000e+00	-3.648552e-03	-3.695876e-02	-3.603092e-03	-1.093360e+00	5.927206e-01	2.042095e-02	1.004158e+00	1.501749e+01
226	1.681978e+00	0.000000e+00	1.681968e+00	0.000000e+00	2.738245e-03	0.000000e+00	2.713474e-03	0.000000e+00	5.927220e-01	2.042095e-02	1.000000e+00	1.500000e+01
227	1.683040e+00	0.000000e+00	1.683036e+00	6.037779e-01	1.061501e-03	0.000000e+00	1.067954e-03	6.037779e-01	5.927223e-01	2.042095e-02	1.000000e+00	1.500000e+01
228	1.677846e+00	0.000000e+00	1.677866e+00	1.445680e+00	-5.193911e-03	0.000000e+00	-5.169450e-03	8.419023e-01	5.927274e-01	2.042095e-02	1.000000e+00	1.500000e+01
229	1.681131e+00	0.000000e+00	1.681118e+00	0.000000e+00	3.284984e-03	0.000000e+00	3.251959e-03	-1.445680e+00	5.927295e-01	2.042095e-02	1.000000e+00	1.500000e+01
230	1.685170e+00	0.000000e+00	1.685154e+00	0.000000e+00	4.039284e-03	0.000000e+00	4.036208e-03	0.000000e+00	5.927326e-01	2.042095e-02	1.000000e+00	1.500000e+01
231	1.684690e+00	0.000000e+00	1.684692e+00	0.000000e+00	-4.803080e-04	0.000000e+00	-4.626653e-04	0.000000e+00	5.927326e-01	2.042095e-02	1.000000e+00	1.500000e+01
232	1.683721e+00	0.000000e+00	1.683725e+00	0.000000e+00	-9.687905e-04	0.000000e+00	-9.668135e-04	0.000000e+00	5.927328e-01	2.042095e-02	1.000000e+00	1.500000e+01
233	1.683849e+00	0.000000e+00	1.683849e+00	6.448446e-01	1.285161e-04	0.000000e+00	1.242375e-04	6.448446e-01	5.927328e-01	2.042095e-02	1.000000e+00	1.500000e+01
234	1.680850e+00	0.000000e+00	1.680861e+00	0.000000e+00	-2.999854e-03	0.000000e+00	-2.987650e-03	-6.448446e-01	5.927345e-01	2.042095e-02	1.000000e+00	1.500000e+01
235	1.682855e+00	0.000000e+00	1.682847e+00	0.000000e+00	2.005046e-03	0.000000e+00	1.985543e-03	0.000000e+00	5.927353e-01	2.042095e-02	1.000000e+00	1.500000e+01
236	1.683903e+00	0.000000e+00	1.683899e+00	0.000000e+00	1.048769e-03	0.000000e+00	1.052428e-03	0.000000e+00	5.927355e-01	2.042095e-02	1.000000e+00	1.500000e+01
237	1.683605e+00	0.000000e+00	1.683606e+00	3.387693e-01	-2.985308e-04	0.000000e+00	-2.932536e-04	3.387693e-01	5.927355e-01	2.042095e-02	1.000000e+00	1.500000e+01
238	1.680468e+00	0.000000e+00	1.680481e+00	0.000000e+00	-3.136615e-03	0.000000e+00	-3.125508e-03	-3.387693e-01	5.927374e-01	2.042095e-02	1.000000e+00	1.500000e+01
239	1.684134e+00	0.000000e+00	1.684120e+00	0.000000e+00	3.665692e-03	0.000000e+00	3.639164e-03	0.000000e+00	5.927400e-01	2.042095e-02	1.000000e+00	1.500000e+01
240	1.684224e+00	0.000000e+00	1.684224e+00	0.000000e+00	9.014808e-05	0.000000e+00	1.040114e-04	0.000000e+00	5.927400e-01	2.042095e-02	1.000000e+00	1.500000e+01
241	1.685043e+00	0.000000e+00	1.685040e+00	0.000000e+00	8.185603e-04	0.000000e+00	8.157691e-04	0.000000e+00	5.927401e-01	2.042095e-02	1.000000e+00	1.500000e+01
242	1.685144e+00	4.157261e-03	1.685144e+00	0.000000e+00	1.014869e-04	4.157261e-03	1.042771e-04	0.000000e+00	5.927401e-01	2.042087e-02	9.999970e-01	1.499988e+01
243	1.686929e+00	1.970563e-02	1.686922e+00	7.233027e-02	1.784978e-03	1.554837e-02	1.778413e-03	7.233027e-02	5.927404e-01	2.042385e-02	9.998591e-01	1.499868e+01
244	1.677690e+00	3.509749e-02	1.677726e+00	0.000000e+00	-9.238735e-03	1.539185e-02	-9.195699e-03	-7.233027e-02	5.927581e-01	2.039436e-02	1.001149e+00	1.499653e+01
245	1.685933e+00	6.823075e-02	1.685901e+00	2.349637e-01	8.242533e-03	3.313326e-02	8.174415e-03	2.349637e-01	5.927684e-01	2.043546e-02	1.000092e+00	1.499228e+01
246	1.678227e+00	7.524678e-02	1.678257e+00	3.281775e-01	-7.705817e-03	7.016033e-03	-7.643785e-03	9.321385e-02	5.927802e-01	2.042473e-02	1.000107e+00	1.499226e+01
247	1.674600e+00	6.189666e-02	1.674615e+00	2.853340e-01	-3.626813e-03	-1.335012e-02	-3.642504e-03	-4.284350e-02	5.927823e-01	2.043247e-02	9.998301e-01	1.499124e+01
248	1.677042e+00	4.320202e-02	1.677032e+00	0.000000e+00	2.441267e-03	-1.869464e-02	2.417503e-03	-2.853340e-01	5.927838e-01	2.042046e-02	9.998214e-01	1.499131e+01
249	1.689123e+00	6.093874e-02	1.689076e+00	0.000000e+00	1.208133e-02	1.773672e-02	1.204359e-02	0.000000e+00	5.928098e-01	2.045853e-02	9.982265e-01	1.498897e+01
250	1.689971e+00	9.006044e-02	1.689968e+00	2.608712e-01	8.481956e-04	2.912170e-02	8.919276e-04	2.608712e-01	5.928097e-01	2.045567e-02	9.981554e-01	1.498653e+01
251	1.674935e+00	8.894564e-02	1.674993e+00	2.190596e+00	-1.503655e-02	-1.114808e-03	-1.497433e-02	1.929725e+00	5.928528e-01	2.045887e-02	9.841477e-01	1.498549e+01
252	1.681491e+00	0.000000e+00	1.681466e+00	0.000000e+00	6.556616e-03	-8.894564e-02	6.472511e-03	-2.190596e+00	5.928665e-01	2.027349e-02	9.814671e-01	1.502185e+01
253	1.693629e+00	3.693323e-03	1.693582e+00	4.606834e-01	1.213798e-02	3.693323e-03	1.211585e-02	4.606834e-01	5.928944e-01	2.028199e-02	9.837344e-01	1.502254e+01
254	1.681816e+00	0.000000e+00	1.681862e+00	0.000000e+00	-1.181330e-02	-3.693323e-03	-1.171982e-02	-4.606834e-01	5.929204e-01	2.029013e-02	9.859427e-01	1.502323e+01
255	1.687139e+00	0.000000e+00	1.687119e+00	0.000000e+00	5.323616e-03	0.000000e+00	5.257040e-03	0.000000e+00	5.929257e-01	2.029013e-02	1.000000e+00	1.500000e+01
256	1.690211e+00	4.774226e-03	1.690198e+00	0.000000e+00	3.071061e-03	4.774226e-03	3.079600e-03	0.000000e+00	5.929274e-01	2.029277e-02	9.998911e-01	1.499983e+01
257	1.692819e+00	2.094085e-02	1.692809e+00	3.762486e-01	2.608294e-03	1.616663e-02	2.610135e-03	3.762486e-01	5.929283e-01	2.029841e-02	1.000054e+00	1.500084e+01
258	1.677547e+00	0.000000e+00	1.677607e+00	0.000000e+00	-1.527144e-02	-2.094085e-02	-1.520159e-02	-3.762486e-01	5.929698e-01	2.035531e-02	1.000393e+00	1.500130e+01
259	1.689351e+00	1.191966e-02	1.689305e+00	0.000000e+00	1.180395e-02	1.191966e-02	1.169846e-02	0.000000e+00	5.929948e-01	2.038054e-02	9.993246e-01	1.500022e+01
260	1.693348e+00	3.523370e-02	1.693333e+00	1.571436e-02	3.997074e-03	2.331404e-02	4.027158e-03	1.571436e-02	5.929971e-01	2.039362e-02	9.986830e-01	1.499648e+01
261	1.676691e+00	6.743208e-02	1.676756e+00	4.887327e-01	-1.665748e-02	3.219838e-02	-1.657668e-02	4.730183e-01	5.930552e-01	2.028120e-02	9.986293e-01	1.499659e+01
262	1.673722e+00	3.436097e-02	1.673734e+00	3.519102e-01	-2.969073e-03	-3.307111e-02	-3.022227e-03	-1.368225e-01	5.930561e-01	2.029047e-02	9.981190e-01	1.499090e+01
263	1.676547e+00	0.000000e+00	1.676536e+00	1.624894e-01	2.824861e-03	-3.436097e-02	2.802021e-03	-1.894208e-01	5.930585e-01	2.026072e-02	9.985519e-01	1.498563e+01
264	1.678559e+00	0.000000e+00	1.678551e+00	0.000000e+00	2.012249e-03	0.000000e+00	2.015334e-03	-1.624894e-01	5.930593e-01	2.026072e-02	1.000000e+00	1.500000e+01
265	1.698490e+00	7.076896e-03	1.698413e+00	1.056365e+00	1.993143e-02	7.076896e-03	1.986144e-02	1.056365e+00	5.931340e-01	2.028726e-02	1.008805e+00	1.500313e+01
266	1.684618e+00	0.000000e+00	1.684672e+00	0.000000e+00	-1.387239e-02	-7.076896e-03	-1.374062e-02	-1.056365e+00	5.931694e-01	2.030531e-02	1.014974e+00	1.500627e+01
267	1.683317e+00	0.000000e+00	1.683322e+00	0.000000e+00	-1.300952e-03	0.000000e+00	-1.349545e-03	0.000000e+00	5.931698e-01	2.030531e-02	1.000000e+00	1.500000e+01
268	1.688287e+00	0.000000e+00	1.688267e+00	0.000000e+00	4.969562e-03	0.000000e+00	4.944878e-03	0.000000e+00	5.931745e-01	2.030531e-02	1.000000e+00	1.500000e+01
269	1.691173e+00	0.000000e+00	1.691161e+00	0.000000e+00	2.885979e-03	0.000000e+00	2.894022e-03	0.000000e+00	5.931761e-01	2.030531e-02	1.000000e+00	1.500000e+01
270	1.689616e+00	0.000000e+00	1.689622e+00	8.014116e-01	-1.556218e-03	0.000000e+00	-1.538834e-03	8.014116e-01	5.931766e-01	2.030531e-02	1.000000e+00	1.500000e+01
271	1.678125e+00	0.000000e+00	1.678170e+00	6.046716e-01	-1.149119e-02	0.000000e+00	-1.145232e-02	-1.967401e-01	5.932019e-01	2.030531e-02	1.000000e+00	1.500000e+01
272	1.677827e+00	0.000000e+00	1.677828e+00	0.000000e+00	-2.984920e-04	0.000000e+00	-3.420616e-04	-6.046716e-01	5.932019e-01	2.030531e-02	1.000000e+00	1.500000e+01
273	1.689098e+00	0.000000e+00	1.689054e+00	0.000000e+00	1.127136e-02	0.000000e+00	1.122600e-02	0.000000e+00	5.932262e-01	2.030531e-02	1.000000e+00	1.500000e+01
274	1.692586e+00	0.000000e+00	1.692572e+00	0.000000e+00	3.487684e-03	0.000000e+00	3.517912e-03	0.000000e+00	5.932286e-01	2.030531e-02	1.000000e+00	1.500000e+01
275	1.690113e+00	0.000000e+00	1.690122e+00	0.000000e+00	-2.472912e-03	0.000000e+00	-2.449510e-03	0.000000e+00	5.932297e-01	2.030531e-02	1.000000e+00	1.500000e+01
276	1.694045e+00	0.000000e+00	1.694030e+00	0.000000e+00	3.931999e-03	0.000000e+00	3.907071e-03	0.000000e+00	5.932327e-01	2.030531e-02	1.000000e+00	1.500000e+01
277	1.694538e+00	0.000000e+00	1.694536e+00	0.000000e+00	4.928151e-04	0.000000e+00	5.061520e-04	0.000000e+00	5.932327e-01	2.030531e-02	1.000000e+00	1.500000e+01
278	1.701021e+00	0.000000e+00	1.700996e+00	0.000000e+00	6.483826e-03	0.000000e+00	6.460476e-03	0.000000e+00	5.932408e-01	2.030531e-02	1.000000e+00	1.500000e+01
279	1.712047e+00	0.000000e+00	1.712003e+00	0.000000e+00	1.102504e-02	0.000000e+00	1.100721e-02	0.000000e+00	5.932642e-01	2.030531e-02	1.000000e+00	1.500000e+01
280	1.710626e+00	1.096857e-03	1.710631e+00	0.000000e+00	-1.421027e-03	1.096857e-03	-1.372480e-03	0.000000e+00	5.932645e-01	2.030502e-02	1.000010e+00	1.499999e+01
281	1.708082e+00	1.360627e-02	1.708092e+00	0.000000e+00	-2.543966e-03	1.250941e-02	-2.539390e-03	0.000000e+00	5.932661e-01	2.029739e-02	1.000234e+00	1.499889e+01
282	1.726097e+00	3.752825e-02	1.726027e+00	0.000000e+00	1.801539e-02	2.392198e-02	1.793510e-02	0.000000e+00	5.933239e-01	2.037419e-02	9.970107e-01	1.499461e+01
283	1.723563e+00	7.286202e-02	1.723573e+00	2.061090e+00	-2.533796e-03	3.533377e-02	-2.453840e-03	2.061090e+00	5.933259e-01	2.034617e-02	9.951658e-01	1.502034e+01
284	1.683057e+00	0.000000e+00	1.683216e+00	0.000000e+00	-4.050577e-02	-7.286202e-02	-4.035713e-02	-2.061090e+00	5.936105e-01	2.085805e-02	1.012928e+00	1.505229e+01
285	1.689554e+00	0.000000e+00	1.689530e+00	1.638571e+00	6.497108e-03	0.000000e+00	6.314083e-03	1.638571e+00	5.936181e-01	2.085805e-02	1.000000e+00	1.500000e+01
286	1.681967e+00	0.000000e+00	1.681996e+00	0.000000e+00	-7.587694e-03	0.000000e+00	-7.533390e-03	-1.638571e+00	5.936290e-01	2.085805e-02	1.000000e+00	1.500000e+01
287	1.687768e+00	0.000000e+00	1.687745e+00	7.560772e-01	5.801147e-03	0.000000e+00	5.749059e-03	7.560772e-01	5.936354e-01	2.085805e-02	1.000000e+00	1.500000e+01
288	1.680422e+00	0.000000e+00	1.680451e+00	0.000000e+00	-7.345753e-03	0.000000e+00	-7.294601e-03	-7.560772e-01	5.936456e-01	2.085805e-02	1.000000e+00	1.500000e+01
289	1.684967e+00	0.000000e+00	1.684950e+00	0.000000e+00	4.545161e-03	0.000000e+00	4.498912e-03	0.000000e+00	5.936495e-01	2.085805e-02	1.000000e+00	1.500000e+01
290	1.685253e+00	0.000000e+00	1.685252e+00	0.000000e+00	2.859812e-04	0.000000e+00	3.024380e-04	0.000000e+00	5.936495e-01	2.085805e-02	1.000000e+00	1.500000e+01
291	1.684071e+00	0.000000e+00	1.684076e+00	0.000000e+00	-1.181897e-03	0.000000e+00	-1.176099e-03	0.000000e+00	5.936498e-01	2.085805e-02	1.000000e+00	1.500000e+01
292	1.683985e+00	0.000000e+00	1.683985e+00	0.000000e+00	-8.672896e-05	0.000000e+00	-9.098431e-05	0.000000e+00	5.936498e-01	2.085805e-02	1.000000e+00	1.500000e+01
293	1.686025e+00	0.000000e+00	1.686017e+00	1.097341e-01	2.040144e-03	0.000000e+00	2.031820e-03	1.097341e-01	5.936506e-01	2.085805e-02	1.000000e+00	1.500000e+01
294	1.676370e+00	0.000000e+00	1.676407e+00	0.000000e+00	-9.655018e-03	0.000000e+00	-9.609367e-03	-1.097341e-01	5.936684e-01	2.085805e-02	1.000000e+00	1.500000e+01
295	1.685512e+00	0.000000e+00	1.685476e+00	0.000000e+00	9.142079e-03	0.000000e+00	9.068831e-03	0.000000e+00	5.936842e-01	2.085805e-02	1.000000e+00	1.500000e+01
296	1.688202e+00	0.000000e+00	1.688191e+00	0.000000e+00	2.689960e-03	0.000000e+00	2.714877e-03	0.000000e+00	5.936856e-01	2.085805e-02	1.000000e+00	1.500000e+01
297	1.686135e+00	7.573163e-03	1.686143e+00	3.550115e-01	-2.066748e-03	7.573163e-03	-2.048070e-03	3.550115e-01	5.936866e-01	2.085453e-02	9.997610e-01	1.500088e+01
298	1.675908e+00	0.000000e+00	1.675948e+00	6.435622e-01	-1.022683e-02	-7.573163e-03	-1.019488e-02	2.885507e-01	5.937058e-01	2.086879e-02	9.977579e-01	1.499939e+01
299	1.676238e+00	0.000000e+00	1.676237e+00	0.000000e+00	3.301605e-04	0.000000e+00	2.890471e-04	-6.435622e-01	5.937058e-01	2.086879e-02	1.000000e+00	1.500000e+01
300	1.687299e+00	0.000000e+00	1.687256e+00	0.000000e+00	1.106054e-02	0.000000e+00	1.101847e-02	0.000000e+00	5.937292e-01	2.086879e-02	1.000000e+00	1.500000e+01
301	1.686406e+00	0.000000e+00	1.686410e+00	1.179905e+00	-8.927713e-04	0.000000e+00	-8.462430e-04	1.179905e+00	5.937294e-01	2.086879e-02	1.000000e+00	1.500000e+01
302	1.678026e+00	0.000000e+00	1.678059e+00	0.000000e+00	-8.380073e-03	0.000000e+00	-8.350644e-03	-1.179905e+00	5.937428e-01	2.086879e-02	1.000000e+00	1.500000e+01
303	1.679468e+00	0.000000e+00	1.679463e+00	0.000000e+00	1.442247e-03	0.000000e+00	1.403993e-03	0.000000e+00	5.937432e-01	2.086879e-02	1.000000e+00	1.500000e+01
304	1.681226e+00	0.000000e+00	1.681219e+00	0.000000e+00	1.757829e-03	0.000000e+00	1.756447e-03	0.000000e+00	5.937438e-01	2.086879e-02	1.000000e+00	1.500000e+01
305	1.680528e+00	0.000000e+00	1.680531e+00	0.000000e+00	-6.983559e-04	0.000000e+00	-6.887669e-04	0.000000e+00	5.937438e-01	2.086879e-02	1.000000e+00	1.500000e+01
306	1.680272e+00	0.000000e+00	1.680273e+00	1.014757e+00	-2.560262e-04	0.000000e+00	-2.577166e-04	1.014757e+00	5.937439e-01	2.086879e-02	1.000000e+00	1.500000e+01
307	1.678715e+00	0.000000e+00	1.678721e+00	0.000000e+00	-1.556963e-03	0.000000e+00	-1.551888e-03	-1.014757e+00	5.937443e-01	2.086879e-02	1.000000e+00	1.500000e+01
308	1.679853e+00	0.000000e+00	1.679849e+00	0.000000e+00	1.138562e-03	0.000000e+00	1.128053e-03	0.000000e+00	5.937446e-01	2.086879e-02	1.000000e+00	1.500000e+01
309	1.680250e+00	0.000000e+00	1.680249e+00	0.000000e+00	3.969031e-04	0.000000e+00	3.997592e-04	0.000000e+00	5.937446e-01	2.086879e-02	1.000000e+00	1.500000e+01
310	1.680266e+00	0.000000e+00	1.680266e+00	0.000000e+00	1.538962e-05	0.000000e+00	1.689106e-05	0.000000e+00	5.937446e-01	2.086879e-02	1.000000e+00	1.500000e+01
311	1.679931e+00	0.000000e+00	1.679932e+00	0.000000e+00	-3.350720e-04	0.000000e+00	-3.336971e-04	0.000000e+00	5.937446e-01	2.086879e-02	1.000000e+00	1.500000e+01
312	1.680222e+00	0.000000e+00	1.680221e+00	1.794449e-01	2.912909e-04	0.000000e+00	2.888495e-04	1.794449e-01	5.937446e-01	2.086879e-02	1.000000e+00	1.500000e+01
313	1.679340e+00	0.000000e+00	1.679344e+00	7.273729e-01	-8.815825e-04	0.000000e+00	-8.770105e-04	5.479280e-01	5.937448e-01	2.086879e-02	1.000000e+00	1.500000e+01
314	1.681627e+00	0.000000e+00	1.681618e+00	0.000000e+00	2.286293e-03	0.000000e+00	2.273936e-03	-7.273729e-01	5.937458e-01	2.086879e-02	1.000000e+00	1.500000e+01
315	1.684443e+00	0.000000e+00	1.684432e+00	0.000000e+00	2.816520e-03	0.000000e+00	2.814400e-03	0.000000e+00	5.937473e-01	2.086879e-02	1.000000e+00	1.500000e+01
316	1.684422e+00	0.000000e+00	1.684422e+00	0.000000e+00	-2.116812e-05	0.000000e+00	-1.009168e-05	0.000000e+00	5.937473e-01	2.086879e-02	1.000000e+00	1.500000e+01
317	1.683717e+00	0.000000e+00	1.683720e+00	0.000000e+00	-7.051425e-04	0.000000e+00	-7.024275e-04	0.000000e+00	5.937474e-01	2.086879e-02	1.000000e+00	1.500000e+01
318	1.683643e+00	0.000000e+00	1.683643e+00	0.000000e+00	-7.424376e-05	0.000000e+00	-7.669760e-05	0.000000e+00	5.937474e-01	2.086879e-02	1.000000e+00	1.500000e+01
319	1.683813e+00	0.000000e+00	1.683812e+00	1.079969e+00	1.699980e-04	0.000000e+00	1.690343e-04	1.079969e+00	5.937474e-01	2.086879e-02	1.000000e+00	1.500000e+01
320	1.682470e+00	0.000000e+00	1.682475e+00	0.000000e+00	-1.342622e-03	0.000000e+00	-1.336717e-03	-1.079969e+00	5.937478e-01	2.086879e-02	1.000000e+00	1.500000e+01
321	1.684405e+00	0.000000e+00	1.684397e+00	0.000000e+00	1.934962e-03	0.000000e+00	1.922182e-03	0.000000e+00	5.937485e-01	2.086879e-02	1.000000e+00	1.500000e+01
322	1.685663e+00	0.000000e+00	1.685658e+00	0.000000e+00	1.258075e-03	0.000000e+00	1.260669e-03	0.000000e+00	5.937488e-01	2.086879e-02	1.000000e+00	1.500000e+01
323	1.685321e+00	0.000000e+00	1.685322e+00	0.000000e+00	-3.418624e-04	0.000000e+00	-3.356025e-04	0.000000e+00	5.937488e-01	2.086879e-02	1.000000e+00	1.500000e+01
324	1.685025e+00	0.000000e+00	1.685027e+00	0.000000e+00	-2.957715e-04	0.000000e+00	-2.959271e-04	0.000000e+00	5.937488e-01	2.086879e-02	1.000000e+00	1.500000e+01
