#sequence delta(k-1),f(k-1),theta(k),v(k),delta_diff(k-1),f_diff(k-1),theta_diff(k),v_diff(k),phi(1,1;k),phi(1,2;k),phi(2,1;k),phi(2,2;k)
1	2.044772e+00	0.000000e+00	2.044507e+00	0.000000e+00	2.044772e+00	0.000000e+00	6.768241e-02	-4.981710e-03	3.786596e-01	1.000000e-01	1.000000e+00	1.500000e+01
2	-3.056132e+00	2.000000e-01	-3.060751e+00	3.808188e+00	-5.100904e+00	2.000000e-01	-5.105258e+00	3.808188e+00	9.302241e-01	7.837385e-02	-2.050669e-02	1.504001e+01
3	8.028874e-01	2.017933e-01	7.877951e-01	4.116781e+00	3.859019e+00	1.793301e-03	3.848546e+00	3.085930e-01	9.863594e-01	7.839994e-02	5.778830e-02	1.504005e+01
4	-3.095546e+00	2.216352e-01	-3.104921e+00	4.971045e+00	-3.898434e+00	1.984185e-02	-3.892716e+00	8.542645e-01	9.969144e-01	7.834622e-02	-1.104219e-01	1.504091e+01
5	1.133647e+00	2.423566e-01	1.117090e+00	5.738370e+00	4.229193e+00	2.072146e-02	4.222011e+00	7.673244e-01	9.977718e-01	7.835042e-02	7.598408e-02	1.504182e+01
6	-2.838599e+00	2.794651e-01	-2.847691e+00	5.154671e+00	-3.972246e+00	3.710851e-02	-3.964781e+00	-5.836986e-01	9.986830e-01	7.834191e-02	2.542755e-01	1.504015e+01
7	1.001644e+00	4.636462e-01	9.866079e-01	8.117837e+00	3.840244e+00	1.841810e-01	3.834299e+00	2.963166e+00	9.953533e-01	7.818221e-02	8.396097e-02	1.503198e+01
8	-2.994708e+00	5.352406e-01	-3.003699e+00	8.456769e+00	-3.996352e+00	7.159448e-02	-3.990307e+00	3.389323e-01	9.991808e-01	7.811364e-02	1.688082e-01	1.503046e+01
9	1.039654e+00	6.741750e-01	1.023859e+00	1.133060e+01	4.034361e+00	1.389344e-01	4.027558e+00	2.873834e+00	9.961746e-01	7.801011e-02	1.907107e-01	1.503122e+01
10	-2.863959e+00	6.303224e-01	-2.873316e+00	1.135611e+01	-3.903613e+00	-4.385261e-02	-3.897175e+00	2.550604e-02	9.972661e-01	7.802238e-02	-1.167010e-01	1.502777e+01
11	1.090670e+00	6.256726e-01	1.075186e+00	1.246618e+01	3.954630e+00	-4.649819e-03	3.948502e+00	1.110069e+00	9.983410e-01	7.802111e-02	2.329071e-01	1.502735e+01
12	-2.904153e+00	5.879602e-01	-2.913152e+00	9.838179e+00	-3.994823e+00	-3.771238e-02	-3.988338e+00	-2.628000e+00	9.977494e-01	7.801553e-02	4.718657e-01	1.502961e+01
13	1.066036e+00	7.879602e-01	1.050492e+00	1.312798e+01	3.970188e+00	2.000000e-01	3.963644e+00	3.289802e+00	9.949502e-01	7.787452e-02	1.351051e-01	1.501265e+01
14	-2.819935e+00	8.797064e-01	-2.829360e+00	1.469938e+01	-3.885971e+00	9.174624e-02	-3.879852e+00	1.571404e+00	9.994057e-01	7.776933e-02	-2.004855e-02	1.501631e+01
15	1.015253e+00	9.309328e-01	1.000235e+00	1.478949e+01	3.835188e+00	5.122631e-02	3.829595e+00	9.010304e-02	9.978146e-01	7.774808e-02	-1.513495e-01	1.501456e+01
16	-2.923892e+00	1.070486e+00	-2.933107e+00	1.607072e+01	-3.939145e+00	1.395534e-01	-3.933342e+00	1.281233e+00	1.000729e+00	7.764484e-02	1.496003e-01	1.500389e+01
17	1.103332e+00	1.200804e+00	1.087565e+00	1.750419e+01	4.027224e+00	1.303180e-01	4.020672e+00	1.433466e+00	9.966154e-01	7.751174e-02	-8.627803e-02	1.499626e+01
18	-2.847642e+00	1.276228e+00	-2.856814e+00	1.823161e+01	-3.950974e+00	7.542371e-02	-3.944379e+00	7.274185e-01	9.993050e-01	7.746039e-02	7.236091e-02	1.499323e+01
19	9.356383e-01	1.346062e+00	9.208241e-01	2.043802e+01	3.783280e+00	6.983366e-02	3.777638e+00	2.206415e+00	9.974499e-01	7.742615e-02	2.674221e-01	1.499683e+01
20	-2.903613e+00	1.224710e+00	-2.913217e+00	1.767979e+01	-3.839251e+00	-1.213520e-01	-3.834042e+00	-2.758235e+00	9.964017e-01	7.739302e-02	2.481868e-01	1.499622e+01
21	1.078540e+00	1.424710e+00	1.062947e+00	2.045870e+01	3.982153e+00	2.000000e-01	3.976164e+00	2.778919e+00	9.948929e-01	7.731724e-02	-7.287024e-03	1.498339e+01
22	-2.776353e+00	1.468478e+00	-2.785899e+00	2.110252e+01	-3.854893e+00	4.376830e-02	-3.848846e+00	6.438143e-01	9.985904e-01	7.727526e-02	1.416330e-03	1.498329e+01
23	9.755865e-01	1.509143e+00	9.608932e-01	2.091517e+01	3.751939e+00	4.066560e-02	3.746793e+00	-1.873461e-01	9.979252e-01	7.726805e-02	-1.763640e-01	1.498137e+01
24	-2.886743e+00	1.656499e+00	-2.896257e+00	2.436926e+01	-3.862329e+00	1.473551e-01	-3.857150e+00	3.454088e+00	1.001005e+00	7.715054e-02	-2.988202e-01	1.498604e+01
25	9.218094e-01	1.476683e+00	9.068951e-01	2.233354e+01	3.808552e+00	-1.798159e-01	3.803152e+00	-2.035725e+00	1.002021e+00	7.710257e-02	9.435165e-02	1.496748e+01
26	-2.960738e+00	1.523624e+00	-2.970173e+00	2.362632e+01	-3.882547e+00	4.694149e-02	-3.877069e+00	1.292782e+00	9.999246e-01	7.712792e-02	-1.122503e-01	1.496997e+01
27	1.004233e+00	1.513672e+00	9.887079e-01	2.229995e+01	3.964971e+00	-9.951825e-03	3.958881e+00	-1.326365e+00	9.988570e-01	7.713060e-02	-2.679087e-01	1.497037e+01
28	-2.864399e+00	1.713672e+00	-2.873892e+00	2.544729e+01	-3.868632e+00	2.000000e-01	-3.862600e+00	3.147333e+00	1.001843e+00	7.697625e-02	-7.704633e-02	1.496050e+01
29	7.830007e-01	1.678418e+00	7.687159e-01	2.449069e+01	3.647400e+00	-3.525461e-02	3.642608e+00	-9.566005e-01	9.998505e-01	7.699551e-02	-1.105889e-01	1.496082e+01
30	-3.122372e+00	1.786453e+00	-3.131716e+00	2.743652e+01	-3.905372e+00	1.080349e-01	-3.900432e+00	2.945830e+00	1.000702e+00	7.697195e-02	-3.035016e-01	1.496616e+01
31	8.179402e-01	1.613933e+00	8.025119e-01	2.530065e+01	3.940312e+00	-1.725193e-01	3.934228e+00	-2.135868e+00	1.001646e+00	7.693060e-02	4.660420e-02	1.495083e+01
32	-3.094185e+00	1.670432e+00	-3.103508e+00	2.567025e+01	-3.912126e+00	5.649872e-02	-3.906019e+00	3.696067e-01	9.998855e-01	7.695603e-02	1.094715e-01	1.494992e+01
33	5.157564e-01	1.780516e+00	5.016187e-01	2.749210e+01	3.609942e+00	1.100843e-01	3.605126e+00	1.821841e+00	9.969507e-01	7.686654e-02	5.952550e-02	1.494840e+01
34	2.924869e+00	1.759341e+00	2.915404e+00	2.719822e+01	2.409113e+00	-2.117525e-02	2.413785e+00	-2.938760e-01	1.000952e+00	7.683136e-02	2.411661e-02	1.494871e+01
35	1.946602e+00	1.791851e+00	1.950387e+00	2.783801e+01	-9.782671e-01	3.251039e-02	-9.650169e-01	6.397917e-01	9.972815e-01	7.695336e-02	-3.161698e-02	1.495056e+01
36	3.363229e-01	1.795057e+00	3.426278e-01	2.790421e+01	-1.610279e+00	3.205918e-03	-1.607759e+00	6.619664e-02	9.979822e-01	7.695196e-02	-2.074384e-02	1.495054e+01
37	3.308824e-01	1.821869e+00	3.309282e-01	2.829355e+01	-5.440543e-03	2.681178e-02	-1.169960e-02	3.893431e-01	9.980037e-01	7.684587e-02	-2.071382e-02	1.495039e+01
38	1.265791e+00	1.843323e+00	1.262140e+00	2.863247e+01	9.349091e-01	2.145363e-02	9.312114e-01	3.389160e-01	9.969285e-01	7.682120e-02	-9.114358e-03	1.495066e+01
39	1.328992e+00	1.857672e+00	1.328730e+00	2.794304e+01	6.320016e-02	1.434880e-02	6.659083e-02	-6.894266e-01	9.970028e-01	7.683808e-02	-3.617690e-02	1.494451e+01
40	7.210583e-01	1.986601e+00	7.234320e-01	2.896628e+01	-6.079333e-01	1.289293e-01	-6.052984e-01	1.023241e+00	9.992039e-01	7.637130e-02	1.878323e-01	1.489701e+01
41	7.121816e-01	2.065757e+00	7.122256e-01	2.956642e+01	-8.876663e-03	7.915601e-02	-1.120644e-02	6.001380e-01	9.992391e-01	7.605714e-02	1.902591e-01	1.487537e+01
42	1.071391e+00	2.099689e+00	1.069988e+00	3.149443e+01	3.592093e-01	3.393249e-02	3.577624e-01	1.928006e+00	9.986376e-01	7.600032e-02	4.073108e-01	1.489587e+01
43	7.672051e-01	1.899689e+00	7.683879e-01	2.789997e+01	-3.041858e-01	-2.000000e-01	-3.016001e-01	-3.594454e+00	9.962837e-01	7.445260e-02	4.738974e-01	1.493965e+01
44	2.527665e-01	2.054184e+00	2.547806e-01	2.981944e+01	-5.144387e-01	1.544946e-01	-5.136073e-01	1.919467e+00	9.989708e-01	7.364561e-02	5.048277e-01	1.493036e+01
45	3.852944e-01	2.077122e+00	3.847845e-01	3.062291e+01	1.325279e-01	2.293819e-02	1.300039e-01	8.034755e-01	9.987164e-01	7.360159e-02	5.294139e-01	1.493462e+01
46	5.625198e-01	2.003988e+00	5.618255e-01	2.990374e+01	1.772254e-01	-7.313457e-02	1.770410e-01	-7.191713e-01	9.991649e-01	7.341650e-02	5.524967e-01	1.492509e+01
47	3.188169e-01	1.983807e+00	3.197661e-01	2.876278e+01	-2.437029e-01	-2.018098e-02	-2.420593e-01	-1.140960e+00	9.988366e-01	7.338931e-02	6.317501e-01	1.493166e+01
48	2.280934e-01	2.111915e+00	2.284515e-01	3.115221e+01	-9.072352e-02	1.281087e-01	-9.131468e-02	2.389430e+00	9.992664e-01	7.278228e-02	6.090237e-01	1.496375e+01
49	5.233132e-01	2.005564e+00	5.221614e-01	2.880771e+01	2.952198e-01	-1.063510e-01	2.937099e-01	-2.344500e+00	1.000128e+00	7.247187e-02	4.843439e-01	1.500866e+01
50	3.651642e-01	2.126826e+00	3.657775e-01	3.193307e+01	-1.581489e-01	1.212615e-01	-1.563839e-01	3.125358e+00	1.000644e+00	7.207638e-02	3.825497e-01	1.508671e+01
51	-6.426607e-01	1.926826e+00	-6.387215e-01	2.900889e+01	-1.007825e+00	-2.000000e-01	-1.004499e+00	-2.924178e+00	9.948818e-01	7.093290e-02	2.325580e-01	1.505695e+01
52	-1.097194e+00	1.974749e+00	-1.095403e+00	2.951040e+01	-4.545337e-01	4.792291e-02	-4.566820e-01	5.015107e-01	9.964210e-01	7.077061e-02	2.549131e-01	1.505459e+01
53	-4.726003e-01	1.996944e+00	-4.750331e-01	2.858650e+01	6.245941e-01	2.219486e-02	6.203704e-01	-9.239070e-01	9.955377e-01	7.073922e-02	-9.685937e-02	1.504209e+01
54	-3.694631e-01	2.138145e+00	-3.698755e-01	3.130798e+01	1.031372e-01	1.412011e-01	1.051576e-01	2.721480e+00	9.951754e-01	7.024325e-02	-6.754554e-02	1.508222e+01
55	-8.002406e-01	1.978977e+00	-7.985594e-01	2.922679e+01	-4.307774e-01	-1.591678e-01	-4.286839e-01	-2.081181e+00	9.931031e-01	6.947755e-02	-1.212851e-01	1.506237e+01
56	-4.177627e-01	1.963960e+00	-4.192502e-01	2.870332e+01	3.824778e-01	-1.501715e-02	3.793092e-01	-5.234713e-01	9.931899e-01	6.947415e-02	-1.637546e-01	1.506403e+01
57	-1.085299e-01	2.002505e+00	-1.097437e-01	2.864353e+01	3.092328e-01	3.854485e-02	3.095065e-01	-5.979279e-02	9.931481e-01	6.946894e-02	-2.463753e-01	1.505374e+01
58	-3.615448e-01	2.052621e+00	-3.605612e-01	2.895109e+01	-2.530149e-01	5.011625e-02	-2.508176e-01	3.075571e-01	9.934991e-01	6.939941e-02	-1.871468e-01	1.504200e+01
59	-3.492016e-01	2.056472e+00	-3.492459e-01	2.873332e+01	1.234329e-02	3.850791e-03	1.131532e-02	-2.177636e-01	9.934920e-01	6.939719e-02	-1.887495e-01	1.504150e+01
60	1.407190e-01	2.047807e+00	1.388051e-01	2.770730e+01	4.899205e-01	-8.664204e-03	4.880510e-01	-1.026022e+00	9.938909e-01	6.939014e-02	-3.556359e-01	1.504446e+01
61	2.970522e-01	2.126151e+00	2.964340e-01	2.951971e+01	1.563332e-01	7.834373e-02	1.576290e-01	1.812410e+00	9.936579e-01	6.927338e-02	-3.052154e-01	1.506972e+01
62	2.379683e-01	1.966511e+00	2.381967e-01	2.654026e+01	-5.908385e-02	-1.596401e-01	-5.823732e-02	-2.979452e+00	9.933390e-01	6.841151e-02	-2.888451e-01	1.511395e+01
63	5.058415e-01	2.063460e+00	5.047960e-01	2.742994e+01	2.678732e-01	9.694910e-02	2.665993e-01	8.896804e-01	9.925904e-01	6.814058e-02	-3.497677e-01	1.509190e+01
64	5.466488e-01	2.068078e+00	5.464853e-01	2.770814e+01	4.080732e-02	4.617572e-03	4.168932e-02	2.782047e-01	9.926072e-01	6.814249e-02	-3.454529e-01	1.509239e+01
65	3.008858e-01	1.985182e+00	3.018452e-01	2.638824e+01	-2.457630e-01	-8.289578e-02	-2.446402e-01	-1.319903e+00	9.920476e-01	6.795374e-02	-3.280934e-01	1.509825e+01
66	6.380993e-02	1.983851e+00	6.473976e-02	2.601678e+01	-2.370759e-01	-1.330735e-03	-2.371054e-01	-3.714626e-01	9.922475e-01	6.795486e-02	-2.810870e-01	1.509851e+01
67	-7.768698e-02	1.992748e+00	-7.713063e-02	2.829170e+01	-1.414969e-01	8.897130e-03	-1.418704e-01	2.274917e+00	9.923855e-01	6.794618e-02	-4.208797e-01	1.510730e+01
68	-2.630352e-01	1.792748e+00	-2.623091e-01	2.450645e+01	-1.853483e-01	-2.000000e-01	-1.851784e-01	-3.785247e+00	9.913374e-01	6.681519e-02	-3.494241e-01	1.518441e+01
69	-1.946766e-01	1.886550e+00	-1.949408e-01	2.674285e+01	6.835860e-02	9.380155e-02	6.736822e-02	2.236399e+00	9.911224e-01	6.652019e-02	-3.224617e-01	1.522140e+01
70	-1.061213e-02	1.686550e+00	-1.133216e-02	2.347947e+01	1.840645e-01	-2.000000e-01	1.836087e-01	-3.263379e+00	9.923435e-01	6.519339e-02	-3.359307e-01	1.523604e+01
71	1.348464e-01	1.745519e+00	1.342754e-01	2.396876e+01	1.454585e-01	5.896860e-02	1.456075e-01	4.892957e-01	9.921673e-01	6.512196e-02	-3.605212e-01	1.522607e+01
72	2.101328e-01	1.730963e+00	2.098365e-01	2.423796e+01	7.528644e-02	-1.455596e-02	7.556113e-02	2.691992e-01	9.922319e-01	6.510946e-02	-3.420523e-01	1.522250e+01
73	2.614220e-01	1.610867e+00	2.612205e-01	2.400600e+01	5.128918e-02	-1.200958e-01	5.138400e-02	-2.319608e-01	9.924327e-01	6.463927e-02	-3.030701e-01	1.513122e+01
74	3.715645e-01	1.410867e+00	3.711335e-01	2.172622e+01	1.101425e-01	-2.000000e-01	1.099130e-01	-2.279780e+00	9.931227e-01	6.338641e-02	-2.633069e-01	1.505902e+01
75	5.354942e-01	1.373133e+00	5.348521e-01	2.171134e+01	1.639296e-01	-3.773390e-02	1.637186e-01	-1.488522e-02	9.933767e-01	6.332794e-02	-2.175064e-01	1.504848e+01
76	5.345414e-01	1.298727e+00	5.345426e-01	2.005204e+01	-9.528182e-04	-7.440553e-02	-3.095704e-04	-1.659294e+00	9.933743e-01	6.313942e-02	-2.172627e-01	1.506750e+01
77	5.620141e-01	1.370112e+00	5.619068e-01	2.107531e+01	2.747276e-02	7.138506e-02	2.736423e-02	1.023269e+00	9.933166e-01	6.298952e-02	-2.178659e-01	1.506593e+01
78	6.280394e-01	1.293995e+00	6.277810e-01	1.994736e+01	6.602524e-02	-7.611719e-02	6.587422e-02	-1.127949e+00	9.934753e-01	6.280660e-02	-2.168296e-01	1.506474e+01
79	7.225411e-01	1.256276e+00	7.221710e-01	2.042928e+01	9.450177e-02	-3.771901e-02	9.438995e-02	4.819145e-01	9.936036e-01	6.275538e-02	-1.690181e-01	1.504566e+01
80	7.638157e-01	1.071964e+00	7.636530e-01	1.622016e+01	4.127453e-02	-1.843123e-01	4.148201e-02	-4.209118e+00	9.938355e-01	6.171994e-02	-1.965441e-01	1.516857e+01
81	7.763440e-01	1.271964e+00	7.762944e-01	1.995731e+01	1.252832e-02	2.000000e-01	1.264142e-02	3.737148e+00	9.937646e-01	6.058807e-02	-1.924260e-01	1.523431e+01
82	8.154885e-01	1.071964e+00	8.153354e-01	1.743929e+01	3.914449e-02	-2.000000e-01	3.904096e-02	-2.518019e+00	9.939879e-01	5.944723e-02	-1.826557e-01	1.518439e+01
83	8.415249e-01	1.000840e+00	8.414226e-01	1.508957e+01	2.603645e-02	-7.112350e-02	2.608725e-02	-2.349722e+00	9.940426e-01	5.929781e-02	-1.982556e-01	1.522701e+01
84	8.572478e-01	1.144319e+00	8.571860e-01	1.816376e+01	1.572292e-02	1.434782e-01	1.576341e-02	3.074196e+00	9.939807e-01	5.873301e-02	-1.916583e-01	1.528721e+01
85	8.748259e-01	9.443186e-01	8.747570e-01	1.579624e+01	1.757807e-02	-2.000000e-01	1.757098e-02	-2.367520e+00	9.940776e-01	5.762993e-02	-1.859840e-01	1.522265e+01
86	8.820860e-01	8.315095e-01	8.820573e-01	1.517160e+01	7.260057e-03	-1.128092e-01	7.300334e-03	-6.246457e-01	9.941002e-01	5.727935e-02	-1.822354e-01	1.516440e+01
87	8.755714e-01	6.711737e-01	8.755968e-01	1.290993e+01	-6.514544e-03	-1.603358e-01	-6.460580e-03	-2.261673e+00	9.940721e-01	5.658763e-02	-1.827503e-01	1.515173e+01
88	8.694943e-01	6.744554e-01	8.695181e-01	1.279947e+01	-6.077156e-03	3.281685e-03	-6.078654e-03	-1.104564e-01	9.940727e-01	5.658728e-02	-1.822847e-01	1.515148e+01
89	8.651867e-01	6.434828e-01	8.652036e-01	1.330658e+01	-4.307541e-03	-3.097264e-02	-4.314460e-03	5.071105e-01	9.940692e-01	5.656198e-02	-1.842799e-01	1.513713e+01
90	8.434978e-01	4.545060e-01	8.435826e-01	1.132372e+01	-2.168888e-02	-1.889768e-01	-2.162101e-02	-1.982860e+00	9.939616e-01	5.562491e-02	-1.931211e-01	1.506010e+01
91	8.281436e-01	3.656902e-01	8.282039e-01	1.221372e+01	-1.535429e-02	-8.881571e-02	-1.537877e-02	8.900047e-01	9.939266e-01	5.542226e-02	-2.092802e-01	1.496663e+01
92	8.110429e-01	1.656902e-01	8.111099e-01	9.455476e+00	-1.710065e-02	-2.000000e-01	-1.709392e-02	-2.758248e+00	9.938391e-01	5.439908e-02	-2.111235e-01	1.494507e+01
93	7.805321e-01	1.448196e-01	7.806515e-01	9.977500e+00	-3.051083e-02	-2.087067e-02	-3.045842e-02	5.220238e-01	9.938246e-01	5.438917e-02	-2.231079e-01	1.493687e+01
94	7.719334e-01	0.000000e+00	7.719675e-01	8.373460e+00	-8.598659e-03	-1.448196e-01	-8.684048e-03	-1.604040e+00	9.937934e-01	5.386242e-02	-2.253600e-01	1.489894e+01
95	7.315246e-01	0.000000e+00	7.316825e-01	6.374100e+00	-4.040885e-02	0.000000e+00	-4.028493e-02	-1.999359e+00	9.937958e-01	5.386242e-02	1.000000e+00	1.500000e+01
96	7.075363e-01	4.776892e-02	7.076306e-01	6.429360e+00	-2.398828e-02	4.776892e-02	-2.405194e-02	5.526017e-02	9.938275e-01	5.379930e-02	1.007251e+00	1.498556e+01
97	6.955724e-01	4.239483e-02	6.956195e-01	6.808309e+00	-1.196390e-02	-5.374096e-03	-1.201112e-02	3.789482e-01	9.938265e-01	5.379887e-02	1.004572e+00	1.498436e+01
98	6.746276e-01	0.000000e+00	6.747096e-01	5.276289e+00	-2.094481e-02	-4.239483e-02	-2.090991e-02	-1.532019e+00	9.938048e-01	5.375490e-02	1.013274e+00	1.500197e+01
99	6.400970e-01	0.000000e+00	6.402322e-01	2.383702e+00	-3.453059e-02	0.000000e+00	-3.447738e-02	-2.892587e+00	9.938075e-01	5.375490e-02	1.000000e+00	1.500000e+01
100	5.888336e-01	1.596592e-01	5.890344e-01	6.005803e+00	-5.126339e-02	1.596592e-01	-5.119781e-02	3.622102e+00	9.940196e-01	5.309420e-02	9.693006e-01	1.509561e+01
101	6.030400e-01	0.000000e+00	6.029853e-01	3.770042e+00	1.420642e-02	-1.596592e-01	1.395093e-02	-2.235761e+00	9.940749e-01	5.247225e-02	9.703707e-01	1.508359e+01
102	5.636147e-01	0.000000e+00	5.637685e-01	1.539818e+00	-3.942529e-02	0.000000e+00	-3.921679e-02	-2.230224e+00	9.940754e-01	5.247225e-02	1.000000e+00	1.500000e+01
103	5.683994e-01	0.000000e+00	5.683813e-01	0.000000e+00	4.784687e-03	0.000000e+00	4.612807e-03	-1.539818e+00	9.940751e-01	5.247225e-02	1.000000e+00	1.500000e+01
104	5.736842e-01	5.884040e-02	5.736635e-01	3.578498e-01	5.284826e-03	5.884040e-02	5.282201e-03	3.578498e-01	9.940674e-01	5.238691e-02	9.986718e-01	1.498521e+01
105	5.807283e-01	3.015588e-02	5.807007e-01	0.000000e+00	7.044031e-03	-2.868452e-02	7.037149e-03	-3.578498e-01	9.940725e-01	5.236597e-02	9.988890e-01	1.498433e+01
106	5.661770e-01	4.242469e-02	5.662337e-01	1.299630e-01	-1.455130e-02	1.226882e-02	-1.446697e-02	1.299630e-01	9.940770e-01	5.236221e-02	9.991609e-01	1.498410e+01
107	5.764441e-01	4.936805e-02	5.764043e-01	0.000000e+00	1.026716e-02	6.943362e-03	1.017055e-02	-1.299630e-01	9.940751e-01	5.236089e-02	9.979697e-01	1.498329e+01
108	5.690718e-01	7.922389e-02	5.691004e-01	0.000000e+00	-7.372336e-03	2.985583e-02	-7.303809e-03	0.000000e+00	9.940804e-01	5.233909e-02	9.995098e-01	1.497706e+01
109	5.725122e-01	1.219066e-01	5.724989e-01	1.099476e+00	3.440405e-03	4.268275e-02	3.398436e-03	1.099476e+00	9.940768e-01	5.229340e-02	1.000256e+00	1.498631e+01
110	5.785973e-01	2.503626e-02	5.785734e-01	0.000000e+00	6.085052e-03	-9.687038e-02	6.074557e-03	-1.099476e+00	9.940914e-01	5.206023e-02	1.001251e+00	1.497045e+01
111	5.663121e-01	2.427077e-02	5.663600e-01	2.399920e-01	-1.228519e-02	-7.654889e-04	-1.221347e-02	2.399920e-01	9.940912e-01	5.206022e-02	9.997124e-01	1.497036e+01
112	5.769057e-01	3.197256e-03	5.768645e-01	0.000000e+00	1.059363e-02	-2.107352e-02	1.050454e-02	-2.399920e-01	9.940966e-01	5.204950e-02	1.000039e+00	1.496971e+01
113	5.701755e-01	1.280111e-02	5.702016e-01	2.828059e-01	-6.730240e-03	9.603858e-03	-6.662917e-03	2.828059e-01	9.940981e-01	5.204735e-02	9.995729e-01	1.497037e+01
114	5.780679e-01	0.000000e+00	5.780371e-01	3.225860e-02	7.892410e-03	-1.280111e-02	7.835553e-03	-2.505473e-01	9.941005e-01	5.204336e-02	9.993225e-01	1.497078e+01
115	5.820986e-01	1.289157e-02	5.820827e-01	0.000000e+00	4.030723e-03	1.289157e-02	4.045585e-03	-3.225860e-02	9.940993e-01	5.203949e-02	9.988836e-01	1.496938e+01
116	5.661634e-01	4.067857e-02	5.662256e-01	1.169541e+00	-1.593520e-02	2.778700e-02	-1.585715e-02	1.169541e+00	9.941104e-01	5.202020e-02	9.930620e-01	1.497953e+01
117	5.754319e-01	0.000000e+00	5.753960e-01	6.551039e-02	9.268532e-03	-4.067857e-02	9.170385e-03	-1.104031e+00	9.941195e-01	5.198019e-02	9.908455e-01	1.498926e+01
118	5.467052e-01	0.000000e+00	5.468173e-01	4.249916e-02	-2.872670e-02	0.000000e+00	-2.857867e-02	-2.301123e-02	9.941198e-01	5.198019e-02	1.000000e+00	1.500000e+01
119	5.380212e-01	0.000000e+00	5.380556e-01	0.000000e+00	-8.684021e-03	0.000000e+00	-8.761734e-03	-4.249916e-02	9.941203e-01	5.198019e-02	1.000000e+00	1.500000e+01
120	5.379892e-01	0.000000e+00	5.379895e-01	0.000000e+00	-3.196506e-05	0.000000e+00	-6.606572e-05	0.000000e+00	9.941203e-01	5.198019e-02	1.000000e+00	1.500000e+01
121	5.402723e-01	1.180181e-02	5.402634e-01	2.312451e-01	2.283080e-03	1.180181e-02	2.273904e-03	2.312451e-01	9.941197e-01	5.197678e-02	1.000056e+00	1.500029e+01
122	5.454727e-01	5.019986e-03	5.454524e-01	0.000000e+00	5.200414e-03	-6.781822e-03	5.188982e-03	-2.312451e-01	9.941206e-01	5.197558e-02	9.997236e-01	1.500073e+01
123	5.700715e-01	2.747972e-02	5.699754e-01	0.000000e+00	2.459879e-02	2.245974e-02	2.452297e-02	0.000000e+00	9.941077e-01	5.196387e-02	9.955019e-01	1.499687e+01
124	5.606497e-01	6.219647e-02	5.606861e-01	8.830912e-01	-9.421830e-03	3.471675e-02	-9.289233e-03	8.830912e-01	9.941155e-01	5.193541e-02	9.938389e-01	1.500300e+01
125	5.746703e-01	0.000000e+00	5.746157e-01	4.055527e-01	1.402064e-02	-6.219647e-02	1.392959e-02	-4.775384e-01	9.941369e-01	5.184042e-02	9.967743e-01	1.498998e+01
126	5.815441e-01	0.000000e+00	5.815171e-01	0.000000e+00	6.873786e-03	0.000000e+00	6.901347e-03	-4.055527e-01	9.941371e-01	5.184042e-02	1.000000e+00	1.500000e+01
127	5.541849e-01	0.000000e+00	5.542917e-01	0.000000e+00	-2.735917e-02	0.000000e+00	-2.722534e-02	0.000000e+00	9.941374e-01	5.184042e-02	1.000000e+00	1.500000e+01
128	5.602480e-01	6.436575e-03	5.602247e-01	0.000000e+00	6.063056e-03	6.436575e-03	5.933024e-03	0.000000e+00	9.941362e-01	5.183911e-02	9.997045e-01	1.499969e+01
129	5.638795e-01	2.502641e-02	5.638653e-01	1.127554e+00	3.631539e-03	1.858983e-02	3.640530e-03	1.127554e+00	9.941346e-01	5.183087e-02	1.001162e+00	1.500715e+01
130	5.754458e-01	0.000000e+00	5.754006e-01	4.444465e-02	1.156628e-02	-2.502641e-02	1.153532e-02	-1.083109e+00	9.941419e-01	5.181502e-02	9.972127e-01	1.501569e+01
131	5.828298e-01	0.000000e+00	5.828008e-01	0.000000e+00	7.383961e-03	0.000000e+00	7.400178e-03	-4.444465e-02	9.941421e-01	5.181502e-02	1.000000e+00	1.500000e+01
132	5.480343e-01	0.000000e+00	5.481701e-01	1.000686e-01	-3.479551e-02	0.000000e+00	-3.463068e-02	1.000686e-01	9.941428e-01	5.181502e-02	1.000000e+00	1.500000e+01
133	5.712450e-01	0.000000e+00	5.711549e-01	3.240057e-01	2.321071e-02	0.000000e+00	2.298477e-02	2.239371e-01	9.941418e-01	5.181502e-02	1.000000e+00	1.500000e+01
134	5.456675e-01	0.000000e+00	5.457671e-01	0.000000e+00	-2.557748e-02	0.000000e+00	-2.538778e-02	-3.240057e-01	9.941413e-01	5.181502e-02	1.000000e+00	1.500000e+01
135	5.547939e-01	0.000000e+00	5.547586e-01	3.224578e-01	9.126339e-03	0.000000e+00	8.991518e-03	3.224578e-01	9.941410e-01	5.181502e-02	1.000000e+00	1.500000e+01
136	5.444600e-01	0.000000e+00	5.445002e-01	0.000000e+00	-1.033385e-02	0.000000e+00	-1.025836e-02	-3.224578e-01	9.941409e-01	5.181502e-02	1.000000e+00	1.500000e+01
137	5.580098e-01	1.607892e-03	5.579570e-01	4.606710e-01	1.354980e-02	1.607892e-03	1.345680e-02	4.606710e-01	9.941403e-01	5.181495e-02	1.002722e+00	1.500032e+01
138	5.811640e-01	0.000000e+00	5.810734e-01	3.132377e-01	2.315423e-02	-1.607892e-03	2.311635e-02	-1.474333e-01	9.941422e-01	5.181481e-02	1.001111e+00	1.500043e+01
139	5.444357e-01	0.000000e+00	5.445788e-01	0.000000e+00	-3.672832e-02	0.000000e+00	-3.649455e-02	-3.132377e-01	9.941419e-01	5.181481e-02	1.000000e+00	1.500000e+01
140	5.434002e-01	0.000000e+00	5.434048e-01	0.000000e+00	-1.035526e-03	0.000000e+00	-1.174038e-03	0.000000e+00	9.941420e-01	5.181481e-02	1.000000e+00	1.500000e+01
141	5.528437e-01	4.153599e-03	5.528069e-01	0.000000e+00	9.443540e-03	4.153599e-03	9.402065e-03	0.000000e+00	9.941411e-01	5.181441e-02	9.996782e-01	1.499986e+01
142	5.483182e-01	2.028088e-02	5.483357e-01	6.485820e-01	-4.525575e-03	1.612728e-02	-4.471171e-03	6.485820e-01	9.941428e-01	5.180822e-02	9.987944e-01	1.500301e+01
143	5.749024e-01	0.000000e+00	5.747986e-01	3.756990e-01	2.658426e-02	-2.028088e-02	2.646295e-02	-2.728830e-01	9.941565e-01	5.179778e-02	9.988554e-01	1.500296e+01
144	5.832039e-01	0.000000e+00	5.831711e-01	5.777141e-01	8.301491e-03	0.000000e+00	8.372434e-03	2.020151e-01	9.941570e-01	5.179778e-02	1.000000e+00	1.500000e+01
145	5.317532e-01	0.000000e+00	5.319540e-01	0.000000e+00	-5.145071e-02	0.000000e+00	-5.121702e-02	-5.777141e-01	9.941586e-01	5.179778e-02	1.000000e+00	1.500000e+01
146	4.905435e-01	0.000000e+00	4.907052e-01	1.505194e-01	-4.120971e-02	0.000000e+00	-4.124880e-02	1.505194e-01	9.941641e-01	5.179778e-02	1.000000e+00	1.500000e+01
147	5.356395e-01	0.000000e+00	5.354640e-01	0.000000e+00	4.509603e-02	0.000000e+00	4.475875e-02	-1.505194e-01	9.941625e-01	5.179778e-02	1.000000e+00	1.500000e+01
148	5.159694e-01	0.000000e+00	5.160455e-01	0.000000e+00	-1.967016e-02	0.000000e+00	-1.941848e-02	0.000000e+00	9.941612e-01	5.179778e-02	1.000000e+00	1.500000e+01
149	5.309338e-01	0.000000e+00	5.308756e-01	0.000000e+00	1.496443e-02	0.000000e+00	1.483012e-02	0.000000e+00	9.941609e-01	5.179778e-02	1.000000e+00	1.500000e+01
150	5.117092e-01	9.188171e-03	5.117841e-01	0.000000e+00	-1.922454e-02	9.188171e-03	-1.909151e-02	0.000000e+00	9.941651e-01	5.179579e-02	1.001083e+00	1.499948e+01
151	5.216312e-01	3.026405e-02	5.215928e-01	0.000000e+00	9.921983e-03	2.107588e-02	9.808649e-03	0.000000e+00	9.941597e-01	5.178431e-02	9.995465e-01	1.499622e+01
152	5.236216e-01	6.321585e-02	5.236137e-01	2.569252e-01	1.990417e-03	3.295179e-02	2.020957e-03	2.569252e-01	9.941581e-01	5.175828e-02	9.993204e-01	1.499248e+01
153	5.775099e-01	7.495631e-02	5.772994e-01	0.000000e+00	5.388826e-02	1.174046e-02	5.368565e-02	-2.569252e-01	9.941454e-01	5.175552e-02	9.868789e-01	1.498977e+01
154	4.799011e-01	1.167150e-01	4.802816e-01	1.075206e-02	-9.760880e-02	4.175865e-02	-9.701781e-02	1.075206e-02	9.942442e-01	5.171327e-02	1.010801e+00	1.497953e+01
155	5.560332e-01	1.689256e-01	5.557373e-01	1.256594e+00	7.613208e-02	5.221061e-02	7.545572e-02	1.245842e+00	9.941384e-01	5.164072e-02	1.024729e+00	1.498908e+01
156	5.730907e-01	7.254134e-02	5.730229e-01	0.000000e+00	1.705749e-02	-9.638423e-02	1.728561e-02	-1.256594e+00	9.941811e-01	5.139898e-02	1.026105e+00	1.498131e+01
157	4.709937e-01	7.651059e-02	4.713923e-01	7.382175e-01	-1.020970e-01	3.969255e-03	-1.016306e-01	7.382175e-01	9.941971e-01	5.139836e-02	9.883053e-01	1.498278e+01
158	5.585911e-01	0.000000e+00	5.582505e-01	0.000000e+00	8.759742e-02	-7.651059e-02	8.685825e-02	-7.382175e-01	9.943501e-01	5.126473e-02	1.001595e+00	1.497117e+01
159	5.393752e-01	0.000000e+00	5.394490e-01	0.000000e+00	-1.921592e-02	0.000000e+00	-1.880157e-02	0.000000e+00	9.943473e-01	5.126473e-02	1.000000e+00	1.500000e+01
160	5.311409e-01	0.000000e+00	5.311734e-01	0.000000e+00	-8.234289e-03	0.000000e+00	-8.275567e-03	0.000000e+00	9.943477e-01	5.126473e-02	1.000000e+00	1.500000e+01
161	5.434736e-01	8.558108e-03	5.434256e-01	1.255153e+00	1.233268e-02	8.558108e-03	1.225217e-02	1.255153e+00	9.943451e-01	5.126290e-02	1.006528e+00	1.500453e+01
162	5.693124e-01	0.000000e+00	5.692112e-01	0.000000e+00	2.583874e-02	-8.558108e-03	2.578567e-02	-1.255153e+00	9.943516e-01	5.126074e-02	9.923848e-01	1.500921e+01
163	4.370312e-01	0.000000e+00	4.375476e-01	1.319708e-01	-1.322811e-01	0.000000e+00	-1.316637e-01	1.319708e-01	9.943597e-01	5.126074e-02	1.000000e+00	1.500000e+01
164	5.163413e-01	0.000000e+00	5.160335e-01	0.000000e+00	7.931007e-02	0.000000e+00	7.848595e-02	-1.319708e-01	9.943455e-01	5.126074e-02	1.000000e+00	1.500000e+01
165	5.754729e-01	0.000000e+00	5.752408e-01	7.028209e-01	5.913164e-02	0.000000e+00	5.920724e-02	7.028209e-01	9.943570e-01	5.126074e-02	1.000000e+00	1.500000e+01
166	5.473407e-01	0.000000e+00	5.474497e-01	0.000000e+00	-2.813227e-02	0.000000e+00	-2.779110e-02	-7.028209e-01	9.943546e-01	5.126074e-02	1.000000e+00	1.500000e+01
167	4.860627e-01	0.000000e+00	4.863025e-01	0.000000e+00	-6.127800e-02	0.000000e+00	-6.114720e-02	0.000000e+00	9.943608e-01	5.126074e-02	1.000000e+00	1.500000e+01
168	5.475061e-01	0.000000e+00	5.472670e-01	8.251052e-01	6.144340e-02	0.000000e+00	6.096453e-02	8.251052e-01	9.943570e-01	5.126074e-02	1.000000e+00	1.500000e+01
169	5.524970e-01	0.000000e+00	5.524766e-01	0.000000e+00	4.990948e-03	0.000000e+00	5.209595e-03	-8.251052e-01	9.943575e-01	5.126074e-02	1.000000e+00	1.500000e+01
170	4.994850e-01	0.000000e+00	4.996920e-01	0.000000e+00	-5.301198e-02	0.000000e+00	-5.278455e-02	0.000000e+00	9.943593e-01	5.126074e-02	1.000000e+00	1.500000e+01
171	5.020371e-01	0.000000e+00	5.020279e-01	0.000000e+00	2.552039e-03	0.000000e+00	2.335880e-03	0.000000e+00	9.943591e-01	5.126074e-02	1.000000e+00	1.500000e+01
172	5.153280e-01	0.000000e+00	5.152760e-01	0.000000e+00	1.329089e-02	0.000000e+00	1.324810e-02	0.000000e+00	9.943593e-01	5.126074e-02	1.000000e+00	1.500000e+01
173	5.154048e-01	0.000000e+00	5.154043e-01	0.000000e+00	7.682534e-05	0.000000e+00	1.282756e-04	0.000000e+00	9.943593e-01	5.126074e-02	1.000000e+00	1.500000e+01
174	5.120907e-01	0.000000e+00	5.121036e-01	0.000000e+00	-3.314099e-03	0.000000e+00	-3.300652e-03	0.000000e+00	9.943593e-01	5.126074e-02	1.000000e+00	1.500000e+01
175	5.129236e-01	5.437086e-03	5.129204e-01	0.000000e+00	8.329060e-04	5.437086e-03	8.167593e-04	0.000000e+00	9.943592e-01	5.125999e-02	9.999674e-01	1.499979e+01
176	5.132983e-01	2.258008e-02	5.132968e-01	0.000000e+00	3.746878e-04	1.714300e-02	3.764147e-04	0.000000e+00	9.943590e-01	5.125287e-02	9.999216e-01	1.499769e+01
177	5.128236e-01	5.142268e-02	5.128254e-01	3.418952e-01	-4.747043e-04	2.884260e-02	-4.713796e-04	3.418952e-01	9.943594e-01	5.123264e-02	9.999419e-01	1.499646e+01
178	5.429289e-01	4.857679e-02	5.428114e-01	0.000000e+00	3.010536e-02	-2.845894e-03	2.998592e-02	-3.418952e-01	9.943622e-01	5.123237e-02	9.952348e-01	1.499690e+01
179	4.882919e-01	8.126122e-02	4.885049e-01	1.108426e+00	-5.463701e-02	3.268444e-02	-5.430646e-02	1.108426e+00	9.944050e-01	5.120677e-02	9.778134e-01	1.500732e+01
180	5.308155e-01	0.000000e+00	5.306502e-01	0.000000e+00	4.252352e-02	-8.126122e-02	4.214528e-02	-1.108426e+00	9.944858e-01	5.105223e-02	9.792115e-01	1.500465e+01
181	5.213646e-01	0.000000e+00	5.214009e-01	0.000000e+00	-9.450813e-03	0.000000e+00	-9.249266e-03	0.000000e+00	9.944852e-01	5.105223e-02	1.000000e+00	1.500000e+01
182	5.149054e-01	4.460594e-03	5.149308e-01	5.724973e-01	-6.459259e-03	4.460594e-03	-6.470157e-03	5.724973e-01	9.944860e-01	5.105164e-02	9.984290e-01	1.500108e+01
183	5.407673e-01	0.000000e+00	5.406664e-01	0.000000e+00	2.586190e-02	-4.460594e-03	2.573560e-02	-5.724973e-01	9.944890e-01	5.105113e-02	9.919033e-01	1.500221e+01
184	5.191100e-01	0.000000e+00	5.191942e-01	7.335206e-01	-2.165731e-02	0.000000e+00	-2.147218e-02	7.335206e-01	9.944883e-01	5.105113e-02	1.000000e+00	1.500000e+01
185	4.973655e-01	0.000000e+00	4.974508e-01	3.019386e-01	-2.174446e-02	0.000000e+00	-2.174340e-02	-4.315820e-01	9.944896e-01	5.105113e-02	1.000000e+00	1.500000e+01
186	5.044067e-01	0.000000e+00	5.043795e-01	0.000000e+00	7.041213e-03	0.000000e+00	6.928773e-03	-3.019386e-01	9.944893e-01	5.105113e-02	1.000000e+00	1.500000e+01
187	4.867595e-01	0.000000e+00	4.868283e-01	4.101005e-01	-1.764720e-02	0.000000e+00	-1.755120e-02	4.101005e-01	9.944893e-01	5.105113e-02	1.000000e+00	1.500000e+01
188	5.060645e-01	0.000000e+00	5.059894e-01	0.000000e+00	1.930499e-02	0.000000e+00	1.916102e-02	-4.101005e-01	9.944890e-01	5.105113e-02	1.000000e+00	1.500000e+01
189	4.941202e-01	0.000000e+00	4.941666e-01	0.000000e+00	-1.194430e-02	0.000000e+00	-1.182279e-02	0.000000e+00	9.944887e-01	5.105113e-02	1.000000e+00	1.500000e+01
190	4.966489e-01	0.000000e+00	4.966392e-01	0.000000e+00	2.528736e-03	0.000000e+00	2.472675e-03	0.000000e+00	9.944886e-01	5.105113e-02	1.000000e+00	1.500000e+01
191	4.978923e-01	0.000000e+00	4.978874e-01	0.000000e+00	1.243361e-03	0.000000e+00	1.248163e-03	0.000000e+00	9.944886e-01	5.105113e-02	1.000000e+00	1.500000e+01
192	4.963960e-01	6.041486e-03	4.964018e-01	8.185753e-01	-1.496286e-03	6.041486e-03	-1.485565e-03	8.185753e-01	9.944888e-01	5.105025e-02	9.994816e-01	1.500209e+01
193	5.081489e-01	0.000000e+00	5.081030e-01	0.000000e+00	1.175284e-02	-6.041486e-03	1.170112e-02	-8.185753e-01	9.944906e-01	5.104933e-02	9.953526e-01	1.500422e+01
194	4.950087e-01	0.000000e+00	4.950598e-01	0.000000e+00	-1.314018e-02	0.000000e+00	-1.304314e-02	0.000000e+00	9.944905e-01	5.104933e-02	1.000000e+00	1.500000e+01
195	4.926041e-01	0.000000e+00	4.926137e-01	6.769873e-01	-2.404547e-03	0.000000e+00	-2.446104e-03	6.769873e-01	9.944905e-01	5.104933e-02	1.000000e+00	1.500000e+01
196	4.734503e-01	0.000000e+00	4.735252e-01	3.589022e-01	-1.915382e-02	0.000000e+00	-1.908856e-02	-3.180851e-01	9.944909e-01	5.104933e-02	1.000000e+00	1.500000e+01
197	4.746504e-01	0.000000e+00	4.746460e-01	0.000000e+00	1.200104e-03	0.000000e+00	1.120851e-03	-3.589022e-01	9.944909e-01	5.104933e-02	1.000000e+00	1.500000e+01
198	4.666702e-01	0.000000e+00	4.667014e-01	0.000000e+00	-7.980188e-03	0.000000e+00	-7.944637e-03	0.000000e+00	9.944909e-01	5.104933e-02	1.000000e+00	1.500000e+01
199	4.736339e-01	0.000000e+00	4.736068e-01	0.000000e+00	6.963644e-03	0.000000e+00	6.905409e-03	0.000000e+00	9.944908e-01	5.104933e-02	1.000000e+00	1.500000e+01
200	4.680147e-01	0.000000e+00	4.680366e-01	0.000000e+00	-5.619135e-03	0.000000e+00	-5.570211e-03	0.000000e+00	9.944908e-01	5.104933e-02	1.000000e+00	1.500000e+01
201	4.861188e-01	5.307906e-03	4.860482e-01	1.053842e+00	1.810409e-02	5.307906e-03	1.801161e-02	1.053842e+00	9.944885e-01	5.104866e-02	1.008221e+00	1.500241e+01
202	4.752098e-01	0.000000e+00	4.752522e-01	0.000000e+00	-1.090900e-02	-5.307906e-03	-1.079602e-02	-1.053842e+00	9.944868e-01	5.104785e-02	1.013211e+00	1.500484e+01
203	4.535868e-01	0.000000e+00	4.536714e-01	0.000000e+00	-2.162302e-02	0.000000e+00	-2.158073e-02	0.000000e+00	9.944876e-01	5.104785e-02	1.000000e+00	1.500000e+01
204	4.775002e-01	0.000000e+00	4.774072e-01	0.000000e+00	2.391343e-02	0.000000e+00	2.373572e-02	0.000000e+00	9.944871e-01	5.104785e-02	1.000000e+00	1.500000e+01
205	4.524662e-01	0.000000e+00	4.525637e-01	0.000000e+00	-2.503402e-02	0.000000e+00	-2.484351e-02	0.000000e+00	9.944865e-01	5.104785e-02	1.000000e+00	1.500000e+01
206	4.761332e-01	3.562088e-03	4.760411e-01	0.000000e+00	2.366696e-02	3.562088e-03	2.347746e-02	0.000000e+00	9.944838e-01	5.104744e-02	9.991335e-01	1.499987e+01
207	4.787604e-01	1.872949e-02	4.787497e-01	1.235225e-01	2.627168e-03	1.516740e-02	2.708614e-03	1.235225e-01	9.944829e-01	5.104255e-02	9.990005e-01	1.499910e+01
208	5.106345e-01	2.994800e-02	5.105099e-01	6.092896e-01	3.187411e-02	1.121851e-02	3.176019e-02	4.857671e-01	9.944752e-01	5.103983e-02	1.003323e+00	1.500062e+01
209	5.114335e-01	0.000000e+00	5.114299e-01	1.883592e-01	7.990569e-04	-2.994800e-02	9.199988e-04	-4.209304e-01	9.944758e-01	5.101632e-02	1.003333e+00	1.500023e+01
210	4.759192e-01	0.000000e+00	4.760579e-01	0.000000e+00	-3.551435e-02	0.000000e+00	-3.537203e-02	-1.883592e-01	9.944767e-01	5.101632e-02	1.000000e+00	1.500000e+01
211	4.508529e-01	9.373268e-03	4.509514e-01	4.267274e-01	-2.506628e-02	9.373268e-03	-2.510653e-02	4.267274e-01	9.944846e-01	5.101339e-02	9.962961e-01	1.500139e+01
212	4.747481e-01	0.000000e+00	4.746551e-01	3.302890e-01	2.389519e-02	-9.373268e-03	2.370378e-02	-9.643838e-02	9.944893e-01	5.101153e-02	9.965272e-01	1.500129e+01
213	4.835303e-01	0.000000e+00	4.834957e-01	7.956306e-01	8.782240e-03	0.000000e+00	8.840527e-03	4.653416e-01	9.944897e-01	5.101153e-02	1.000000e+00	1.500000e+01
214	4.730298e-01	0.000000e+00	4.730707e-01	0.000000e+00	-1.050052e-02	0.000000e+00	-1.042497e-02	-7.956306e-01	9.944897e-01	5.101153e-02	1.000000e+00	1.500000e+01
215	4.354260e-01	0.000000e+00	4.355730e-01	0.000000e+00	-3.760382e-02	0.000000e+00	-3.749766e-02	0.000000e+00	9.944915e-01	5.101153e-02	1.000000e+00	1.500000e+01
216	4.755051e-01	0.000000e+00	4.753491e-01	0.000000e+00	4.007911e-02	0.000000e+00	3.977608e-02	0.000000e+00	9.944899e-01	5.101153e-02	1.000000e+00	1.500000e+01
217	4.477187e-01	0.000000e+00	4.478266e-01	0.000000e+00	-2.778644e-02	0.000000e+00	-2.752252e-02	0.000000e+00	9.944884e-01	5.101153e-02	1.000000e+00	1.500000e+01
218	4.643718e-01	2.588785e-03	4.643072e-01	0.000000e+00	1.665316e-02	2.588785e-03	1.648059e-02	0.000000e+00	9.944868e-01	5.101127e-02	9.995612e-01	1.499993e+01
219	4.542684e-01	1.675729e-02	4.543076e-01	0.000000e+00	-1.010341e-02	1.416851e-02	-9.999565e-03	0.000000e+00	9.944900e-01	5.100673e-02	1.000532e+00	1.499857e+01
220	4.624212e-01	4.250236e-02	4.623895e-01	3.003866e-02	8.152784e-03	2.574507e-02	8.081876e-03	3.003866e-02	9.944848e-01	5.099036e-02	9.991224e-01	1.499412e+01
221	4.822211e-01	7.604781e-02	4.821436e-01	8.417697e-02	1.979986e-02	3.354545e-02	1.975409e-02	5.413831e-02	9.944693e-01	5.096413e-02	9.947183e-01	1.498666e+01
222	4.842504e-01	1.126685e-01	4.842422e-01	7.966407e-01	2.029376e-03	3.662073e-02	2.098613e-03	7.124637e-01	9.944676e-01	5.093309e-02	9.948740e-01	1.498946e+01
223	4.694211e-01	6.670311e-02	4.694790e-01	5.736187e-01	-1.482936e-02	-4.596543e-02	-1.476323e-02	-2.230220e-01	9.944512e-01	5.088238e-02	9.914917e-01	1.497898e+01
224	4.713868e-01	1.530479e-02	4.713793e-01	1.234843e-01	1.965677e-03	-5.139832e-02	1.900330e-03	-4.501344e-01	9.944536e-01	5.081994e-02	9.917881e-01	1.497123e+01
225	4.797059e-01	0.000000e+00	4.796734e-01	2.739921e-02	8.319166e-03	-1.530479e-02	8.294093e-03	-9.608509e-02	9.944568e-01	5.081413e-02	9.922811e-01	1.497033e+01
226	4.821500e-01	8.759016e-04	4.821403e-01	7.679371e-01	2.444088e-03	8.759016e-04	2.466940e-03	7.405378e-01	9.944568e-01	5.081413e-02	9.931228e-01	1.497063e+01
227	4.717084e-01	0.000000e+00	4.717492e-01	6.496195e-01	-1.044157e-02	-8.759016e-04	-1.039115e-02	-1.183176e-01	9.944566e-01	5.081412e-02	9.935931e-01	1.497067e+01
228	4.393936e-01	0.000000e+00	4.395200e-01	0.000000e+00	-3.231483e-02	0.000000e+00	-3.222919e-02	-6.496195e-01	9.944580e-01	5.081412e-02	1.000000e+00	1.500000e+01
229	4.090574e-01	0.000000e+00	4.091764e-01	0.000000e+00	-3.033620e-02	0.000000e+00	-3.034359e-02	0.000000e+00	9.944606e-01	5.081412e-02	1.000000e+00	1.500000e+01
230	4.522595e-01	0.000000e+00	4.520912e-01	0.000000e+00	4.320206e-02	0.000000e+00	4.291478e-02	0.000000e+00	9.944596e-01	5.081412e-02	1.000000e+00	1.500000e+01
231	4.034598e-01	0.000000e+00	4.036498e-01	7.844206e-01	-4.879967e-02	0.000000e+00	-4.844141e-02	7.844206e-01	9.944575e-01	5.081412e-02	1.000000e+00	1.500000e+01
232	4.429204e-01	0.000000e+00	4.427670e-01	0.000000e+00	3.946061e-02	0.000000e+00	3.911724e-02	-7.844206e-01	9.944552e-01	5.081412e-02	1.000000e+00	1.500000e+01
233	4.325511e-01	0.000000e+00	4.325911e-01	0.000000e+00	-1.036926e-02	0.000000e+00	-1.017596e-02	0.000000e+00	9.944545e-01	5.081412e-02	1.000000e+00	1.500000e+01
234	4.300621e-01	0.000000e+00	4.300720e-01	0.000000e+00	-2.489061e-03	0.000000e+00	-2.519088e-03	0.000000e+00	9.944546e-01	5.081412e-02	1.000000e+00	1.500000e+01
235	4.345463e-01	0.000000e+00	4.345289e-01	1.052877e+00	4.484259e-03	0.000000e+00	4.456902e-03	1.052877e+00	9.944546e-01	5.081412e-02	1.000000e+00	1.500000e+01
236	4.500568e-01	0.000000e+00	4.499962e-01	0.000000e+00	1.551049e-02	0.000000e+00	1.546731e-02	-1.052877e+00	9.944549e-01	5.081412e-02	1.000000e+00	1.500000e+01
237	4.270595e-01	0.000000e+00	4.271491e-01	1.662349e+00	-2.299730e-02	0.000000e+00	-2.284705e-02	1.662349e+00	9.944547e-01	5.081412e-02	1.000000e+00	1.500000e+01
238	4.257602e-01	0.000000e+00	4.257656e-01	0.000000e+00	-1.299343e-03	0.000000e+00	-1.383514e-03	-1.662349e+00	9.944547e-01	5.081412e-02	1.000000e+00	1.500000e+01
239	4.301352e-01	0.000000e+00	4.301181e-01	0.000000e+00	4.375017e-03	0.000000e+00	4.352522e-03	0.000000e+00	9.944547e-01	5.081412e-02	1.000000e+00	1.500000e+01
240	4.246815e-01	0.000000e+00	4.247028e-01	0.000000e+00	-5.453667e-03	0.000000e+00	-5.415362e-03	0.000000e+00	9.944547e-01	5.081412e-02	1.000000e+00	1.500000e+01
241	4.313825e-01	0.000000e+00	4.313564e-01	0.000000e+00	6.700949e-03	0.000000e+00	6.653620e-03	0.000000e+00	9.944547e-01	5.081412e-02	1.000000e+00	1.500000e+01
242	4.230411e-01	0.000000e+00	4.230736e-01	0.000000e+00	-8.341375e-03	0.000000e+00	-8.282801e-03	0.000000e+00	9.944546e-01	5.081412e-02	1.000000e+00	1.500000e+01
243	4.315162e-01	0.000000e+00	4.314832e-01	0.000000e+00	8.475055e-03	0.000000e+00	8.409595e-03	0.000000e+00	9.944545e-01	5.081412e-02	1.000000e+00	1.500000e+01
244	4.241627e-01	0.000000e+00	4.241913e-01	0.000000e+00	-7.353430e-03	0.000000e+00	-7.291855e-03	0.000000e+00	9.944545e-01	5.081412e-02	1.000000e+00	1.500000e+01
245	4.305234e-01	0.000000e+00	4.304987e-01	0.000000e+00	6.360652e-03	0.000000e+00	6.307322e-03	0.000000e+00	9.944544e-01	5.081412e-02	1.000000e+00	1.500000e+01
246	4.248197e-01	6.851584e-03	4.248419e-01	1.986004e-01	-5.703703e-03	6.851584e-03	-5.656785e-03	1.986004e-01	9.944553e-01	5.081303e-02	9.997249e-01	1.500033e+01
247	4.320060e-01	3.842426e-04	4.319780e-01	1.009703e+00	7.186306e-03	-6.467341e-03	7.136138e-03	8.111026e-01	9.944564e-01	5.081206e-02	1.002800e+00	1.499756e+01
248	4.327411e-01	0.000000e+00	4.327382e-01	0.000000e+00	7.351444e-04	-3.842426e-04	7.601483e-04	-1.009703e+00	9.944564e-01	5.081205e-02	1.002449e+00	1.499775e+01
249	4.216425e-01	0.000000e+00	4.216858e-01	1.582233e+00	-1.109863e-02	0.000000e+00	-1.105231e-02	1.582233e+00	9.944565e-01	5.081205e-02	1.000000e+00	1.500000e+01
250	4.309846e-01	0.000000e+00	4.309482e-01	0.000000e+00	9.342051e-03	0.000000e+00	9.262385e-03	-1.582233e+00	9.944564e-01	5.081205e-02	1.000000e+00	1.500000e+01
251	4.333539e-01	0.000000e+00	4.333445e-01	0.000000e+00	2.369369e-03	0.000000e+00	2.396294e-03	0.000000e+00	9.944564e-01	5.081205e-02	1.000000e+00	1.500000e+01
252	4.304644e-01	0.000000e+00	4.304756e-01	0.000000e+00	-2.889567e-03	0.000000e+00	-2.868919e-03	0.000000e+00	9.944564e-01	5.081205e-02	1.000000e+00	1.500000e+01
253	4.299661e-01	0.000000e+00	4.299681e-01	0.000000e+00	-4.982175e-04	0.000000e+00	-5.074781e-04	0.000000e+00	9.944564e-01	5.081205e-02	1.000000e+00	1.500000e+01
254	4.307056e-01	0.000000e+00	4.307028e-01	3.602827e-01	7.395036e-04	0.000000e+00	7.346326e-04	3.602827e-01	9.944564e-01	5.081205e-02	1.000000e+00	1.500000e+01
255	4.155381e-01	0.000000e+00	4.155974e-01	0.000000e+00	-1.516752e-02	0.000000e+00	-1.510540e-02	-3.602827e-01	9.944566e-01	5.081205e-02	1.000000e+00	1.500000e+01
256	4.104162e-01	0.000000e+00	4.104365e-01	0.000000e+00	-5.121905e-03	0.000000e+00	-5.160903e-03	0.000000e+00	9.944567e-01	5.081205e-02	1.000000e+00	1.500000e+01
257	4.214864e-01	0.000000e+00	4.214433e-01	0.000000e+00	1.107022e-02	0.000000e+00	1.100681e-02	0.000000e+00	9.944567e-01	5.081205e-02	1.000000e+00	1.500000e+01
258	4.069167e-01	0.000000e+00	4.069735e-01	1.160298e+00	-1.456970e-02	0.000000e+00	-1.446979e-02	1.160298e+00	9.944566e-01	5.081205e-02	1.000000e+00	1.500000e+01
259	4.161262e-01	0.000000e+00	4.160905e-01	0.000000e+00	9.209504e-03	0.000000e+00	9.117007e-03	-1.160298e+00	9.944564e-01	5.081205e-02	1.000000e+00	1.500000e+01
260	4.201518e-01	0.000000e+00	4.201360e-01	0.000000e+00	4.025591e-03	0.000000e+00	4.045479e-03	0.000000e+00	9.944565e-01	5.081205e-02	1.000000e+00	1.500000e+01
261	4.151701e-01	0.000000e+00	4.151895e-01	0.000000e+00	-4.981709e-03	0.000000e+00	-4.946446e-03	0.000000e+00	9.944565e-01	5.081205e-02	1.000000e+00	1.500000e+01
262	4.171407e-01	0.000000e+00	4.171331e-01	4.375375e-01	1.970557e-03	0.000000e+00	1.943537e-03	4.375375e-01	9.944565e-01	5.081205e-02	1.000000e+00	1.500000e+01
263	4.180251e-01	0.000000e+00	4.180216e-01	0.000000e+00	8.844327e-04	0.000000e+00	8.885698e-04	-4.375375e-01	9.944565e-01	5.081205e-02	1.000000e+00	1.500000e+01
264	3.822141e-01	0.000000e+00	3.823540e-01	0.000000e+00	-3.581102e-02	0.000000e+00	-3.566766e-02	0.000000e+00	9.944574e-01	5.081205e-02	1.000000e+00	1.500000e+01
265	4.435033e-01	0.000000e+00	4.432644e-01	0.000000e+00	6.128918e-02	0.000000e+00	6.091044e-02	0.000000e+00	9.944563e-01	5.081205e-02	1.000000e+00	1.500000e+01
266	4.215766e-01	0.000000e+00	4.216613e-01	1.023549e+00	-2.192669e-02	0.000000e+00	-2.160311e-02	1.023549e+00	9.944542e-01	5.081205e-02	1.000000e+00	1.500000e+01
267	3.933745e-01	0.000000e+00	3.934850e-01	0.000000e+00	-2.820212e-02	0.000000e+00	-2.817634e-02	-1.023549e+00	9.944559e-01	5.081205e-02	1.000000e+00	1.500000e+01
268	4.126642e-01	0.000000e+00	4.125893e-01	0.000000e+00	1.928976e-02	0.000000e+00	1.910434e-02	0.000000e+00	9.944552e-01	5.081205e-02	1.000000e+00	1.500000e+01
269	3.930094e-01	0.000000e+00	3.930859e-01	0.000000e+00	-1.965477e-02	0.000000e+00	-1.950336e-02	0.000000e+00	9.944548e-01	5.081205e-02	1.000000e+00	1.500000e+01
270	4.118629e-01	0.000000e+00	4.117896e-01	0.000000e+00	1.885346e-02	0.000000e+00	1.870363e-02	0.000000e+00	9.944544e-01	5.081205e-02	1.000000e+00	1.500000e+01
271	4.124040e-01	0.000000e+00	4.124016e-01	0.000000e+00	5.410515e-04	0.000000e+00	6.119991e-04	0.000000e+00	9.944544e-01	5.081205e-02	1.000000e+00	1.500000e+01
272	4.076030e-01	0.000000e+00	4.076217e-01	0.000000e+00	-4.801002e-03	0.000000e+00	-4.779858e-03	0.000000e+00	9.944544e-01	5.081205e-02	1.000000e+00	1.500000e+01
273	4.090985e-01	6.076658e-03	4.090928e-01	2.910205e-01	1.495567e-03	6.076658e-03	1.471054e-03	2.910205e-01	9.944542e-01	5.081111e-02	1.000141e+00	1.500057e+01
274	4.174177e-01	0.000000e+00	4.173851e-01	8.009410e-01	8.319138e-03	-6.076658e-03	8.292388e-03	5.099205e-01	9.944555e-01	5.081016e-02	1.002483e+00	1.499886e+01
275	4.166800e-01	0.000000e+00	4.166827e-01	5.604946e-01	-7.376951e-04	0.000000e+00	-7.024213e-04	-2.404464e-01	9.944555e-01	5.081016e-02	1.000000e+00	1.500000e+01
276	4.015885e-01	0.000000e+00	4.016475e-01	0.000000e+00	-1.509144e-02	0.000000e+00	-1.503524e-02	-5.604946e-01	9.944557e-01	5.081016e-02	1.000000e+00	1.500000e+01
277	3.915948e-01	0.000000e+00	3.916340e-01	0.000000e+00	-9.993768e-03	0.000000e+00	-1.001346e-02	0.000000e+00	9.944560e-01	5.081016e-02	1.000000e+00	1.500000e+01
278	4.109615e-01	0.000000e+00	4.108860e-01	0.000000e+00	1.936678e-02	0.000000e+00	1.925201e-02	0.000000e+00	9.944560e-01	5.081016e-02	1.000000e+00	1.500000e+01
279	3.833642e-01	0.000000e+00	3.834717e-01	0.000000e+00	-2.759730e-02	0.000000e+00	-2.741430e-02	0.000000e+00	9.944556e-01	5.081016e-02	1.000000e+00	1.500000e+01
280	4.262624e-01	0.000000e+00	4.260953e-01	0.000000e+00	4.289818e-02	0.000000e+00	4.262352e-02	0.000000e+00	9.944548e-01	5.081016e-02	1.000000e+00	1.500000e+01
281	3.600975e-01	5.260842e-03	3.603553e-01	1.570568e+00	-6.616496e-02	5.260842e-03	-6.574001e-02	1.570568e+00	9.944614e-01	5.080964e-02	9.511479e-01	1.500388e+01
282	4.133382e-01	0.000000e+00	4.131312e-01	0.000000e+00	5.324073e-02	-5.260842e-03	5.277596e-02	-1.570568e+00	9.944638e-01	5.080940e-02	9.122005e-01	1.500773e+01
283	4.237332e-01	0.000000e+00	4.236918e-01	0.000000e+00	1.039499e-02	0.000000e+00	1.056054e-02	0.000000e+00	9.944649e-01	5.080940e-02	1.000000e+00	1.500000e+01
284	4.005741e-01	0.000000e+00	4.006644e-01	0.000000e+00	-2.315903e-02	0.000000e+00	-2.302731e-02	0.000000e+00	9.944649e-01	5.080940e-02	1.000000e+00	1.500000e+01
285	4.160706e-01	0.000000e+00	4.160105e-01	0.000000e+00	1.549649e-02	0.000000e+00	1.534601e-02	0.000000e+00	9.944644e-01	5.080940e-02	1.000000e+00	1.500000e+01
286	4.120527e-01	0.000000e+00	4.120681e-01	3.426895e-01	-4.017973e-03	0.000000e+00	-3.942332e-03	3.426895e-01	9.944643e-01	5.080940e-02	1.000000e+00	1.500000e+01
287	4.056730e-01	0.000000e+00	4.056980e-01	1.145224e-01	-6.379693e-03	0.000000e+00	-6.370172e-03	-2.281671e-01	9.944644e-01	5.080940e-02	1.000000e+00	1.500000e+01
288	4.048843e-01	0.000000e+00	4.048875e-01	0.000000e+00	-7.886963e-04	0.000000e+00	-8.104989e-04	-1.145224e-01	9.944644e-01	5.080940e-02	1.000000e+00	1.500000e+01
289	4.150438e-01	0.000000e+00	4.150041e-01	0.000000e+00	1.015951e-02	0.000000e+00	1.011666e-02	0.000000e+00	9.944645e-01	5.080940e-02	1.000000e+00	1.500000e+01
290	4.136881e-01	0.000000e+00	4.136933e-01	4.434539e-01	-1.355675e-03	0.000000e+00	-1.310861e-03	4.434539e-01	9.944645e-01	5.080940e-02	1.000000e+00	1.500000e+01
291	4.064586e-01	0.000000e+00	4.064869e-01	0.000000e+00	-7.229503e-03	0.000000e+00	-7.206383e-03	-4.434539e-01	9.944645e-01	5.080940e-02	1.000000e+00	1.500000e+01
292	4.116382e-01	0.000000e+00	4.116181e-01	0.000000e+00	5.179584e-03	0.000000e+00	5.131201e-03	0.000000e+00	9.944645e-01	5.080940e-02	1.000000e+00	1.500000e+01
293	4.133124e-01	4.432719e-03	4.133058e-01	8.453794e-01	1.674219e-03	4.432719e-03	1.687723e-03	8.453794e-01	9.944643e-01	5.080897e-02	1.000618e+00	1.500164e+01
294	3.936821e-01	0.000000e+00	3.937587e-01	0.000000e+00	-1.963034e-02	-4.432719e-03	-1.954707e-02	-8.453794e-01	9.944624e-01	5.080855e-02	1.007696e+00	1.500323e+01
295	4.002507e-01	0.000000e+00	4.002254e-01	5.943409e-01	6.568666e-03	0.000000e+00	6.466651e-03	5.943409e-01	9.944622e-01	5.080855e-02	1.000000e+00	1.500000e+01
296	3.992171e-01	0.000000e+00	3.992210e-01	0.000000e+00	-1.033661e-03	0.000000e+00	-1.004363e-03	-5.943409e-01	9.944622e-01	5.080855e-02	1.000000e+00	1.500000e+01
297	3.968486e-01	0.000000e+00	3.968578e-01	0.000000e+00	-2.368509e-03	0.000000e+00	-2.363180e-03	0.000000e+00	9.944622e-01	5.080855e-02	1.000000e+00	1.500000e+01
298	3.980487e-01	0.000000e+00	3.980441e-01	0.000000e+00	1.200161e-03	0.000000e+00	1.186242e-03	0.000000e+00	9.944622e-01	5.080855e-02	1.000000e+00	1.500000e+01
299	3.982275e-01	0.000000e+00	3.982268e-01	6.285110e-03	1.787534e-04	0.000000e+00	1.826889e-04	6.285110e-03	9.944622e-01	5.080855e-02	1.000000e+00	1.500000e+01
300	3.978561e-01	3.278454e-03	3.978575e-01	0.000000e+00	-3.713965e-04	3.278454e-03	-3.692321e-04	-6.285110e-03	9.944623e-01	5.080829e-02	1.000010e+00	1.499991e+01
301	3.979805e-01	1.847294e-02	3.979800e-01	3.609086e-01	1.244427e-04	1.519449e-02	1.225143e-04	3.609086e-01	9.944622e-01	5.080271e-02	1.000018e+00	1.500087e+01
302	3.978524e-01	1.757778e-04	3.978529e-01	5.492839e-01	-1.280825e-04	-1.829717e-02	-1.271036e-04	1.883753e-01	9.944622e-01	5.079463e-02	9.999894e-01	1.499685e+01
303	3.978074e-01	0.000000e+00	3.978076e-01	0.000000e+00	-4.504876e-05	-1.757778e-04	-4.536929e-05	-5.492839e-01	9.944622e-01	5.079463e-02	1.000001e+00	1.499690e+01
304	3.980665e-01	0.000000e+00	3.980655e-01	0.000000e+00	2.591420e-04	0.000000e+00	2.579525e-04	0.000000e+00	9.944622e-01	5.079463e-02	1.000000e+00	1.500000e+01
305	3.980053e-01	1.008344e-02	3.980055e-01	3.208740e-01	-6.126145e-05	1.008344e-02	-6.001452e-05	3.208740e-01	9.944622e-01	5.079218e-02	9.999951e-01	1.500081e+01
306	3.978065e-01	0.000000e+00	3.978073e-01	3.405184e-01	-1.987794e-04	-1.008344e-02	-1.982373e-04	1.964437e-02	9.944621e-01	5.078973e-02	9.999789e-01	1.499999e+01
307	3.977790e-01	0.000000e+00	3.977791e-01	2.841568e+00	-2.754373e-05	0.000000e+00	-2.821050e-05	2.501050e+00	9.944621e-01	5.078973e-02	1.000000e+00	1.500000e+01
308	3.831593e-01	0.000000e+00	3.832164e-01	0.000000e+00	-1.461968e-02	0.000000e+00	-1.456268e-02	-2.841568e+00	9.944623e-01	5.078973e-02	1.000000e+00	1.500000e+01
309	3.674556e-01	6.264587e-03	3.675172e-01	8.282552e-01	-1.570365e-02	6.264587e-03	-1.569919e-02	8.282552e-01	9.944653e-01	5.078854e-02	9.944064e-01	1.500223e+01
310	3.818091e-01	0.000000e+00	3.817533e-01	0.000000e+00	1.435349e-02	-6.264587e-03	1.423610e-02	-8.282552e-01	9.944672e-01	5.078770e-02	9.893036e-01	1.500446e+01
311	3.812141e-01	0.000000e+00	3.812162e-01	5.023068e-01	-5.949913e-04	0.000000e+00	-5.370574e-04	5.023068e-01	9.944672e-01	5.078770e-02	1.000000e+00	1.500000e+01
312	3.825698e-01	0.000000e+00	3.825646e-01	9.013542e-01	1.355721e-03	0.000000e+00	1.348328e-03	3.990474e-01	9.944672e-01	5.078770e-02	1.000000e+00	1.500000e+01
313	3.823232e-01	0.000000e+00	3.823242e-01	0.000000e+00	-2.466151e-04	0.000000e+00	-2.403849e-04	-9.013542e-01	9.944672e-01	5.078770e-02	1.000000e+00	1.500000e+01
314	3.604914e-01	0.000000e+00	3.605767e-01	0.000000e+00	-2.183185e-02	0.000000e+00	-2.174751e-02	0.000000e+00	9.944675e-01	5.078770e-02	1.000000e+00	1.500000e+01
315	3.767798e-01	0.000000e+00	3.767165e-01	0.000000e+00	1.628844e-02	0.000000e+00	1.613986e-02	0.000000e+00	9.944671e-01	5.078770e-02	1.000000e+00	1.500000e+01
316	3.789576e-01	0.000000e+00	3.789488e-01	0.000000e+00	2.177753e-03	0.000000e+00	2.232293e-03	0.000000e+00	9.944672e-01	5.078770e-02	1.000000e+00	1.500000e+01
317	3.748211e-01	0.000000e+00	3.748372e-01	0.000000e+00	-4.136486e-03	0.000000e+00	-4.111608e-03	0.000000e+00	9.944672e-01	5.078770e-02	1.000000e+00	1.500000e+01
318	3.745540e-01	0.000000e+00	3.745551e-01	0.000000e+00	-2.670447e-04	0.000000e+00	-2.820625e-04	0.000000e+00	9.944672e-01	5.078770e-02	1.000000e+00	1.500000e+01
319	3.756097e-01	0.000000e+00	3.756056e-01	8.497555e-01	1.055668e-03	0.000000e+00	1.050443e-03	8.497555e-01	9.944672e-01	5.078770e-02	1.000000e+00	1.500000e+01
320	3.761867e-01	0.000000e+00	3.761844e-01	0.000000e+00	5.769853e-04	0.000000e+00	5.788348e-04	-8.497555e-01	9.944672e-01	5.078770e-02	1.000000e+00	1.500000e+01
321	3.754067e-01	0.000000e+00	3.754097e-01	0.000000e+00	-7.799963e-04	0.000000e+00	-7.746883e-04	0.000000e+00	9.944672e-01	5.078770e-02	1.000000e+00	1.500000e+01
322	3.753724e-01	0.000000e+00	3.753726e-01	1.546670e-01	-3.429528e-05	0.000000e+00	-3.718744e-05	1.546670e-01	9.944672e-01	5.078770e-02	1.000000e+00	1.500000e+01
323	3.829576e-01	0.000000e+00	3.829279e-01	0.000000e+00	7.585156e-03	0.000000e+00	7.555381e-03	-1.546670e-01	9.944672e-01	5.078770e-02	1.000000e+00	1.500000e+01
324	3.742421e-01	0.000000e+00	3.742760e-01	0.000000e+00	-8.715446e-03	0.000000e+00	-8.651888e-03	0.000000e+00	9.944671e-01	5.078770e-02	1.000000e+00	1.500000e+01
325	3.762779e-01	8.473588e-03	3.762701e-01	6.089216e-01	2.035789e-03	8.473588e-03	1.994040e-03	6.089216e-01	9.944667e-01	5.078585e-02	1.000464e+00	1.500193e+01
326	3.828876e-01	0.000000e+00	3.828618e-01	0.000000e+00	6.609735e-03	-8.473588e-03	6.591705e-03	-6.089216e-01	9.944681e-01	5.078404e-02	9.989306e-01	1.500390e+01
327	3.742184e-01	0.000000e+00	3.742522e-01	6.391958e-01	-8.669216e-03	0.000000e+00	-8.609603e-03	6.391958e-01	9.944681e-01	5.078404e-02	1.000000e+00	1.500000e+01
328	3.808705e-01	0.000000e+00	3.808447e-01	0.000000e+00	6.652120e-03	0.000000e+00	6.592504e-03	-6.391958e-01	9.944680e-01	5.078404e-02	1.000000e+00	1.500000e+01
329	3.786737e-01	0.000000e+00	3.786822e-01	0.000000e+00	-2.196828e-03	0.000000e+00	-2.162494e-03	0.000000e+00	9.944680e-01	5.078404e-02	1.000000e+00	1.500000e+01
330	3.779755e-01	0.000000e+00	3.779783e-01	0.000000e+00	-6.981641e-04	0.000000e+00	-7.038842e-04	0.000000e+00	9.944680e-01	5.078404e-02	1.000000e+00	1.500000e+01
331	3.789151e-01	7.374337e-03	3.789114e-01	5.135495e-01	9.395408e-04	7.374337e-03	9.331211e-04	5.135495e-01	9.944678e-01	5.078273e-02	1.000179e+00	1.500141e+01
332	3.829153e-01	0.000000e+00	3.828996e-01	0.000000e+00	4.000198e-03	-7.374337e-03	3.988217e-03	-5.135495e-01	9.944685e-01	5.078138e-02	9.994062e-01	1.500283e+01
333	3.771191e-01	1.546382e-03	3.771417e-01	0.000000e+00	-5.796184e-03	1.546382e-03	-5.757964e-03	0.000000e+00	9.944687e-01	5.078133e-02	9.994542e-01	1.500282e+01
334	3.791469e-01	1.456355e-02	3.791390e-01	0.000000e+00	2.027771e-03	1.301717e-02	1.997357e-03	0.000000e+00	9.944681e-01	5.077712e-02	9.992641e-01	1.500160e+01
335	3.786973e-01	3.905028e-02	3.786990e-01	4.225392e-01	-4.495802e-04	2.448673e-02	-4.400219e-04	4.225392e-01	9.944683e-01	5.076275e-02	9.992522e-01	1.500225e+01
336	3.827017e-01	2.242185e-02	3.826861e-01	1.255221e+00	4.004398e-03	-1.662843e-02	3.987037e-03	8.326823e-01	9.944700e-01	5.075604e-02	1.001303e+00	1.499373e+01
337	3.817569e-01	0.000000e+00	3.817605e-01	0.000000e+00	-9.447833e-04	-2.242185e-02	-9.255184e-04	-1.255221e+00	9.944694e-01	5.074377e-02	1.001715e+00	1.500351e+01
338	3.748816e-01	0.000000e+00	3.749085e-01	0.000000e+00	-6.875324e-03	0.000000e+00	-6.852082e-03	0.000000e+00	9.944695e-01	5.074377e-02	1.000000e+00	1.500000e+01
339	3.790983e-01	0.000000e+00	3.790820e-01	0.000000e+00	4.216733e-03	0.000000e+00	4.173496e-03	0.000000e+00	9.944694e-01	5.074377e-02	1.000000e+00	1.500000e+01
340	3.781851e-01	0.000000e+00	3.781886e-01	0.000000e+00	-9.132150e-04	0.000000e+00	-8.933451e-04	0.000000e+00	9.944694e-01	5.074377e-02	1.000000e+00	1.500000e+01
341	3.782784e-01	0.000000e+00	3.782781e-01	0.000000e+00	9.333849e-05	0.000000e+00	8.948426e-05	0.000000e+00	9.944694e-01	5.074377e-02	1.000000e+00	1.500000e+01
342	3.776687e-01	1.079280e-02	3.776711e-01	6.304217e-01	-6.097464e-04	1.079280e-02	-6.070150e-04	6.304217e-01	9.944696e-01	5.074096e-02	9.998641e-01	1.500240e+01
343	3.825594e-01	0.000000e+00	3.825403e-01	0.000000e+00	4.890660e-03	-1.079280e-02	4.869185e-03	-6.304217e-01	9.944709e-01	5.073813e-02	9.987645e-01	1.500483e+01
344	3.723452e-01	0.000000e+00	3.723850e-01	0.000000e+00	-1.021419e-02	0.000000e+00	-1.015527e-02	0.000000e+00	9.944709e-01	5.073813e-02	1.000000e+00	1.500000e+01
345	3.859762e-01	9.888782e-03	3.859231e-01	0.000000e+00	1.363101e-02	9.888782e-03	1.353810e-02	0.000000e+00	9.944675e-01	5.073569e-02	9.989515e-01	1.499924e+01
346	3.806656e-01	3.124006e-02	3.806862e-01	9.778243e-01	-5.310550e-03	2.135127e-02	-5.236923e-03	9.778243e-01	9.944701e-01	5.072515e-02	9.972798e-01	1.500596e+01
347	3.800107e-01	0.000000e+00	3.800134e-01	0.000000e+00	-6.549188e-04	-3.124006e-02	-6.728173e-04	-9.778243e-01	9.944696e-01	5.070197e-02	9.974378e-01	1.501350e+01
348	3.754598e-01	0.000000e+00	3.754776e-01	0.000000e+00	-4.550881e-03	0.000000e+00	-4.535733e-03	0.000000e+00	9.944697e-01	5.070197e-02	1.000000e+00	1.500000e+01
349	3.773161e-01	1.001034e-03	3.773089e-01	3.414815e-01	1.856272e-03	1.001034e-03	1.831303e-03	3.414815e-01	9.944696e-01	5.070194e-02	1.000286e+00	1.500015e+01
350	3.834804e-01	0.000000e+00	3.834563e-01	0.000000e+00	6.164271e-03	-1.001034e-03	6.147346e-03	-3.414815e-01	9.944698e-01	5.070191e-02	9.993123e-01	1.500031e+01
351	3.707451e-01	4.809805e-03	3.707948e-01	8.330496e-01	-1.273528e-02	4.809805e-03	-1.266152e-02	8.330496e-01	9.944713e-01	5.070136e-02	9.946328e-01	1.500208e+01
352	3.818387e-01	0.000000e+00	3.817956e-01	0.000000e+00	1.109363e-02	-4.809805e-03	1.100084e-02	-8.330496e-01	9.944724e-01	5.070087e-02	9.905655e-01	1.500384e+01
353	3.785845e-01	0.000000e+00	3.785970e-01	0.000000e+00	-3.254253e-03	0.000000e+00	-3.198569e-03	0.000000e+00	9.944723e-01	5.070087e-02	1.000000e+00	1.500000e+01
354	3.805971e-01	0.000000e+00	3.805893e-01	0.000000e+00	2.012600e-03	0.000000e+00	1.992244e-03	0.000000e+00	9.944723e-01	5.070087e-02	1.000000e+00	1.500000e+01
355	3.784951e-01	4.024244e-03	3.785033e-01	0.000000e+00	-2.101957e-03	4.024244e-03	-2.085964e-03	0.000000e+00	9.944725e-01	5.070049e-02	1.000058e+00	1.499989e+01
356	3.810041e-01	1.950591e-02	3.809944e-01	1.851594e-01	2.509012e-03	1.548166e-02	2.491063e-03	1.851594e-01	9.944716e-01	5.069469e-02	9.999991e-01	1.499952e+01
357	3.905216e-01	2.342569e-02	3.904844e-01	0.000000e+00	9.517459e-03	3.919781e-03	9.490013e-03	-1.851594e-01	9.944708e-01	5.069437e-02	9.988533e-01	1.499905e+01
358	3.805846e-01	5.145950e-02	3.806233e-01	0.000000e+00	-9.936964e-03	2.803381e-02	-9.861078e-03	0.000000e+00	9.944774e-01	5.067573e-02	1.000790e+00	1.499359e+01
359	3.803811e-01	9.094685e-02	3.803820e-01	1.278915e+00	-2.035485e-04	3.948735e-02	-2.412732e-04	1.278915e+00	9.944776e-01	5.063750e-02	1.000724e+00	1.500646e+01
360	3.821692e-01	0.000000e+00	3.821622e-01	2.742189e-01	1.788150e-03	-9.094685e-02	1.780222e-03	-1.004697e+00	9.944815e-01	5.043928e-02	1.001027e+00	1.499105e+01
361	3.832759e-01	0.000000e+00	3.832715e-01	0.000000e+00	1.106649e-03	0.000000e+00	1.109280e-03	-2.742189e-01	9.944815e-01	5.043928e-02	1.000000e+00	1.500000e+01
362	3.752553e-01	0.000000e+00	3.752867e-01	7.468067e-01	-8.020532e-03	0.000000e+00	-7.984868e-03	7.468067e-01	9.944815e-01	5.043928e-02	1.000000e+00	1.500000e+01
363	3.814723e-01	0.000000e+00	3.814481e-01	4.847851e-01	6.216954e-03	0.000000e+00	6.161478e-03	-2.620216e-01	9.944815e-01	5.043928e-02	1.000000e+00	1.500000e+01
364	3.844828e-01	0.000000e+00	3.844710e-01	0.000000e+00	3.010516e-03	0.000000e+00	3.022824e-03	-4.847851e-01	9.944815e-01	5.043928e-02	1.000000e+00	1.500000e+01
365	3.805679e-01	0.000000e+00	3.805831e-01	2.429173e-01	-3.914945e-03	0.000000e+00	-3.887844e-03	2.429173e-01	9.944815e-01	5.043928e-02	1.000000e+00	1.500000e+01
366	3.756729e-01	0.000000e+00	3.756920e-01	0.000000e+00	-4.895004e-03	0.000000e+00	-4.891070e-03	-2.429173e-01	9.944815e-01	5.043928e-02	1.000000e+00	1.500000e+01
367	3.818640e-01	0.000000e+00	3.818399e-01	0.000000e+00	6.191098e-03	0.000000e+00	6.147808e-03	0.000000e+00	9.944815e-01	5.043928e-02	1.000000e+00	1.500000e+01
368	3.802529e-01	0.000000e+00	3.802591e-01	3.486995e-02	-1.611019e-03	0.000000e+00	-1.580711e-03	3.486995e-02	9.944815e-01	5.043928e-02	1.000000e+00	1.500000e+01
369	3.827902e-01	0.000000e+00	3.827803e-01	0.000000e+00	2.537210e-03	0.000000e+00	2.521124e-03	-3.486995e-02	9.944815e-01	5.043928e-02	1.000000e+00	1.500000e+01
370	3.788736e-01	0.000000e+00	3.788888e-01	2.212095e-01	-3.916578e-03	0.000000e+00	-3.891431e-03	2.212095e-01	9.944815e-01	5.043928e-02	1.000000e+00	1.500000e+01
371	3.821326e-01	0.000000e+00	3.821200e-01	1.182199e+00	3.259063e-03	0.000000e+00	3.231131e-03	9.609895e-01	9.944815e-01	5.043928e-02	1.000000e+00	1.500000e+01
372	3.742409e-01	0.000000e+00	3.742717e-01	0.000000e+00	-7.891759e-03	0.000000e+00	-7.848311e-03	-1.182199e+00	9.944815e-01	5.043928e-02	1.000000e+00	1.500000e+01
373	3.732362e-01	0.000000e+00	3.732403e-01	0.000000e+00	-1.004658e-03	0.000000e+00	-1.031391e-03	0.000000e+00	9.944815e-01	5.043928e-02	1.000000e+00	1.500000e+01
374	3.762170e-01	0.000000e+00	3.762054e-01	0.000000e+00	2.980821e-03	0.000000e+00	2.965149e-03	0.000000e+00	9.944815e-01	5.043928e-02	1.000000e+00	1.500000e+01
375	3.725927e-01	0.000000e+00	3.726068e-01	0.000000e+00	-3.624318e-03	0.000000e+00	-3.598578e-03	0.000000e+00	9.944815e-01	5.043928e-02	1.000000e+00	1.500000e+01
376	3.773062e-01	0.000000e+00	3.772879e-01	0.000000e+00	4.713513e-03	0.000000e+00	4.681044e-03	0.000000e+00	9.944815e-01	5.043928e-02	1.000000e+00	1.500000e+01
377	3.707177e-01	0.000000e+00	3.707434e-01	0.000000e+00	-6.588529e-03	0.000000e+00	-6.544507e-03	0.000000e+00	9.944815e-01	5.043928e-02	1.000000e+00	1.500000e+01
378	3.764893e-01	7.297948e-03	3.764669e-01	0.000000e+00	5.771616e-03	7.297948e-03	5.723507e-03	0.000000e+00	9.944804e-01	5.043795e-02	9.996841e-01	1.499960e+01
379	3.770324e-01	2.604080e-02	3.770302e-01	2.033969e+00	5.430385e-04	1.874285e-02	5.632747e-04	2.033969e+00	9.944802e-01	5.042974e-02	1.000136e+00	1.501520e+01
380	3.729810e-01	0.000000e+00	3.729968e-01	0.000000e+00	-4.051348e-03	-2.604080e-02	-4.033322e-03	-2.033969e+00	9.944776e-01	5.041356e-02	1.003289e+00	1.503546e+01
381	3.735185e-01	0.000000e+00	3.735165e-01	0.000000e+00	5.375108e-04	0.000000e+00	5.196560e-04	0.000000e+00	9.944776e-01	5.041356e-02	1.000000e+00	1.500000e+01
382	3.736555e-01	0.000000e+00	3.736549e-01	9.288356e-01	1.369332e-04	0.000000e+00	1.384282e-04	9.288356e-01	9.944776e-01	5.041356e-02	1.000000e+00	1.500000e+01
383	3.763425e-01	0.000000e+00	3.763320e-01	0.000000e+00	2.687046e-03	0.000000e+00	2.677090e-03	-9.288356e-01	9.944776e-01	5.041356e-02	1.000000e+00	1.500000e+01
384	3.709722e-01	0.000000e+00	3.709931e-01	0.000000e+00	-5.370304e-03	0.000000e+00	-5.338869e-03	0.000000e+00	9.944776e-01	5.041356e-02	1.000000e+00	1.500000e+01
385	3.757541e-01	0.000000e+00	3.757355e-01	0.000000e+00	4.781891e-03	0.000000e+00	4.742356e-03	0.000000e+00	9.944776e-01	5.041356e-02	1.000000e+00	1.500000e+01
386	3.727184e-01	0.000000e+00	3.727302e-01	0.000000e+00	-3.035669e-03	0.000000e+00	-3.005286e-03	0.000000e+00	9.944776e-01	5.041356e-02	1.000000e+00	1.500000e+01
387	3.741776e-01	0.000000e+00	3.741719e-01	0.000000e+00	1.459144e-03	0.000000e+00	1.441705e-03	0.000000e+00	9.944776e-01	5.041356e-02	1.000000e+00	1.500000e+01
388	3.732428e-01	0.000000e+00	3.732464e-01	0.000000e+00	-9.347602e-04	0.000000e+00	-9.254772e-04	0.000000e+00	9.944776e-01	5.041356e-02	1.000000e+00	1.500000e+01
389	3.744790e-01	0.000000e+00	3.744742e-01	4.199221e-01	1.236237e-03	0.000000e+00	1.227793e-03	4.199221e-01	9.944776e-01	5.041356e-02	1.000000e+00	1.500000e+01
390	3.769571e-01	0.000000e+00	3.769474e-01	2.147761e-01	2.478023e-03	0.000000e+00	2.473140e-03	-2.051460e-01	9.944776e-01	5.041356e-02	1.000000e+00	1.500000e+01
391	3.773081e-01	0.000000e+00	3.773067e-01	0.000000e+00	3.510699e-04	0.000000e+00	3.593593e-04	-2.147761e-01	9.944776e-01	5.041356e-02	1.000000e+00	1.500000e+01
392	3.677077e-01	0.000000e+00	3.677452e-01	0.000000e+00	-9.600474e-03	0.000000e+00	-9.561569e-03	0.000000e+00	9.944777e-01	5.041356e-02	1.000000e+00	1.500000e+01
393	3.787998e-01	3.307011e-04	3.787566e-01	4.787536e-01	1.109213e-02	3.307011e-04	1.101145e-02	4.787536e-01	9.944775e-01	5.041355e-02	1.002438e+00	1.500007e+01
394	3.787033e-01	0.000000e+00	3.787035e-01	5.984782e-01	-9.648808e-05	-3.307011e-04	-5.309770e-05	1.197246e-01	9.944775e-01	5.041354e-02	1.002432e+00	1.500005e+01
395	3.756431e-01	0.000000e+00	3.756550e-01	5.062738e-01	-3.060248e-03	0.000000e+00	-3.048501e-03	-9.220443e-02	9.944775e-01	5.041354e-02	1.000000e+00	1.500000e+01
396	3.699489e-01	0.000000e+00	3.699712e-01	0.000000e+00	-5.694127e-03	0.000000e+00	-5.683792e-03	-5.062738e-01	9.944775e-01	5.041354e-02	1.000000e+00	1.500000e+01
397	3.666087e-01	0.000000e+00	3.666218e-01	0.000000e+00	-3.340266e-03	0.000000e+00	-3.349420e-03	0.000000e+00	9.944776e-01	5.041354e-02	1.000000e+00	1.500000e+01
398	3.682039e-01	0.000000e+00	3.681977e-01	0.000000e+00	1.595207e-03	0.000000e+00	1.575892e-03	0.000000e+00	9.944776e-01	5.041354e-02	1.000000e+00	1.500000e+01
399	3.684351e-01	0.000000e+00	3.684342e-01	0.000000e+00	2.312345e-04	0.000000e+00	2.364870e-04	0.000000e+00	9.944776e-01	5.041354e-02	1.000000e+00	1.500000e+01
400	3.679411e-01	0.000000e+00	3.679430e-01	0.000000e+00	-4.939868e-04	0.000000e+00	-4.911334e-04	0.000000e+00	9.944776e-01	5.041354e-02	1.000000e+00	1.500000e+01
401	3.680917e-01	3.385140e-03	3.680911e-01	0.000000e+00	1.505866e-04	3.385140e-03	1.480799e-04	0.000000e+00	9.944776e-01	5.041327e-02	9.999964e-01	1.499992e+01
402	3.681172e-01	1.820812e-02	3.681171e-01	0.000000e+00	2.553938e-05	1.482298e-02	2.601805e-05	0.000000e+00	9.944775e-01	5.040801e-02	9.999937e-01	1.499835e+01
403	3.680525e-01	4.446800e-02	3.680527e-01	8.544943e-01	-6.479192e-05	2.625988e-02	-6.443719e-05	8.544943e-01	9.944776e-01	5.039151e-02	9.999795e-01	1.500410e+01
404	3.753946e-01	0.000000e+00	3.753659e-01	0.000000e+00	7.342103e-03	-4.446800e-02	7.313172e-03	-8.544943e-01	9.944854e-01	5.034398e-02	9.993014e-01	1.500820e+01
405	3.604505e-01	1.410008e-03	3.605087e-01	0.000000e+00	-1.494408e-02	1.410008e-03	-1.485714e-02	0.000000e+00	9.944859e-01	5.034393e-02	9.993456e-01	1.500820e+01
406	3.765267e-01	1.425551e-02	3.764642e-01	2.774916e-01	1.607625e-02	1.284550e-02	1.595541e-02	2.774916e-01	9.944807e-01	5.033979e-02	9.998696e-01	1.500862e+01
407	3.798122e-01	4.103924e-03	3.797992e-01	1.315884e+00	3.285528e-03	-1.015158e-02	3.335019e-03	1.038392e+00	9.944816e-01	5.033700e-02	1.001723e+00	1.500289e+01
408	3.699647e-01	0.000000e+00	3.700032e-01	0.000000e+00	-9.847514e-03	-4.103924e-03	-9.796019e-03	-1.315884e+00	9.944807e-01	5.033660e-02	1.007543e+00	1.500532e+01
409	3.547299e-01	0.000000e+00	3.547895e-01	0.000000e+00	-1.523488e-02	0.000000e+00	-1.521363e-02	0.000000e+00	9.944811e-01	5.033660e-02	1.000000e+00	1.500000e+01
410	3.619480e-01	0.000000e+00	3.619201e-01	4.912504e-01	7.218174e-03	0.000000e+00	7.130550e-03	4.912504e-01	9.944810e-01	5.033660e-02	1.000000e+00	1.500000e+01
411	3.771222e-01	0.000000e+00	3.770629e-01	0.000000e+00	1.517421e-02	0.000000e+00	1.514279e-02	-4.912504e-01	9.944813e-01	5.033660e-02	1.000000e+00	1.500000e+01
412	3.455381e-01	0.000000e+00	3.456612e-01	1.551668e-02	-3.158418e-02	0.000000e+00	-3.140165e-02	1.551668e-02	9.944812e-01	5.033660e-02	1.000000e+00	1.500000e+01
413	3.646643e-01	0.000000e+00	3.645901e-01	2.023836e-01	1.912627e-02	0.000000e+00	1.892890e-02	1.868669e-01	9.944804e-01	5.033660e-02	1.000000e+00	1.500000e+01
414	3.770170e-01	0.000000e+00	3.769685e-01	0.000000e+00	1.235269e-02	0.000000e+00	1.237838e-02	-2.023836e-01	9.944809e-01	5.033660e-02	1.000000e+00	1.500000e+01
415	3.549820e-01	0.000000e+00	3.550679e-01	1.498451e-01	-2.203503e-02	0.000000e+00	-2.190060e-02	1.498451e-01	9.944808e-01	5.033660e-02	1.000000e+00	1.500000e+01
416	3.671624e-01	0.000000e+00	3.671151e-01	0.000000e+00	1.218039e-02	0.000000e+00	1.204726e-02	-1.498451e-01	9.944804e-01	5.033660e-02	1.000000e+00	1.500000e+01
417	3.681963e-01	1.679126e-03	3.681921e-01	5.751992e-01	1.033916e-03	1.679126e-03	1.076937e-03	5.751992e-01	9.944804e-01	5.033658e-02	1.000270e+00	1.500044e+01
418	3.716456e-01	0.000000e+00	3.716321e-01	0.000000e+00	3.449271e-03	-1.679126e-03	3.440004e-03	-5.751992e-01	9.944806e-01	5.033650e-02	9.993628e-01	1.500088e+01
419	3.614530e-01	0.000000e+00	3.614928e-01	0.000000e+00	-1.019252e-02	0.000000e+00	-1.013927e-02	0.000000e+00	9.944806e-01	5.033650e-02	1.000000e+00	1.500000e+01
420	3.666750e-01	3.862600e-03	3.666548e-01	5.149430e-01	5.222005e-03	3.862600e-03	5.162000e-03	5.149430e-01	9.944800e-01	5.033609e-02	1.001121e+00	1.500083e+01
421	3.728830e-01	0.000000e+00	3.728587e-01	0.000000e+00	6.207975e-03	-3.862600e-03	6.203889e-03	-5.149430e-01	9.944807e-01	5.033567e-02	9.997547e-01	1.500168e+01
422	3.625053e-01	0.000000e+00	3.625457e-01	0.000000e+00	-1.037774e-02	0.000000e+00	-1.031297e-02	0.000000e+00	9.944806e-01	5.033567e-02	1.000000e+00	1.500000e+01
423	3.642241e-01	9.409730e-03	3.642175e-01	4.250433e-01	1.718822e-03	9.409730e-03	1.671822e-03	4.250433e-01	9.944802e-01	5.033339e-02	1.000230e+00	1.500126e+01
424	3.722543e-01	0.000000e+00	3.722229e-01	0.000000e+00	8.030193e-03	-9.409730e-03	8.005355e-03	-4.250433e-01	9.944821e-01	5.033119e-02	9.991170e-01	1.500257e+01
425	3.631007e-01	8.544903e-03	3.631363e-01	0.000000e+00	-9.153645e-03	8.544903e-03	-9.086617e-03	0.000000e+00	9.944839e-01	5.032951e-02	9.996346e-01	1.500208e+01
426	3.681576e-01	2.851919e-02	3.681380e-01	1.462177e+00	5.056932e-03	1.997429e-02	5.001684e-03	1.462177e+00	9.944814e-01	5.031971e-02	1.002414e+00	1.501306e+01
427	3.712892e-01	0.000000e+00	3.712769e-01	0.000000e+00	3.131609e-03	-2.851919e-02	3.138914e-03	-1.462177e+00	9.944836e-01	5.029995e-02	1.000872e+00	1.502711e+01
428	3.648646e-01	0.000000e+00	3.648897e-01	9.596649e-02	-6.424573e-03	0.000000e+00	-6.387215e-03	9.596649e-02	9.944836e-01	5.029995e-02	1.000000e+00	1.500000e+01
429	3.678452e-01	0.000000e+00	3.678336e-01	0.000000e+00	2.980542e-03	0.000000e+00	2.943950e-03	-9.596649e-02	9.944836e-01	5.029995e-02	1.000000e+00	1.500000e+01
430	3.658222e-01	0.000000e+00	3.658301e-01	0.000000e+00	-2.022947e-03	0.000000e+00	-2.003545e-03	0.000000e+00	9.944835e-01	5.029995e-02	1.000000e+00	1.500000e+01
431	3.683234e-01	0.000000e+00	3.683136e-01	1.128867e-01	2.501136e-03	0.000000e+00	2.483540e-03	1.128867e-01	9.944835e-01	5.029995e-02	1.000000e+00	1.500000e+01
432	3.699236e-01	0.000000e+00	3.699174e-01	1.009502e+00	1.600285e-03	0.000000e+00	1.603736e-03	8.966155e-01	9.944835e-01	5.029995e-02	1.000000e+00	1.500000e+01
433	3.680856e-01	0.000000e+00	3.680927e-01	0.000000e+00	-1.838052e-03	0.000000e+00	-1.824607e-03	-1.009502e+00	9.944835e-01	5.029995e-02	1.000000e+00	1.500000e+01
434	3.632283e-01	0.000000e+00	3.632473e-01	0.000000e+00	-4.857306e-03	0.000000e+00	-4.845460e-03	0.000000e+00	9.944836e-01	5.029995e-02	1.000000e+00	1.500000e+01
435	3.677223e-01	0.000000e+00	3.677048e-01	1.319425e-01	4.494009e-03	0.000000e+00	4.457527e-03	1.319425e-01	9.944836e-01	5.029995e-02	1.000000e+00	1.500000e+01
436	3.704053e-01	0.000000e+00	3.703948e-01	0.000000e+00	2.683028e-03	0.000000e+00	2.689960e-03	-1.319425e-01	9.944836e-01	5.029995e-02	1.000000e+00	1.500000e+01
437	3.629606e-01	0.000000e+00	3.629897e-01	3.569569e-01	-7.444670e-03	0.000000e+00	-7.405082e-03	3.569569e-01	9.944836e-01	5.029995e-02	1.000000e+00	1.500000e+01
438	3.675842e-01	0.000000e+00	3.675663e-01	0.000000e+00	4.623590e-03	0.000000e+00	4.576603e-03	-3.569569e-01	9.944835e-01	5.029995e-02	1.000000e+00	1.500000e+01
439	3.670392e-01	0.000000e+00	3.670413e-01	0.000000e+00	-5.450423e-04	0.000000e+00	-5.250359e-04	0.000000e+00	9.944835e-01	5.029995e-02	1.000000e+00	1.500000e+01
440	3.662655e-01	3.075811e-03	3.662685e-01	2.155058e-01	-7.737273e-04	3.075811e-03	-7.727559e-04	2.155058e-01	9.944836e-01	5.029972e-02	9.999375e-01	1.500025e+01
441	3.691256e-01	0.000000e+00	3.691144e-01	5.621055e-02	2.860112e-03	-3.075811e-03	2.845921e-03	-1.592953e-01	9.944838e-01	5.029949e-02	9.997799e-01	1.500042e+01
442	3.700790e-01	6.933923e-03	3.700753e-01	3.563754e-01	9.534546e-04	6.933923e-03	9.608470e-04	3.001649e-01	9.944837e-01	5.029838e-02	9.998683e-01	1.500106e+01
443	3.692575e-01	0.000000e+00	3.692607e-01	2.209661e-01	-8.215798e-04	-6.933923e-03	-8.146172e-04	-1.354093e-01	9.944835e-01	5.029722e-02	9.998802e-01	1.500116e+01
444	3.689934e-01	0.000000e+00	3.689944e-01	3.252068e-01	-2.640966e-04	0.000000e+00	-2.662471e-04	1.042407e-01	9.944835e-01	5.029722e-02	1.000000e+00	1.500000e+01
445	3.690290e-01	0.000000e+00	3.690288e-01	5.879713e-01	3.559795e-05	0.000000e+00	3.441887e-05	2.627645e-01	9.944835e-01	5.029722e-02	1.000000e+00	1.500000e+01
446	3.670760e-01	0.000000e+00	3.670836e-01	0.000000e+00	-1.952986e-03	0.000000e+00	-1.945223e-03	-5.879713e-01	9.944835e-01	5.029722e-02	1.000000e+00	1.500000e+01
447	3.641518e-01	0.000000e+00	3.641633e-01	0.000000e+00	-2.924145e-03	0.000000e+00	-2.920321e-03	0.000000e+00	9.944835e-01	5.029722e-02	1.000000e+00	1.500000e+01
448	3.655611e-01	0.000000e+00	3.655557e-01	0.000000e+00	1.409288e-03	0.000000e+00	1.392375e-03	0.000000e+00	9.944835e-01	5.029722e-02	1.000000e+00	1.500000e+01
449	3.657604e-01	7.583541e-03	3.657596e-01	5.402771e-02	1.992882e-04	7.583541e-03	2.039487e-04	5.402771e-02	9.944835e-01	5.029587e-02	9.999943e-01	1.499978e+01
450	3.694263e-01	1.989328e-02	3.694120e-01	0.000000e+00	3.665914e-03	1.230974e-02	3.652391e-03	-5.402771e-02	9.944824e-01	5.029229e-02	9.995724e-01	1.499837e+01
451	3.633284e-01	4.730856e-02	3.633522e-01	2.061186e+00	-6.097877e-03	2.741527e-02	-6.059790e-03	2.061186e+00	9.944864e-01	5.027440e-02	9.947774e-01	1.501992e+01
452	3.688968e-01	0.000000e+00	3.688752e-01	0.000000e+00	5.568403e-03	-4.730856e-02	5.522980e-03	-2.061186e+00	9.944927e-01	5.022134e-02	9.911944e-01	1.505037e+01
453	3.656927e-01	0.000000e+00	3.657052e-01	0.000000e+00	-3.204119e-03	0.000000e+00	-3.170029e-03	0.000000e+00	9.944926e-01	5.022134e-02	1.000000e+00	1.500000e+01
454	3.685862e-01	0.000000e+00	3.685750e-01	0.000000e+00	2.893493e-03	0.000000e+00	2.869807e-03	0.000000e+00	9.944926e-01	5.022134e-02	1.000000e+00	1.500000e+01
455	3.649574e-01	0.000000e+00	3.649715e-01	0.000000e+00	-3.628810e-03	0.000000e+00	-3.603425e-03	0.000000e+00	9.944926e-01	5.022134e-02	1.000000e+00	1.500000e+01
456	3.696838e-01	0.000000e+00	3.696654e-01	5.527959e-01	4.726381e-03	0.000000e+00	4.693843e-03	5.527959e-01	9.944926e-01	5.022134e-02	1.000000e+00	1.500000e+01
457	3.684421e-01	0.000000e+00	3.684468e-01	0.000000e+00	-1.241735e-03	0.000000e+00	-1.218549e-03	-5.527959e-01	9.944926e-01	5.022134e-02	1.000000e+00	1.500000e+01
458	3.637076e-01	0.000000e+00	3.637261e-01	0.000000e+00	-4.734453e-03	0.000000e+00	-4.720719e-03	0.000000e+00	9.944926e-01	5.022134e-02	1.000000e+00	1.500000e+01
459	3.691288e-01	0.000000e+00	3.691077e-01	3.799369e-01	5.421167e-03	0.000000e+00	5.381550e-03	3.799369e-01	9.944926e-01	5.022134e-02	1.000000e+00	1.500000e+01
460	3.689501e-01	0.000000e+00	3.689507e-01	0.000000e+00	-1.786831e-04	0.000000e+00	-1.569635e-04	-3.799369e-01	9.944926e-01	5.022134e-02	1.000000e+00	1.500000e+01
461	3.639102e-01	0.000000e+00	3.639298e-01	0.000000e+00	-5.039933e-03	0.000000e+00	-5.020859e-03	0.000000e+00	9.944926e-01	5.022134e-02	1.000000e+00	1.500000e+01
462	3.690510e-01	2.712971e-03	3.690310e-01	5.381924e-01	5.140872e-03	2.712971e-03	5.101177e-03	5.381924e-01	9.944922e-01	5.022115e-02	1.001202e+00	1.500063e+01
463	3.685760e-01	0.000000e+00	3.685778e-01	0.000000e+00	-4.750467e-04	-2.712971e-03	-4.532646e-04	-5.381924e-01	9.944922e-01	5.022095e-02	1.001314e+00	1.500127e+01
464	3.628961e-01	0.000000e+00	3.629183e-01	0.000000e+00	-5.679885e-03	0.000000e+00	-5.659469e-03	0.000000e+00	9.944922e-01	5.022095e-02	1.000000e+00	1.500000e+01
465	3.701178e-01	6.958486e-03	3.700897e-01	0.000000e+00	7.221687e-03	6.958486e-03	7.171370e-03	0.000000e+00	9.944910e-01	5.021976e-02	9.996172e-01	1.499963e+01
466	3.615278e-01	2.533582e-02	3.615612e-01	4.952631e-01	-8.590022e-03	1.837734e-02	-8.528454e-03	4.952631e-01	9.944947e-01	5.021183e-02	9.986863e-01	1.500162e+01
467	3.665030e-01	0.000000e+00	3.664837e-01	1.257340e+00	4.975240e-03	-2.533582e-02	4.922491e-03	7.620767e-01	9.944977e-01	5.019683e-02	1.001373e+00	1.498794e+01
468	3.690406e-01	0.000000e+00	3.690307e-01	0.000000e+00	2.537654e-03	0.000000e+00	2.546969e-03	-1.257340e+00	9.944977e-01	5.019683e-02	1.000000e+00	1.500000e+01
469	3.660022e-01	0.000000e+00	3.660141e-01	4.379982e-01	-3.038419e-03	0.000000e+00	-3.016601e-03	4.379982e-01	9.944977e-01	5.019683e-02	1.000000e+00	1.500000e+01
470	3.671816e-01	0.000000e+00	3.671770e-01	0.000000e+00	1.179377e-03	0.000000e+00	1.162986e-03	-4.379982e-01	9.944977e-01	5.019683e-02	1.000000e+00	1.500000e+01
471	3.676566e-01	0.000000e+00	3.676547e-01	0.000000e+00	4.749890e-04	0.000000e+00	4.776765e-04	0.000000e+00	9.944977e-01	5.019683e-02	1.000000e+00	1.500000e+01
472	3.671553e-01	0.000000e+00	3.671573e-01	0.000000e+00	-5.012599e-04	0.000000e+00	-4.974359e-04	0.000000e+00	9.944977e-01	5.019683e-02	1.000000e+00	1.500000e+01
473	3.672617e-01	0.000000e+00	3.672613e-01	6.624512e-01	1.063668e-04	0.000000e+00	1.040082e-04	6.624512e-01	9.944977e-01	5.019683e-02	1.000000e+00	1.500000e+01
474	3.678725e-01	0.000000e+00	3.678701e-01	0.000000e+00	6.108084e-04	0.000000e+00	6.088287e-04	-6.624512e-01	9.944977e-01	5.019683e-02	1.000000e+00	1.500000e+01
475	3.672525e-01	0.000000e+00	3.672549e-01	4.524638e-02	-6.199797e-04	0.000000e+00	-6.151797e-04	4.524638e-02	9.944977e-01	5.019683e-02	1.000000e+00	1.500000e+01
476	3.677770e-01	0.000000e+00	3.677749e-01	0.000000e+00	5.244544e-04	0.000000e+00	5.200027e-04	-4.524638e-02	9.944977e-01	5.019683e-02	1.000000e+00	1.500000e+01
477	3.674198e-01	0.000000e+00	3.674212e-01	0.000000e+00	-3.571589e-04	0.000000e+00	-3.537325e-04	0.000000e+00	9.944977e-01	5.019683e-02	1.000000e+00	1.500000e+01
478	3.673597e-01	0.000000e+00	3.673599e-01	3.279046e-01	-6.016471e-05	0.000000e+00	-6.131146e-05	3.279046e-01	9.944977e-01	5.019683e-02	1.000000e+00	1.500000e+01
479	3.678871e-01	0.000000e+00	3.678850e-01	6.113424e-01	5.274015e-04	0.000000e+00	5.251018e-04	2.834378e-01	9.944977e-01	5.019683e-02	1.000000e+00	1.500000e+01
480	3.678285e-01	0.000000e+00	3.678287e-01	0.000000e+00	-5.854112e-05	0.000000e+00	-5.626126e-05	-6.113424e-01	9.944977e-01	5.019683e-02	1.000000e+00	1.500000e+01
481	3.672309e-01	0.000000e+00	3.672332e-01	0.000000e+00	-5.976171e-04	0.000000e+00	-5.955025e-04	0.000000e+00	9.944977e-01	5.019683e-02	1.000000e+00	1.500000e+01
482	3.679371e-01	0.000000e+00	3.679344e-01	0.000000e+00	7.062097e-04	0.000000e+00	7.011248e-04	0.000000e+00	9.944977e-01	5.019683e-02	1.000000e+00	1.500000e+01
483	3.672320e-01	0.000000e+00	3.672347e-01	0.000000e+00	-7.051557e-04	0.000000e+00	-6.996624e-04	0.000000e+00	9.944977e-01	5.019683e-02	1.000000e+00	1.500000e+01
484	3.674827e-01	9.920687e-03	3.674817e-01	5.162637e-02	2.507246e-04	9.920687e-03	2.470122e-04	5.162637e-02	9.944976e-01	5.019448e-02	9.999884e-01	1.499954e+01
485	3.679902e-01	2.486159e-02	3.679882e-01	0.000000e+00	5.075188e-04	1.494090e-02	5.065012e-04	-5.162637e-02	9.944974e-01	5.018917e-02	9.999218e-01	1.499758e+01
486	3.669559e-01	5.473350e-02	3.669600e-01	1.028920e+00	-1.034284e-03	2.987192e-02	-1.028266e-03	1.028920e+00	9.944982e-01	5.016791e-02	9.996360e-01	1.500583e+01
487	3.677056e-01	0.000000e+00	3.677027e-01	0.000000e+00	7.497027e-04	-5.473350e-02	7.427575e-04	-1.028920e+00	9.944991e-01	5.009670e-02	9.995620e-01	1.501124e+01
488	3.675554e-01	0.000000e+00	3.675560e-01	0.000000e+00	-1.501931e-04	0.000000e+00	-1.467050e-04	0.000000e+00	9.944991e-01	5.009670e-02	1.000000e+00	1.500000e+01
489	3.675332e-01	6.763432e-03	3.675333e-01	9.196468e-02	-2.226677e-05	6.763432e-03	-2.275286e-05	9.196468e-02	9.944991e-01	5.009561e-02	1.000000e+00	1.499997e+01
490	3.679223e-01	1.355056e-02	3.679208e-01	0.000000e+00	3.891819e-04	6.787131e-03	3.875728e-04	-9.196468e-02	9.944991e-01	5.009452e-02	9.999642e-01	1.499934e+01
491	3.685782e-01	3.801365e-02	3.685756e-01	0.000000e+00	6.558417e-04	2.446309e-02	6.547938e-04	0.000000e+00	9.944987e-01	5.008031e-02	9.998497e-01	1.499507e+01
492	3.684132e-01	7.388809e-02	3.684138e-01	1.920533e+00	-1.650061e-04	3.587444e-02	-1.618038e-04	1.920533e+00	9.944988e-01	5.004975e-02	9.997414e-01	1.501862e+01
493	3.669362e-01	0.000000e+00	3.669420e-01	0.000000e+00	-1.476973e-03	-7.388809e-02	-1.471836e-03	-1.920533e+00	9.944963e-01	4.992042e-02	1.000308e+00	1.504695e+01
494	3.674390e-01	0.000000e+00	3.674371e-01	0.000000e+00	5.027872e-04	0.000000e+00	4.950738e-04	0.000000e+00	9.944963e-01	4.992042e-02	1.000000e+00	1.500000e+01
495	3.672193e-01	0.000000e+00	3.672201e-01	0.000000e+00	-2.197386e-04	0.000000e+00	-2.169464e-04	0.000000e+00	9.944963e-01	4.992042e-02	1.000000e+00	1.500000e+01
496	3.674136e-01	0.000000e+00	3.674128e-01	0.000000e+00	1.943050e-04	0.000000e+00	1.926985e-04	0.000000e+00	9.944963e-01	4.992042e-02	1.000000e+00	1.500000e+01
497	3.671771e-01	0.000000e+00	3.671781e-01	0.000000e+00	-2.364196e-04	0.000000e+00	-2.347434e-04	0.000000e+00	9.944963e-01	4.992042e-02	1.000000e+00	1.500000e+01
498	3.677958e-01	0.000000e+00	3.677934e-01	0.000000e+00	6.186422e-04	0.000000e+00	6.153086e-04	0.000000e+00	9.944963e-01	4.992042e-02	1.000000e+00	1.500000e+01
499	3.677389e-01	8.724437e-03	3.677391e-01	0.000000e+00	-5.686661e-05	8.724437e-03	-5.424093e-05	0.000000e+00	9.944963e-01	4.991863e-02	1.000004e+00	1.499946e+01
