#sequence delta(k-1),f(k-1),theta(k),v(k),delta_diff(k-1),f_diff(k-1),theta_diff(k),v_diff(k),phi(1,1;k),phi(1,2;k),phi(2,1;k),phi(2,2;k)
1	2.381120e+00	0.000000e+00	2.381295e+00	0.000000e+00	2.381120e+00	0.000000e+00	-4.459644e-02	-5.010504e-05	2.845740e-01	1.000000e-01	1.000000e+00	9.000000e+00
2	1.899449e+00	2.000000e-01	1.901331e+00	2.706667e-01	-4.816709e-01	2.000000e-01	-4.799636e-01	2.706667e-01	3.576614e-01	6.965256e-02	1.211002e+00	8.912388e+00
3	2.264463e+00	4.000000e-01	2.263044e+00	4.033765e-01	3.650135e-01	2.000000e-01	3.617128e-01	1.327098e-01	3.923229e-01	8.864448e-02	8.772326e-01	8.729507e+00
4	2.425659e+00	6.000000e-01	2.425023e+00	9.845640e-01	1.611958e-01	2.000000e-01	1.619791e-01	5.811875e-01	3.983276e-01	9.609458e-02	7.804196e-01	8.609389e+00
5	2.235932e+00	8.000000e-01	2.236671e+00	2.908795e+00	-1.897265e-01	2.000000e-01	-1.883526e-01	1.924231e+00	4.097878e-01	8.401379e-02	7.499958e-01	8.641460e+00
6	2.111851e+00	1.000000e+00	2.112339e+00	5.100120e+00	-1.240811e-01	2.000000e-01	-1.243322e-01	2.191325e+00	4.149658e-01	7.566761e-02	7.181039e-01	8.692865e+00
7	2.254013e+00	1.200000e+00	2.253459e+00	7.082235e+00	1.421615e-01	2.000000e-01	1.411205e-01	1.982115e+00	4.193575e-01	8.184611e-02	7.273767e-01	8.705911e+00
8	2.408736e+00	1.400000e+00	2.408129e+00	6.324710e+00	1.547233e-01	2.000000e-01	1.546702e-01	-7.575247e-01	4.245860e-01	8.860462e-02	5.414119e-01	8.465527e+00
9	2.400822e+00	1.600000e+00	2.400851e+00	8.005241e+00	-7.913679e-03	2.000000e-01	-7.278586e-03	1.680530e+00	4.246658e-01	8.658924e-02	5.414425e-01	8.464755e+00
10	2.352210e+00	1.800000e+00	2.352400e+00	1.067078e+01	-4.861261e-02	2.000000e-01	-4.845115e-02	2.665538e+00	4.256861e-01	8.239129e-02	5.188552e-01	8.557683e+00
11	2.360393e+00	2.000000e+00	2.360362e+00	1.172695e+01	8.183652e-03	2.000000e-01	7.962422e-03	1.056175e+00	4.256404e-01	8.127373e-02	5.163415e-01	8.496251e+00
12	2.385260e+00	2.200000e+00	2.385163e+00	1.335692e+01	2.486711e-02	2.000000e-01	2.480108e-02	1.629967e+00	4.256168e-01	8.108396e-02	5.153907e-01	8.488604e+00
13	2.380759e+00	2.400000e+00	2.380777e+00	1.630712e+01	-4.500894e-03	2.000000e-01	-4.386434e-03	2.950197e+00	4.256560e-01	7.934347e-02	5.127607e-01	8.605471e+00
14	2.359940e+00	2.436309e+00	2.360021e+00	1.667978e+01	-2.081960e-02	3.630881e-02	-2.075541e-02	3.726617e-01	4.258020e-01	7.908889e-02	5.120603e-01	8.606693e+00
15	2.351653e+00	2.636309e+00	2.351686e+00	1.944431e+01	-8.286871e-03	2.000000e-01	-8.335577e-03	2.764525e+00	4.258815e-01	7.716802e-02	5.080184e-01	8.704244e+00
16	2.346290e+00	2.579853e+00	2.346311e+00	1.790238e+01	-5.363319e-03	-5.645571e-02	-5.374929e-03	-1.541926e+00	4.258783e-01	7.713413e-02	5.106834e-01	8.732297e+00
17	2.328844e+00	2.779853e+00	2.328913e+00	1.929208e+01	-1.744528e-02	2.000000e-01	-1.739813e-02	1.389704e+00	4.260846e-01	7.476922e-02	5.135089e-01	8.699905e+00
18	2.302795e+00	2.979853e+00	2.302897e+00	2.112303e+01	-2.604902e-02	2.000000e-01	-2.601523e-02	1.830943e+00	4.264468e-01	7.198814e-02	5.122436e-01	8.709619e+00
19	2.273609e+00	3.159547e+00	2.273723e+00	2.205084e+01	-2.918629e-02	1.796934e-01	-2.917391e-02	9.278095e-01	4.268514e-01	6.949752e-02	5.207303e-01	8.657369e+00
20	2.232855e+00	3.359547e+00	2.233015e+00	2.448179e+01	-4.075405e-02	2.000000e-01	-4.070882e-02	2.430951e+00	4.275570e-01	6.603448e-02	5.070635e-01	8.724438e+00
21	2.147182e+00	3.264928e+00	2.147518e+00	2.389601e+01	-8.567280e-02	-9.461806e-02	-8.549716e-02	-5.857765e-01	4.292774e-01	6.793445e-02	4.956338e-01	8.711815e+00
22	2.064656e+00	3.402411e+00	2.064979e+00	2.572409e+01	-8.252650e-02	1.374824e-01	-8.253810e-02	1.828075e+00	4.314622e-01	6.429475e-02	4.696545e-01	8.755095e+00
23	1.895116e+00	3.337592e+00	1.895779e+00	2.481290e+01	-1.695398e-01	-6.481931e-02	-1.692000e-01	-9.111900e-01	4.387417e-01	6.707789e-02	4.905754e-01	8.763093e+00
24	1.691878e+00	3.537592e+00	1.692674e+00	2.581250e+01	-2.032380e-01	2.000000e-01	-2.031050e-01	9.996051e-01	4.505557e-01	5.545211e-02	5.511809e-01	8.703453e+00
25	1.393988e+00	3.737592e+00	1.395154e+00	2.664299e+01	-2.978902e-01	2.000000e-01	-2.975199e-01	8.304884e-01	4.737398e-01	3.988660e-02	6.503560e-01	8.636868e+00
26	1.202187e+00	3.936009e+00	1.202941e+00	2.833665e+01	-1.918002e-01	1.984175e-01	-1.922132e-01	1.693660e+00	4.833291e-01	2.996639e-02	6.411679e-01	8.646373e+00
27	1.299103e+00	3.894708e+00	1.298728e+00	2.939235e+01	9.691588e-02	-4.130110e-02	9.578647e-02	1.055697e+00	4.856265e-01	2.898736e-02	7.030026e-01	8.620022e+00
28	1.539920e+00	3.694708e+00	1.538977e+00	2.804279e+01	2.408162e-01	-2.000000e-01	2.402497e-01	-1.349558e+00	4.997042e-01	1.729566e-02	7.253734e-01	8.601443e+00
29	1.721186e+00	3.743021e+00	1.720474e+00	2.727904e+01	1.812660e-01	4.831267e-02	1.814964e-01	-7.637452e-01	5.073263e-01	1.932715e-02	6.144642e-01	8.571883e+00
30	1.876764e+00	3.943021e+00	1.876154e+00	2.812634e+01	1.555785e-01	2.000000e-01	1.556797e-01	8.472932e-01	5.125449e-01	2.603588e-02	5.455351e-01	8.483273e+00
31	1.990236e+00	4.143021e+00	1.989790e+00	2.927656e+01	1.134719e-01	2.000000e-01	1.136368e-01	1.150227e+00	5.151847e-01	3.068854e-02	5.135911e-01	8.426970e+00
32	2.168899e+00	4.228299e+00	2.168199e+00	3.000879e+01	1.786630e-01	8.527822e-02	1.784090e-01	7.322242e-01	5.221553e-01	3.401571e-02	5.070845e-01	8.423864e+00
33	2.256279e+00	4.190858e+00	2.255935e+00	3.006192e+01	8.738028e-02	-3.744099e-02	8.773586e-02	5.312926e-02	5.239478e-01	3.324763e-02	5.204809e-01	8.418124e+00
34	2.236575e+00	4.120867e+00	2.236651e+00	3.041739e+01	-1.970423e-02	-6.999053e-02	-1.928454e-02	3.554746e-01	5.240098e-01	3.346759e-02	5.115668e-01	8.386461e+00
35	2.256193e+00	3.948770e+00	2.256116e+00	2.846358e+01	1.961767e-02	-1.720974e-01	1.946571e-02	-1.953810e+00	5.241470e-01	3.226390e-02	5.067878e-01	8.428386e+00
36	2.276292e+00	4.148770e+00	2.276213e+00	2.941327e+01	2.009915e-02	2.000000e-01	2.009668e-02	9.496899e-01	5.241761e-01	3.255341e-02	4.998051e-01	8.358903e+00
37	2.201933e+00	4.270318e+00	2.202223e+00	3.159561e+01	-7.435852e-02	1.215475e-01	-7.398955e-02	2.182339e+00	5.255386e-01	3.032612e-02	4.577243e-01	8.427689e+00
38	2.104520e+00	4.070318e+00	2.104901e+00	2.929936e+01	-9.741365e-02	-2.000000e-01	-9.732215e-02	-2.296252e+00	5.273476e-01	3.404013e-02	4.832872e-01	8.480172e+00
39	1.967260e+00	4.188658e+00	1.967798e+00	3.092262e+01	-1.372594e-01	1.183407e-01	-1.371034e-01	1.623258e+00	5.317575e-01	3.023810e-02	4.392810e-01	8.518113e+00
40	1.737821e+00	3.988658e+00	1.738720e+00	2.814900e+01	-2.294390e-01	-2.000000e-01	-2.290783e-01	-2.773613e+00	5.422801e-01	3.941058e-02	5.402320e-01	8.606111e+00
41	1.420894e+00	4.188658e+00	1.422136e+00	2.931220e+01	-3.169272e-01	2.000000e-01	-3.165841e-01	1.163197e+00	5.637456e-01	2.586453e-02	5.946419e-01	8.571775e+00
42	1.489927e+00	4.195508e+00	1.489662e+00	2.896525e+01	6.903305e-02	6.849740e-03	6.752673e-02	-3.469491e-01	5.646757e-01	2.595681e-02	5.800290e-01	8.570325e+00
43	1.740998e+00	4.202324e+00	1.740016e+00	2.874452e+01	2.510710e-01	6.816149e-03	2.503541e-01	-2.207304e-01	5.772085e-01	2.629706e-02	5.309198e-01	8.568992e+00
44	1.960455e+00	4.177249e+00	1.959594e+00	2.807511e+01	2.194568e-01	-2.507557e-02	2.195775e-01	-6.694128e-01	5.867296e-01	2.520916e-02	4.728095e-01	8.575631e+00
45	2.167516e+00	4.204099e+00	2.166704e+00	2.896144e+01	2.070610e-01	2.685080e-02	2.071099e-01	8.863325e-01	5.949059e-01	2.626944e-02	5.265366e-01	8.582599e+00
46	2.238219e+00	4.004099e+00	2.237940e+00	2.703671e+01	7.070321e-02	-2.000000e-01	7.123605e-02	-1.924733e+00	5.960367e-01	2.307073e-02	5.184751e-01	8.605402e+00
47	2.276192e+00	4.026018e+00	2.276042e+00	2.739871e+01	3.797246e-02	2.191869e-02	3.810240e-02	3.619980e-01	5.963064e-01	2.322637e-02	5.212446e-01	8.607001e+00
48	2.345507e+00	3.880169e+00	2.345236e+00	2.631759e+01	6.931533e-02	-1.458486e-01	6.919340e-02	-1.081116e+00	5.973220e-01	2.108945e-02	5.257321e-01	8.597559e+00
49	2.362349e+00	3.805286e+00	2.362282e+00	2.531166e+01	1.684225e-02	-7.488320e-02	1.704674e-02	-1.005927e+00	5.973903e-01	2.078566e-02	5.227730e-01	8.610715e+00
50	2.348865e+00	3.832431e+00	2.348918e+00	2.656325e+01	-1.348406e-02	2.714503e-02	-1.336480e-02	1.251583e+00	5.974279e-01	2.070996e-02	5.162117e-01	8.623924e+00
51	2.364236e+00	3.632431e+00	2.364176e+00	2.471320e+01	1.537033e-02	-2.000000e-01	1.525809e-02	-1.850048e+00	5.975010e-01	1.975845e-02	5.152584e-01	8.636328e+00
52	2.368377e+00	3.563515e+00	2.368361e+00	2.395439e+01	4.141643e-03	-6.891654e-02	4.185067e-03	-7.588053e-01	5.975070e-01	1.965812e-02	5.149331e-01	8.641741e+00
53	2.347730e+00	3.486946e+00	2.347811e+00	2.384139e+01	-2.064689e-02	-7.656869e-02	-2.054989e-02	-1.130035e-01	5.975726e-01	1.990133e-02	5.094649e-01	8.621463e+00
54	2.349025e+00	3.286946e+00	2.349020e+00	2.124225e+01	1.294889e-03	-2.000000e-01	1.209558e-03	-2.599141e+00	5.975753e-01	1.949003e-02	5.089370e-01	8.703005e+00
55	2.360393e+00	3.439610e+00	2.360349e+00	2.219292e+01	1.136818e-02	1.526642e-01	1.132850e-02	9.506758e-01	5.975836e-01	1.960183e-02	5.068888e-01	8.675500e+00
56	2.361080e+00	3.294142e+00	2.361077e+00	1.978196e+01	6.869082e-04	-1.454677e-01	7.284769e-04	-2.410967e+00	5.975846e-01	1.938512e-02	5.065177e-01	8.754082e+00
57	2.367079e+00	3.452271e+00	2.367055e+00	2.035398e+01	5.998349e-03	1.581287e-01	5.977764e-03	5.720194e-01	5.975827e-01	1.933526e-02	5.042235e-01	8.693602e+00
58	2.388773e+00	3.369298e+00	2.388688e+00	1.966525e+01	2.169410e-02	-8.297286e-02	2.163271e-02	-6.887230e-01	5.976882e-01	1.893187e-02	5.044460e-01	8.692751e+00
59	2.430474e+00	3.184596e+00	2.430311e+00	1.816885e+01	4.170143e-02	-1.847024e-01	4.162304e-02	-1.496408e+00	5.980812e-01	1.719126e-02	5.061609e-01	8.685156e+00
60	2.473164e+00	3.062285e+00	2.472997e+00	1.657631e+01	4.268991e-02	-1.223113e-01	4.268575e-02	-1.592540e+00	5.984684e-01	1.608181e-02	4.950637e-01	8.716950e+00
61	2.502390e+00	3.081184e+00	2.502275e+00	1.729213e+01	2.922586e-02	1.889951e-02	2.927844e-02	7.158214e-01	5.986278e-01	1.618484e-02	5.025085e-01	8.721765e+00
62	2.552968e+00	2.881184e+00	2.552770e+00	1.469878e+01	5.057762e-02	-2.000000e-01	5.049442e-02	-2.593349e+00	5.991795e-01	1.400312e-02	4.819390e-01	8.803103e+00
63	2.669333e+00	2.938350e+00	2.668878e+00	1.444909e+01	1.163655e-01	5.716637e-02	1.161082e-01	-2.496912e-01	6.016781e-01	1.523059e-02	4.375946e-01	8.781318e+00
64	2.698712e+00	2.862934e+00	2.698596e+00	1.383864e+01	2.937915e-02	-7.541617e-02	2.971794e-02	-6.104437e-01	6.018615e-01	1.475964e-02	4.381364e-01	8.779927e+00
65	2.792960e+00	2.662934e+00	2.792591e+00	1.134809e+01	9.424770e-02	-2.000000e-01	9.399563e-02	-2.490550e+00	6.036193e-01	1.102957e-02	4.042317e-01	8.851875e+00
66	2.856201e+00	2.725186e+00	2.855952e+00	1.291360e+01	6.324094e-02	6.225179e-02	6.336107e-02	1.565511e+00	6.043524e-01	1.175122e-02	4.338213e-01	8.881002e+00
67	2.926163e+00	2.525186e+00	2.925888e+00	1.238059e+01	6.996187e-02	-2.000000e-01	6.993608e-02	-5.330147e-01	6.053276e-01	8.963350e-03	4.732412e-01	8.768312e+00
68	3.027959e+00	2.325186e+00	3.027561e+00	1.136048e+01	1.017967e-01	-2.000000e-01	1.016723e-01	-1.020108e+00	6.073013e-01	5.085758e-03	5.055677e-01	8.704800e+00
69	3.085025e+00	2.125186e+00	3.084800e+00	1.022172e+01	5.706532e-02	-2.000000e-01	5.723957e-02	-1.138757e+00	6.079274e-01	2.891140e-03	5.207800e-01	8.651485e+00
70	3.084797e+00	1.925186e+00	3.084797e+00	7.726995e+00	-2.276657e-04	-2.000000e-01	-3.184303e-06	-2.494730e+00	6.079274e-01	2.824691e-03	5.208610e-01	8.722671e+00
71	3.090154e+00	1.784937e+00	3.090133e+00	7.147829e+00	5.357288e-03	-1.402494e-01	5.336349e-03	-5.791653e-01	6.079336e-01	2.661375e-03	5.224773e-01	8.680359e+00
72	3.127517e+00	1.584937e+00	3.127371e+00	6.397187e+00	3.736285e-02	-2.000000e-01	3.723775e-02	-7.506427e-01	6.081954e-01	1.260070e-03	5.392719e-01	8.590459e+00
73	-3.129203e+00	1.384937e+00	-3.129307e+00	5.728051e+00	-6.256720e+00	-2.000000e-01	-6.256678e+00	-6.691361e-01	9.619313e-01	1.256746e-02	-9.904264e-02	8.570055e+00
74	1.582457e+00	1.184937e+00	1.564051e+00	3.821155e+00	4.711659e+00	-2.000000e-01	4.693358e+00	-1.906896e+00	9.921375e-01	1.128527e-02	-4.848862e-02	8.567909e+00
75	-1.755774e+00	9.849366e-01	-1.767349e+00	5.820106e-01	-3.338230e+00	-2.000000e-01	-3.331401e+00	-3.239144e+00	9.962653e-01	1.153257e-02	3.574172e-01	8.592227e+00
76	2.273720e+00	1.092087e+00	2.257934e+00	1.261370e+00	4.029493e+00	1.071499e-01	4.025284e+00	6.793599e-01	9.982799e-01	1.158614e-02	4.680704e-03	8.582848e+00
77	-1.883451e+00	9.007224e-01	-1.891817e+00	0.000000e+00	-4.157170e+00	-1.913642e-01	-4.149751e+00	-1.261370e+00	9.977718e-01	1.156275e-02	-7.720111e-02	8.579078e+00
78	2.157580e+00	8.814999e-01	2.141762e+00	0.000000e+00	4.041031e+00	-1.922245e-02	4.033579e+00	0.000000e+00	9.981435e-01	1.156098e-02	2.267416e-02	8.578603e+00
79	-1.542728e+00	8.790834e-01	-1.552879e+00	0.000000e+00	-3.700308e+00	-2.416476e-03	-3.694641e+00	0.000000e+00	9.984067e-01	1.156116e-02	-7.647359e-04	8.578588e+00
80	1.782882e+00	8.933961e-01	1.769852e+00	1.270849e+00	3.325610e+00	1.431265e-02	3.322730e+00	1.270849e+00	9.989520e-01	1.156350e-02	2.775804e-01	8.579786e+00
81	-2.096454e+00	6.933961e-01	-2.105895e+00	0.000000e+00	-3.879336e+00	-2.000000e-01	-3.875746e+00	-1.270849e+00	9.985559e-01	1.154308e-02	-5.063155e-02	8.562865e+00
82	2.457032e+00	6.644728e-01	2.439208e+00	0.000000e+00	4.553486e+00	-2.892330e-02	4.545103e+00	0.000000e+00	9.982756e-01	1.154487e-02	4.035888e-02	8.562287e+00
83	-6.490478e-01	6.522103e-01	-6.615280e-01	0.000000e+00	-3.106080e+00	-1.226251e-02	-3.100736e+00	0.000000e+00	9.982429e-01	1.154474e-02	-1.799680e-02	8.562057e+00
84	9.693684e-01	6.565988e-01	9.629978e-01	2.167586e-01	1.618416e+00	4.388499e-03	1.624526e+00	2.167586e-01	1.001206e+00	1.155277e-02	5.133769e-02	8.562245e+00
85	-2.748135e+00	6.298299e-01	-2.758182e+00	0.000000e+00	-3.717504e+00	-2.676894e-02	-3.721180e+00	-2.167586e-01	1.000957e+00	1.155098e-02	5.956807e-03	8.561918e+00
86	-2.857553e+00	6.459898e-01	-2.881708e+00	5.761187e-01	-1.094174e-01	1.615997e-02	-1.235258e-01	5.761187e-01	1.001690e+00	1.144271e-02	-1.669027e-02	8.565263e+00
87	-3.029828e+00	5.517104e-01	-3.053793e+00	0.000000e+00	-1.722755e-01	-9.427940e-02	-1.720851e-01	-5.761187e-01	1.001565e+00	1.137416e-02	-3.503758e-02	8.555222e+00
88	-1.842286e+00	5.440510e-01	-1.871563e+00	1.553368e+00	1.187542e+00	-7.659469e-03	1.182231e+00	1.553368e+00	9.992218e-01	1.138927e-02	5.142734e-01	8.551679e+00
89	-2.849750e+00	3.440510e-01	-2.870473e+00	0.000000e+00	-1.007464e+00	-2.000000e-01	-9.989103e-01	-1.553368e+00	9.960741e-01	1.076439e-02	3.027788e-01	8.509693e+00
90	-2.410725e+00	3.507370e-01	-2.437064e+00	0.000000e+00	4.390254e-01	6.686041e-03	4.334085e-01	0.000000e+00	9.953199e-01	1.075290e-02	2.666738e-01	8.509143e+00
91	-2.563538e+00	3.742539e-01	-2.587587e+00	0.000000e+00	-1.528131e-01	2.351691e-02	-1.505231e-01	0.000000e+00	9.952251e-01	1.076749e-02	2.781043e-01	8.507384e+00
92	-2.543691e+00	4.146451e-01	-2.568407e+00	9.487139e-03	1.984636e-02	4.039120e-02	1.918085e-02	9.487139e-03	9.952156e-01	1.074822e-02	2.749056e-01	8.500874e+00
93	-3.136559e+00	4.698176e-01	3.124302e+00	1.444318e+00	-5.928673e-01	5.517251e-02	5.692709e+00	1.434831e+00	-5.075246e-01	1.505939e-01	4.887868e-03	8.526002e+00
94	-1.288729e+00	2.698176e-01	-1.296034e+00	5.569143e-01	1.847830e+00	-2.000000e-01	-4.420336e+00	-8.874035e-01	-1.618626e+00	2.708540e-01	2.651764e-01	8.497830e+00
95	1.961303e+00	1.404250e-01	1.948580e+00	0.000000e+00	3.250032e+00	-1.293926e-01	3.244614e+00	-5.569143e-01	4.775126e-01	1.874011e-01	1.868337e-01	8.500949e+00
96	-1.681098e+00	9.759504e-02	-1.691463e+00	1.282967e-02	-3.642401e+00	-4.282996e-02	-3.640042e+00	1.282967e-02	9.064464e-01	1.924448e-01	-5.280788e-02	8.498131e+00
97	2.229996e+00	6.904388e-02	2.214678e+00	1.021440e+00	3.911094e+00	-2.855116e-02	3.906141e+00	1.008610e+00	9.851583e-01	1.918702e-01	2.603266e-01	8.495845e+00
98	-1.986347e+00	0.000000e+00	-1.994480e+00	0.000000e+00	-4.216343e+00	-6.904388e-02	-4.209158e+00	-1.021440e+00	9.936919e-01	1.920099e-01	1.261284e-01	8.493648e+00
99	2.288624e+00	0.000000e+00	2.271893e+00	4.213612e-02	4.274970e+00	0.000000e+00	4.266373e+00	4.213612e-02	9.973714e-01	1.920099e-01	1.000000e+00	9.000000e+00
100	-2.067550e+00	0.000000e+00	-2.075143e+00	8.186783e-01	-4.356174e+00	0.000000e+00	-4.347036e+00	7.765422e-01	9.978276e-01	1.920099e-01	1.000000e+00	9.000000e+00
101	2.025950e+00	0.000000e+00	2.034474e+00	0.000000e+00	4.093501e+00	0.000000e+00	4.109617e+00	-8.186783e-01	1.003013e+00	1.920099e-01	1.000000e+00	9.000000e+00
102	-1.139479e+00	0.000000e+00	-1.127080e+00	0.000000e+00	-3.165429e+00	0.000000e+00	-3.161554e+00	0.000000e+00	9.996576e-01	1.920099e-01	1.000000e+00	9.000000e+00
103	1.399306e+00	0.000000e+00	1.413981e+00	0.000000e+00	2.538784e+00	0.000000e+00	2.541061e+00	0.000000e+00	1.000556e+00	1.920099e-01	1.000000e+00	9.000000e+00
104	-1.912609e+00	0.000000e+00	-1.899615e+00	3.764945e-01	-3.311915e+00	0.000000e+00	-3.313596e+00	3.764945e-01	1.000517e+00	1.920099e-01	1.000000e+00	9.000000e+00
105	2.274758e+00	0.000000e+00	2.282995e+00	0.000000e+00	4.187367e+00	0.000000e+00	4.182610e+00	-3.764945e-01	9.991074e-01	1.920099e-01	1.000000e+00	9.000000e+00
106	-1.269317e+00	0.000000e+00	-1.255441e+00	0.000000e+00	-3.544074e+00	0.000000e+00	-3.538436e+00	0.000000e+00	9.985350e-01	1.920099e-01	1.000000e+00	9.000000e+00
107	1.444464e+00	0.000000e+00	1.458461e+00	0.000000e+00	2.713781e+00	0.000000e+00	2.713901e+00	0.000000e+00	9.996628e-01	1.920099e-01	1.000000e+00	9.000000e+00
108	-1.779299e+00	0.000000e+00	-1.766652e+00	0.000000e+00	-3.223763e+00	0.000000e+00	-3.225113e+00	0.000000e+00	1.000265e+00	1.920099e-01	1.000000e+00	9.000000e+00
109	1.712618e+00	9.147044e-03	1.723571e+00	0.000000e+00	3.491918e+00	9.147044e-03	3.490223e+00	0.000000e+00	9.992421e-01	1.920072e-01	1.646284e-01	8.997812e+00
110	-1.452699e+00	3.652214e-02	-1.440292e+00	0.000000e+00	-3.165318e+00	2.737510e-02	-3.163863e+00	0.000000e+00	1.000793e+00	1.919938e-01	9.588512e-02	8.998406e+00
111	1.593510e+00	8.217084e-02	1.606203e+00	9.648390e-01	3.046209e+00	4.564869e-02	3.046495e+00	9.648390e-01	9.979985e-01	1.919519e-01	1.630895e-01	8.999413e+00
112	-2.238810e+00	0.000000e+00	-2.223790e+00	0.000000e+00	-3.832320e+00	-8.217084e-02	-3.829993e+00	-9.648390e-01	9.957240e-01	1.919032e-01	7.592651e-02	8.997544e+00
113	2.153271e+00	0.000000e+00	2.160717e+00	0.000000e+00	4.392081e+00	0.000000e+00	4.384508e+00	0.000000e+00	9.979203e-01	1.919032e-01	1.000000e+00	9.000000e+00
114	-9.964732e-01	0.000000e+00	-9.841404e-01	0.000000e+00	-3.149745e+00	0.000000e+00	-3.144858e+00	0.000000e+00	9.983379e-01	1.919032e-01	1.000000e+00	9.000000e+00
115	1.345187e+00	1.414483e-02	1.360631e+00	0.000000e+00	2.341660e+00	1.414483e-02	2.344772e+00	0.000000e+00	9.996130e-01	1.919109e-01	2.660725e-01	8.995567e+00
116	-1.860198e+00	4.679255e-02	-1.847617e+00	7.792769e-02	-3.205385e+00	3.264772e-02	-3.208248e+00	7.792769e-02	1.002185e+00	1.918847e-01	1.080295e-01	8.997176e+00
117	2.333391e+00	7.883958e-02	2.341602e+00	0.000000e+00	4.193588e+00	3.204703e-02	4.189219e+00	-7.792769e-02	9.981818e-01	1.918541e-01	-5.860902e-02	8.995903e+00
118	-1.673343e+00	1.399931e-01	-1.682204e+00	1.714289e+00	-4.006734e+00	6.115356e-02	-4.023806e+00	1.714289e+00	1.005789e+00	1.917380e-01	-2.545029e-01	8.998893e+00
119	1.869489e+00	0.000000e+00	1.880159e+00	4.353397e-01	3.542832e+00	-1.399931e-01	3.562363e+00	-1.278949e+00	1.011763e+00	1.915019e-01	-5.066281e-02	8.990838e+00
120	-2.207376e+00	0.000000e+00	-2.191409e+00	0.000000e+00	-4.076865e+00	0.000000e+00	-4.071568e+00	-4.353397e-01	1.000687e+00	1.915019e-01	1.000000e+00	9.000000e+00
121	1.915389e+00	2.203958e-02	1.923890e+00	9.115304e-01	4.122765e+00	2.203958e-02	4.115300e+00	9.115304e-01	9.976938e-01	1.914859e-01	2.970670e-01	8.996242e+00
122	-2.042911e+00	0.000000e+00	-2.027416e+00	0.000000e+00	-3.958300e+00	-2.203958e-02	-3.951306e+00	-9.115304e-01	9.972500e-01	1.914835e-01	1.986076e-01	8.995694e+00
123	2.257348e+00	0.000000e+00	2.265155e+00	0.000000e+00	4.300259e+00	0.000000e+00	4.292570e+00	0.000000e+00	9.980747e-01	1.914835e-01	1.000000e+00	9.000000e+00
124	-1.507300e+00	0.000000e+00	-1.492564e+00	5.337677e-01	-3.764648e+00	0.000000e+00	-3.757718e+00	5.337677e-01	9.981451e-01	1.914835e-01	1.000000e+00	9.000000e+00
125	2.168473e+00	0.000000e+00	2.178716e+00	0.000000e+00	3.675773e+00	0.000000e+00	3.671280e+00	-5.337677e-01	9.986685e-01	1.914835e-01	1.000000e+00	9.000000e+00
126	-1.763089e+00	0.000000e+00	-1.747691e+00	0.000000e+00	-3.931562e+00	0.000000e+00	-3.926407e+00	0.000000e+00	9.986856e-01	1.914835e-01	1.000000e+00	9.000000e+00
127	1.963862e+00	0.000000e+00	1.973907e+00	0.000000e+00	3.726951e+00	0.000000e+00	3.721599e+00	0.000000e+00	9.985845e-01	1.914835e-01	1.000000e+00	9.000000e+00
128	-1.772006e+00	0.000000e+00	-1.757374e+00	0.000000e+00	-3.735868e+00	0.000000e+00	-3.731281e+00	0.000000e+00	9.987404e-01	1.914835e-01	1.000000e+00	9.000000e+00
129	2.189044e+00	1.136211e-02	2.198172e+00	6.105148e-02	3.961050e+00	1.136211e-02	3.955546e+00	6.105148e-02	9.981680e-01	1.914818e-01	1.486464e-01	8.997558e+00
130	-2.140879e+00	2.634970e-02	-2.123929e+00	0.000000e+00	-4.329923e+00	1.498758e-02	-4.322101e+00	-6.105148e-02	9.987590e-01	1.914798e-01	5.988408e-02	8.997865e+00
131	2.396796e+00	6.876807e-02	2.403681e+00	0.000000e+00	4.537675e+00	4.241837e-02	4.527610e+00	0.000000e+00	9.963632e-01	1.914574e-01	-6.479167e-02	8.996700e+00
132	-1.108631e+00	1.301876e-01	-1.094911e+00	4.079735e-01	-3.505427e+00	6.141948e-02	-3.498592e+00	4.079735e-01	1.000481e+00	1.913852e-01	2.182385e-02	8.995182e+00
133	2.206849e+00	1.078445e-01	2.218496e+00	0.000000e+00	3.315480e+00	-2.234302e-02	3.313407e+00	-4.079735e-01	1.000628e+00	1.913842e-01	-4.589555e-02	8.995638e+00
134	-1.406353e+00	1.610895e-01	-1.392193e+00	3.518332e-01	-3.613203e+00	5.324500e-02	-3.610689e+00	3.518332e-01	1.001861e+00	1.913661e-01	2.088793e-02	8.994654e+00
135	2.190488e+00	1.446369e-01	2.201037e+00	0.000000e+00	3.596841e+00	-1.645261e-02	3.593230e+00	-3.518332e-01	1.000224e+00	1.913736e-01	-4.292905e-02	8.994946e+00
136	-1.326011e+00	1.960510e-01	-1.312233e+00	7.518377e-01	-3.516499e+00	5.141402e-02	-3.513270e+00	7.518377e-01	1.001578e+00	1.913538e-01	-7.510987e-02	8.995417e+00
137	2.127581e+00	7.671924e-02	2.138688e+00	0.000000e+00	3.453592e+00	-1.193317e-01	3.450922e+00	-7.518377e-01	1.005041e+00	1.912341e-01	6.161887e-02	8.990692e+00
138	-1.434458e+00	8.091714e-02	-1.420501e+00	0.000000e+00	-3.562040e+00	4.197891e-03	-3.559189e+00	0.000000e+00	1.000432e+00	1.912395e-01	1.974699e-02	8.990742e+00
139	1.555119e+00	1.041954e-01	1.568039e+00	0.000000e+00	2.989578e+00	2.327831e-02	2.988540e+00	0.000000e+00	9.986715e-01	1.912258e-01	-4.992387e-02	8.990199e+00
140	-1.714791e+00	1.465639e-01	-1.701968e+00	1.549039e+00	-3.269910e+00	4.236848e-02	-3.270007e+00	1.549039e+00	1.001741e+00	1.911861e-01	-2.958341e-01	8.993385e+00
141	2.051495e+00	0.000000e+00	2.061377e+00	5.615986e-02	3.766286e+00	-1.465639e-01	3.763344e+00	-1.492880e+00	1.005830e+00	1.910269e-01	-8.843283e-02	8.985315e+00
142	-2.190921e+00	2.085037e-02	-2.174310e+00	9.944979e-01	-4.242416e+00	2.085037e-02	-4.235687e+00	9.383380e-01	1.000292e+00	1.910541e-01	-1.641721e-01	8.985687e+00
143	1.980590e+00	0.000000e+00	1.988903e+00	0.000000e+00	4.171510e+00	-2.085037e-02	4.163214e+00	-9.944979e-01	9.991622e-01	1.910598e-01	-1.891519e-01	8.985812e+00
144	-1.790288e+00	0.000000e+00	-1.775526e+00	4.914863e-02	-3.770878e+00	0.000000e+00	-3.764429e+00	4.914863e-02	9.984356e-01	1.910598e-01	1.000000e+00	9.000000e+00
145	2.199283e+00	0.000000e+00	2.208300e+00	3.473119e-02	3.989571e+00	0.000000e+00	3.983826e+00	-1.441744e-02	9.985405e-01	1.910598e-01	1.000000e+00	9.000000e+00
146	-2.141001e+00	0.000000e+00	-2.124012e+00	0.000000e+00	-4.340284e+00	0.000000e+00	-4.332312e+00	-3.473119e-02	9.982164e-01	1.910598e-01	1.000000e+00	9.000000e+00
147	1.668034e+00	6.196302e-03	1.677765e+00	1.291833e-01	3.809035e+00	6.196302e-03	3.801777e+00	1.291833e-01	9.978551e-01	1.910592e-01	1.811847e-01	8.998668e+00
148	-2.178315e+00	0.000000e+00	-2.163253e+00	5.821786e-01	-3.846350e+00	-6.196302e-03	-3.841018e+00	4.529953e-01	9.982324e-01	1.910598e-01	-8.113399e-02	8.998245e+00
149	2.131545e+00	0.000000e+00	2.139312e+00	2.199469e-01	4.309861e+00	0.000000e+00	4.302565e+00	-3.622317e-01	9.982966e-01	1.910598e-01	1.000000e+00	9.000000e+00
150	-2.029046e+00	0.000000e+00	-2.012764e+00	3.365361e-02	-4.160592e+00	0.000000e+00	-4.152076e+00	-1.862933e-01	9.980042e-01	1.910598e-01	1.000000e+00	9.000000e+00
151	2.105793e+00	0.000000e+00	2.114249e+00	0.000000e+00	4.134839e+00	0.000000e+00	4.127012e+00	-3.365361e-02	9.980917e-01	1.910598e-01	1.000000e+00	9.000000e+00
152	-1.509105e+00	0.000000e+00	-1.494951e+00	0.000000e+00	-3.614898e+00	0.000000e+00	-3.609200e+00	0.000000e+00	9.983652e-01	1.910598e-01	1.000000e+00	9.000000e+00
153	1.499094e+00	1.120291e-02	1.511942e+00	6.050220e-01	3.008198e+00	1.120291e-02	3.006893e+00	6.050220e-01	9.987459e-01	1.910612e-01	3.523702e-01	8.997588e+00
154	-2.291542e+00	0.000000e+00	-2.276685e+00	1.059304e+00	-3.790635e+00	-1.120291e-02	-3.788626e+00	4.542823e-01	9.988788e-01	1.910616e-01	-6.359333e-02	8.996359e+00
155	2.036977e+00	0.000000e+00	2.044670e+00	0.000000e+00	4.328519e+00	0.000000e+00	4.321355e+00	-1.059304e+00	9.984206e-01	1.910616e-01	1.000000e+00	9.000000e+00
156	-1.775346e+00	0.000000e+00	-1.760424e+00	1.082319e+00	-3.812323e+00	0.000000e+00	-3.805094e+00	1.082319e+00	9.981561e-01	1.910616e-01	1.000000e+00	9.000000e+00
157	1.998707e+00	0.000000e+00	2.008567e+00	0.000000e+00	3.774053e+00	0.000000e+00	3.768991e+00	-1.082319e+00	9.985747e-01	1.910616e-01	1.000000e+00	9.000000e+00
158	-2.063374e+00	0.000000e+00	-2.047468e+00	0.000000e+00	-4.062081e+00	0.000000e+00	-4.056034e+00	0.000000e+00	9.985212e-01	1.910616e-01	1.000000e+00	9.000000e+00
159	1.134530e+00	0.000000e+00	1.146644e+00	1.047921e-01	3.197904e+00	0.000000e+00	3.194112e+00	1.047921e-01	9.987540e-01	1.910616e-01	1.000000e+00	9.000000e+00
160	-2.314951e+00	0.000000e+00	-2.301429e+00	3.401889e-01	-3.449481e+00	0.000000e+00	-3.448073e+00	2.353968e-01	9.994354e-01	1.910616e-01	1.000000e+00	9.000000e+00
161	2.207725e+00	0.000000e+00	2.214655e+00	0.000000e+00	4.522676e+00	0.000000e+00	4.516084e+00	-3.401889e-01	9.986627e-01	1.910616e-01	1.000000e+00	9.000000e+00
162	-2.224994e+00	0.000000e+00	-2.207652e+00	2.814100e-01	-4.432719e+00	0.000000e+00	-4.422307e+00	2.814100e-01	9.977903e-01	1.910616e-01	1.000000e+00	9.000000e+00
163	1.975409e+00	0.000000e+00	1.983613e+00	0.000000e+00	4.200403e+00	0.000000e+00	4.191264e+00	-2.814100e-01	9.978193e-01	1.910616e-01	1.000000e+00	9.000000e+00
164	-1.942763e+00	5.112923e-03	-1.927426e+00	2.994916e-01	-3.918172e+00	5.112923e-03	-3.911038e+00	2.994916e-01	9.983314e-01	1.910610e-01	1.051243e-01	9.001168e+00
165	2.095914e+00	0.000000e+00	2.104742e+00	0.000000e+00	4.038677e+00	-5.112923e-03	4.032167e+00	-2.994916e-01	9.985841e-01	1.910606e-01	-3.694577e-02	9.001348e+00
166	-2.892354e+00	9.329569e-03	-2.872834e+00	0.000000e+00	-4.988268e+00	9.329569e-03	-4.977575e+00	0.000000e+00	9.982585e-01	1.910612e-01	1.034495e-02	9.001259e+00
167	4.410602e-01	3.818506e-02	4.526590e-01	3.689726e-02	3.333414e+00	2.885549e-02	3.325493e+00	3.689726e-02	9.964160e-01	1.910453e-01	-5.179999e-02	9.000721e+00
168	-2.295969e+00	7.702553e-02	-2.285232e+00	5.692208e-02	-2.737029e+00	3.884046e-02	-2.737891e+00	2.002481e-02	1.001372e+00	1.909750e-01	7.730598e-02	8.998889e+00
169	2.448117e+00	1.259230e-01	2.454171e+00	0.000000e+00	4.744085e+00	4.889748e-02	4.739403e+00	-5.692208e-02	9.975967e-01	1.909361e-01	-8.151712e-02	8.997252e+00
170	-3.015279e+00	2.024644e-01	-2.993914e+00	4.720860e-01	-5.463395e+00	7.654135e-02	-5.448085e+00	4.720860e-01	9.996226e-01	1.909077e-01	2.633553e-02	8.995741e+00
171	1.631375e+00	1.763347e-01	1.637852e+00	4.465722e-01	4.646654e+00	-2.612965e-02	4.631765e+00	-2.551385e-02	9.980982e-01	1.909163e-01	4.264587e-02	8.995649e+00
172	-1.966231e+00	1.213522e-01	-1.952153e+00	0.000000e+00	-3.597607e+00	-5.498246e-02	-3.590004e+00	-4.465722e-01	9.955239e-01	1.908769e-01	-3.421544e-03	8.994945e+00
173	1.511490e+00	1.495088e-01	1.522504e+00	0.000000e+00	3.477721e+00	2.815652e-02	3.474656e+00	0.000000e+00	9.971946e-01	1.908904e-01	-5.999610e-02	8.994487e+00
174	-1.879639e+00	1.972091e-01	-1.866349e+00	5.217938e-01	-3.391129e+00	4.770038e-02	-3.388853e+00	5.217938e-01	1.001094e+00	1.908356e-01	-3.358289e-02	8.994116e+00
175	2.214737e+00	1.293416e-01	2.223339e+00	3.270326e+00	4.094376e+00	-6.786756e-02	4.089688e+00	2.748533e+00	1.001878e+00	1.908226e-01	6.910327e-01	8.982105e+00
176	-2.101408e+00	0.000000e+00	-2.084514e+00	1.443481e+00	-4.316144e+00	-1.293416e-01	-4.307853e+00	-1.826845e+00	9.937197e-01	1.905781e-01	2.307666e-01	8.968312e+00
177	1.728485e+00	0.000000e+00	1.738135e+00	1.167040e+00	3.829893e+00	0.000000e+00	3.822649e+00	-2.764410e-01	9.973887e-01	1.905781e-01	1.000000e+00	9.000000e+00
178	-2.123385e+00	0.000000e+00	-2.108301e+00	0.000000e+00	-3.851870e+00	0.000000e+00	-3.846435e+00	-1.167040e+00	9.983936e-01	1.905781e-01	1.000000e+00	9.000000e+00
179	1.424494e+00	2.091010e-02	1.435238e+00	3.869246e-01	3.547879e+00	2.091010e-02	3.543538e+00	3.869246e-01	9.977869e-01	1.905745e-01	2.261904e-01	8.995439e+00
180	-2.208261e+00	0.000000e+00	-2.194029e+00	9.873232e-01	-3.632755e+00	-2.091010e-02	-3.629267e+00	6.003985e-01	9.979154e-01	1.905753e-01	-1.394622e-01	8.993335e+00
181	2.050493e+00	0.000000e+00	2.058456e+00	0.000000e+00	4.258754e+00	0.000000e+00	4.252485e+00	-9.873232e-01	9.984396e-01	1.905753e-01	1.000000e+00	9.000000e+00
182	-2.420138e+00	0.000000e+00	-2.402643e+00	8.598913e-01	-4.470630e+00	0.000000e+00	-4.461099e+00	8.598913e-01	9.979461e-01	1.905753e-01	1.000000e+00	9.000000e+00
183	1.792232e+00	0.000000e+00	1.800389e+00	0.000000e+00	4.212369e+00	0.000000e+00	4.203032e+00	-8.598913e-01	9.978072e-01	1.905753e-01	1.000000e+00	9.000000e+00
184	-2.346179e+00	0.000000e+00	-2.329981e+00	1.219056e-01	-4.138410e+00	0.000000e+00	-4.130370e+00	1.219056e-01	9.980199e-01	1.905753e-01	1.000000e+00	9.000000e+00
185	2.083863e+00	0.000000e+00	2.091165e+00	0.000000e+00	4.430042e+00	0.000000e+00	4.421146e+00	-1.219056e-01	9.979959e-01	1.905753e-01	1.000000e+00	9.000000e+00
186	-2.298877e+00	0.000000e+00	-2.281728e+00	0.000000e+00	-4.382739e+00	0.000000e+00	-4.372893e+00	0.000000e+00	9.977872e-01	1.905753e-01	1.000000e+00	9.000000e+00
187	5.545306e-01	0.000000e+00	5.679952e-01	0.000000e+00	2.853407e+00	0.000000e+00	2.849723e+00	0.000000e+00	9.984901e-01	1.905753e-01	1.000000e+00	9.000000e+00
188	-8.158150e-01	7.410096e-03	-8.104095e-01	0.000000e+00	-1.370346e+00	7.410096e-03	-1.378405e+00	0.000000e+00	1.002364e+00	1.905543e-01	5.623575e-01	9.002367e+00
189	-2.847045e+00	3.452845e-02	-2.839089e+00	0.000000e+00	-2.031230e+00	2.711836e-02	-2.028680e+00	0.000000e+00	1.001676e+00	1.905635e-01	2.794732e-01	9.006143e+00
190	1.159036e+00	8.135962e-02	1.167962e+00	1.154438e+00	4.006080e+00	4.683116e-02	4.007051e+00	1.154438e+00	9.985834e-01	1.905273e-01	1.978959e-01	9.005190e+00
191	-1.829111e+00	0.000000e+00	-1.817404e+00	0.000000e+00	-2.988147e+00	-8.135962e-02	-2.985366e+00	-1.154438e+00	9.949364e-01	1.904280e-01	1.538797e-01	9.003991e+00
192	1.507784e+00	0.000000e+00	1.519339e+00	1.175493e-01	3.336896e+00	0.000000e+00	3.336743e+00	1.175493e-01	9.989775e-01	1.904280e-01	1.000000e+00	9.000000e+00
193	-2.273428e+00	0.000000e+00	-2.258613e+00	0.000000e+00	-3.781213e+00	0.000000e+00	-3.777952e+00	-1.175493e-01	9.991110e-01	1.904280e-01	1.000000e+00	9.000000e+00
194	1.301896e+00	1.134221e-02	1.312532e+00	6.338387e-01	3.575324e+00	1.134221e-02	3.571144e+00	6.338387e-01	9.983846e-01	1.904257e-01	3.007105e-01	8.997782e+00
195	-2.124873e+00	0.000000e+00	-2.111445e+00	0.000000e+00	-3.426769e+00	-1.134221e-02	-3.423977e+00	-6.338387e-01	9.985229e-01	1.904262e-01	1.825822e-01	8.997391e+00
196	1.432120e+00	0.000000e+00	1.442822e+00	7.303243e-03	3.556993e+00	0.000000e+00	3.554267e+00	7.303243e-03	9.991060e-01	1.904262e-01	1.000000e+00	9.000000e+00
197	-2.236091e+00	0.000000e+00	-2.221720e+00	8.094818e-01	-3.668211e+00	0.000000e+00	-3.664542e+00	8.021785e-01	9.990181e-01	1.904262e-01	1.000000e+00	9.000000e+00
198	2.079528e+00	0.000000e+00	2.087270e+00	0.000000e+00	4.315619e+00	0.000000e+00	4.308990e+00	-8.094818e-01	9.985428e-01	1.904262e-01	1.000000e+00	9.000000e+00
199	-1.792248e+00	0.000000e+00	-1.777093e+00	4.903370e-02	-3.871776e+00	0.000000e+00	-3.864363e+00	4.903370e-02	9.981595e-01	1.904262e-01	1.000000e+00	9.000000e+00
200	2.182172e+00	0.000000e+00	2.191250e+00	0.000000e+00	3.974420e+00	0.000000e+00	3.968343e+00	-4.903370e-02	9.984222e-01	1.904262e-01	1.000000e+00	9.000000e+00
201	-2.460901e+00	0.000000e+00	-2.442728e+00	0.000000e+00	-4.643073e+00	0.000000e+00	-4.633978e+00	0.000000e+00	9.980910e-01	1.904262e-01	1.000000e+00	9.000000e+00
202	9.026580e-01	0.000000e+00	9.141337e-01	8.775690e-01	3.363558e+00	0.000000e+00	3.356862e+00	8.775690e-01	9.980248e-01	1.904262e-01	1.000000e+00	9.000000e+00
203	-2.111667e+00	0.000000e+00	-2.099847e+00	0.000000e+00	-3.014325e+00	0.000000e+00	-3.013981e+00	-8.775690e-01	9.994739e-01	1.904262e-01	1.000000e+00	9.000000e+00
204	1.388711e+00	0.000000e+00	1.399627e+00	2.887156e-01	3.500378e+00	0.000000e+00	3.499475e+00	2.887156e-01	9.996929e-01	1.904262e-01	1.000000e+00	9.000000e+00
205	-2.209456e+00	0.000000e+00	-2.195358e+00	0.000000e+00	-3.598167e+00	0.000000e+00	-3.594986e+00	-2.887156e-01	9.992180e-01	1.904262e-01	1.000000e+00	9.000000e+00
206	1.551939e+00	0.000000e+00	1.561845e+00	0.000000e+00	3.761395e+00	0.000000e+00	3.757203e+00	0.000000e+00	9.989412e-01	1.904262e-01	1.000000e+00	9.000000e+00
207	-1.383305e+00	0.000000e+00	-1.371801e+00	3.472539e-01	-2.935244e+00	0.000000e+00	-2.933645e+00	3.472539e-01	9.993376e-01	1.904262e-01	1.000000e+00	9.000000e+00
208	2.412812e+00	0.000000e+00	2.422572e+00	0.000000e+00	3.796117e+00	0.000000e+00	3.794373e+00	-3.472539e-01	9.995068e-01	1.904262e-01	1.000000e+00	9.000000e+00
209	-2.360243e+00	0.000000e+00	-2.341560e+00	0.000000e+00	-4.773055e+00	0.000000e+00	-4.764132e+00	0.000000e+00	9.983049e-01	1.904262e-01	1.000000e+00	9.000000e+00
210	1.371248e+00	0.000000e+00	1.381289e+00	9.342452e-01	3.731491e+00	0.000000e+00	3.722849e+00	9.342452e-01	9.977891e-01	1.904262e-01	1.000000e+00	9.000000e+00
211	-2.125815e+00	0.000000e+00	-2.112115e+00	2.278513e-01	-3.497063e+00	0.000000e+00	-3.493404e+00	-7.063940e-01	9.987399e-01	1.904262e-01	1.000000e+00	9.000000e+00
212	2.253242e+00	0.000000e+00	2.260733e+00	0.000000e+00	4.379056e+00	0.000000e+00	4.372848e+00	-2.278513e-01	9.986043e-01	1.904262e-01	1.000000e+00	9.000000e+00
213	-2.028492e+00	0.000000e+00	-2.011737e+00	0.000000e+00	-4.281734e+00	0.000000e+00	-4.272470e+00	0.000000e+00	9.979467e-01	1.904262e-01	1.000000e+00	9.000000e+00
214	1.787417e+00	0.000000e+00	1.797120e+00	0.000000e+00	3.815909e+00	0.000000e+00	3.808857e+00	0.000000e+00	9.981182e-01	1.904262e-01	1.000000e+00	9.000000e+00
215	-1.936155e+00	0.000000e+00	-1.921572e+00	0.000000e+00	-3.723571e+00	0.000000e+00	-3.718691e+00	0.000000e+00	9.985925e-01	1.904262e-01	1.000000e+00	9.000000e+00
216	1.976929e+00	7.610640e-03	1.986244e+00	1.198686e+00	3.913083e+00	7.610640e-03	3.907816e+00	1.198686e+00	9.983328e-01	1.904257e-01	4.024351e-01	8.998838e+00
217	-1.929664e+00	0.000000e+00	-1.914368e+00	0.000000e+00	-3.906593e+00	-7.610640e-03	-3.900612e+00	-1.198686e+00	9.981355e-01	1.904253e-01	3.074146e-01	8.998653e+00
218	1.616516e+00	0.000000e+00	1.627267e+00	0.000000e+00	3.546181e+00	0.000000e+00	3.541635e+00	0.000000e+00	9.986131e-01	1.904253e-01	1.000000e+00	9.000000e+00
219	-1.437475e+00	1.358011e-02	-1.425504e+00	0.000000e+00	-3.053992e+00	1.358011e-02	-3.052771e+00	0.000000e+00	1.000048e+00	1.904189e-01	2.490610e-01	9.003339e+00
220	1.625174e+00	4.706423e-02	1.637801e+00	6.198622e-01	3.062650e+00	3.348412e-02	3.063305e+00	6.198622e-01	9.985479e-01	1.904025e-01	1.354527e-01	9.002097e+00
221	-2.272690e+00	0.000000e+00	-2.257415e+00	1.186083e+00	-3.897864e+00	-4.706423e-02	-3.895216e+00	5.662212e-01	9.972667e-01	1.903871e-01	-1.914133e-01	8.998150e+00
222	2.104193e+00	0.000000e+00	2.111699e+00	0.000000e+00	4.376883e+00	0.000000e+00	4.369113e+00	-1.186083e+00	9.980910e-01	1.903871e-01	1.000000e+00	9.000000e+00
223	-1.600112e+00	0.000000e+00	-1.585613e+00	8.835724e-01	-3.704305e+00	0.000000e+00	-3.697312e+00	8.835724e-01	9.981086e-01	1.903871e-01	1.000000e+00	9.000000e+00
224	2.121642e+00	0.000000e+00	2.131704e+00	0.000000e+00	3.721754e+00	0.000000e+00	3.717317e+00	-8.835724e-01	9.986890e-01	1.903871e-01	1.000000e+00	9.000000e+00
225	-1.911667e+00	0.000000e+00	-1.895872e+00	0.000000e+00	-4.033309e+00	0.000000e+00	-4.027577e+00	0.000000e+00	9.985958e-01	1.903871e-01	1.000000e+00	9.000000e+00
226	1.607398e+00	0.000000e+00	1.618257e+00	9.479905e-01	3.519065e+00	0.000000e+00	3.514129e+00	9.479905e-01	9.985972e-01	1.903871e-01	1.000000e+00	9.000000e+00
227	-2.191310e+00	0.000000e+00	-2.176429e+00	0.000000e+00	-3.798708e+00	0.000000e+00	-3.794686e+00	-9.479905e-01	9.988842e-01	1.903871e-01	1.000000e+00	9.000000e+00
228	2.056342e+00	0.000000e+00	2.064351e+00	0.000000e+00	4.247652e+00	0.000000e+00	4.240780e+00	0.000000e+00	9.984549e-01	1.903871e-01	1.000000e+00	9.000000e+00
229	-1.558221e+00	0.000000e+00	-1.544070e+00	6.664672e-01	-3.614562e+00	0.000000e+00	-3.608421e+00	6.664672e-01	9.983281e-01	1.903871e-01	1.000000e+00	9.000000e+00
230	2.153704e+00	0.000000e+00	2.163803e+00	0.000000e+00	3.711924e+00	0.000000e+00	3.707873e+00	-6.664672e-01	9.988096e-01	1.903871e-01	1.000000e+00	9.000000e+00
231	-2.368428e+00	0.000000e+00	-2.350724e+00	0.000000e+00	-4.522132e+00	0.000000e+00	-4.514528e+00	0.000000e+00	9.983845e-01	1.903871e-01	1.000000e+00	9.000000e+00
232	1.729008e+00	0.000000e+00	1.737615e+00	0.000000e+00	4.097436e+00	0.000000e+00	4.088340e+00	0.000000e+00	9.978712e-01	1.903871e-01	1.000000e+00	9.000000e+00
233	-1.900932e+00	0.000000e+00	-1.886719e+00	0.000000e+00	-3.629940e+00	0.000000e+00	-3.624334e+00	0.000000e+00	9.983533e-01	1.903871e-01	1.000000e+00	9.000000e+00
234	2.040366e+00	0.000000e+00	2.049570e+00	0.000000e+00	3.941298e+00	0.000000e+00	3.936289e+00	0.000000e+00	9.986695e-01	1.903871e-01	1.000000e+00	9.000000e+00
235	-1.875020e+00	1.826400e-02	-1.859690e+00	6.162126e-01	-3.915386e+00	1.826400e-02	-3.909259e+00	6.162126e-01	9.992189e-01	1.903845e-01	6.267458e-02	9.004372e+00
236	2.119206e+00	0.000000e+00	2.128207e+00	0.000000e+00	3.994226e+00	-1.826400e-02	3.987896e+00	-6.162126e-01	9.992755e-01	1.903842e-01	-8.570890e-02	9.005051e+00
237	-2.090295e+00	0.000000e+00	-2.073816e+00	0.000000e+00	-4.209500e+00	0.000000e+00	-4.202023e+00	0.000000e+00	9.983776e-01	1.903842e-01	1.000000e+00	9.000000e+00
238	2.042738e+00	4.822775e-03	2.051201e+00	0.000000e+00	4.133032e+00	4.822775e-03	4.125017e+00	0.000000e+00	9.979192e-01	1.903837e-01	1.406404e-01	8.998997e+00
239	-1.752389e+00	2.964011e-02	-1.737531e+00	0.000000e+00	-3.795126e+00	2.481734e-02	-3.788732e+00	0.000000e+00	9.992879e-01	1.903748e-01	7.241343e-02	8.999443e+00
240	1.951492e+00	7.445378e-02	1.961626e+00	1.735134e-01	3.703881e+00	4.481367e-02	3.699157e+00	1.735134e-01	9.969113e-01	1.903460e-01	-3.905014e-02	8.998095e+00
241	-2.194918e+00	9.329601e-02	-2.178682e+00	2.043487e-01	-4.146411e+00	1.884222e-02	-4.140308e+00	3.083534e-02	9.990233e-01	1.903364e-01	2.264897e-02	8.997814e+00
242	2.108300e+00	1.032802e-01	2.116098e+00	0.000000e+00	4.303218e+00	9.984205e-03	4.294779e+00	-2.043487e-01	9.978007e-01	1.903336e-01	-5.538480e-02	8.997633e+00
243	-1.541629e+00	1.630367e-01	-1.527341e+00	5.880691e-02	-3.649929e+00	5.975648e-02	-3.643439e+00	5.880691e-02	1.000722e+00	1.902857e-01	9.869501e-02	8.995111e+00
244	2.232241e+00	2.272102e-01	2.242099e+00	1.220296e+00	3.773870e+00	6.417353e-02	3.769440e+00	1.161489e+00	9.964483e-01	1.902131e-01	1.454300e-01	8.995905e+00
245	-2.082986e+00	2.721022e-02	-2.066091e+00	0.000000e+00	-4.315227e+00	-2.000000e-01	-4.308190e+00	-1.220296e+00	9.905448e-01	1.899395e-01	-9.394608e-02	8.984811e+00
246	2.043865e+00	2.501754e-02	2.052355e+00	0.000000e+00	4.126852e+00	-2.192688e-03	4.118446e+00	0.000000e+00	9.969374e-01	1.899361e-01	-1.001815e-02	8.984766e+00
247	-1.583178e+00	4.282396e-02	-1.568977e+00	0.000000e+00	-3.627043e+00	1.780642e-02	-3.621331e+00	0.000000e+00	9.989331e-01	1.899263e-01	3.461622e-02	8.984547e+00
248	2.013777e+00	8.063068e-02	2.024325e+00	6.535968e-01	3.596954e+00	3.780672e-02	3.593302e+00	6.535968e-01	9.973330e-01	1.899095e-01	7.793931e-02	8.985003e+00
249	-2.170168e+00	0.000000e+00	-2.153783e+00	0.000000e+00	-4.183945e+00	-8.063068e-02	-4.178108e+00	-6.535968e-01	9.952979e-01	1.898702e-01	-2.925782e-03	8.983444e+00
250	2.504401e+00	0.000000e+00	2.510749e+00	3.779091e-01	4.674569e+00	0.000000e+00	4.664532e+00	3.779091e-01	9.975216e-01	1.898702e-01	1.000000e+00	9.000000e+00
251	-1.871452e+00	0.000000e+00	-1.854334e+00	0.000000e+00	-4.375854e+00	0.000000e+00	-4.365083e+00	-3.779091e-01	9.975363e-01	1.898702e-01	1.000000e+00	9.000000e+00
252	1.654665e+00	0.000000e+00	1.665502e+00	4.545162e-01	3.526118e+00	0.000000e+00	3.519836e+00	4.545162e-01	9.980947e-01	1.898702e-01	1.000000e+00	9.000000e+00
253	-2.176443e+00	0.000000e+00	-2.161436e+00	0.000000e+00	-3.831109e+00	0.000000e+00	-3.826938e+00	-4.545162e-01	9.987774e-01	1.898702e-01	1.000000e+00	9.000000e+00
254	2.472088e+00	0.000000e+00	2.478532e+00	3.959177e-01	4.648531e+00	0.000000e+00	4.639967e+00	3.959177e-01	9.982386e-01	1.898702e-01	1.000000e+00	9.000000e+00
255	-1.853791e+00	0.000000e+00	-1.836868e+00	0.000000e+00	-4.325879e+00	0.000000e+00	-4.315400e+00	-3.959177e-01	9.976713e-01	1.898702e-01	1.000000e+00	9.000000e+00
256	2.015479e+00	0.000000e+00	2.024974e+00	0.000000e+00	3.869270e+00	0.000000e+00	3.861842e+00	0.000000e+00	9.980141e-01	1.898702e-01	1.000000e+00	9.000000e+00
257	-1.095608e+00	0.000000e+00	-1.083418e+00	6.537133e-01	-3.111087e+00	0.000000e+00	-3.108392e+00	6.537133e-01	9.988958e-01	1.898702e-01	1.000000e+00	9.000000e+00
258	2.210510e+00	0.000000e+00	2.222187e+00	0.000000e+00	3.306118e+00	0.000000e+00	3.305605e+00	-6.537133e-01	9.996579e-01	1.898702e-01	1.000000e+00	9.000000e+00
259	-1.137801e+00	0.000000e+00	-1.124676e+00	2.391720e-01	-3.348311e+00	0.000000e+00	-3.346863e+00	2.391720e-01	9.995850e-01	1.898702e-01	1.000000e+00	9.000000e+00
260	2.264441e+00	0.000000e+00	2.275746e+00	0.000000e+00	3.402242e+00	0.000000e+00	3.400422e+00	-2.391720e-01	9.994878e-01	1.898702e-01	1.000000e+00	9.000000e+00
261	-9.989425e-01	0.000000e+00	-9.861508e-01	0.000000e+00	-3.263383e+00	0.000000e+00	-3.261896e+00	0.000000e+00	9.995331e-01	1.898702e-01	1.000000e+00	9.000000e+00
262	1.133370e+00	0.000000e+00	1.149635e+00	1.991622e-01	2.132313e+00	0.000000e+00	2.135785e+00	1.991622e-01	1.000916e+00	1.898702e-01	1.000000e+00	9.000000e+00
263	-2.592065e+00	0.000000e+00	-2.577449e+00	0.000000e+00	-3.725436e+00	0.000000e+00	-3.727084e+00	-1.991622e-01	1.000523e+00	1.898702e-01	1.000000e+00	9.000000e+00
264	2.979532e+00	3.321748e-03	2.982369e+00	3.646750e-01	5.571598e+00	3.321748e-03	5.559818e+00	3.646750e-01	9.980683e-01	1.898688e-01	1.611290e-01	8.999500e+00
265	-1.640751e+00	0.000000e+00	-1.622692e+00	0.000000e+00	-4.620283e+00	-3.321748e-03	-4.605061e+00	-3.646750e-01	9.967658e-01	1.898678e-01	8.410854e-02	8.999444e+00
266	1.634334e+00	0.000000e+00	1.646155e+00	0.000000e+00	3.275085e+00	0.000000e+00	3.268847e+00	0.000000e+00	9.978303e-01	1.898678e-01	1.000000e+00	9.000000e+00
267	-1.708790e+00	1.989958e-02	-1.695685e+00	0.000000e+00	-3.343124e+00	1.989958e-02	-3.341840e+00	0.000000e+00	1.000180e+00	1.898538e-01	2.373874e-01	9.004539e+00
268	2.147708e+00	5.986190e-02	2.157239e+00	1.170086e-01	3.856498e+00	3.996231e-02	3.852924e+00	1.170086e-01	9.976058e-01	1.898272e-01	-1.410329e-02	9.001933e+00
269	-2.136882e+00	8.878615e-02	-2.120108e+00	0.000000e+00	-4.284590e+00	2.892425e-02	-4.277346e+00	-1.170086e-01	9.993063e-01	1.898157e-01	7.342961e-02	9.001342e+00
270	2.732387e+00	1.548786e-01	2.737976e+00	1.357288e+00	4.869269e+00	6.609242e-02	4.858084e+00	1.357288e+00	9.956450e-01	1.897660e-01	1.462539e-01	9.002331e+00
271	-1.339220e+00	0.000000e+00	-1.323293e+00	1.225405e+00	-4.071607e+00	-1.548786e-01	-4.061269e+00	-1.318827e-01	9.910711e-01	1.895920e-01	-2.400657e-01	8.987636e+00
272	1.917900e+00	0.000000e+00	1.929782e+00	4.369624e-01	3.257119e+00	0.000000e+00	3.253076e+00	-7.884428e-01	9.972157e-01	1.895920e-01	1.000000e+00	9.000000e+00
273	-2.248365e+00	0.000000e+00	-2.232044e+00	1.693584e-01	-4.166265e+00	0.000000e+00	-4.161826e+00	-2.676041e-01	9.986801e-01	1.895920e-01	1.000000e+00	9.000000e+00
274	2.130805e+00	0.000000e+00	2.138307e+00	0.000000e+00	4.379170e+00	0.000000e+00	4.370351e+00	-1.693584e-01	9.980830e-01	1.895920e-01	1.000000e+00	9.000000e+00
275	-1.073961e+00	0.000000e+00	-1.061413e+00	3.455774e-01	-3.204766e+00	0.000000e+00	-3.199720e+00	3.455774e-01	9.983552e-01	1.895920e-01	1.000000e+00	9.000000e+00
276	2.283632e+00	0.000000e+00	2.295110e+00	0.000000e+00	3.357593e+00	0.000000e+00	3.356523e+00	-3.455774e-01	9.994250e-01	1.895920e-01	1.000000e+00	9.000000e+00
277	-9.828194e-01	0.000000e+00	-9.700150e-01	0.000000e+00	-3.266452e+00	0.000000e+00	-3.265125e+00	0.000000e+00	9.995599e-01	1.895920e-01	1.000000e+00	9.000000e+00
278	1.166827e+00	0.000000e+00	1.183023e+00	0.000000e+00	2.149646e+00	0.000000e+00	2.153038e+00	0.000000e+00	1.000898e+00	1.895920e-01	1.000000e+00	9.000000e+00
279	-2.526766e+00	5.928706e-03	-2.512275e+00	0.000000e+00	-3.693593e+00	5.928706e-03	-3.695298e+00	0.000000e+00	1.000789e+00	1.895922e-01	1.834340e-01	9.001311e+00
280	2.912667e+00	3.195142e-02	2.916019e+00	0.000000e+00	5.439433e+00	2.602272e-02	5.428294e+00	0.000000e+00	9.974576e-01	1.895763e-01	-1.810996e-02	9.000346e+00
281	-5.359805e-01	7.806905e-02	-5.224961e-01	1.344478e+00	-3.448647e+00	4.611762e-02	-3.438515e+00	1.344478e+00	9.991974e-01	1.895530e-01	-2.225180e-01	9.003080e+00
282	1.968939e+00	0.000000e+00	1.983751e+00	1.460772e-01	2.504920e+00	-7.806905e-02	2.506247e+00	-1.198401e+00	1.004409e+00	1.893906e-01	-2.047436e-01	9.002526e+00
283	-2.473762e+00	0.000000e+00	-2.456350e+00	4.725339e-01	-4.442702e+00	0.000000e+00	-4.440101e+00	3.264567e-01	1.000101e+00	1.893906e-01	1.000000e+00	9.000000e+00
284	2.090993e+00	0.000000e+00	2.097773e+00	0.000000e+00	4.564755e+00	0.000000e+00	4.554124e+00	-4.725339e-01	9.979946e-01	1.893906e-01	1.000000e+00	9.000000e+00
285	-9.955607e-01	0.000000e+00	-9.834774e-01	0.000000e+00	-3.086554e+00	0.000000e+00	-3.081251e+00	0.000000e+00	9.982203e-01	1.893906e-01	1.000000e+00	9.000000e+00
286	1.328105e+00	3.224679e-03	1.343619e+00	1.022221e+00	2.323665e+00	3.224679e-03	2.327096e+00	1.022221e+00	1.000295e+00	1.893934e-01	6.030802e-01	8.999449e+00
287	-2.530767e+00	0.000000e+00	-2.515633e+00	1.011741e+00	-3.858872e+00	-3.224679e-03	-3.859252e+00	-1.048020e-02	9.999979e-01	1.893932e-01	9.396893e-02	8.999024e+00
288	2.356607e+00	0.000000e+00	2.362119e+00	0.000000e+00	4.887374e+00	0.000000e+00	4.877751e+00	-1.011741e+00	9.982738e-01	1.893932e-01	1.000000e+00	9.000000e+00
289	-6.516767e-01	0.000000e+00	-6.399041e-01	6.449922e-01	-3.008284e+00	0.000000e+00	-3.002023e+00	6.449922e-01	9.979975e-01	1.893932e-01	1.000000e+00	9.000000e+00
290	2.262621e+00	0.000000e+00	2.275827e+00	0.000000e+00	2.914298e+00	0.000000e+00	2.915731e+00	-6.449922e-01	9.999154e-01	1.893932e-01	1.000000e+00	9.000000e+00
291	-1.361093e+00	0.000000e+00	-1.346887e+00	8.571690e-01	-3.623714e+00	0.000000e+00	-3.622713e+00	8.571690e-01	9.997574e-01	1.893932e-01	1.000000e+00	9.000000e+00
292	2.186078e+00	0.000000e+00	2.196821e+00	0.000000e+00	3.547172e+00	0.000000e+00	3.543708e+00	-8.571690e-01	9.991559e-01	1.893932e-01	1.000000e+00	9.000000e+00
293	-1.854145e+00	0.000000e+00	-1.838321e+00	4.784944e-01	-4.040223e+00	0.000000e+00	-4.035142e+00	4.784944e-01	9.988059e-01	1.893932e-01	1.000000e+00	9.000000e+00
294	2.115583e+00	0.000000e+00	2.124682e+00	0.000000e+00	3.969728e+00	0.000000e+00	3.963003e+00	-4.784944e-01	9.983844e-01	1.893932e-01	1.000000e+00	9.000000e+00
295	-1.318622e+00	0.000000e+00	-1.305172e+00	2.628968e-01	-3.434206e+00	0.000000e+00	-3.429854e+00	2.628968e-01	9.986674e-01	1.893932e-01	1.000000e+00	9.000000e+00
296	2.276263e+00	0.000000e+00	2.286817e+00	0.000000e+00	3.594886e+00	0.000000e+00	3.591989e+00	-2.628968e-01	9.991008e-01	1.893932e-01	1.000000e+00	9.000000e+00
297	-2.034017e+00	0.000000e+00	-2.017138e+00	2.414672e-01	-4.310280e+00	0.000000e+00	-4.303955e+00	2.414672e-01	9.986135e-01	1.893932e-01	1.000000e+00	9.000000e+00
298	2.049172e+00	0.000000e+00	2.057831e+00	0.000000e+00	4.083188e+00	0.000000e+00	4.074970e+00	-2.414672e-01	9.980823e-01	1.893932e-01	1.000000e+00	9.000000e+00
299	-1.871388e+00	0.000000e+00	-1.856039e+00	0.000000e+00	-3.920560e+00	0.000000e+00	-3.913871e+00	0.000000e+00	9.982602e-01	1.893932e-01	1.000000e+00	9.000000e+00
300	1.589774e+00	0.000000e+00	1.600857e+00	0.000000e+00	3.461162e+00	0.000000e+00	3.456897e+00	0.000000e+00	9.986734e-01	1.893932e-01	1.000000e+00	9.000000e+00
301	-1.679447e+00	0.000000e+00	-1.666633e+00	1.163260e-01	-3.269221e+00	0.000000e+00	-3.267490e+00	1.163260e-01	9.993115e-01	1.893932e-01	1.000000e+00	9.000000e+00
302	2.312316e+00	0.000000e+00	2.321317e+00	8.213727e-01	3.991763e+00	0.000000e+00	3.987950e+00	7.050467e-01	9.990864e-01	1.893932e-01	1.000000e+00	9.000000e+00
303	-2.159466e+00	0.000000e+00	-2.141963e+00	0.000000e+00	-4.471782e+00	0.000000e+00	-4.463280e+00	-8.213727e-01	9.982334e-01	1.893932e-01	1.000000e+00	9.000000e+00
304	1.534165e+00	0.000000e+00	1.544349e+00	0.000000e+00	3.693630e+00	0.000000e+00	3.686311e+00	0.000000e+00	9.980553e-01	1.893932e-01	1.000000e+00	9.000000e+00
305	-1.691466e+00	0.000000e+00	-1.678826e+00	0.000000e+00	-3.225631e+00	0.000000e+00	-3.223175e+00	0.000000e+00	9.989982e-01	1.893932e-01	1.000000e+00	9.000000e+00
306	1.831212e+00	0.000000e+00	1.842044e+00	0.000000e+00	3.522678e+00	0.000000e+00	3.520871e+00	0.000000e+00	9.993981e-01	1.893932e-01	1.000000e+00	9.000000e+00
307	-1.961016e+00	1.325842e-03	-1.946161e+00	0.000000e+00	-3.792228e+00	1.325842e-03	-3.788205e+00	0.000000e+00	9.990705e-01	1.893933e-01	1.686124e-01	9.000291e+00
308	1.420349e+00	2.281934e-02	1.431742e+00	0.000000e+00	3.381365e+00	2.149350e-02	3.377903e+00	0.000000e+00	9.980207e-01	1.893866e-01	-1.397312e-02	8.999130e+00
309	-1.620006e+00	6.448123e-02	-1.608085e+00	4.903268e-01	-3.040354e+00	4.166189e-02	-3.039827e+00	4.903268e-01	1.001457e+00	1.893395e-01	-3.270289e-02	8.999387e+00
310	2.321072e+00	0.000000e+00	2.330268e+00	0.000000e+00	3.941078e+00	-6.448123e-02	3.938352e+00	-4.903268e-01	1.002256e+00	1.893265e-01	1.402189e-02	8.998622e+00
311	-2.284751e+00	2.304761e-02	-2.266723e+00	6.847118e-01	-4.605823e+00	2.304761e-02	-4.596991e+00	6.847118e-01	9.994552e-01	1.893405e-01	-8.811799e-02	8.999133e+00
312	1.805606e+00	0.000000e+00	1.814242e+00	0.000000e+00	4.090357e+00	-2.304761e-02	4.080965e+00	-6.847118e-01	9.988746e-01	1.893438e-01	-1.123624e-01	8.999270e+00
313	-1.770836e+00	0.000000e+00	-1.756832e+00	0.000000e+00	-3.576442e+00	0.000000e+00	-3.571074e+00	0.000000e+00	9.985661e-01	1.893438e-01	1.000000e+00	9.000000e+00
314	1.495474e+00	1.228317e-03	1.507313e+00	0.000000e+00	3.266309e+00	1.228317e-03	3.264144e+00	0.000000e+00	9.991260e-01	1.893440e-01	1.972674e-01	8.999698e+00
315	-1.593504e+00	2.263511e-02	-1.581391e+00	0.000000e+00	-3.088977e+00	2.140679e-02	-3.088704e+00	0.000000e+00	1.000773e+00	1.893326e-01	9.132456e-02	9.000432e+00
316	1.794334e+00	6.422105e-02	1.805691e+00	0.000000e+00	3.387837e+00	4.158594e-02	3.387082e+00	0.000000e+00	9.980875e-01	1.892996e-01	-7.191992e-02	8.998428e+00
317	-1.758257e+00	1.259858e-01	-1.744336e+00	1.095823e+00	-3.552591e+00	6.176473e-02	-3.550027e+00	1.095823e+00	1.001762e+00	1.892357e-01	-1.375824e-01	8.999570e+00
318	1.990982e+00	0.000000e+00	2.000935e+00	0.000000e+00	3.749240e+00	-1.259858e-01	3.745271e+00	-1.095823e+00	1.004702e+00	1.891369e-01	-1.485231e-02	8.995446e+00
319	-2.136892e+00	0.000000e+00	-2.120728e+00	0.000000e+00	-4.127874e+00	0.000000e+00	-4.121663e+00	0.000000e+00	9.994251e-01	1.891369e-01	1.000000e+00	9.000000e+00
320	8.411727e-01	1.512652e-03	8.541465e-01	0.000000e+00	2.978064e+00	1.512652e-03	2.974875e+00	0.000000e+00	9.989660e-01	1.891367e-01	2.212677e-01	8.999604e+00
321	-1.043708e+00	2.320970e-02	-1.036294e+00	0.000000e+00	-1.884881e+00	2.169705e-02	-1.890441e+00	0.000000e+00	1.002711e+00	1.890936e-01	1.497491e-01	9.000428e+00
322	2.746899e+00	6.509178e-02	2.756665e+00	7.605242e-02	3.790607e+00	4.188207e-02	3.792959e+00	7.605242e-02	9.992257e-01	1.890551e-01	-4.130813e-02	8.998317e+00
323	-2.203046e+00	1.068212e-01	-2.183673e+00	0.000000e+00	-4.949946e+00	4.172947e-02	-4.940338e+00	-7.605242e-02	9.996007e-01	1.890519e-01	7.508700e-02	8.997335e+00
324	7.870193e-01	1.799192e-01	7.999587e-01	8.474997e-01	2.990066e+00	7.309799e-02	2.983631e+00	8.474997e-01	9.946545e-01	1.889310e-01	6.608132e-02	8.997115e+00
325	-2.290165e+00	4.658286e-02	-2.302638e+00	6.602296e-01	-3.077184e+00	-1.333364e-01	-3.102597e+00	-1.872701e-01	9.988969e-01	1.891148e-01	-2.433106e-01	8.983709e+00
326	2.234802e+00	0.000000e+00	2.241621e+00	0.000000e+00	4.524967e+00	-4.658286e-02	4.544259e+00	-6.602296e-01	1.005226e+00	1.890497e-01	-7.898685e-02	8.982018e+00
327	-2.074497e+00	0.000000e+00	-2.057638e+00	0.000000e+00	-4.309299e+00	0.000000e+00	-4.299259e+00	0.000000e+00	9.987457e-01	1.890497e-01	1.000000e+00	9.000000e+00
328	1.136613e+00	0.000000e+00	1.148679e+00	3.383071e-01	3.211110e+00	0.000000e+00	3.206317e+00	3.383071e-01	9.985559e-01	1.890497e-01	1.000000e+00	9.000000e+00
329	-2.276890e+00	0.000000e+00	-2.263509e+00	0.000000e+00	-3.413503e+00	0.000000e+00	-3.412188e+00	-3.383071e-01	9.994145e-01	1.890497e-01	1.000000e+00	9.000000e+00
330	1.516512e+00	0.000000e+00	1.526290e+00	0.000000e+00	3.793402e+00	0.000000e+00	3.789798e+00	0.000000e+00	9.991106e-01	1.890497e-01	1.000000e+00	9.000000e+00
331	-1.373501e+00	0.000000e+00	-1.362174e+00	3.280137e-01	-2.890013e+00	0.000000e+00	-2.888464e+00	3.280137e-01	9.993814e-01	1.890497e-01	1.000000e+00	9.000000e+00
332	2.372301e+00	0.000000e+00	2.382257e+00	0.000000e+00	3.745802e+00	0.000000e+00	3.744431e+00	-3.280137e-01	9.995913e-01	1.890497e-01	1.000000e+00	9.000000e+00
333	-2.584384e+00	0.000000e+00	-2.589526e+00	2.878772e-01	-4.956685e+00	0.000000e+00	-4.971783e+00	2.878772e-01	1.002626e+00	1.890497e-01	1.000000e+00	9.000000e+00
334	1.845110e+00	0.000000e+00	1.852331e+00	0.000000e+00	4.429494e+00	0.000000e+00	4.441857e+00	-2.878772e-01	1.002768e+00	1.890497e-01	1.000000e+00	9.000000e+00
335	-1.382966e+00	0.000000e+00	-1.370328e+00	1.094656e-01	-3.228076e+00	0.000000e+00	-3.222659e+00	1.094656e-01	9.992244e-01	1.890497e-01	1.000000e+00	9.000000e+00
336	2.336749e+00	0.000000e+00	2.322268e+00	0.000000e+00	3.719715e+00	0.000000e+00	3.692596e+00	-1.094656e-01	9.938169e-01	1.890497e-01	1.000000e+00	9.000000e+00
337	-2.756532e+00	2.614665e-02	-2.761237e+00	2.118903e+00	-5.093281e+00	2.614665e-02	-5.083505e+00	2.118903e+00	9.984333e-01	1.890260e-01	-2.081504e-01	9.006202e+00
338	1.272431e+00	0.000000e+00	1.281218e+00	1.086172e+00	4.028963e+00	-2.614665e-02	4.042455e+00	-1.032731e+00	1.003628e+00	1.889922e-01	-1.994637e-01	9.006146e+00
339	-1.937279e+00	0.000000e+00	-1.924707e+00	0.000000e+00	-3.209710e+00	0.000000e+00	-3.205925e+00	-1.086172e+00	9.998036e-01	1.889922e-01	1.000000e+00	9.000000e+00
340	1.504419e+00	2.165085e-02	1.515568e+00	0.000000e+00	3.441698e+00	2.165085e-02	3.440275e+00	0.000000e+00	9.986608e-01	1.889851e-01	1.412436e-01	8.994598e+00
341	-1.473894e+00	6.351860e-02	-1.462216e+00	0.000000e+00	-2.978313e+00	4.186776e-02	-2.977784e+00	0.000000e+00	1.001620e+00	1.889435e-01	1.297710e-01	8.994759e+00
342	1.801343e+00	1.256028e-01	1.813138e+00	7.264345e-01	3.275237e+00	6.208423e-02	3.275354e+00	7.264345e-01	9.974852e-01	1.888651e-01	6.695291e-02	8.993568e+00
343	-2.236498e+00	1.333637e-02	-2.220679e+00	7.002664e-01	-4.037841e+00	-1.122665e-01	-4.033818e+00	-2.616813e-02	9.943287e-01	1.887773e-01	-1.956326e-01	8.986267e+00
344	2.021964e+00	0.000000e+00	2.029935e+00	0.000000e+00	4.258462e+00	-1.333637e-02	4.250614e+00	-7.002664e-01	9.981102e-01	1.887655e-01	-1.448648e-01	8.986108e+00
345	-1.885520e+00	0.000000e+00	-1.870225e+00	0.000000e+00	-3.907483e+00	0.000000e+00	-3.900160e+00	0.000000e+00	9.981232e-01	1.887655e-01	1.000000e+00	9.000000e+00
346	1.478502e+00	0.000000e+00	1.489965e+00	0.000000e+00	3.364022e+00	0.000000e+00	3.360190e+00	0.000000e+00	9.987187e-01	1.887655e-01	1.000000e+00	9.000000e+00
347	-1.689381e+00	0.000000e+00	-1.676962e+00	0.000000e+00	-3.167884e+00	0.000000e+00	-3.166927e+00	0.000000e+00	9.994945e-01	1.887655e-01	1.000000e+00	9.000000e+00
348	1.805492e+00	1.146346e-02	1.816432e+00	3.302094e-01	3.494873e+00	1.146346e-02	3.493394e+00	3.302094e-01	9.990563e-01	1.887640e-01	2.367082e-01	8.997496e+00
349	-2.235315e+00	0.000000e+00	-2.219488e+00	0.000000e+00	-4.040807e+00	-1.146346e-02	-4.035920e+00	-3.302094e-01	9.983782e-01	1.887621e-01	8.393352e-02	8.997063e+00
350	1.578299e+00	1.210163e-02	1.588007e+00	0.000000e+00	3.813614e+00	1.210163e-02	3.807495e+00	0.000000e+00	9.978925e-01	1.887606e-01	-1.000662e-02	8.996765e+00
351	-1.657626e+00	4.443083e-02	-1.644947e+00	9.861610e-01	-3.235924e+00	3.232920e-02	-3.232954e+00	9.861610e-01	1.000346e+00	1.887361e-01	-1.734019e-01	8.998397e+00
352	2.196477e+00	0.000000e+00	2.206015e+00	0.000000e+00	3.854103e+00	-4.443083e-02	3.850963e+00	-9.861610e-01	1.001196e+00	1.887263e-01	-1.556002e-01	8.998192e+00
353	-2.268508e+00	0.000000e+00	-2.251030e+00	0.000000e+00	-4.464986e+00	0.000000e+00	-4.457045e+00	0.000000e+00	9.986279e-01	1.887263e-01	1.000000e+00	9.000000e+00
354	1.346127e+00	0.000000e+00	1.356619e+00	9.427405e-01	3.614635e+00	0.000000e+00	3.607649e+00	9.427405e-01	9.981660e-01	1.887263e-01	1.000000e+00	9.000000e+00
355	-2.155632e+00	0.000000e+00	-2.141912e+00	0.000000e+00	-3.501758e+00	0.000000e+00	-3.498531e+00	-9.427405e-01	9.989112e-01	1.887263e-01	1.000000e+00	9.000000e+00
356	1.865418e+00	0.000000e+00	1.874308e+00	0.000000e+00	4.021050e+00	0.000000e+00	4.016220e+00	0.000000e+00	9.988163e-01	1.887263e-01	1.000000e+00	9.000000e+00
357	-1.667013e+00	0.000000e+00	-1.653179e+00	4.168339e-01	-3.532431e+00	0.000000e+00	-3.527488e+00	4.168339e-01	9.986397e-01	1.887263e-01	1.000000e+00	9.000000e+00
358	2.204194e+00	0.000000e+00	2.213670e+00	0.000000e+00	3.871207e+00	0.000000e+00	3.866849e+00	-4.168339e-01	9.988364e-01	1.887263e-01	1.000000e+00	9.000000e+00
359	-2.034627e+00	0.000000e+00	-2.018032e+00	3.872211e-02	-4.238821e+00	0.000000e+00	-4.231702e+00	3.872211e-02	9.983954e-01	1.887263e-01	1.000000e+00	9.000000e+00
360	2.084788e+00	0.000000e+00	2.093305e+00	0.000000e+00	4.119415e+00	0.000000e+00	4.111337e+00	-3.872211e-02	9.980926e-01	1.887263e-01	1.000000e+00	9.000000e+00
361	-1.914279e+00	5.493954e-03	-1.898625e+00	0.000000e+00	-3.999067e+00	5.493954e-03	-3.991929e+00	0.000000e+00	9.984150e-01	1.887258e-01	1.660411e-01	9.001146e+00
362	1.405508e+00	3.123225e-02	1.417145e+00	4.211970e-01	3.319788e+00	2.573829e-02	3.315770e+00	4.211970e-01	9.975399e-01	1.887190e-01	7.843906e-02	9.000467e+00
363	-2.246626e+00	0.000000e+00	-2.232314e+00	0.000000e+00	-3.652134e+00	-3.123225e-02	-3.649459e+00	-4.211970e-01	9.976339e-01	1.887198e-01	4.533002e-02	9.000183e+00
364	1.472262e+00	1.539509e-02	1.482335e+00	1.821633e-02	3.718888e+00	1.539509e-02	3.714649e+00	1.821633e-02	9.980033e-01	1.887214e-01	-1.914964e-02	8.999916e+00
365	-2.202608e+00	4.615107e-02	-2.188213e+00	4.490819e-01	-3.674870e+00	3.075598e-02	-3.670548e+00	4.308655e-01	9.999892e-01	1.887047e-01	-3.799306e-02	9.000074e+00
366	2.154821e+00	0.000000e+00	2.162400e+00	1.033965e+00	4.357429e+00	-4.615107e-02	4.350614e+00	5.848833e-01	1.000372e+00	1.887007e-01	1.919282e-01	8.997639e+00
367	-2.062156e+00	0.000000e+00	-2.045654e+00	0.000000e+00	-4.216978e+00	0.000000e+00	-4.208054e+00	-1.033965e+00	9.982473e-01	1.887007e-01	1.000000e+00	9.000000e+00
368	1.811456e+00	0.000000e+00	1.820933e+00	0.000000e+00	3.873613e+00	0.000000e+00	3.866588e+00	0.000000e+00	9.981962e-01	1.887007e-01	1.000000e+00	9.000000e+00
369	-2.136486e+00	0.000000e+00	-2.121028e+00	0.000000e+00	-3.947943e+00	0.000000e+00	-3.941961e+00	0.000000e+00	9.984392e-01	1.887007e-01	1.000000e+00	9.000000e+00
370	1.904850e+00	1.335318e-02	1.913667e+00	0.000000e+00	4.041336e+00	1.335318e-02	4.034695e+00	0.000000e+00	9.978417e-01	1.886987e-01	1.284817e-01	8.997120e+00
371	-1.934750e+00	4.696200e-02	-1.919717e+00	2.924752e-01	-3.839599e+00	3.360882e-02	-3.833384e+00	2.924752e-01	9.996746e-01	1.886827e-01	2.317020e-02	8.998042e+00
372	2.159812e+00	2.233835e-02	2.168420e+00	0.000000e+00	4.094562e+00	-2.462364e-02	4.088137e+00	-2.924752e-01	9.995821e-01	1.886832e-01	-1.119327e-02	8.998249e+00
373	-2.003914e+00	6.114080e-02	-1.987615e+00	7.526491e-01	-4.163726e+00	3.880245e-02	-4.156036e+00	7.526491e-01	9.998626e-01	1.886806e-01	-8.419364e-02	8.998929e+00
374	1.976045e+00	0.000000e+00	1.985106e+00	0.000000e+00	3.979959e+00	-6.114080e-02	3.972722e+00	-7.526491e-01	1.000889e+00	1.886648e-01	-5.608832e-02	8.998497e+00
375	-1.950263e+00	0.000000e+00	-1.934891e+00	0.000000e+00	-3.926309e+00	0.000000e+00	-3.919997e+00	0.000000e+00	9.987897e-01	1.886648e-01	1.000000e+00	9.000000e+00
376	1.316491e+00	8.683498e-03	1.328334e+00	7.534478e-01	3.266754e+00	8.683498e-03	3.263225e+00	7.534478e-01	9.984924e-01	1.886641e-01	3.653309e-01	8.998313e+00
377	-2.204100e+00	0.000000e+00	-2.190302e+00	0.000000e+00	-3.520591e+00	-8.683498e-03	-3.518636e+00	-7.534478e-01	9.988906e-01	1.886650e-01	2.233967e-01	8.997963e+00
378	1.577725e+00	0.000000e+00	1.587550e+00	0.000000e+00	3.781825e+00	0.000000e+00	3.777852e+00	0.000000e+00	9.989395e-01	1.886650e-01	1.000000e+00	9.000000e+00
379	-1.580954e+00	0.000000e+00	-1.568577e+00	0.000000e+00	-3.158679e+00	0.000000e+00	-3.156127e+00	0.000000e+00	9.991393e-01	1.886650e-01	1.000000e+00	9.000000e+00
380	1.848650e+00	0.000000e+00	1.859846e+00	1.157270e+00	3.429605e+00	0.000000e+00	3.428423e+00	1.157270e+00	9.995584e-01	1.886650e-01	1.000000e+00	9.000000e+00
381	-2.195359e+00	0.000000e+00	-2.179519e+00	0.000000e+00	-4.044010e+00	0.000000e+00	-4.039364e+00	-1.157270e+00	9.989598e-01	1.886650e-01	1.000000e+00	9.000000e+00
382	2.196227e+00	0.000000e+00	2.203678e+00	0.000000e+00	4.391587e+00	0.000000e+00	4.383197e+00	0.000000e+00	9.982108e-01	1.886650e-01	1.000000e+00	9.000000e+00
383	-1.340478e+00	1.146927e-02	-1.326633e+00	0.000000e+00	-3.536705e+00	1.146927e-02	-3.530311e+00	0.000000e+00	9.986967e-01	1.886635e-01	2.048717e-01	9.002579e+00
384	1.570736e+00	4.320994e-02	1.583962e+00	4.451641e-01	2.911214e+00	3.174067e-02	2.910595e+00	4.451641e-01	9.979542e-01	1.886554e-01	8.950365e-02	9.001321e+00
385	-2.347644e+00	0.000000e+00	-2.332286e+00	2.415792e-01	-3.918380e+00	-4.320994e-02	-3.916248e+00	-2.035848e-01	9.974678e-01	1.886500e-01	-2.547405e-02	9.000053e+00
386	2.158186e+00	0.000000e+00	2.165189e+00	6.010468e-02	4.505830e+00	0.000000e+00	4.497475e+00	-1.814745e-01	9.980541e-01	1.886500e-01	1.000000e+00	9.000000e+00
387	-2.002465e+00	0.000000e+00	-1.986185e+00	0.000000e+00	-4.160651e+00	0.000000e+00	-4.151374e+00	-6.010468e-02	9.978124e-01	1.886500e-01	1.000000e+00	9.000000e+00
388	1.870404e+00	2.257811e-02	1.879883e+00	7.676973e-02	3.872869e+00	2.257811e-02	3.866068e+00	7.676973e-02	9.972523e-01	1.886467e-01	1.344317e-01	8.994954e+00
389	-2.157667e+00	4.481023e-02	-2.141895e+00	1.171464e-01	-4.028071e+00	2.223213e-02	-4.021778e+00	4.037671e-02	9.991354e-01	1.886363e-01	5.424862e-02	8.995396e+00
390	2.140313e+00	6.719243e-02	2.148129e+00	2.162033e-01	4.297979e+00	2.238220e-02	4.290024e+00	9.905689e-02	9.974479e-01	1.886276e-01	-1.265008e-02	8.995048e+00
391	-2.031234e+00	6.908112e-02	-2.014908e+00	0.000000e+00	-4.171547e+00	1.888685e-03	-4.163037e+00	-2.162033e-01	9.979571e-01	1.886273e-01	4.575999e-02	8.995022e+00
392	1.958506e+00	1.231867e-01	1.967529e+00	5.396504e-01	3.989741e+00	5.410561e-02	3.982437e+00	5.396504e-01	9.959779e-01	1.886005e-01	1.834955e-02	8.994650e+00
393	-2.056445e+00	5.261077e-02	-2.040726e+00	0.000000e+00	-4.014951e+00	-7.057596e-02	-4.008255e+00	-5.396504e-01	9.951660e-01	1.885862e-01	-1.717880e-02	8.994025e+00
394	2.074501e+00	8.203478e-02	2.082969e+00	0.000000e+00	4.130946e+00	2.942401e-02	4.123696e+00	0.000000e+00	9.966418e-01	1.885967e-01	-5.704438e-02	8.993741e+00
395	-1.301259e+00	1.317330e-01	-1.288040e+00	1.372566e+00	-3.375760e+00	4.969819e-02	-3.371009e+00	1.372566e+00	1.000462e+00	1.885405e-01	-2.324998e-01	8.996324e+00
396	2.043835e+00	0.000000e+00	2.055364e+00	3.895937e-01	3.345094e+00	-1.317330e-01	3.343403e+00	-9.829722e-01	1.005659e+00	1.883358e-01	3.275214e-03	8.987039e+00
397	-2.244690e+00	0.000000e+00	-2.227893e+00	0.000000e+00	-4.288525e+00	0.000000e+00	-4.283256e+00	-3.895937e-01	9.997577e-01	1.883358e-01	1.000000e+00	9.000000e+00
398	2.053727e+00	0.000000e+00	2.061546e+00	0.000000e+00	4.298417e+00	0.000000e+00	4.289438e+00	0.000000e+00	9.981749e-01	1.883358e-01	1.000000e+00	9.000000e+00
399	-1.385732e+00	1.654138e-02	-1.372266e+00	1.144103e+00	-3.439459e+00	1.654138e-02	-3.433812e+00	1.144103e+00	9.990598e-01	1.883315e-01	-4.773146e-02	9.005039e+00
400	2.104845e+00	0.000000e+00	2.115806e+00	0.000000e+00	3.490577e+00	-1.654138e-02	3.488072e+00	-1.144103e+00	9.999698e-01	1.883272e-01	-2.414278e-01	9.005957e+00
401	-1.633997e+00	0.000000e+00	-1.619349e+00	0.000000e+00	-3.738841e+00	0.000000e+00	-3.735155e+00	0.000000e+00	9.991754e-01	1.883272e-01	1.000000e+00	9.000000e+00
402	1.626121e+00	9.659886e-03	1.637987e+00	0.000000e+00	3.260118e+00	9.659886e-03	3.257336e+00	0.000000e+00	9.987064e-01	1.883258e-01	1.791392e-01	8.997568e+00
403	-1.655024e+00	3.960418e-02	-1.642160e+00	0.000000e+00	-3.281145e+00	2.994429e-02	-3.280148e+00	0.000000e+00	1.000876e+00	1.883060e-01	1.014108e-01	8.998277e+00
404	1.723419e+00	8.983275e-02	1.734816e+00	6.740774e-01	3.378443e+00	5.022857e-02	3.376976e+00	6.740774e-01	9.975546e-01	1.882566e-01	7.258344e-02	8.997849e+00
405	-2.200057e+00	0.000000e+00	-2.184687e+00	6.914587e-01	-3.923476e+00	-8.983275e-02	-3.919503e+00	1.738130e-02	9.951362e-01	1.882013e-01	-1.652680e-01	8.992403e+00
406	2.111474e+00	0.000000e+00	2.119236e+00	8.698593e-02	4.311532e+00	0.000000e+00	4.303923e+00	-6.044728e-01	9.977943e-01	1.882013e-01	1.000000e+00	9.000000e+00
407	-2.053358e+00	0.000000e+00	-2.037059e+00	0.000000e+00	-4.164833e+00	0.000000e+00	-4.156295e+00	-8.698593e-02	9.979270e-01	1.882013e-01	1.000000e+00	9.000000e+00
408	2.167364e+00	0.000000e+00	2.175484e+00	1.894859e-01	4.220723e+00	0.000000e+00	4.212544e+00	1.894859e-01	9.980425e-01	1.882013e-01	1.000000e+00	9.000000e+00
409	-2.041409e+00	0.000000e+00	-2.024936e+00	0.000000e+00	-4.208773e+00	0.000000e+00	-4.200421e+00	-1.894859e-01	9.980195e-01	1.882013e-01	1.000000e+00	9.000000e+00
410	1.618631e+00	0.000000e+00	1.628942e+00	0.000000e+00	3.660039e+00	0.000000e+00	3.653878e+00	0.000000e+00	9.982651e-01	1.882013e-01	1.000000e+00	9.000000e+00
411	-2.121551e+00	0.000000e+00	-2.106901e+00	7.081281e-01	-3.740182e+00	0.000000e+00	-3.735842e+00	7.081281e-01	9.987428e-01	1.882013e-01	1.000000e+00	9.000000e+00
412	2.111665e+00	0.000000e+00	2.119730e+00	0.000000e+00	4.233217e+00	0.000000e+00	4.226631e+00	-7.081281e-01	9.984877e-01	1.882013e-01	1.000000e+00	9.000000e+00
413	-1.813177e+00	0.000000e+00	-1.797814e+00	0.000000e+00	-3.924843e+00	0.000000e+00	-3.917545e+00	0.000000e+00	9.981958e-01	1.882013e-01	1.000000e+00	9.000000e+00
414	1.640681e+00	0.000000e+00	1.651793e+00	0.000000e+00	3.453858e+00	0.000000e+00	3.449607e+00	0.000000e+00	9.986624e-01	1.882013e-01	1.000000e+00	9.000000e+00
415	-1.778115e+00	0.000000e+00	-1.764717e+00	6.059348e-01	-3.418796e+00	0.000000e+00	-3.416510e+00	6.059348e-01	9.992050e-01	1.882013e-01	1.000000e+00	9.000000e+00
416	2.214707e+00	0.000000e+00	2.223706e+00	0.000000e+00	3.992822e+00	0.000000e+00	3.988423e+00	-6.059348e-01	9.989461e-01	1.882013e-01	1.000000e+00	9.000000e+00
417	-1.849782e+00	0.000000e+00	-1.833870e+00	0.000000e+00	-4.064489e+00	0.000000e+00	-4.057576e+00	0.000000e+00	9.983979e-01	1.882013e-01	1.000000e+00	9.000000e+00
418	1.302412e+00	0.000000e+00	1.314705e+00	0.000000e+00	3.152195e+00	0.000000e+00	3.148575e+00	0.000000e+00	9.987568e-01	1.882013e-01	1.000000e+00	9.000000e+00
419	-1.483862e+00	0.000000e+00	-1.472930e+00	0.000000e+00	-2.786275e+00	0.000000e+00	-2.787635e+00	0.000000e+00	1.000065e+00	1.882013e-01	1.000000e+00	9.000000e+00
420	1.823791e+00	1.736064e-02	1.835457e+00	9.779702e-01	3.307653e+00	1.736064e-02	3.308387e+00	9.779702e-01	9.993976e-01	1.881978e-01	3.963729e-01	8.996832e+00
421	-2.209525e+00	0.000000e+00	-2.193725e+00	6.306388e-01	-4.033316e+00	-1.736064e-02	-4.029181e+00	-3.473314e-01	9.983547e-01	1.881933e-01	1.011418e-01	8.995561e+00
422	2.065642e+00	0.000000e+00	2.073548e+00	0.000000e+00	4.275168e+00	0.000000e+00	4.267273e+00	-6.306388e-01	9.981822e-01	1.881933e-01	1.000000e+00	9.000000e+00
423	-1.788812e+00	0.000000e+00	-1.773724e+00	0.000000e+00	-3.854454e+00	0.000000e+00	-3.847272e+00	0.000000e+00	9.981441e-01	1.881933e-01	1.000000e+00	9.000000e+00
424	1.285412e+00	0.000000e+00	1.298006e+00	0.000000e+00	3.074224e+00	0.000000e+00	3.071730e+00	0.000000e+00	9.989633e-01	1.881933e-01	1.000000e+00	9.000000e+00
425	-1.447061e+00	0.000000e+00	-1.436338e+00	0.000000e+00	-2.732473e+00	0.000000e+00	-2.734344e+00	0.000000e+00	1.000253e+00	1.881933e-01	1.000000e+00	9.000000e+00
426	1.864494e+00	0.000000e+00	1.876144e+00	0.000000e+00	3.311555e+00	0.000000e+00	3.312482e+00	0.000000e+00	1.000275e+00	1.881933e-01	1.000000e+00	9.000000e+00
427	-1.791331e+00	0.000000e+00	-1.777005e+00	0.000000e+00	-3.655825e+00	0.000000e+00	-3.653148e+00	0.000000e+00	9.994428e-01	1.881933e-01	1.000000e+00	9.000000e+00
428	1.327154e+00	1.515602e-02	1.339572e+00	0.000000e+00	3.118484e+00	1.515602e-02	3.116576e+00	0.000000e+00	9.986791e-01	1.881896e-01	1.775983e-01	8.996003e+00
429	-1.381548e+00	5.062120e-02	-1.370919e+00	0.000000e+00	-2.708702e+00	3.546517e-02	-2.710490e+00	0.000000e+00	1.001997e+00	1.881461e-01	1.329532e-01	8.996588e+00
430	1.954295e+00	1.063952e-01	1.965850e+00	8.245471e-01	3.335843e+00	5.577397e-02	3.336769e+00	8.245471e-01	9.980800e-01	1.880806e-01	1.038137e-01	8.996100e+00
431	-2.248020e+00	0.000000e+00	-2.231560e+00	4.239507e-01	-4.202315e+00	-1.063952e-01	-4.197410e+00	-4.005964e-01	9.946606e-01	1.879941e-01	-9.767647e-02	8.990999e+00
432	2.020418e+00	0.000000e+00	2.028352e+00	0.000000e+00	4.268438e+00	0.000000e+00	4.259912e+00	-4.239507e-01	9.975214e-01	1.879941e-01	1.000000e+00	9.000000e+00
433	-1.934357e+00	0.000000e+00	-1.918878e+00	4.963815e-01	-3.954775e+00	0.000000e+00	-3.947230e+00	4.963815e-01	9.980022e-01	1.879941e-01	1.000000e+00	9.000000e+00
434	2.052070e+00	0.000000e+00	2.061102e+00	0.000000e+00	3.986427e+00	0.000000e+00	3.979980e+00	-4.963815e-01	9.983233e-01	1.879941e-01	1.000000e+00	9.000000e+00
435	-2.272001e+00	0.000000e+00	-2.255075e+00	4.555777e-02	-4.324071e+00	0.000000e+00	-4.316177e+00	4.555777e-02	9.981955e-01	1.879941e-01	1.000000e+00	9.000000e+00
436	2.059835e+00	0.000000e+00	2.067524e+00	0.000000e+00	4.331836e+00	0.000000e+00	4.322599e+00	-4.555777e-02	9.979139e-01	1.879941e-01	1.000000e+00	9.000000e+00
437	-2.190619e+00	0.000000e+00	-2.173986e+00	1.938861e+00	-4.250454e+00	0.000000e+00	-4.241510e+00	1.938861e+00	9.978982e-01	1.879941e-01	1.000000e+00	9.000000e+00
438	1.411182e+00	0.000000e+00	1.421721e+00	0.000000e+00	3.601801e+00	0.000000e+00	3.595707e+00	-1.938861e+00	9.982355e-01	1.879941e-01	1.000000e+00	9.000000e+00
439	-1.558569e+00	1.074113e-01	-1.546928e+00	4.833881e-01	-2.969752e+00	1.074113e-01	-2.968649e+00	4.833881e-01	1.004573e+00	1.877648e-01	3.523292e-01	9.023425e+00
440	2.379501e+00	1.050064e-01	2.388707e+00	1.545878e+00	3.938071e+00	-2.404958e-03	3.935635e+00	1.062490e+00	1.000301e+00	1.877675e-01	2.875192e-01	9.023465e+00
441	-2.482985e+00	0.000000e+00	-2.463954e+00	0.000000e+00	-4.862486e+00	-1.050064e-01	-4.852662e+00	-1.545878e+00	9.947184e-01	1.876469e-01	1.435262e-01	9.020355e+00
442	3.462162e-01	4.925287e-02	3.597827e-01	8.015536e-01	2.829201e+00	4.925287e-02	2.823737e+00	8.015536e-01	9.947820e-01	1.876480e-01	1.304219e-01	9.020127e+00
443	-2.132522e+00	0.000000e+00	-2.122786e+00	0.000000e+00	-2.478738e+00	-4.925287e-02	-2.482569e+00	-8.015536e-01	9.969565e-01	1.876912e-01	1.402511e-01	9.020322e+00
444	1.095769e+00	0.000000e+00	1.107740e+00	5.121800e-01	3.228291e+00	0.000000e+00	3.230526e+00	5.121800e-01	9.999343e-01	1.876912e-01	1.000000e+00	9.000000e+00
445	-2.180512e+00	0.000000e+00	-2.167667e+00	0.000000e+00	-3.276281e+00	0.000000e+00	-3.275407e+00	-5.121800e-01	9.997734e-01	1.876912e-01	1.000000e+00	9.000000e+00
446	9.542983e-01	0.000000e+00	9.666468e-01	0.000000e+00	3.134810e+00	0.000000e+00	3.134314e+00	0.000000e+00	9.998273e-01	1.876912e-01	1.000000e+00	9.000000e+00
447	-9.206778e-01	0.000000e+00	-9.133054e-01	9.623044e-01	-1.874976e+00	0.000000e+00	-1.879952e+00	9.623044e-01	1.001539e+00	1.876912e-01	1.000000e+00	9.000000e+00
448	2.874555e+00	0.000000e+00	2.884302e+00	0.000000e+00	3.795232e+00	0.000000e+00	3.797607e+00	-9.623044e-01	1.000777e+00	1.876912e-01	1.000000e+00	9.000000e+00
449	2.465193e+00	0.000000e+00	2.491374e+00	0.000000e+00	-4.093613e-01	0.000000e+00	-3.929278e-01	0.000000e+00	9.977717e-01	1.876912e-01	1.000000e+00	9.000000e+00
450	1.692791e+00	0.000000e+00	1.720454e+00	3.632490e-01	-7.724028e-01	0.000000e+00	-7.709205e-01	3.632490e-01	9.978392e-01	1.876912e-01	1.000000e+00	9.000000e+00
451	2.943918e+00	0.000000e+00	2.963682e+00	0.000000e+00	1.251127e+00	0.000000e+00	1.243229e+00	-3.632490e-01	9.961073e-01	1.876912e-01	1.000000e+00	9.000000e+00
452	1.926827e+00	0.000000e+00	1.955421e+00	0.000000e+00	-1.017091e+00	0.000000e+00	-1.008262e+00	0.000000e+00	9.945565e-01	1.876912e-01	1.000000e+00	9.000000e+00
453	2.604238e+00	1.979225e-04	2.626247e+00	3.315500e-02	6.774107e-01	1.979225e-04	6.708260e-01	3.315500e-02	9.937886e-01	1.876910e-01	8.309190e-01	8.999951e+00
454	-2.974632e+00	1.179884e-02	-2.952753e+00	3.988327e-01	-5.578869e+00	1.160091e-02	-5.579000e+00	3.656777e-01	9.997024e-01	1.876787e-01	4.740699e-02	9.001580e+00
455	1.615340e+00	0.000000e+00	1.622039e+00	4.246856e-01	4.589971e+00	-1.179884e-02	4.574793e+00	2.585286e-02	9.975100e-01	1.876843e-01	3.123842e-02	9.001621e+00
456	-1.978451e+00	0.000000e+00	-1.964386e+00	0.000000e+00	-3.593790e+00	0.000000e+00	-3.586425e+00	-4.246856e-01	9.978725e-01	1.876843e-01	1.000000e+00	9.000000e+00
457	1.456622e+00	0.000000e+00	1.467802e+00	9.574225e-01	3.435072e+00	0.000000e+00	3.432188e+00	9.574225e-01	9.989187e-01	1.876843e-01	1.000000e+00	9.000000e+00
458	-2.229028e+00	0.000000e+00	-2.214587e+00	0.000000e+00	-3.685649e+00	0.000000e+00	-3.682389e+00	-9.574225e-01	9.990816e-01	1.876843e-01	1.000000e+00	9.000000e+00
459	1.476556e+00	0.000000e+00	1.486681e+00	0.000000e+00	3.705583e+00	0.000000e+00	3.701268e+00	0.000000e+00	9.988774e-01	1.876843e-01	1.000000e+00	9.000000e+00
460	-1.998112e+00	0.000000e+00	-1.984500e+00	4.372253e-01	-3.474668e+00	0.000000e+00	-3.471180e+00	4.372253e-01	9.989744e-01	1.876843e-01	1.000000e+00	9.000000e+00
461	2.227045e+00	0.000000e+00	2.235137e+00	0.000000e+00	4.225157e+00	0.000000e+00	4.219636e+00	-4.372253e-01	9.987344e-01	1.876843e-01	1.000000e+00	9.000000e+00
462	-2.724259e+00	0.000000e+00	-2.704887e+00	0.000000e+00	-4.951304e+00	0.000000e+00	-4.940024e+00	0.000000e+00	9.978450e-01	1.876843e-01	1.000000e+00	9.000000e+00
463	7.923942e-01	0.000000e+00	8.032767e-01	0.000000e+00	3.516654e+00	0.000000e+00	3.508164e+00	0.000000e+00	9.976330e-01	1.876843e-01	1.000000e+00	9.000000e+00
464	-1.269415e+00	1.094081e-02	-1.261318e+00	0.000000e+00	-2.061809e+00	1.094081e-02	-2.064595e+00	0.000000e+00	1.000679e+00	1.876682e-01	3.848144e-01	9.003264e+00
465	2.876755e+00	4.222632e-02	2.885134e+00	8.032739e-01	4.146170e+00	3.128551e-02	4.146453e+00	8.032739e-01	9.989542e-01	1.876552e-01	1.644089e-01	9.001601e+00
466	-2.253983e+00	0.000000e+00	-2.233908e+00	1.282549e-01	-5.130738e+00	-4.222632e-02	-5.119043e+00	-6.750191e-01	9.965015e-01	1.876350e-01	7.000511e-02	9.000824e+00
467	1.842241e+00	0.000000e+00	1.850862e+00	0.000000e+00	4.096224e+00	0.000000e+00	4.084771e+00	-1.282549e-01	9.970977e-01	1.876350e-01	1.000000e+00	9.000000e+00
468	-1.752490e+00	0.000000e+00	-1.738414e+00	3.030232e-01	-3.594731e+00	0.000000e+00	-3.589277e+00	3.030232e-01	9.982371e-01	1.876350e-01	1.000000e+00	9.000000e+00
469	2.225089e+00	0.000000e+00	2.234150e+00	0.000000e+00	3.977579e+00	0.000000e+00	3.972565e+00	-3.030232e-01	9.986607e-01	1.876350e-01	1.000000e+00	9.000000e+00
470	-2.644241e+00	0.000000e+00	-2.625185e+00	0.000000e+00	-4.869330e+00	0.000000e+00	-4.859335e+00	0.000000e+00	9.980357e-01	1.876350e-01	1.000000e+00	9.000000e+00
471	2.319468e-01	3.624109e-03	2.453299e-01	5.176071e-01	2.876188e+00	3.624109e-03	2.870515e+00	5.176071e-01	9.978486e-01	1.876347e-01	3.639643e-01	8.999199e+00
472	-2.244759e+00	0.000000e+00	-2.235032e+00	0.000000e+00	-2.476706e+00	-3.624109e-03	-2.480362e+00	-5.176071e-01	1.000251e+00	1.876383e-01	2.435048e-01	8.999022e+00
473	1.284908e+00	0.000000e+00	1.295702e+00	0.000000e+00	3.529666e+00	0.000000e+00	3.530733e+00	0.000000e+00	1.000293e+00	1.876383e-01	1.000000e+00	9.000000e+00
474	-1.490062e+00	1.880043e-03	-1.479180e+00	0.000000e+00	-2.774970e+00	1.880043e-03	-2.774882e+00	0.000000e+00	1.000144e+00	1.876384e-01	2.504657e-01	9.000508e+00
475	2.517633e+00	2.411189e-02	2.526565e+00	1.963192e-01	4.007695e+00	2.223185e-02	4.005744e+00	1.963192e-01	9.987318e-01	1.876305e-01	3.808040e-02	8.999330e+00
476	-2.170040e+00	1.376220e-02	-2.151694e+00	3.334448e-01	-4.687674e+00	-1.034969e-02	-4.678259e+00	1.371256e-01	9.977265e-01	1.876283e-01	-3.785024e-02	8.999162e+00
477	1.873490e+00	0.000000e+00	1.882310e+00	0.000000e+00	4.043530e+00	-1.376220e-02	4.034005e+00	-3.334448e-01	9.981974e-01	1.876267e-01	-4.968767e-02	8.999202e+00
478	-2.490885e+00	1.901268e-02	-2.473802e+00	0.000000e+00	-4.364375e+00	1.901268e-02	-4.356112e+00	0.000000e+00	9.988222e-01	1.876240e-01	2.673338e-02	8.998869e+00
479	2.999049e-01	5.837889e-02	3.136138e-01	0.000000e+00	2.790790e+00	3.936622e-02	2.787416e+00	0.000000e+00	9.967985e-01	1.875954e-01	-8.940606e-02	8.997231e+00
480	-5.229075e-01	1.180981e-01	-5.196398e-01	1.160908e+00	-8.228124e-01	5.971924e-02	-8.332537e-01	1.160908e+00	1.003878e+00	1.870816e-01	-2.497990e-01	9.008872e+00
481	-2.914408e+00	0.000000e+00	-2.905053e+00	0.000000e+00	-2.391500e+00	-1.180981e-01	-2.385413e+00	-1.160908e+00	9.928742e-01	1.865382e-01	-4.580136e-02	9.018946e+00
482	5.243437e-01	0.000000e+00	5.354913e-01	0.000000e+00	3.438751e+00	0.000000e+00	3.440544e+00	0.000000e+00	9.990881e-01	1.865382e-01	1.000000e+00	9.000000e+00
483	-2.246755e-01	1.288595e-02	-2.217061e-01	6.701403e-03	-7.490192e-01	1.288595e-02	-7.571974e-01	6.701403e-03	1.002218e+00	1.864843e-01	8.222613e-01	9.003058e+00
484	2.962860e+00	4.431959e-02	2.974964e+00	0.000000e+00	3.187536e+00	3.143364e-02	3.196670e+00	-6.701403e-03	1.001272e+00	1.864750e-01	9.750554e-02	8.995911e+00
485	1.987943e+00	9.710162e-02	2.016342e+00	1.504761e+00	-9.749173e-01	5.278204e-02	-9.586221e-01	1.504761e+00	9.988598e-01	1.866056e-01	-2.553063e-01	9.015012e+00
486	2.689068e+00	0.000000e+00	2.710984e+00	5.602362e-01	7.011249e-01	-9.710162e-02	6.946415e-01	-9.445251e-01	1.002172e+00	1.861470e-01	-2.260514e-01	9.010960e+00
487	3.134488e+00	0.000000e+00	-3.125808e+00	5.629345e-02	4.454203e-01	0.000000e+00	-5.836792e+00	-5.039427e-01	-2.072186e-01	1.861470e-01	1.000000e+00	9.000000e+00
488	1.672195e+00	0.000000e+00	1.677997e+00	7.557285e-01	-1.462293e+00	0.000000e+00	4.803805e+00	6.994350e-01	-1.718080e+00	1.861470e-01	1.000000e+00	9.000000e+00
489	-1.871620e+00	0.000000e+00	-1.857754e+00	0.000000e+00	-3.543815e+00	0.000000e+00	-3.535751e+00	-7.557285e-01	5.075031e-01	1.861470e-01	1.000000e+00	9.000000e+00
490	1.230199e+00	0.000000e+00	1.242680e+00	0.000000e+00	3.101818e+00	0.000000e+00	3.100434e+00	0.000000e+00	8.945042e-01	1.861470e-01	1.000000e+00	9.000000e+00
491	-1.211647e+00	0.000000e+00	-1.202060e+00	0.000000e+00	-2.441846e+00	0.000000e+00	-2.444740e+00	0.000000e+00	9.703955e-01	1.861470e-01	1.000000e+00	9.000000e+00
492	2.832516e+00	0.000000e+00	2.841299e+00	0.000000e+00	4.044163e+00	0.000000e+00	4.043360e+00	0.000000e+00	9.952871e-01	1.861470e-01	1.000000e+00	9.000000e+00
493	2.678705e+00	0.000000e+00	2.703884e+00	0.000000e+00	-1.538107e-01	0.000000e+00	-1.374155e-01	0.000000e+00	9.941556e-01	1.861470e-01	1.000000e+00	9.000000e+00
494	1.782330e+00	1.954446e-02	1.810473e+00	4.461510e-01	-8.963753e-01	1.954446e-02	-8.934107e-01	4.461510e-01	9.959512e-01	1.861078e-01	6.456869e-01	9.007725e+00
495	2.943924e+00	0.000000e+00	2.964040e+00	0.000000e+00	1.161594e+00	-1.954446e-02	1.153567e+00	-4.461510e-01	9.960544e-01	1.861061e-01	3.096181e-01	9.013380e+00
496	1.955672e+00	6.109692e-03	1.984155e+00	0.000000e+00	-9.882519e-01	6.109692e-03	-9.798854e-01	0.000000e+00	9.950040e-01	1.861126e-01	2.304810e-01	9.013869e+00
497	2.870385e+00	3.258316e-02	2.891467e+00	6.156844e-01	9.147130e-01	2.647347e-02	9.073122e-01	6.156844e-01	9.926281e-01	1.860438e-01	2.813909e-01	9.015343e+00
498	-3.101046e+00	0.000000e+00	-3.077638e+00	0.000000e+00	-5.971431e+00	-3.258316e-02	-5.969105e+00	-6.156844e-01	9.979957e-01	1.860731e-01	7.676960e-02	9.014226e+00
499	7.828042e-02	0.000000e+00	9.049631e-02	6.266927e-01	3.179326e+00	0.000000e+00	3.168134e+00	6.266927e-01	9.967933e-01	1.860731e-01	1.000000e+00	9.000000e+00
