#sequence delta(k-1),f(k-1),theta(k),v(k),delta_diff(k-1),f_diff(k-1),theta_diff(k),v_diff(k),phi(1,1;k),phi(1,2;k),phi(2,1;k),phi(2,2;k)
1	-2.663326e+00	0.000000e+00	-2.663338e+00	0.000000e+00	-2.663326e+00	0.000000e+00	3.197028e-03	-2.000600e-04	2.580554e-01	1.000000e-01	1.000000e+00	1.500000e+01
2	-2.598501e+00	2.000000e-01	-2.598754e+00	2.191595e+00	6.482486e-02	2.000000e-01	6.458413e-02	2.191595e+00	2.588946e-01	1.025891e-01	9.736931e-01	1.491884e+01
3	-2.645866e+00	3.037984e-01	-2.645681e+00	5.095268e+00	-4.736448e-02	1.037984e-01	-4.692718e-02	2.903673e+00	2.599074e-01	1.003694e-01	9.423717e-01	1.498748e+01
4	-2.670553e+00	1.971714e-01	-2.670456e+00	5.293637e+00	-2.468761e-02	-1.066270e-01	-2.477448e-02	1.983688e-01	2.599967e-01	1.007548e-01	9.211597e-01	1.489586e+01
5	-2.667900e+00	9.491067e-02	-2.667910e+00	4.633419e+00	2.653206e-03	-1.022607e-01	2.546066e-03	-6.602175e-01	2.600119e-01	1.001673e-01	9.222387e-01	1.485428e+01
6	-2.666479e+00	1.350103e-01	-2.666485e+00	5.152512e+00	1.420660e-03	4.009961e-02	1.425056e-03	5.190929e-01	2.600099e-01	1.001109e-01	9.221862e-01	1.485279e+01
7	-2.675462e+00	2.664270e-01	-2.675427e+00	7.904783e+00	-8.982512e-03	1.314167e-01	-8.941858e-03	2.752271e+00	2.600935e-01	9.888789e-02	9.187656e-01	1.490284e+01
8	-2.690120e+00	2.827245e-01	-2.690063e+00	9.032603e+00	-1.465836e-02	1.629755e-02	-1.463603e-02	1.127820e+00	2.601801e-01	9.879164e-02	9.125117e-01	1.490979e+01
9	-2.712222e+00	2.636669e-01	-2.712135e+00	8.789961e+00	-2.210154e-02	-1.905765e-02	-2.207238e-02	-2.426417e-01	2.603316e-01	9.892230e-02	9.118646e-01	1.490923e+01
10	-2.727346e+00	3.063479e-01	-2.727287e+00	9.362544e+00	-1.512458e-02	4.268099e-02	-1.515172e-02	5.725830e-01	2.604424e-01	9.860967e-02	9.122232e-01	1.490822e+01
11	-2.759472e+00	3.849237e-01	-2.759347e+00	1.127117e+01	-3.212622e-02	7.857581e-02	-3.205991e-02	1.908626e+00	2.609205e-01	9.744039e-02	9.005683e-01	1.493673e+01
12	-2.814913e+00	4.147636e-01	-2.814696e+00	1.146274e+01	-5.544039e-02	2.983991e-02	-5.534906e-02	1.915665e-01	2.620714e-01	9.682092e-02	9.059355e-01	1.493384e+01
13	-2.864577e+00	4.788944e-01	-2.864382e+00	1.266659e+01	-4.966425e-02	6.413083e-02	-4.968646e-02	1.203850e+00	2.630796e-01	9.551898e-02	8.990903e-01	1.494268e+01
14	-2.878433e+00	5.263441e-01	-2.878378e+00	1.313053e+01	-1.385607e-02	4.744971e-02	-1.399603e-02	4.639440e-01	2.631775e-01	9.518395e-02	9.006195e-01	1.493744e+01
15	-2.881769e+00	5.946162e-01	-2.881755e+00	1.383648e+01	-3.335390e-03	6.827203e-02	-3.377033e-03	7.059450e-01	2.631917e-01	9.489284e-02	9.011108e-01	1.492738e+01
16	-2.887959e+00	6.754588e-01	-2.887935e+00	1.514029e+01	-6.190588e-03	8.084269e-02	-6.179598e-03	1.303810e+00	2.632275e-01	9.442506e-02	9.008101e-01	1.493131e+01
17	-2.881394e+00	7.222586e-01	-2.881420e+00	1.638585e+01	6.564838e-03	4.679971e-02	6.515055e-03	1.245569e+00	2.632287e-01	9.443323e-02	9.024948e-01	1.494332e+01
18	-2.841484e+00	7.157342e-01	-2.841640e+00	1.548789e+01	3.991014e-02	-6.524310e-03	3.977969e-02	-8.979615e-01	2.637948e-01	9.434068e-02	8.866502e-01	1.494591e+01
19	-2.776784e+00	8.099328e-01	-2.777037e+00	1.772333e+01	6.470051e-02	9.419855e-02	6.460316e-02	2.235439e+00	2.649749e-01	9.605877e-02	9.101667e-01	1.498015e+01
20	-2.738468e+00	7.987464e-01	-2.738619e+00	1.722855e+01	3.831540e-02	-1.118641e-02	3.841808e-02	-4.947796e-01	2.655085e-01	9.590299e-02	9.035822e-01	1.498207e+01
21	-2.779758e+00	8.520425e-01	-2.779597e+00	1.682919e+01	-4.128928e-02	5.329611e-02	-4.097793e-02	-3.993602e-01	2.661958e-01	9.501576e-02	9.262915e-01	1.495276e+01
22	-2.830702e+00	1.006013e+00	-2.830503e+00	1.955110e+01	-5.094486e-02	1.539703e-01	-5.090592e-02	2.721910e+00	2.674372e-01	9.126392e-02	9.151417e-01	1.498646e+01
23	-2.920803e+00	1.013782e+00	-2.920450e+00	1.872461e+01	-9.010010e-02	7.769427e-03	-8.994700e-02	-8.264910e-01	2.702742e-01	9.101928e-02	9.518179e-01	1.498330e+01
24	-3.132194e+00	1.115576e+00	-3.131367e+00	1.846699e+01	-2.113919e-01	1.017940e-01	-2.109175e-01	-2.576177e-01	2.862076e-01	8.334670e-02	1.106376e+00	1.490887e+01
25	2.999020e+00	1.315576e+00	2.975073e+00	2.365993e+01	6.131215e+00	2.000000e-01	6.106441e+00	5.192938e+00	9.233149e-01	1.041291e-01	4.343939e-01	1.488695e+01
26	-1.456103e+00	1.115576e+00	-1.463338e+00	2.253084e+01	-4.455123e+00	-2.000000e-01	-4.438411e+00	-1.129095e+00	9.821174e-01	1.067689e-01	-2.972116e-01	1.485411e+01
27	1.827695e+00	9.195046e-01	1.814840e+00	2.032564e+01	3.283798e+00	-1.960717e-01	3.278177e+00	-2.205198e+00	1.000131e+00	1.056933e-01	1.123334e-01	1.482965e+01
28	-2.435480e+00	9.094719e-01	-2.443421e+00	1.954080e+01	-4.263175e+00	-1.003264e-02	-4.258261e+00	-7.848356e-01	9.988194e-01	1.056902e-01	1.438824e-01	1.482973e+01
29	1.492384e+00	1.057506e+00	1.477010e+00	2.155108e+01	3.927864e+00	1.480339e-01	3.920431e+00	2.010279e+00	9.948758e-01	1.055416e-01	-1.653266e-02	1.482368e+01
30	-2.137191e+00	1.128803e+00	-2.147617e+00	2.306665e+01	-3.629575e+00	7.129704e-02	-3.624626e+00	1.515568e+00	9.996860e-01	1.054471e-01	-1.070976e-01	1.482546e+01
31	1.594605e+00	1.096434e+00	1.579987e+00	2.287310e+01	3.731796e+00	-3.236928e-02	3.727604e+00	-1.935490e-01	9.997734e-01	1.054464e-01	4.559799e-02	1.482414e+01
32	-2.369194e+00	1.078252e+00	-2.378312e+00	2.371501e+01	-3.963799e+00	-1.818157e-02	-3.958298e+00	8.419070e-01	9.983873e-01	1.054400e-01	-2.291205e-01	1.482287e+01
33	1.541206e+00	9.908991e-01	1.525896e+00	2.283406e+01	3.910401e+00	-8.735289e-02	3.904207e+00	-8.809488e-01	1.000389e+00	1.053953e-01	5.216061e-02	1.481659e+01
34	-2.332024e+00	9.789162e-01	-2.341498e+00	2.301710e+01	-3.873231e+00	-1.198291e-02	-3.867394e+00	1.830388e-01	9.985265e-01	1.053895e-01	-6.959992e-02	1.481621e+01
35	1.355546e+00	9.852594e-01	1.341105e+00	2.268161e+01	3.687571e+00	6.343237e-03	3.682603e+00	-3.354925e-01	9.984810e-01	1.053894e-01	-1.084136e-01	1.481615e+01
36	-2.460442e+00	1.060305e+00	-2.470136e+00	2.265110e+01	-3.815989e+00	7.504523e-02	-3.811241e+00	-3.050886e-02	1.000441e+00	1.053509e-01	2.320828e-01	1.480945e+01
37	1.549782e+00	1.195770e+00	1.534079e+00	2.550766e+01	4.010224e+00	1.354656e-01	4.004215e+00	2.856561e+00	9.958002e-01	1.051941e-01	2.151782e-01	1.480888e+01
38	-2.286485e+00	1.119530e+00	-2.296104e+00	2.601674e+01	-3.836267e+00	-7.623982e-02	-3.830183e+00	5.090782e-01	9.962379e-01	1.052028e-01	-3.217204e-01	1.479821e+01
39	1.381259e+00	9.399654e-01	1.366894e+00	2.495089e+01	3.667743e+00	-1.795651e-01	3.662998e+00	-1.065846e+00	1.002526e+00	1.048950e-01	3.018991e-01	1.476768e+01
40	-2.475597e+00	7.887384e-01	-2.485131e+00	2.346002e+01	-3.856856e+00	-1.512269e-01	-3.852026e+00	-1.490874e+00	9.959266e-01	1.046362e-01	-1.115447e-01	1.475147e+01
41	1.414004e+00	7.530896e-01	1.398773e+00	2.275531e+01	3.889601e+00	-3.564885e-02	3.883904e+00	-7.047094e-01	9.989200e-01	1.046088e-01	-5.653335e-02	1.475096e+01
42	-2.532276e+00	8.231925e-01	-2.541464e+00	2.305044e+01	-3.946279e+00	7.010294e-02	-3.940237e+00	2.951283e-01	1.000104e+00	1.045877e-01	1.486493e-01	1.474732e+01
43	1.193119e+00	9.350768e-01	1.178530e+00	2.460553e+01	3.725394e+00	1.118842e-01	3.719994e+00	1.555093e+00	9.962090e-01	1.044708e-01	4.181506e-03	1.474298e+01
44	-2.626947e+00	9.587683e-01	-2.636626e+00	2.468794e+01	-3.820065e+00	2.369152e-02	-3.815156e+00	8.240879e-02	9.988438e-01	1.044544e-01	5.905469e-02	1.474264e+01
45	1.278309e+00	9.641229e-01	1.263016e+00	2.583959e+01	3.905256e+00	5.354664e-03	3.899642e+00	1.151653e+00	9.984872e-01	1.044539e-01	2.401532e-01	1.474289e+01
46	-2.436810e+00	8.479352e-01	-2.446901e+00	2.540989e+01	-3.715119e+00	-1.161877e-01	-3.709918e+00	-4.297017e-01	9.958724e-01	1.043722e-01	-2.453111e-01	1.472771e+01
47	1.307339e+00	7.033842e-01	1.292674e+00	2.276428e+01	3.744149e+00	-1.445510e-01	3.739575e+00	-2.645607e+00	1.001631e+00	1.041498e-01	-1.562121e-01	1.472427e+01
48	-2.489711e+00	7.438029e-01	-2.499480e+00	2.276410e+01	-3.797050e+00	4.041869e-02	-3.792154e+00	-1.808134e-04	1.000120e+00	1.041659e-01	1.048852e-01	1.472149e+01
49	1.262303e+00	8.319214e-01	1.247608e+00	2.464770e+01	3.752014e+00	8.811848e-02	3.747088e+00	1.883600e+00	9.968947e-01	1.040902e-01	1.476161e-01	1.472249e+01
50	-2.444844e+00	7.915341e-01	-2.454964e+00	2.466322e+01	-3.707147e+00	-4.038727e-02	-3.702572e+00	1.552271e-02	9.975061e-01	1.040968e-01	-1.112651e-01	1.471967e+01
51	1.280860e+00	7.072289e-01	1.266267e+00	2.322360e+01	3.725704e+00	-8.430514e-02	3.721231e+00	-1.439621e+00	1.000535e+00	1.040283e-01	-6.317635e-02	1.471858e+01
52	-2.565100e+00	7.007469e-01	-2.574677e+00	2.396492e+01	-3.845960e+00	-6.482053e-03	-3.840944e+00	7.413157e-01	9.988491e-01	1.040255e-01	-1.923705e-01	1.471836e+01
53	1.348367e+00	6.251637e-01	1.333042e+00	2.361944e+01	3.913467e+00	-7.558321e-02	3.907720e+00	-3.454832e-01	1.000270e+00	1.039980e-01	1.338447e-01	1.471206e+01
54	-2.330764e+00	5.381340e-01	-2.340996e+00	2.197394e+01	-3.679131e+00	-8.702972e-02	-3.674039e+00	-1.645491e+00	9.968663e-01	1.039175e-01	1.052133e-01	1.471139e+01
55	1.524123e+00	5.618787e-01	1.509025e+00	2.305263e+01	3.854887e+00	2.374471e-02	3.850021e+00	1.078682e+00	9.978972e-01	1.039239e-01	1.755380e-01	1.471182e+01
56	-2.220301e+00	5.016696e-01	-2.230277e+00	2.183567e+01	-3.744424e+00	-6.020908e-02	-3.739302e+00	-1.216961e+00	9.971190e-01	1.039114e-01	1.031450e-01	1.471066e+01
57	1.462800e+00	5.134901e-01	1.448374e+00	2.335861e+01	3.683101e+00	1.182051e-02	3.678651e+00	1.522942e+00	9.982278e-01	1.039149e-01	3.210029e-01	1.471135e+01
58	-2.312362e+00	3.747703e-01	-2.322215e+00	2.108935e+01	-3.775162e+00	-1.387199e-01	-3.770590e+00	-2.269259e+00	9.955172e-01	1.038153e-01	1.042603e-01	1.470339e+01
59	1.537612e+00	3.710458e-01	1.522535e+00	2.286701e+01	3.849974e+00	-3.724475e-03	3.844750e+00	1.777665e+00	9.982178e-01	1.038127e-01	4.153917e-01	1.470309e+01
60	-2.120183e+00	1.833362e-01	-2.130498e+00	1.999981e+01	-3.657796e+00	-1.877096e-01	-3.653033e+00	-2.867208e+00	9.942208e-01	1.036076e-01	9.706019e-02	1.468675e+01
61	1.681136e+00	1.935322e-01	1.666246e+00	1.941170e+01	3.801319e+00	1.019602e-02	3.796744e+00	-5.881100e-01	9.978073e-01	1.036172e-01	-1.459156e-01	1.468610e+01
62	-2.100730e+00	2.803234e-01	-2.110559e+00	2.041849e+01	-3.781866e+00	8.679120e-02	-3.776806e+00	1.006797e+00	1.000500e+00	1.035554e-01	3.463911e-02	1.468196e+01
63	1.864562e+00	2.698935e-01	1.849035e+00	2.112673e+01	3.965293e+00	-1.042993e-02	3.959594e+00	7.082365e-01	9.990970e-01	1.035591e-01	1.885228e-01	1.468155e+01
64	-1.844182e+00	1.151137e-01	-1.854299e+00	1.957107e+01	-3.708744e+00	-1.547798e-01	-3.703334e+00	-1.555654e+00	9.950575e-01	1.033905e-01	-1.276481e-01	1.466836e+01
65	1.769944e+00	3.198735e-02	1.755786e+00	1.869743e+01	3.614126e+00	-8.312635e-02	3.610085e+00	-8.736474e-01	1.000165e+00	1.032730e-01	5.622994e-02	1.466413e+01
66	-1.929162e+00	0.000000e+00	-1.939312e+00	1.845628e+01	-3.699106e+00	-3.198735e-02	-3.695098e+00	-2.411508e-01	9.983902e-01	1.032577e-01	-4.143876e-02	1.466328e+01
67	1.994368e+00	0.000000e+00	1.979002e+00	1.720779e+01	3.923530e+00	0.000000e+00	3.918314e+00	-1.248485e+00	9.986258e-01	1.032577e-01	1.000000e+00	1.500000e+01
68	-1.757560e+00	8.173415e-02	-1.767508e+00	1.834815e+01	-3.751928e+00	8.173415e-02	-3.746510e+00	1.140356e+00	1.000438e+00	1.032182e-01	1.875095e-01	1.501770e+01
69	2.098901e+00	0.000000e+00	2.083798e+00	1.692208e+01	3.856461e+00	-8.173415e-02	3.851306e+00	-1.426064e+00	1.000784e+00	1.032109e-01	-1.255464e-02	1.502194e+01
70	-1.676038e+00	0.000000e+00	-1.685895e+00	1.563871e+01	-3.774939e+00	0.000000e+00	-3.769693e+00	-1.283371e+00	9.989730e-01	1.032109e-01	1.000000e+00	1.500000e+01
71	2.274550e+00	1.252024e-01	2.283624e+00	1.845641e+01	3.950588e+00	1.252024e-01	3.969518e+00	2.817693e+00	1.001117e+00	1.032788e-01	3.587745e-01	1.497968e+01
72	-1.305613e+00	0.000000e+00	-1.291593e+00	1.561951e+01	-3.580163e+00	-1.252024e-01	-3.575216e+00	-2.836899e+00	9.961007e-01	1.031034e-01	2.846982e-01	1.497709e+01
73	2.204588e+00	7.454135e-02	2.215475e+00	1.519989e+01	3.510201e+00	7.454135e-02	3.507067e+00	-4.196215e-01	9.967683e-01	1.031176e-01	-3.054236e-01	1.496456e+01
74	-1.515072e+00	8.575563e-02	-1.500500e+00	1.547752e+01	-3.719660e+00	1.121428e-02	-3.715975e+00	2.776319e-01	9.988862e-01	1.031112e-01	-7.642254e-02	1.496387e+01
75	2.269379e+00	0.000000e+00	2.279196e+00	1.299736e+01	3.784451e+00	-8.575563e-02	3.779696e+00	-2.480153e+00	1.000714e+00	1.030698e-01	-2.762698e-01	1.496839e+01
76	-1.429698e+00	1.849999e-01	-1.415210e+00	1.757027e+01	-3.699077e+00	1.849999e-01	-3.694407e+00	4.572902e+00	1.003343e+00	1.029383e-01	-4.510677e-01	1.497714e+01
77	2.244978e+00	0.000000e+00	2.255224e+00	1.437105e+01	3.674676e+00	-1.849999e-01	3.670435e+00	-3.199211e+00	1.003909e+00	1.029098e-01	-1.749180e-01	1.496323e+01
78	-1.535430e+00	0.000000e+00	-1.520623e+00	1.320956e+01	-3.780408e+00	0.000000e+00	-3.775847e+00	-1.161497e+00	9.996458e-01	1.029098e-01	1.000000e+00	1.500000e+01
79	2.281241e+00	0.000000e+00	2.290934e+00	1.223478e+01	3.816671e+00	0.000000e+00	3.811556e+00	-9.747758e-01	9.988223e-01	1.029098e-01	1.000000e+00	1.500000e+01
80	-1.510773e+00	0.000000e+00	-1.495922e+00	8.640526e+00	-3.792014e+00	0.000000e+00	-3.786856e+00	-3.594256e+00	9.986701e-01	1.029098e-01	1.000000e+00	1.500000e+01
81	2.290082e+00	2.000000e-01	2.299837e+00	1.052646e+01	3.800855e+00	2.000000e-01	3.795759e+00	1.885929e+00	9.941533e-01	1.026722e-01	-7.644891e-02	1.494336e+01
82	-1.405493e+00	0.000000e+00	-1.391019e+00	6.785624e+00	-3.695576e+00	-2.000000e-01	-3.690856e+00	-3.740831e+00	9.933377e-01	1.026280e-01	1.549644e-01	1.495588e+01
83	2.484861e+00	2.000000e-01	2.494265e+00	8.497431e+00	3.890355e+00	2.000000e-01	3.885284e+00	1.711807e+00	9.934071e-01	1.026316e-01	-2.500716e-01	1.493506e+01
84	-1.419621e+00	0.000000e+00	-1.404332e+00	6.827746e+00	-3.904482e+00	-2.000000e-01	-3.898597e+00	-1.669685e+00	9.932634e-01	1.026242e-01	-3.232326e-01	1.493131e+01
85	2.134181e+00	2.000000e-01	2.144902e+00	1.026927e+01	3.553801e+00	2.000000e-01	3.549234e+00	3.441527e+00	9.929984e-01	1.026093e-01	4.591279e-02	1.495209e+01
86	-1.769734e+00	0.000000e+00	-1.754443e+00	7.077794e+00	-3.903915e+00	-2.000000e-01	-3.899345e+00	-3.191480e+00	9.934795e-01	1.026340e-01	5.059637e-02	1.495233e+01
87	2.143585e+00	2.000000e-01	2.152902e+00	9.457512e+00	3.913319e+00	2.000000e-01	3.907344e+00	2.379718e+00	9.932686e-01	1.026232e-01	-1.226565e-01	1.494347e+01
88	-1.531435e+00	0.000000e+00	-1.517043e+00	8.067839e+00	-3.675020e+00	-2.000000e-01	-3.669945e+00	-1.389672e+00	9.930751e-01	1.026126e-01	-3.805320e-01	1.492944e+01
89	2.265921e+00	0.000000e+00	2.275687e+00	5.152364e+00	3.797356e+00	0.000000e+00	3.792731e+00	-2.915476e+00	9.978362e-01	1.026126e-01	1.000000e+00	1.500000e+01
90	-1.272311e+00	2.000000e-01	-1.258451e+00	8.593991e+00	-3.538232e+00	2.000000e-01	-3.534139e+00	3.441627e+00	1.003397e+00	1.022983e-01	8.115230e-02	1.505194e+01
91	2.431063e+00	0.000000e+00	2.441195e+00	5.464420e+00	3.703374e+00	-2.000000e-01	3.699646e+00	-3.129571e+00	1.004324e+00	1.022483e-01	-1.257439e-02	1.505700e+01
92	-1.541791e+00	0.000000e+00	-1.526232e+00	3.881714e+00	-3.972854e+00	0.000000e+00	-3.967427e+00	-1.582707e+00	9.995264e-01	1.022483e-01	1.000000e+00	1.500000e+01
93	2.033994e+00	0.000000e+00	2.044630e+00	2.725382e+00	3.575785e+00	0.000000e+00	3.570863e+00	-1.156332e+00	9.987847e-01	1.022483e-01	1.000000e+00	1.500000e+01
94	-1.537536e+00	0.000000e+00	-1.523543e+00	0.000000e+00	-3.571530e+00	0.000000e+00	-3.568174e+00	-2.725382e+00	9.990110e-01	1.022483e-01	1.000000e+00	1.500000e+01
95	2.018724e+00	2.000000e-01	2.029430e+00	2.995761e+00	3.556260e+00	2.000000e-01	3.552974e+00	2.995761e+00	9.943601e-01	1.019867e-01	1.809784e-01	1.495394e+01
96	-1.557673e+00	0.000000e+00	-1.543661e+00	0.000000e+00	-3.576397e+00	-2.000000e-01	-3.573092e+00	-2.995761e+00	9.935509e-01	1.019414e-01	3.383766e-02	1.494571e+01
97	2.153654e+00	2.000000e-01	2.163755e+00	2.867236e+00	3.711327e+00	2.000000e-01	3.707416e+00	2.867236e+00	9.934696e-01	1.019371e-01	-2.134054e-02	1.494274e+01
98	-1.428296e+00	0.000000e+00	-1.414264e+00	2.162438e-02	-3.581950e+00	-2.000000e-01	-3.578019e+00	-2.845612e+00	9.932576e-01	1.019252e-01	-3.655684e-02	1.494189e+01
99	2.574064e+00	2.000000e-01	2.583028e+00	4.873032e+00	4.002360e+00	2.000000e-01	3.997293e+00	4.851408e+00	9.935804e-01	1.019414e-01	3.865043e-01	1.496303e+01
100	-1.150279e+00	0.000000e+00	-1.135696e+00	1.514927e+00	-3.724343e+00	-2.000000e-01	-3.718724e+00	-3.358105e+00	9.931138e-01	1.019163e-01	1.476805e-01	1.495020e+01
101	1.926047e+00	2.000000e-01	1.938631e+00	5.109474e+00	3.076326e+00	2.000000e-01	3.074327e+00	3.594547e+00	9.928093e-01	1.018965e-01	1.858366e-01	1.495268e+01
102	-1.547129e+00	0.000000e+00	-1.533512e+00	1.804838e+00	-3.473176e+00	-2.000000e-01	-3.472144e+00	-3.304637e+00	9.936428e-01	1.019445e-01	1.083157e-01	1.494822e+01
103	2.127242e+00	2.000000e-01	2.137485e+00	5.086929e+00	3.674370e+00	2.000000e-01	3.670998e+00	3.282092e+00	9.935524e-01	1.019396e-01	8.460946e-02	1.494693e+01
104	-1.351814e+00	0.000000e+00	-1.338184e+00	2.207670e+00	-3.479055e+00	-2.000000e-01	-3.475669e+00	-2.879260e+00	9.932387e-01	1.019215e-01	-9.910342e-03	1.494150e+01
105	1.902228e+00	5.746633e-02	1.914113e+00	4.406227e+00	3.254041e+00	5.746633e-02	3.252297e+00	2.198558e+00	9.967739e-01	1.019840e-01	3.269562e-01	1.494744e+01
106	-1.578469e+00	0.000000e+00	-1.564826e+00	1.714142e+00	-3.480696e+00	-5.746633e-02	-3.478939e+00	-2.692085e+00	9.976197e-01	1.019979e-01	4.897475e-01	1.495013e+01
107	2.401413e+00	9.941094e-02	2.410463e+00	4.008263e+00	3.979881e+00	9.941094e-02	3.975289e+00	2.294120e+00	9.965058e-01	1.019701e-01	2.480110e-01	1.494409e+01
108	-1.147334e+00	0.000000e+00	-1.133437e+00	1.107456e+00	-3.548747e+00	-9.941094e-02	-3.543900e+00	-2.900807e+00	9.959093e-01	1.019534e-01	3.715359e-01	1.494755e+01
109	2.292204e+00	2.000000e-01	2.303366e+00	4.013976e+00	3.439538e+00	2.000000e-01	3.436803e+00	2.906520e+00	9.937759e-01	1.018294e-01	5.093765e-02	1.492891e+01
110	-1.348489e+00	0.000000e+00	-1.334224e+00	0.000000e+00	-3.640693e+00	-2.000000e-01	-3.637590e+00	-4.013976e+00	9.935930e-01	1.018193e-01	2.415119e-01	1.493938e+01
111	2.207976e+00	2.000000e-01	2.218683e+00	3.279658e+00	3.556465e+00	2.000000e-01	3.552907e+00	3.279658e+00	9.933318e-01	1.018046e-01	1.110565e-01	1.493205e+01
112	-1.297666e+00	0.000000e+00	-1.283931e+00	0.000000e+00	-3.505643e+00	-2.000000e-01	-3.502614e+00	-3.279658e+00	9.933287e-01	1.018044e-01	8.872732e-02	1.493077e+01
113	2.193875e+00	2.000000e-01	2.204834e+00	2.921915e+00	3.491542e+00	2.000000e-01	3.488764e+00	2.921915e+00	9.933648e-01	1.018065e-01	1.546437e-03	1.492578e+01
114	-1.255758e+00	0.000000e+00	-1.242240e+00	2.966592e-01	-3.449633e+00	-2.000000e-01	-3.447074e+00	-2.625256e+00	9.933573e-01	1.018061e-01	-8.431663e-02	1.492080e+01
115	2.572400e+00	2.000000e-01	2.582043e+00	2.757447e+00	3.828158e+00	2.000000e-01	3.824283e+00	2.460788e+00	9.936172e-01	1.018197e-01	-1.280137e-01	1.491852e+01
116	-7.892057e-01	0.000000e+00	-7.760368e-01	1.083097e+00	-3.361606e+00	-2.000000e-01	-3.358079e+00	-1.674350e+00	9.930346e-01	1.017850e-01	-3.384407e-01	1.490600e+01
117	2.149923e+00	0.000000e+00	2.163037e+00	0.000000e+00	2.939129e+00	0.000000e+00	2.939074e+00	-1.083097e+00	9.983934e-01	1.017850e-01	1.000000e+00	1.500000e+01
118	-3.402371e-01	2.000000e-01	-3.304587e-01	1.940879e+00	-2.490160e+00	2.000000e-01	-2.493496e+00	1.940879e+00	1.006343e+00	1.011465e-01	5.892024e-01	1.503299e+01
119	1.773331e+00	0.000000e+00	1.789657e+00	7.477111e-01	2.113568e+00	-2.000000e-01	2.120115e+00	-1.193168e+00	1.010469e+00	1.007561e-01	7.645021e-01	1.501641e+01
120	-2.185931e+00	0.000000e+00	-2.170401e+00	3.815836e-01	-3.959262e+00	0.000000e+00	-3.960058e+00	-3.661276e-01	1.001818e+00	1.007561e-01	1.000000e+00	1.500000e+01
121	2.632904e+00	0.000000e+00	2.638684e+00	8.775013e-01	4.818834e+00	0.000000e+00	4.809085e+00	4.959177e-01	9.984584e-01	1.007561e-01	1.000000e+00	1.500000e+01
122	-1.192328e+00	0.000000e+00	-1.177363e+00	0.000000e+00	-3.825231e+00	0.000000e+00	-3.816047e+00	-8.775013e-01	9.977402e-01	1.007561e-01	1.000000e+00	1.500000e+01
123	1.733985e+00	0.000000e+00	1.747156e+00	0.000000e+00	2.926312e+00	0.000000e+00	2.924519e+00	0.000000e+00	9.990085e-01	1.007561e-01	1.000000e+00	1.500000e+01
124	-2.057165e+00	1.993925e-03	-2.042304e+00	0.000000e+00	-3.791150e+00	1.993925e-03	-3.789461e+00	0.000000e+00	9.995079e-01	1.007558e-01	1.726254e-01	1.500044e+01
125	-1.962573e+00	2.659566e-02	-1.962884e+00	1.340547e+00	9.459251e-02	2.460173e-02	7.942042e-02	1.340547e+00	9.987207e-01	1.005511e-01	2.153390e-01	1.501154e+01
126	-2.275463e+00	0.000000e+00	-2.274242e+00	0.000000e+00	-3.128909e-01	-2.659566e-02	-3.113584e-01	-1.340547e+00	9.981816e-01	1.005053e-01	3.391219e-01	1.502207e+01
127	-1.407820e+00	5.066003e-02	-1.411204e+00	0.000000e+00	8.676434e-01	5.066003e-02	8.630379e-01	0.000000e+00	9.957527e-01	1.003635e-01	2.344547e-02	1.500363e+01
128	2.423913e+00	1.233076e-01	2.433476e+00	1.313194e-01	3.831733e+00	7.264760e-02	3.844680e+00	1.313194e-01	1.000537e+00	1.004542e-01	-2.052698e-01	1.499930e+01
129	-1.805633e+00	1.778025e-01	-1.789074e+00	1.231292e+00	-4.229546e+00	5.449489e-02	-4.222549e+00	1.099973e+00	9.997707e-01	1.004640e-01	-8.698010e-02	1.499777e+01
130	2.769195e+00	0.000000e+00	2.775933e+00	0.000000e+00	4.574828e+00	-1.778025e-01	4.565007e+00	-1.231292e+00	1.001491e+00	1.003972e-01	2.600283e-01	1.498429e+01
131	6.879142e-01	2.462697e-02	6.960705e-01	7.823251e-01	-2.081281e+00	2.462697e-02	-2.079863e+00	7.823251e-01	1.000851e+00	1.004047e-01	-3.800580e-02	1.498781e+01
132	2.591650e+00	0.000000e+00	2.608789e+00	0.000000e+00	1.903736e+00	-2.462697e-02	1.912718e+00	-7.823251e-01	1.004013e+00	1.003638e-01	-1.476051e-01	1.498923e+01
133	-4.529155e-01	0.000000e+00	-4.409557e-01	0.000000e+00	-3.044565e+00	0.000000e+00	-3.049745e+00	0.000000e+00	1.002207e+00	1.003638e-01	1.000000e+00	1.500000e+01
134	7.908883e-01	0.000000e+00	8.106201e-01	0.000000e+00	1.243804e+00	0.000000e+00	1.251576e+00	0.000000e+00	1.003881e+00	1.003638e-01	1.000000e+00	1.500000e+01
135	1.768587e+00	2.884527e-03	1.789389e+00	1.602634e+00	9.776986e-01	2.884527e-03	9.787684e-01	1.602634e+00	1.002934e+00	1.003610e-01	1.182774e+00	1.500054e+01
136	-2.039042e+00	0.000000e+00	-2.024088e+00	0.000000e+00	-3.807629e+00	-2.884527e-03	-3.813476e+00	-1.602634e+00	1.001703e+00	1.003601e-01	5.372490e-01	1.500005e+01
137	-1.803584e+00	7.335424e-02	-1.804445e+00	1.950165e+00	2.354584e-01	7.335424e-02	2.196423e-01	1.950165e+00	9.991438e-01	9.956277e-02	6.157625e-01	1.502451e+01
138	-2.613045e+00	0.000000e+00	-2.609886e+00	0.000000e+00	-8.094611e-01	-7.335424e-02	-8.054412e-01	-1.950165e+00	9.960714e-01	9.928435e-02	7.168115e-01	1.503367e+01
139	-9.106266e-01	1.247415e-01	-9.172643e-01	1.243861e+00	1.702418e+00	1.247415e-01	1.692622e+00	1.243861e+00	9.909721e-01	9.891071e-02	1.073287e-01	1.498901e+01
140	-2.982270e+00	0.000000e+00	-2.974204e+00	0.000000e+00	-2.071644e+00	-1.247415e-01	-2.056939e+00	-1.243861e+00	9.883698e-01	9.875401e-02	-1.573474e-01	1.497307e+01
141	-1.020619e+00	1.213441e-02	-1.028250e+00	9.630476e-01	1.961651e+00	1.213441e-02	1.945953e+00	9.630476e-01	9.902557e-01	9.876568e-02	1.899932e-01	1.497522e+01
142	-2.528055e+00	0.000000e+00	-2.522196e+00	0.000000e+00	-1.507436e+00	-1.213441e-02	-1.493946e+00	-9.630476e-01	9.902559e-01	9.876568e-02	3.558841e-01	1.497656e+01
143	-1.428729e+00	0.000000e+00	-1.433000e+00	0.000000e+00	1.099326e+00	0.000000e+00	1.089196e+00	0.000000e+00	9.904454e-01	9.876568e-02	1.000000e+00	1.500000e+01
144	2.446442e+00	0.000000e+00	2.455831e+00	0.000000e+00	3.875171e+00	0.000000e+00	3.888832e+00	0.000000e+00	1.001411e+00	9.876568e-02	1.000000e+00	1.500000e+01
145	-3.623755e-01	6.276238e-03	-3.513669e-01	0.000000e+00	-2.808817e+00	6.276238e-03	-2.807198e+00	0.000000e+00	1.000072e+00	9.876867e-02	2.675286e-01	1.500164e+01
146	4.571882e-01	3.206692e-02	4.785735e-01	8.759740e-01	8.195638e-01	2.579068e-02	8.299404e-01	8.759740e-01	1.002336e+00	9.883991e-02	3.461388e-01	1.500411e+01
147	-3.007744e+00	0.000000e+00	-2.994126e+00	0.000000e+00	-3.464933e+00	-3.206692e-02	-3.472699e+00	-8.759740e-01	1.001514e+00	9.883231e-02	1.570739e-01	1.500236e+01
148	-1.570275e+00	0.000000e+00	-1.575837e+00	0.000000e+00	1.437469e+00	0.000000e+00	1.418289e+00	0.000000e+00	9.943419e-01	9.883231e-02	1.000000e+00	1.500000e+01
149	-1.813385e+00	0.000000e+00	-1.812457e+00	0.000000e+00	-2.431100e-01	0.000000e+00	-2.366201e-01	0.000000e+00	9.937682e-01	9.883231e-02	1.000000e+00	1.500000e+01
150	-1.684728e+00	0.000000e+00	-1.685227e+00	7.678165e-01	1.286567e-01	0.000000e+00	1.272298e-01	7.678165e-01	9.937304e-01	9.883231e-02	1.000000e+00	1.500000e+01
151	-2.628136e+00	0.000000e+00	-2.624453e+00	0.000000e+00	-9.434081e-01	0.000000e+00	-9.392259e-01	-7.678165e-01	9.942677e-01	9.883231e-02	1.000000e+00	1.500000e+01
152	-1.118563e+00	0.000000e+00	-1.124445e+00	3.614325e-01	1.509573e+00	0.000000e+00	1.500008e+00	3.614325e-01	9.939619e-01	9.883231e-02	1.000000e+00	1.500000e+01
153	-2.471806e+00	0.000000e+00	-2.466543e+00	0.000000e+00	-1.353243e+00	0.000000e+00	-1.342097e+00	-3.614325e-01	9.929638e-01	9.883231e-02	1.000000e+00	1.500000e+01
154	-1.470551e+00	0.000000e+00	-1.474442e+00	0.000000e+00	1.001255e+00	0.000000e+00	9.921011e-01	0.000000e+00	9.922958e-01	9.883231e-02	1.000000e+00	1.500000e+01
155	-2.448777e+00	0.000000e+00	-2.444971e+00	0.000000e+00	-9.782264e-01	0.000000e+00	-9.705298e-01	0.000000e+00	9.922455e-01	9.883231e-02	1.000000e+00	1.500000e+01
156	-1.401095e+00	0.000000e+00	-1.405173e+00	1.883435e+00	1.047682e+00	0.000000e+00	1.039798e+00	1.883435e+00	9.923228e-01	9.883231e-02	1.000000e+00	1.500000e+01
157	-2.550871e+00	0.000000e+00	-2.546396e+00	0.000000e+00	-1.149776e+00	0.000000e+00	-1.141223e+00	-1.883435e+00	9.924129e-01	9.883231e-02	1.000000e+00	1.500000e+01
158	-1.979012e+00	8.552435e-02	-1.981228e+00	4.401397e-01	5.718593e-01	8.552435e-02	5.651676e-01	4.401397e-01	9.898981e-01	9.845622e-02	6.707861e-01	1.495076e+01
159	-2.615804e+00	7.638135e-02	-2.613325e+00	2.363658e-01	-6.367916e-01	-9.142993e-03	-6.320965e-01	-2.037739e-01	9.901087e-01	9.845924e-02	5.802360e-01	1.494946e+01
160	-2.908952e+00	8.704679e-02	-2.907797e+00	1.042139e+00	-2.931485e-01	1.066544e-02	-2.944725e-01	8.057736e-01	9.908128e-01	9.843362e-02	4.712418e-01	1.495343e+01
161	-2.547594e+00	0.000000e+00	-2.549001e+00	0.000000e+00	3.613577e-01	-8.704679e-02	3.587958e-01	-1.042139e+00	9.923102e-01	9.807292e-02	4.855667e-01	1.494998e+01
162	-1.792431e+00	0.000000e+00	-1.795386e+00	1.157824e+00	7.551634e-01	0.000000e+00	7.536151e-01	1.157824e+00	9.934989e-01	9.807292e-02	1.000000e+00	1.500000e+01
163	-2.749729e+00	0.000000e+00	-2.746001e+00	0.000000e+00	-9.572979e-01	0.000000e+00	-9.506146e-01	-1.157824e+00	9.933555e-01	9.807292e-02	1.000000e+00	1.500000e+01
164	-2.365852e+00	0.000000e+00	-2.367337e+00	0.000000e+00	3.838766e-01	0.000000e+00	3.786638e-01	0.000000e+00	9.929034e-01	9.807292e-02	1.000000e+00	1.500000e+01
165	-2.449150e+00	0.000000e+00	-2.448831e+00	3.837600e-01	-8.329813e-02	0.000000e+00	-8.149360e-02	3.837600e-01	9.928555e-01	9.807292e-02	1.000000e+00	1.500000e+01
166	-2.806055e+00	0.000000e+00	-2.804660e+00	0.000000e+00	-3.569050e-01	0.000000e+00	-3.558292e-01	-3.837600e-01	9.930905e-01	9.807292e-02	1.000000e+00	1.500000e+01
167	-2.270014e+00	0.000000e+00	-2.272102e+00	0.000000e+00	5.360419e-01	0.000000e+00	5.325580e-01	0.000000e+00	9.931394e-01	9.807292e-02	1.000000e+00	1.500000e+01
168	-2.496279e+00	7.329937e-03	-2.495403e+00	5.844069e-01	-2.262655e-01	7.329937e-03	-2.233013e-01	5.844069e-01	9.930668e-01	9.807527e-02	9.265706e-01	1.500238e+01
169	-2.821759e+00	0.000000e+00	-2.820484e+00	0.000000e+00	-3.254799e-01	-7.329937e-03	-3.250808e-01	-5.844069e-01	9.932340e-01	9.807904e-02	9.519503e-01	1.500295e+01
170	-2.281307e+00	0.000000e+00	-2.283413e+00	0.000000e+00	5.404518e-01	0.000000e+00	5.370708e-01	0.000000e+00	9.932958e-01	9.807904e-02	1.000000e+00	1.500000e+01
171	-2.805478e+00	0.000000e+00	-2.803439e+00	0.000000e+00	-5.241713e-01	0.000000e+00	-5.200258e-01	0.000000e+00	9.931576e-01	9.807904e-02	1.000000e+00	1.500000e+01
172	-2.050796e+00	1.256599e-02	-2.053736e+00	4.770932e-01	7.546820e-01	1.256599e-02	7.497027e-01	4.770932e-01	9.928652e-01	9.807417e-02	8.699639e-01	1.499783e+01
173	-2.702583e+00	0.000000e+00	-2.700049e+00	0.000000e+00	-6.517866e-01	-1.256599e-02	-6.463121e-01	-4.770932e-01	9.923401e-01	9.806405e-02	7.988769e-01	1.499646e+01
174	-2.173418e+00	0.000000e+00	-2.175475e+00	1.268893e+00	5.291654e-01	0.000000e+00	5.245737e-01	1.268893e+00	9.922214e-01	9.806405e-02	1.000000e+00	1.500000e+01
175	-2.829235e+00	0.000000e+00	-2.826681e+00	0.000000e+00	-6.558174e-01	0.000000e+00	-6.512065e-01	-1.268893e+00	9.923471e-01	9.806405e-02	1.000000e+00	1.500000e+01
176	-2.567436e+00	0.000000e+00	-2.568449e+00	2.025947e-01	2.617991e-01	0.000000e+00	2.582327e-01	2.025947e-01	9.921592e-01	9.806405e-02	1.000000e+00	1.500000e+01
177	-2.743842e+00	0.000000e+00	-2.743157e+00	0.000000e+00	-1.764064e-01	0.000000e+00	-1.747086e-01	-2.025947e-01	9.921332e-01	9.806405e-02	1.000000e+00	1.500000e+01
178	-2.540799e+00	0.000000e+00	-2.541590e+00	1.026208e+00	2.030431e-01	0.000000e+00	2.015675e-01	1.026208e+00	9.921447e-01	9.806405e-02	1.000000e+00	1.500000e+01
179	-2.744865e+00	0.000000e+00	-2.744071e+00	0.000000e+00	-2.040655e-01	0.000000e+00	-2.024810e-01	-1.026208e+00	9.921465e-01	9.806405e-02	1.000000e+00	1.500000e+01
180	-2.641198e+00	0.000000e+00	-2.641600e+00	5.284740e-01	1.036665e-01	0.000000e+00	1.024706e-01	5.284740e-01	9.921278e-01	9.806405e-02	1.000000e+00	1.500000e+01
181	-2.816571e+00	0.000000e+00	-2.815887e+00	0.000000e+00	-1.753727e-01	0.000000e+00	-1.742874e-01	-5.284740e-01	9.921520e-01	9.806405e-02	1.000000e+00	1.500000e+01
182	-2.701020e+00	0.000000e+00	-2.701469e+00	0.000000e+00	1.155506e-01	0.000000e+00	1.144184e-01	0.000000e+00	9.921397e-01	9.806405e-02	1.000000e+00	1.500000e+01
183	-2.614598e+00	0.000000e+00	-2.614938e+00	0.000000e+00	8.642218e-02	0.000000e+00	8.653154e-02	0.000000e+00	9.921720e-01	9.806405e-02	1.000000e+00	1.500000e+01
184	-2.675860e+00	0.000000e+00	-2.675622e+00	2.471760e-01	-6.126192e-02	0.000000e+00	-6.068460e-02	2.471760e-01	9.921691e-01	9.806405e-02	1.000000e+00	1.500000e+01
185	-2.820540e+00	0.000000e+00	-2.819974e+00	6.193331e-01	-1.446803e-01	0.000000e+00	-1.443522e-01	3.721571e-01	9.922239e-01	9.806405e-02	1.000000e+00	1.500000e+01
186	-2.823905e+00	0.000000e+00	-2.823889e+00	0.000000e+00	-3.364207e-03	0.000000e+00	-3.914942e-03	-6.193331e-01	9.922248e-01	9.806405e-02	1.000000e+00	1.500000e+01
187	-2.560887e+00	0.000000e+00	-2.561914e+00	0.000000e+00	2.630177e-01	0.000000e+00	2.619750e-01	0.000000e+00	9.923458e-01	9.806405e-02	1.000000e+00	1.500000e+01
188	-3.003126e+00	0.000000e+00	-3.001402e+00	0.000000e+00	-4.422389e-01	0.000000e+00	-4.394881e-01	0.000000e+00	9.924672e-01	9.806405e-02	1.000000e+00	1.500000e+01
189	-2.652603e+00	0.000000e+00	-2.653965e+00	0.000000e+00	3.505231e-01	0.000000e+00	3.474371e-01	0.000000e+00	9.923973e-01	9.806405e-02	1.000000e+00	1.500000e+01
190	-2.563577e+00	0.000000e+00	-2.563930e+00	0.000000e+00	8.902613e-02	0.000000e+00	9.003554e-02	0.000000e+00	9.924683e-01	9.806405e-02	1.000000e+00	1.500000e+01
191	-2.651358e+00	0.000000e+00	-2.651016e+00	7.408836e-01	-8.778082e-02	0.000000e+00	-8.708622e-02	7.408836e-01	9.924669e-01	9.806405e-02	1.000000e+00	1.500000e+01
192	-2.870826e+00	0.000000e+00	-2.869967e+00	0.000000e+00	-2.194681e-01	0.000000e+00	-2.189509e-01	-7.408836e-01	9.925826e-01	9.806405e-02	1.000000e+00	1.500000e+01
193	-2.680864e+00	0.000000e+00	-2.681602e+00	0.000000e+00	1.899620e-01	0.000000e+00	1.883647e-01	0.000000e+00	9.925659e-01	9.806405e-02	1.000000e+00	1.500000e+01
194	-2.899262e+00	0.000000e+00	-2.898412e+00	0.000000e+00	-2.183987e-01	0.000000e+00	-2.168098e-01	0.000000e+00	9.925694e-01	9.806405e-02	1.000000e+00	1.500000e+01
195	-2.609079e+00	0.000000e+00	-2.610209e+00	0.000000e+00	2.901834e-01	0.000000e+00	2.882030e-01	0.000000e+00	9.925927e-01	9.806405e-02	1.000000e+00	1.500000e+01
196	-2.670505e+00	0.000000e+00	-2.670269e+00	1.472904e+00	-6.142591e-02	0.000000e+00	-6.006017e-02	1.472904e+00	9.925661e-01	9.806405e-02	1.000000e+00	1.500000e+01
197	-2.909528e+00	0.000000e+00	-2.908593e+00	0.000000e+00	-2.390232e-01	0.000000e+00	-2.383241e-01	-1.472904e+00	9.926851e-01	9.806405e-02	1.000000e+00	1.500000e+01
198	-2.812310e+00	4.159812e-03	-2.812686e+00	3.308925e-01	9.721840e-02	4.159812e-03	9.590769e-02	3.308925e-01	9.926388e-01	9.806207e-02	1.007872e+00	1.500034e+01
199	-2.799649e+00	0.000000e+00	-2.799700e+00	0.000000e+00	1.266032e-02	-4.159812e-03	1.298551e-02	-3.308925e-01	9.926438e-01	9.806043e-02	1.006181e+00	1.500089e+01
200	-2.860070e+00	2.753445e-03	-2.859834e+00	0.000000e+00	-6.042100e-02	2.753445e-03	-6.013425e-02	0.000000e+00	9.926560e-01	9.805987e-02	1.005623e+00	1.500092e+01
201	-2.809365e+00	2.200481e-02	-2.809562e+00	1.566901e+00	5.070511e-02	1.925136e-02	5.027214e-02	1.566901e+00	9.926092e-01	9.804208e-02	1.035134e+00	1.501212e+01
202	-2.819475e+00	0.000000e+00	-2.819437e+00	0.000000e+00	-1.011032e-02	-2.200481e-02	-9.874447e-03	-1.566901e+00	9.925980e-01	9.801786e-02	1.041021e+00	1.502493e+01
203	-2.848281e+00	1.437509e-02	-2.848168e+00	5.772253e-01	-2.880527e-02	1.437509e-02	-2.873132e-02	5.772253e-01	9.926192e-01	9.800729e-02	1.035671e+00	1.502760e+01
204	-2.830114e+00	0.000000e+00	-2.830184e+00	0.000000e+00	1.816722e-02	-1.437509e-02	1.798402e-02	-5.772253e-01	9.926309e-01	9.799801e-02	1.032392e+00	1.503020e+01
205	-2.846466e+00	0.000000e+00	-2.846403e+00	0.000000e+00	-1.635275e-02	0.000000e+00	-1.621862e-02	0.000000e+00	9.926308e-01	9.799801e-02	1.000000e+00	1.500000e+01
206	-2.837835e+00	3.879167e-03	-2.837868e+00	6.394143e-01	8.631281e-03	3.879167e-03	8.534211e-03	6.394143e-01	9.926291e-01	9.799725e-02	1.002347e+00	1.500106e+01
207	-2.829812e+00	0.000000e+00	-2.829843e+00	0.000000e+00	8.023087e-03	-3.879167e-03	8.025084e-03	-6.394143e-01	9.926308e-01	9.799643e-02	1.000102e+00	1.500214e+01
208	-2.833269e+00	0.000000e+00	-2.833256e+00	0.000000e+00	-3.457053e-03	0.000000e+00	-3.412200e-03	0.000000e+00	9.926308e-01	9.799643e-02	1.000000e+00	1.500000e+01
209	-2.835043e+00	0.000000e+00	-2.835036e+00	5.134973e-01	-1.774329e-03	0.000000e+00	-1.780727e-03	5.134973e-01	9.926308e-01	9.799643e-02	1.000000e+00	1.500000e+01
210	-2.832721e+00	0.000000e+00	-2.832730e+00	0.000000e+00	2.322554e-03	0.000000e+00	2.306526e-03	-5.134973e-01	9.926308e-01	9.799643e-02	1.000000e+00	1.500000e+01
211	-2.842335e+00	0.000000e+00	-2.842297e+00	0.000000e+00	-9.614036e-03	0.000000e+00	-9.567472e-03	0.000000e+00	9.926309e-01	9.799643e-02	1.000000e+00	1.500000e+01
212	-2.832423e+00	0.000000e+00	-2.832462e+00	6.975439e-01	9.911414e-03	0.000000e+00	9.835325e-03	6.975439e-01	9.926309e-01	9.799643e-02	1.000000e+00	1.500000e+01
213	-2.830554e+00	0.000000e+00	-2.830561e+00	0.000000e+00	1.869433e-03	0.000000e+00	1.900550e-03	-6.975439e-01	9.926309e-01	9.799643e-02	1.000000e+00	1.500000e+01
214	-2.843014e+00	0.000000e+00	-2.842965e+00	1.356464e-02	-1.246003e-02	0.000000e+00	-1.240394e-02	1.356464e-02	9.926312e-01	9.799643e-02	1.000000e+00	1.500000e+01
215	-2.834554e+00	0.000000e+00	-2.834586e+00	0.000000e+00	8.460382e-03	0.000000e+00	8.378880e-03	-1.356464e-02	9.926311e-01	9.799643e-02	1.000000e+00	1.500000e+01
216	-2.834140e+00	0.000000e+00	-2.834141e+00	0.000000e+00	4.138699e-04	0.000000e+00	4.449832e-04	0.000000e+00	9.926311e-01	9.799643e-02	1.000000e+00	1.500000e+01
217	-2.836499e+00	0.000000e+00	-2.836490e+00	7.980482e-01	-2.359756e-03	0.000000e+00	-2.348800e-03	7.980482e-01	9.926311e-01	9.799643e-02	1.000000e+00	1.500000e+01
218	-2.832654e+00	0.000000e+00	-2.832669e+00	0.000000e+00	3.845013e-03	0.000000e+00	3.820818e-03	-7.980482e-01	9.926311e-01	9.799643e-02	1.000000e+00	1.500000e+01
219	-2.835241e+00	0.000000e+00	-2.835231e+00	0.000000e+00	-2.586498e-03	0.000000e+00	-2.561470e-03	0.000000e+00	9.926311e-01	9.799643e-02	1.000000e+00	1.500000e+01
220	-2.835492e+00	0.000000e+00	-2.835491e+00	1.415152e-01	-2.509655e-04	0.000000e+00	-2.599909e-04	1.415152e-01	9.926311e-01	9.799643e-02	1.000000e+00	1.500000e+01
221	-2.831618e+00	0.000000e+00	-2.831634e+00	0.000000e+00	3.873522e-03	0.000000e+00	3.857376e-03	-1.415152e-01	9.926311e-01	9.799643e-02	1.000000e+00	1.500000e+01
222	-2.873573e+00	0.000000e+00	-2.873409e+00	1.270716e-01	-4.195451e-02	0.000000e+00	-4.177555e-02	1.270716e-01	9.926337e-01	9.799643e-02	1.000000e+00	1.500000e+01
223	-2.852910e+00	0.000000e+00	-2.852990e+00	0.000000e+00	2.066269e-02	0.000000e+00	2.041879e-02	-1.270716e-01	9.926328e-01	9.799643e-02	1.000000e+00	1.500000e+01
224	-2.827485e+00	0.000000e+00	-2.827585e+00	1.419982e-01	2.542491e-02	0.000000e+00	2.540535e-02	1.419982e-01	9.926348e-01	9.799643e-02	1.000000e+00	1.500000e+01
225	-2.838666e+00	0.000000e+00	-2.838623e+00	0.000000e+00	-1.118076e-02	0.000000e+00	-1.103785e-02	-1.419982e-01	9.926345e-01	9.799643e-02	1.000000e+00	1.500000e+01
226	-2.838921e+00	1.336961e-02	-2.838919e+00	0.000000e+00	-2.545262e-04	1.336961e-02	-2.966485e-04	0.000000e+00	9.926347e-01	9.798783e-02	1.000024e+00	1.499873e+01
227	-2.836106e+00	4.261248e-02	-2.836117e+00	0.000000e+00	2.814118e-03	2.924286e-02	2.801967e-03	0.000000e+00	9.926309e-01	9.794817e-02	9.994344e-01	1.499260e+01
228	-2.837219e+00	8.770661e-02	-2.837215e+00	0.000000e+00	-1.112519e-03	4.509414e-02	-1.097228e-03	0.000000e+00	9.926332e-01	9.785381e-02	9.997907e-01	1.497816e+01
229	-2.837056e+00	1.486329e-01	-2.837057e+00	1.543477e+00	1.625784e-04	6.092632e-02	1.576573e-04	1.543477e+00	9.926327e-01	9.768148e-02	9.998394e-01	1.499638e+01
230	-2.833395e+00	0.000000e+00	-2.833409e+00	0.000000e+00	3.661571e-03	-1.486329e-01	3.647883e-03	-1.543477e+00	9.926577e-01	9.666673e-02	1.001012e+00	1.494877e+01
231	-2.839391e+00	3.017817e-03	-2.839368e+00	0.000000e+00	-5.996373e-03	3.017817e-03	-5.958701e-03	0.000000e+00	9.926586e-01	9.666630e-02	1.001124e+00	1.494871e+01
232	-2.834293e+00	2.182015e-02	-2.834313e+00	1.621352e+00	5.098327e-03	1.880234e-02	5.055135e-03	1.621352e+00	9.926542e-01	9.665002e-02	1.004356e+00	1.496063e+01
233	-2.833708e+00	0.000000e+00	-2.833710e+00	0.000000e+00	5.849824e-04	-2.182015e-02	6.024439e-04	-1.621352e+00	9.926547e-01	9.662795e-02	1.003997e+00	1.497406e+01
234	-2.841175e+00	1.190172e-02	-2.841146e+00	1.342917e+00	-7.467557e-03	1.190172e-02	-7.436034e-03	1.342917e+00	9.926589e-01	9.662131e-02	9.998391e-01	1.498068e+01
235	-2.834346e+00	0.000000e+00	-2.834373e+00	0.000000e+00	6.829196e-03	-1.190172e-02	6.773472e-03	-1.342917e+00	9.926626e-01	9.661484e-02	9.960394e-01	1.498730e+01
236	-2.867809e+00	0.000000e+00	-2.867678e+00	0.000000e+00	-3.346230e-02	0.000000e+00	-3.330513e-02	0.000000e+00	9.926640e-01	9.661484e-02	1.000000e+00	1.500000e+01
237	-2.813056e+00	0.000000e+00	-2.813269e+00	0.000000e+00	5.475284e-02	0.000000e+00	5.440887e-02	0.000000e+00	9.926655e-01	9.661484e-02	1.000000e+00	1.500000e+01
238	-2.827902e+00	9.385377e-03	-2.827844e+00	5.959988e-01	-1.484581e-02	9.385377e-03	-1.457528e-02	5.959988e-01	9.926708e-01	9.661152e-02	9.966857e-01	1.500210e+01
239	-2.852554e+00	0.000000e+00	-2.852458e+00	0.000000e+00	-2.465264e-02	-9.385377e-03	-2.461328e-02	-5.959988e-01	9.926618e-01	9.660811e-02	1.001727e+00	1.500401e+01
240	-2.843908e+00	0.000000e+00	-2.843941e+00	0.000000e+00	8.646172e-03	0.000000e+00	8.516252e-03	0.000000e+00	9.926615e-01	9.660811e-02	1.000000e+00	1.500000e+01
241	-2.835989e+00	0.000000e+00	-2.836020e+00	3.792898e-03	7.919295e-03	0.000000e+00	7.921626e-03	3.792898e-03	9.926618e-01	9.660811e-02	1.000000e+00	1.500000e+01
242	-2.829487e+00	1.240140e-02	-2.829512e+00	1.150234e+00	6.501729e-03	1.240140e-02	6.507276e-03	1.146441e+00	9.926582e-01	9.660137e-02	1.002946e+00	1.500562e+01
243	-2.852453e+00	0.000000e+00	-2.852363e+00	0.000000e+00	-2.296584e-02	-1.240140e-02	-2.285071e-02	-1.150234e+00	9.926458e-01	9.659463e-02	1.013209e+00	1.501116e+01
244	-2.852411e+00	0.000000e+00	-2.852411e+00	0.000000e+00	4.160330e-05	0.000000e+00	-4.781980e-05	0.000000e+00	9.926458e-01	9.659463e-02	1.000000e+00	1.500000e+01
245	-2.846624e+00	0.000000e+00	-2.846647e+00	0.000000e+00	5.787036e-03	0.000000e+00	5.764243e-03	0.000000e+00	9.926458e-01	9.659463e-02	1.000000e+00	1.500000e+01
246	-2.847091e+00	0.000000e+00	-2.847089e+00	0.000000e+00	-4.667121e-04	0.000000e+00	-4.423724e-04	0.000000e+00	9.926458e-01	9.659463e-02	1.000000e+00	1.500000e+01
247	-2.848512e+00	1.193867e-04	-2.848507e+00	9.579340e-01	-1.421241e-03	1.193867e-04	-1.417417e-03	9.579340e-01	9.926458e-01	9.659463e-02	9.993536e-01	1.500005e+01
248	-2.846393e+00	0.000000e+00	-2.846401e+00	0.000000e+00	2.119229e-03	-1.193867e-04	2.105414e-03	-9.579340e-01	9.926458e-01	9.659463e-02	9.983889e-01	1.500011e+01
249	-2.857068e+00	0.000000e+00	-2.857026e+00	0.000000e+00	-1.067526e-02	0.000000e+00	-1.062534e-02	0.000000e+00	9.926460e-01	9.659463e-02	1.000000e+00	1.500000e+01
250	-2.843675e+00	0.000000e+00	-2.843728e+00	0.000000e+00	1.339281e-02	0.000000e+00	1.329899e-02	0.000000e+00	9.926460e-01	9.659463e-02	1.000000e+00	1.500000e+01
251	-2.858103e+00	0.000000e+00	-2.858047e+00	0.000000e+00	-1.442790e-02	0.000000e+00	-1.431959e-02	0.000000e+00	9.926460e-01	9.659463e-02	1.000000e+00	1.500000e+01
252	-2.847278e+00	0.000000e+00	-2.847320e+00	0.000000e+00	1.082496e-02	0.000000e+00	1.072674e-02	0.000000e+00	9.926459e-01	9.659463e-02	1.000000e+00	1.500000e+01
253	-2.845018e+00	0.000000e+00	-2.845027e+00	3.978615e-01	2.259871e-03	0.000000e+00	2.292945e-03	3.978615e-01	9.926459e-01	9.659463e-02	1.000000e+00	1.500000e+01
254	-2.832352e+00	0.000000e+00	-2.832402e+00	0.000000e+00	1.266599e-02	0.000000e+00	1.262547e-02	-3.978615e-01	9.926463e-01	9.659463e-02	1.000000e+00	1.500000e+01
255	-2.850677e+00	0.000000e+00	-2.850605e+00	6.230269e-01	-1.832432e-02	0.000000e+00	-1.820342e-02	6.230269e-01	9.926464e-01	9.659463e-02	1.000000e+00	1.500000e+01
256	-2.849314e+00	0.000000e+00	-2.849319e+00	2.564163e-01	1.363215e-03	0.000000e+00	1.286783e-03	-3.666107e-01	9.926463e-01	9.659463e-02	1.000000e+00	1.500000e+01
257	-2.843998e+00	0.000000e+00	-2.844019e+00	0.000000e+00	5.315736e-03	0.000000e+00	5.299998e-03	-2.564163e-01	9.926464e-01	9.659463e-02	1.000000e+00	1.500000e+01
258	-2.857629e+00	0.000000e+00	-2.857576e+00	0.000000e+00	-1.363137e-02	0.000000e+00	-1.355742e-02	0.000000e+00	9.926466e-01	9.659463e-02	1.000000e+00	1.500000e+01
259	-2.847345e+00	0.000000e+00	-2.847385e+00	0.000000e+00	1.028437e-02	0.000000e+00	1.019123e-02	0.000000e+00	9.926465e-01	9.659463e-02	1.000000e+00	1.500000e+01
260	-2.851003e+00	0.000000e+00	-2.850989e+00	0.000000e+00	-3.658249e-03	0.000000e+00	-3.604149e-03	0.000000e+00	9.926464e-01	9.659463e-02	1.000000e+00	1.500000e+01
261	-2.850049e+00	0.000000e+00	-2.850053e+00	5.407377e-02	9.537164e-04	0.000000e+00	9.359122e-04	5.407377e-02	9.926464e-01	9.659463e-02	1.000000e+00	1.500000e+01
262	-2.843679e+00	2.606419e-03	-2.843704e+00	0.000000e+00	6.370292e-03	2.606419e-03	6.349064e-03	-5.407377e-02	9.926457e-01	9.659435e-02	9.996988e-01	1.499988e+01
263	-2.860078e+00	2.690167e-02	-2.860014e+00	5.916602e-01	-1.639897e-02	2.429525e-02	-1.631011e-02	5.916602e-01	9.926643e-01	9.656691e-02	9.978019e-01	1.500269e+01
264	-2.846297e+00	0.000000e+00	-2.846351e+00	0.000000e+00	1.378065e-02	-2.690167e-02	1.366311e-02	-5.916602e-01	9.926812e-01	9.653394e-02	9.964814e-01	1.500526e+01
265	-2.850615e+00	0.000000e+00	-2.850598e+00	0.000000e+00	-4.317342e-03	0.000000e+00	-4.247105e-03	0.000000e+00	9.926811e-01	9.653394e-02	1.000000e+00	1.500000e+01
266	-2.848178e+00	1.323595e-02	-2.848188e+00	0.000000e+00	2.436569e-03	1.323595e-02	2.410460e-03	0.000000e+00	9.926796e-01	9.652586e-02	9.997674e-01	1.499874e+01
267	-2.850631e+00	4.174856e-02	-2.850621e+00	0.000000e+00	-2.452618e-03	2.851261e-02	-2.433621e-03	0.000000e+00	9.926828e-01	9.648861e-02	1.000263e+00	1.499298e+01
268	-2.845046e+00	8.552402e-02	-2.845068e+00	6.613548e-01	5.584311e-03	4.377546e-02	5.552991e-03	6.613548e-01	9.926716e-01	9.640107e-02	1.000261e+00	1.499297e+01
269	-2.832284e+00	3.785314e-03	-2.832334e+00	0.000000e+00	1.276225e-02	-8.173871e-02	1.273409e-02	-6.613548e-01	9.927196e-01	9.609364e-02	1.003592e+00	1.497163e+01
270	-2.884443e+00	1.464175e-02	-2.884240e+00	2.637063e-01	-5.215922e-02	1.085644e-02	-5.190573e-02	2.637063e-01	9.927486e-01	9.608762e-02	9.997942e-01	1.497242e+01
271	-2.853660e+00	0.000000e+00	-2.853780e+00	0.000000e+00	3.078296e-02	-1.464175e-02	3.045996e-02	-2.637063e-01	9.927677e-01	9.607854e-02	9.986944e-01	1.497295e+01
272	-2.836945e+00	1.605963e-02	-2.837011e+00	9.290933e-01	1.671504e-02	1.605963e-02	1.676873e-02	9.290933e-01	9.927568e-01	9.606810e-02	1.004028e+00	1.497807e+01
273	-2.846616e+00	0.000000e+00	-2.846578e+00	0.000000e+00	-9.670461e-03	-1.605963e-02	-9.567183e-03	-9.290933e-01	9.927496e-01	9.605608e-02	1.007146e+00	1.498325e+01
274	-2.864388e+00	0.000000e+00	-2.864318e+00	0.000000e+00	-1.777178e-02	0.000000e+00	-1.773973e-02	0.000000e+00	9.927504e-01	9.605608e-02	1.000000e+00	1.500000e+01
275	-2.833881e+00	0.000000e+00	-2.834000e+00	0.000000e+00	3.050676e-02	0.000000e+00	3.031830e-02	0.000000e+00	9.927508e-01	9.605608e-02	1.000000e+00	1.500000e+01
276	-2.882465e+00	0.000000e+00	-2.882276e+00	8.021242e-01	-4.858448e-02	0.000000e+00	-4.827626e-02	8.021242e-01	9.927519e-01	9.605608e-02	1.000000e+00	1.500000e+01
277	-2.847051e+00	0.000000e+00	-2.847189e+00	0.000000e+00	3.541416e-02	0.000000e+00	3.508724e-02	-8.021242e-01	9.927507e-01	9.605608e-02	1.000000e+00	1.500000e+01
278	-2.841028e+00	0.000000e+00	-2.841052e+00	0.000000e+00	6.023508e-03	0.000000e+00	6.137038e-03	0.000000e+00	9.927511e-01	9.605608e-02	1.000000e+00	1.500000e+01
279	-2.859243e+00	0.000000e+00	-2.859171e+00	6.297773e-01	-1.821481e-02	0.000000e+00	-1.811968e-02	6.297773e-01	9.927515e-01	9.605608e-02	1.000000e+00	1.500000e+01
280	-2.846324e+00	0.000000e+00	-2.846374e+00	0.000000e+00	1.291897e-02	0.000000e+00	1.279772e-02	-6.297773e-01	9.927513e-01	9.605608e-02	1.000000e+00	1.500000e+01
281	-2.841241e+00	0.000000e+00	-2.841261e+00	0.000000e+00	5.082739e-03	0.000000e+00	5.112876e-03	0.000000e+00	9.927514e-01	9.605608e-02	1.000000e+00	1.500000e+01
282	-2.848707e+00	0.000000e+00	-2.848678e+00	0.000000e+00	-7.466257e-03	0.000000e+00	-7.417119e-03	0.000000e+00	9.927515e-01	9.605608e-02	1.000000e+00	1.500000e+01
283	-2.844468e+00	0.000000e+00	-2.844484e+00	5.862549e-01	4.239198e-03	0.000000e+00	4.193666e-03	5.862549e-01	9.927514e-01	9.605608e-02	1.000000e+00	1.500000e+01
284	-2.843002e+00	0.000000e+00	-2.843007e+00	0.000000e+00	1.466310e-03	0.000000e+00	1.476964e-03	-5.862549e-01	9.927514e-01	9.605608e-02	1.000000e+00	1.500000e+01
285	-2.890713e+00	0.000000e+00	-2.890526e+00	0.000000e+00	-4.771111e-02	0.000000e+00	-4.751897e-02	0.000000e+00	9.927549e-01	9.605608e-02	1.000000e+00	1.500000e+01
286	-2.812498e+00	0.000000e+00	-2.812803e+00	0.000000e+00	7.821450e-02	0.000000e+00	7.772335e-02	0.000000e+00	9.927577e-01	9.605608e-02	1.000000e+00	1.500000e+01
287	-2.833063e+00	0.000000e+00	-2.832984e+00	1.298391e+00	-2.056450e-02	0.000000e+00	-2.018057e-02	1.298391e+00	9.927554e-01	9.605608e-02	1.000000e+00	1.500000e+01
288	-2.880262e+00	0.000000e+00	-2.880078e+00	0.000000e+00	-4.719965e-02	0.000000e+00	-4.709410e-02	-1.298391e+00	9.927607e-01	9.605608e-02	1.000000e+00	1.500000e+01
289	-2.872890e+00	0.000000e+00	-2.872918e+00	0.000000e+00	7.372125e-03	0.000000e+00	7.159367e-03	0.000000e+00	9.927602e-01	9.605608e-02	1.000000e+00	1.500000e+01
290	-2.869134e+00	0.000000e+00	-2.869148e+00	2.733371e-01	3.756650e-03	0.000000e+00	3.769942e-03	2.733371e-01	9.927602e-01	9.605608e-02	1.000000e+00	1.500000e+01
291	-2.857963e+00	0.000000e+00	-2.858006e+00	1.285405e-01	1.117088e-02	0.000000e+00	1.114197e-02	-1.447967e-01	9.927605e-01	9.605608e-02	1.000000e+00	1.500000e+01
292	-2.855916e+00	0.000000e+00	-2.855924e+00	0.000000e+00	2.046615e-03	0.000000e+00	2.082144e-03	-1.285405e-01	9.927606e-01	9.605608e-02	1.000000e+00	1.500000e+01
293	-2.893076e+00	0.000000e+00	-2.892931e+00	5.240497e-01	-3.716034e-02	0.000000e+00	-3.700705e-02	5.240497e-01	9.927626e-01	9.605608e-02	1.000000e+00	1.500000e+01
294	-2.866776e+00	0.000000e+00	-2.866878e+00	0.000000e+00	2.630029e-02	0.000000e+00	2.605299e-02	-5.240497e-01	9.927619e-01	9.605608e-02	1.000000e+00	1.500000e+01
295	-2.866407e+00	0.000000e+00	-2.866408e+00	1.504443e-01	3.694935e-04	0.000000e+00	4.698197e-04	1.504443e-01	9.927619e-01	9.605608e-02	1.000000e+00	1.500000e+01
296	-2.858176e+00	0.000000e+00	-2.858208e+00	0.000000e+00	8.231048e-03	0.000000e+00	8.200731e-03	-1.504443e-01	9.927620e-01	9.605608e-02	1.000000e+00	1.500000e+01
297	-2.873337e+00	0.000000e+00	-2.873278e+00	2.513720e-01	-1.516171e-02	0.000000e+00	-1.507045e-02	2.513720e-01	9.927622e-01	9.605608e-02	1.000000e+00	1.500000e+01
298	-2.876727e+00	0.000000e+00	-2.876713e+00	1.947948e+00	-3.389631e-03	0.000000e+00	-3.435260e-03	1.696576e+00	9.927623e-01	9.605608e-02	1.000000e+00	1.500000e+01
299	-2.876890e+00	0.000000e+00	-2.876890e+00	0.000000e+00	-1.635118e-04	0.000000e+00	-1.762920e-04	-1.947948e+00	9.927623e-01	9.605608e-02	1.000000e+00	1.500000e+01
300	-2.880432e+00	3.870173e-02	-2.880418e+00	1.753763e+00	-3.541733e-03	3.870173e-02	-3.528586e-03	1.753763e+00	9.927685e-01	9.598756e-02	9.980218e-01	1.502162e+01
301	-2.896861e+00	0.000000e+00	-2.896797e+00	0.000000e+00	-1.642905e-02	-3.870173e-02	-1.637866e-02	-1.753763e+00	9.927401e-01	9.592059e-02	1.007035e+00	1.504285e+01
302	-2.890628e+00	1.628704e-02	-2.890652e+00	1.622570e+00	6.233029e-03	1.628704e-02	6.144702e-03	1.622570e+00	9.927354e-01	9.590817e-02	1.011094e+00	1.505346e+01
303	-2.888347e+00	0.000000e+00	-2.888356e+00	0.000000e+00	2.281228e-03	-1.628704e-02	2.296320e-03	-1.622570e+00	9.927371e-01	9.589584e-02	1.009600e+00	1.506413e+01
304	-2.896242e+00	1.137675e-03	-2.896211e+00	6.159525e-01	-7.895197e-03	1.137675e-03	-7.855386e-03	6.159525e-01	9.927376e-01	9.589577e-02	1.007324e+00	1.506446e+01
305	-2.889371e+00	0.000000e+00	-2.889398e+00	0.000000e+00	6.871197e-03	-1.137675e-03	6.813672e-03	-6.159525e-01	9.927379e-01	9.589572e-02	1.005347e+00	1.506478e+01
306	-2.932236e+00	0.000000e+00	-2.932068e+00	0.000000e+00	-4.286485e-02	0.000000e+00	-4.267079e-02	0.000000e+00	9.927403e-01	9.589572e-02	1.000000e+00	1.500000e+01
307	-2.866378e+00	0.000000e+00	-2.866634e+00	1.038604e+00	6.585828e-02	0.000000e+00	6.543434e-02	1.038604e+00	9.927420e-01	9.589572e-02	1.000000e+00	1.500000e+01
308	-2.904139e+00	0.000000e+00	-2.903993e+00	0.000000e+00	-3.776166e-02	0.000000e+00	-3.735855e-02	-1.038604e+00	9.927397e-01	9.589572e-02	1.000000e+00	1.500000e+01
309	-2.940254e+00	0.000000e+00	-2.940112e+00	0.000000e+00	-3.611448e-02	0.000000e+00	-3.611934e-02	0.000000e+00	9.927442e-01	9.589572e-02	1.000000e+00	1.500000e+01
310	-2.887754e+00	0.000000e+00	-2.887959e+00	0.000000e+00	5.249944e-02	0.000000e+00	5.215327e-02	0.000000e+00	9.927451e-01	9.589572e-02	1.000000e+00	1.500000e+01
311	-2.932438e+00	0.000000e+00	-2.932265e+00	1.387729e-01	-4.468406e-02	0.000000e+00	-4.430579e-02	1.387729e-01	9.927440e-01	9.589572e-02	1.000000e+00	1.500000e+01
312	-2.912161e+00	0.000000e+00	-2.912240e+00	0.000000e+00	2.027701e-02	0.000000e+00	2.002473e-02	-1.387729e-01	9.927429e-01	9.589572e-02	1.000000e+00	1.500000e+01
313	-2.908872e+00	0.000000e+00	-2.908885e+00	0.000000e+00	3.289592e-03	0.000000e+00	3.354964e-03	0.000000e+00	9.927431e-01	9.589572e-02	1.000000e+00	1.500000e+01
314	-2.916673e+00	0.000000e+00	-2.916642e+00	4.964993e-02	-7.801167e-03	0.000000e+00	-7.757588e-03	4.964993e-02	9.927431e-01	9.589572e-02	1.000000e+00	1.500000e+01
315	-2.903264e+00	0.000000e+00	-2.903316e+00	0.000000e+00	1.340888e-02	0.000000e+00	1.332620e-02	-4.964993e-02	9.927432e-01	9.589572e-02	1.000000e+00	1.500000e+01
316	-2.922014e+00	2.037705e-02	-2.921941e+00	0.000000e+00	-1.875031e-02	2.037705e-02	-1.862501e-02	0.000000e+00	9.927607e-01	9.587671e-02	1.002554e+00	1.499722e+01
317	-2.919415e+00	5.559991e-02	-2.919425e+00	8.438335e-01	2.599395e-03	3.522286e-02	2.516488e-03	8.438335e-01	9.927565e-01	9.581917e-02	1.002941e+00	1.500246e+01
318	-2.899935e+00	0.000000e+00	-2.900011e+00	0.000000e+00	1.948019e-02	-5.559991e-02	1.941393e-02	-8.438335e-01	9.928064e-01	9.567674e-02	1.002670e+00	1.500323e+01
319	-2.910157e+00	0.000000e+00	-2.910117e+00	0.000000e+00	-1.022241e-02	0.000000e+00	-1.010664e-02	0.000000e+00	9.928062e-01	9.567674e-02	1.000000e+00	1.500000e+01
320	-2.914392e+00	1.029245e-03	-2.914376e+00	0.000000e+00	-4.235144e-03	1.029245e-03	-4.258080e-03	0.000000e+00	9.928065e-01	9.567667e-02	1.000023e+00	1.499999e+01
321	-2.910548e+00	1.687412e-02	-2.910563e+00	7.823949e-01	3.843772e-03	1.584488e-02	3.812124e-03	7.823949e-01	9.928037e-01	9.566523e-02	1.001010e+00	1.500406e+01
322	-2.889924e+00	0.000000e+00	-2.890005e+00	0.000000e+00	2.062427e-02	-1.687412e-02	2.055860e-02	-7.823949e-01	9.928203e-01	9.565163e-02	9.956251e-01	1.500847e+01
323	-2.947542e+00	0.000000e+00	-2.947318e+00	0.000000e+00	-5.761811e-02	0.000000e+00	-5.731273e-02	0.000000e+00	9.928233e-01	9.565163e-02	1.000000e+00	1.500000e+01
324	-2.871320e+00	0.000000e+00	-2.871616e+00	3.672068e-01	7.622275e-02	0.000000e+00	7.570113e-02	3.672068e-01	9.928242e-01	9.565163e-02	1.000000e+00	1.500000e+01
325	-2.889414e+00	0.000000e+00	-2.889345e+00	0.000000e+00	-1.809473e-02	0.000000e+00	-1.772834e-02	-3.672068e-01	9.928222e-01	9.565163e-02	1.000000e+00	1.500000e+01
326	-2.969987e+00	0.000000e+00	-2.969672e+00	5.342289e-04	-8.057314e-02	0.000000e+00	-8.032765e-02	5.342289e-04	9.928349e-01	9.565163e-02	1.000000e+00	1.500000e+01
327	-2.921333e+00	0.000000e+00	-2.921522e+00	0.000000e+00	4.865426e-02	0.000000e+00	4.815043e-02	-5.342289e-04	9.928313e-01	9.565163e-02	1.000000e+00	1.500000e+01
328	-2.904052e+00	1.237713e-02	-2.904120e+00	0.000000e+00	1.728113e-02	1.237713e-02	1.740171e-02	0.000000e+00	9.928236e-01	9.564611e-02	9.983346e-01	1.499881e+01
329	-2.935345e+00	3.951119e-02	-2.935223e+00	0.000000e+00	-3.129339e-02	2.713406e-02	-3.110318e-02	0.000000e+00	9.928626e-01	9.561225e-02	1.003915e+00	1.499397e+01
330	-2.936981e+00	8.139414e-02	-2.936974e+00	7.571270e-01	-1.635212e-03	4.188294e-02	-1.750321e-03	7.571270e-01	9.928658e-01	9.553013e-02	1.003813e+00	1.499657e+01
331	-2.893874e+00	0.000000e+00	-2.894042e+00	0.000000e+00	4.310690e-02	-8.139414e-02	4.293167e-02	-7.571270e-01	9.930271e-01	9.522568e-02	1.012382e+00	1.498039e+01
332	-2.939107e+00	1.223215e-03	-2.938931e+00	1.280731e+00	-4.523290e-02	1.223215e-03	-4.488851e-02	1.280731e+00	9.930289e-01	9.522563e-02	9.843029e-01	1.498115e+01
333	-2.907136e+00	0.000000e+00	-2.907260e+00	0.000000e+00	3.197051e-02	-1.223215e-03	3.167028e-02	-1.280731e+00	9.930295e-01	9.522561e-02	9.646642e-01	1.498190e+01
334	-2.928394e+00	0.000000e+00	-2.928311e+00	0.000000e+00	-2.125764e-02	0.000000e+00	-2.105089e-02	0.000000e+00	9.930289e-01	9.522561e-02	1.000000e+00	1.500000e+01
335	-2.932641e+00	0.000000e+00	-2.932625e+00	0.000000e+00	-4.247650e-03	0.000000e+00	-4.313288e-03	0.000000e+00	9.930291e-01	9.522561e-02	1.000000e+00	1.500000e+01
336	-2.926731e+00	0.000000e+00	-2.926754e+00	0.000000e+00	5.910368e-03	0.000000e+00	5.870432e-03	0.000000e+00	9.930291e-01	9.522561e-02	1.000000e+00	1.500000e+01
337	-2.927280e+00	3.670163e-03	-2.927277e+00	0.000000e+00	-5.484856e-04	3.670163e-03	-5.234117e-04	0.000000e+00	9.930292e-01	9.522504e-02	1.000014e+00	1.499990e+01
338	-2.928534e+00	2.204119e-02	-2.928529e+00	3.746564e-01	-1.254046e-03	1.837103e-02	-1.251192e-03	3.746564e-01	9.930303e-01	9.520972e-02	9.999544e-01	1.500078e+01
339	-2.890154e+00	0.000000e+00	-2.890304e+00	0.000000e+00	3.837981e-02	-2.204119e-02	3.822500e-02	-3.746564e-01	9.930705e-01	9.518659e-02	9.984537e-01	1.500164e+01
340	-2.942878e+00	1.316390e-02	-2.942672e+00	5.204809e-01	-5.272373e-02	1.316390e-02	-5.236846e-02	5.204809e-01	9.931021e-01	9.517871e-02	9.890601e-01	1.500399e+01
341	-2.902995e+00	0.000000e+00	-2.903150e+00	0.000000e+00	3.988290e-02	-1.316390e-02	3.952255e-02	-5.204809e-01	9.931242e-01	9.517141e-02	9.822004e-01	1.500625e+01
342	-2.925114e+00	0.000000e+00	-2.925028e+00	0.000000e+00	-2.211906e-02	0.000000e+00	-2.187827e-02	0.000000e+00	9.931233e-01	9.517141e-02	1.000000e+00	1.500000e+01
343	-2.929245e+00	9.177636e-03	-2.929228e+00	0.000000e+00	-4.131283e-03	9.177636e-03	-4.200607e-03	0.000000e+00	9.931252e-01	9.516718e-02	1.000262e+00	1.499942e+01
344	-2.921086e+00	3.301721e-02	-2.921118e+00	0.000000e+00	8.158911e-03	2.383957e-02	8.110631e-03	0.000000e+00	9.931164e-01	9.514159e-02	9.988451e-01	1.499528e+01
345	-2.926071e+00	7.151139e-02	-2.926051e+00	1.183409e-01	-4.984817e-03	3.849419e-02	-4.933663e-03	1.183409e-01	9.931251e-01	9.507498e-02	9.999190e-01	1.498698e+01
346	-2.888732e+00	1.004667e-01	-2.888878e+00	9.355240e-01	3.733851e-02	2.895528e-02	3.717338e-02	8.171831e-01	9.930779e-01	9.503841e-02	1.006047e+00	1.499174e+01
347	-2.894247e+00	0.000000e+00	-2.894226e+00	0.000000e+00	-5.514396e-03	-1.004667e-01	-5.347647e-03	-9.355240e-01	9.930527e-01	9.457895e-02	1.004545e+00	1.496438e+01
348	-2.964436e+00	0.000000e+00	-2.964161e+00	0.000000e+00	-7.018890e-02	0.000000e+00	-6.993561e-02	0.000000e+00	9.930605e-01	9.457895e-02	1.000000e+00	1.500000e+01
349	-2.891842e+00	9.093614e-05	-2.892125e+00	0.000000e+00	7.259325e-02	9.093614e-05	7.203650e-02	0.000000e+00	9.930584e-01	9.457895e-02	9.974565e-01	1.500000e+01
350	-2.970160e+00	1.480780e-02	-2.969855e+00	1.022086e+00	-7.831780e-02	1.471686e-02	-7.773048e-02	1.022086e+00	9.931084e-01	9.456955e-02	9.648436e-01	1.500613e+01
351	-2.902206e+00	0.000000e+00	-2.902471e+00	0.000000e+00	6.795371e-02	-1.480780e-02	6.738463e-02	-1.022086e+00	9.931502e-01	9.456043e-02	9.369763e-01	1.501220e+01
352	-2.930461e+00	0.000000e+00	-2.930352e+00	0.000000e+00	-2.825494e-02	0.000000e+00	-2.788134e-02	0.000000e+00	9.931478e-01	9.456043e-02	1.000000e+00	1.500000e+01
353	-2.916386e+00	0.000000e+00	-2.916441e+00	0.000000e+00	1.407537e-02	0.000000e+00	1.391148e-02	0.000000e+00	9.931474e-01	9.456043e-02	1.000000e+00	1.500000e+01
354	-2.926481e+00	0.000000e+00	-2.926442e+00	9.645455e-02	-1.009508e-02	0.000000e+00	-1.000131e-02	9.645455e-02	9.931472e-01	9.456043e-02	1.000000e+00	1.500000e+01
355	-2.889731e+00	0.000000e+00	-2.889874e+00	0.000000e+00	3.675061e-02	0.000000e+00	3.656799e-02	-9.645455e-02	9.931484e-01	9.456043e-02	1.000000e+00	1.500000e+01
356	-2.952055e+00	0.000000e+00	-2.951812e+00	4.445900e-01	-6.232472e-02	0.000000e+00	-6.193842e-02	4.445900e-01	9.931496e-01	9.456043e-02	1.000000e+00	1.500000e+01
357	-2.901714e+00	0.000000e+00	-2.901909e+00	0.000000e+00	5.034159e-02	0.000000e+00	4.990300e-02	-4.445900e-01	9.931474e-01	9.456043e-02	1.000000e+00	1.500000e+01
358	-2.920284e+00	0.000000e+00	-2.920213e+00	7.712529e-02	-1.857066e-02	0.000000e+00	-1.830319e-02	7.712529e-02	9.931462e-01	9.456043e-02	1.000000e+00	1.500000e+01
359	-2.891698e+00	0.000000e+00	-2.891809e+00	0.000000e+00	2.858673e-02	0.000000e+00	2.840356e-02	-7.712529e-02	9.931463e-01	9.456043e-02	1.000000e+00	1.500000e+01
360	-2.935113e+00	1.011929e-02	-2.934944e+00	1.229950e+00	-4.341536e-02	1.011929e-02	-4.313481e-02	1.229950e+00	9.931664e-01	9.455576e-02	9.768935e-01	1.500539e+01
361	-2.899197e+00	0.000000e+00	-2.899336e+00	0.000000e+00	3.591631e-02	-1.011929e-02	3.560752e-02	-1.229950e+00	9.931816e-01	9.455146e-02	9.579154e-01	1.501073e+01
362	-2.906104e+00	0.000000e+00	-2.906078e+00	0.000000e+00	-6.907496e-03	0.000000e+00	-6.741422e-03	0.000000e+00	9.931812e-01	9.455146e-02	1.000000e+00	1.500000e+01
363	-2.911629e+00	0.000000e+00	-2.911608e+00	0.000000e+00	-5.525097e-03	0.000000e+00	-5.529848e-03	0.000000e+00	9.931814e-01	9.455146e-02	1.000000e+00	1.500000e+01
364	-2.905894e+00	0.000000e+00	-2.905916e+00	0.000000e+00	5.735482e-03	0.000000e+00	5.691477e-03	0.000000e+00	9.931813e-01	9.455146e-02	1.000000e+00	1.500000e+01
365	-2.909243e+00	0.000000e+00	-2.909230e+00	0.000000e+00	-3.349399e-03	0.000000e+00	-3.314083e-03	0.000000e+00	9.931813e-01	9.455146e-02	1.000000e+00	1.500000e+01
366	-2.907701e+00	1.023495e-02	-2.907707e+00	0.000000e+00	1.542430e-03	1.023495e-02	1.523459e-03	0.000000e+00	9.931806e-01	9.454672e-02	9.998864e-01	1.499925e+01
367	-2.908792e+00	3.500322e-02	-2.908788e+00	1.447912e+00	-1.091053e-03	2.476827e-02	-1.080840e-03	1.447912e+00	9.931818e-01	9.451921e-02	9.993282e-01	1.501192e+01
368	-2.893866e+00	0.000000e+00	-2.893924e+00	0.000000e+00	1.492592e-02	-3.500322e-02	1.486340e-02	-1.447912e+00	9.932055e-01	9.446359e-02	9.926872e-01	1.502749e+01
369	-2.946688e+00	0.000000e+00	-2.946482e+00	0.000000e+00	-5.282186e-02	0.000000e+00	-5.255746e-02	0.000000e+00	9.932079e-01	9.446359e-02	1.000000e+00	1.500000e+01
370	-2.921045e+00	0.000000e+00	-2.921144e+00	0.000000e+00	2.564281e-02	0.000000e+00	2.533734e-02	0.000000e+00	9.932063e-01	9.446359e-02	1.000000e+00	1.500000e+01
371	-2.912716e+00	4.996592e-03	-2.912749e+00	4.738906e-02	8.328571e-03	4.996592e-03	8.395011e-03	4.738906e-02	9.932049e-01	9.446276e-02	9.998580e-01	1.499991e+01
372	-2.884916e+00	1.490937e-02	-2.885025e+00	2.237523e-01	2.780044e-02	9.912773e-03	2.772464e-02	1.763632e-01	9.931941e-01	9.445889e-02	9.998564e-01	1.499991e+01
373	-2.882503e+00	0.000000e+00	-2.882513e+00	3.120605e-01	2.412798e-03	-1.490937e-02	2.511673e-03	8.830824e-02	9.931958e-01	9.444810e-02	1.000211e+00	1.499772e+01
374	-2.890059e+00	0.000000e+00	-2.890030e+00	0.000000e+00	-7.556391e-03	0.000000e+00	-7.517063e-03	-3.120605e-01	9.931959e-01	9.444810e-02	1.000000e+00	1.500000e+01
375	-2.947153e+00	9.878349e-03	-2.946930e+00	0.000000e+00	-5.709348e-02	9.878349e-03	-5.689982e-02	0.000000e+00	9.932264e-01	9.444281e-02	1.002466e+00	1.499957e+01
376	-2.925108e+00	3.424677e-02	-2.925193e+00	9.156302e-01	2.204504e-02	2.436842e-02	2.173666e-02	9.156302e-01	9.932006e-01	9.441435e-02	1.007992e+00	1.500568e+01
377	-2.889827e+00	0.000000e+00	-2.889965e+00	0.000000e+00	3.528098e-02	-3.424677e-02	3.522807e-02	-9.156302e-01	9.932579e-01	9.435878e-02	1.000672e+00	1.501279e+01
378	-2.936967e+00	0.000000e+00	-2.936784e+00	0.000000e+00	-4.714051e-02	0.000000e+00	-4.681875e-02	0.000000e+00	9.932578e-01	9.435878e-02	1.000000e+00	1.500000e+01
379	-2.944006e+00	0.000000e+00	-2.943978e+00	0.000000e+00	-7.038585e-03	0.000000e+00	-7.193977e-03	0.000000e+00	9.932585e-01	9.435878e-02	1.000000e+00	1.500000e+01
380	-2.867475e+00	0.000000e+00	-2.867774e+00	5.013033e-01	7.653091e-02	0.000000e+00	7.620386e-02	5.013033e-01	9.932653e-01	9.435878e-02	1.000000e+00	1.500000e+01
381	-2.894836e+00	0.000000e+00	-2.894731e+00	0.000000e+00	-2.736129e-02	0.000000e+00	-2.695674e-02	-5.013033e-01	9.932625e-01	9.435878e-02	1.000000e+00	1.500000e+01
382	-2.980254e+00	0.000000e+00	-2.979920e+00	0.000000e+00	-8.541804e-02	0.000000e+00	-8.518967e-02	0.000000e+00	9.932765e-01	9.435878e-02	1.000000e+00	1.500000e+01
383	-2.849887e+00	0.000000e+00	-2.850395e+00	0.000000e+00	1.303677e-01	0.000000e+00	1.295257e-01	0.000000e+00	9.932786e-01	9.435878e-02	1.000000e+00	1.500000e+01
384	-2.979440e+00	1.123180e-02	-2.978936e+00	0.000000e+00	-1.295536e-01	1.123180e-02	-1.285416e-01	0.000000e+00	9.933347e-01	9.435392e-02	1.002375e+00	1.499979e+01
385	-2.877915e+00	3.691024e-02	-2.878310e+00	5.240703e-01	1.015254e-01	2.567844e-02	1.006267e-01	5.240703e-01	9.932078e-01	9.432183e-02	1.004156e+00	1.500024e+01
386	-2.874732e+00	0.000000e+00	-2.874746e+00	0.000000e+00	3.182986e-03	-3.691024e-02	3.563626e-03	-5.240703e-01	9.932137e-01	9.425379e-02	1.004196e+00	1.499978e+01
387	-3.010504e+00	7.011947e-03	-3.009973e+00	0.000000e+00	-1.357717e-01	7.011947e-03	-1.352274e-01	0.000000e+00	9.932800e-01	9.425036e-02	1.002205e+00	1.499988e+01
388	-2.977153e+00	2.845650e-02	-2.977282e+00	1.620147e+00	3.335020e-02	2.144455e-02	3.269169e-02	1.620147e+00	9.932411e-01	9.422537e-02	1.022229e+00	1.501276e+01
389	-2.843203e+00	0.000000e+00	-2.843727e+00	0.000000e+00	1.339503e-01	-2.845650e-02	1.335548e-01	-1.620147e+00	9.934423e-01	9.418264e-02	9.384006e-01	1.503057e+01
390	-2.966528e+00	0.000000e+00	-2.966049e+00	3.393448e-01	-1.233252e-01	0.000000e+00	-1.223218e-01	3.393448e-01	9.934310e-01	9.418264e-02	1.000000e+00	1.500000e+01
391	-2.909977e+00	0.000000e+00	-2.910196e+00	0.000000e+00	5.655108e-02	0.000000e+00	5.585236e-02	-3.393448e-01	9.934222e-01	9.418264e-02	1.000000e+00	1.500000e+01
392	-2.861219e+00	0.000000e+00	-2.861410e+00	3.280524e-01	4.875852e-02	0.000000e+00	4.878623e-02	3.280524e-01	9.934303e-01	9.418264e-02	1.000000e+00	1.500000e+01
393	-2.879519e+00	0.000000e+00	-2.879448e+00	0.000000e+00	-1.830023e-02	0.000000e+00	-1.803817e-02	-3.280524e-01	9.934290e-01	9.418264e-02	1.000000e+00	1.500000e+01
394	-2.938441e+00	0.000000e+00	-2.938211e+00	6.068359e-01	-5.892248e-02	0.000000e+00	-5.876278e-02	6.068359e-01	9.934354e-01	9.418264e-02	1.000000e+00	1.500000e+01
395	-2.898164e+00	0.000000e+00	-2.898321e+00	0.000000e+00	4.027727e-02	0.000000e+00	3.989040e-02	-6.068359e-01	9.934330e-01	9.418264e-02	1.000000e+00	1.500000e+01
396	-2.886582e+00	0.000000e+00	-2.886628e+00	1.605889e+00	1.158197e-02	0.000000e+00	1.169255e-02	1.605889e+00	9.934341e-01	9.418264e-02	1.000000e+00	1.500000e+01
397	-2.916050e+00	0.000000e+00	-2.915935e+00	0.000000e+00	-2.946752e-02	0.000000e+00	-2.930674e-02	-1.605889e+00	9.934345e-01	9.418264e-02	1.000000e+00	1.500000e+01
398	-2.914178e+00	0.000000e+00	-2.914184e+00	0.000000e+00	1.872116e-03	0.000000e+00	1.750323e-03	0.000000e+00	9.934344e-01	9.418264e-02	1.000000e+00	1.500000e+01
399	-2.908278e+00	6.344892e-03	-2.908301e+00	3.852581e-01	5.899179e-03	6.344892e-03	5.882972e-03	3.852581e-01	9.934328e-01	9.418090e-02	1.000796e+00	1.500086e+01
400	-2.900950e+00	0.000000e+00	-2.900979e+00	2.667308e-01	7.327898e-03	-6.344892e-03	7.322253e-03	-1.185274e-01	9.934350e-01	9.417897e-02	1.000689e+00	1.500095e+01
401	-2.900604e+00	0.000000e+00	-2.900605e+00	0.000000e+00	3.467960e-04	0.000000e+00	3.740439e-04	-2.667308e-01	9.934351e-01	9.417897e-02	1.000000e+00	1.500000e+01
402	-2.922793e+00	0.000000e+00	-2.922706e+00	0.000000e+00	-2.218893e-02	0.000000e+00	-2.210079e-02	0.000000e+00	9.934357e-01	9.417897e-02	1.000000e+00	1.500000e+01
403	-2.905257e+00	4.956801e-03	-2.905325e+00	0.000000e+00	1.753543e-02	4.956801e-03	1.738060e-02	0.000000e+00	9.934314e-01	9.417778e-02	9.992348e-01	1.499978e+01
404	-2.915968e+00	2.429341e-02	-2.915927e+00	4.502363e-01	-1.071104e-02	1.933661e-02	-1.060131e-02	4.502363e-01	9.934405e-01	9.416142e-02	9.983655e-01	1.500135e+01
405	-2.904480e+00	0.000000e+00	-2.904525e+00	0.000000e+00	1.148805e-02	-2.429341e-02	1.140176e-02	-4.502363e-01	9.934529e-01	9.413516e-02	9.978349e-01	1.500247e+01
406	-2.917957e+00	7.426506e-03	-2.917905e+00	1.920112e+00	-1.347715e-02	7.426506e-03	-1.337997e-02	1.920112e+00	9.934573e-01	9.413273e-02	9.861716e-01	1.500890e+01
407	-2.905872e+00	0.000000e+00	-2.905919e+00	0.000000e+00	1.208515e-02	-7.426506e-03	1.198568e-02	-1.920112e+00	9.934612e-01	9.413033e-02	9.757218e-01	1.501532e+01
408	-2.905493e+00	2.616102e-02	-2.905494e+00	4.941578e-01	3.794385e-04	2.616102e-02	4.247754e-04	4.941578e-01	9.934608e-01	9.410034e-02	9.757400e-01	1.501658e+01
409	-2.901925e+00	0.000000e+00	-2.901939e+00	0.000000e+00	3.568011e-03	-2.616102e-02	3.555733e-03	-4.941578e-01	9.934650e-01	9.406962e-02	9.755624e-01	1.501788e+01
410	-2.909274e+00	1.029179e-02	-2.909246e+00	4.612111e-01	-7.349526e-03	1.029179e-02	-7.306927e-03	4.612111e-01	9.934684e-01	9.406486e-02	9.744669e-01	1.501941e+01
411	-2.903294e+00	0.000000e+00	-2.903317e+00	0.000000e+00	5.980345e-03	-1.029179e-02	5.928442e-03	-4.612111e-01	9.934711e-01	9.406019e-02	9.735794e-01	1.502094e+01
412	-2.906173e+00	0.000000e+00	-2.906162e+00	8.705415e-02	-2.879043e-03	0.000000e+00	-2.844639e-03	8.705415e-02	9.934711e-01	9.406019e-02	1.000000e+00	1.500000e+01
413	-2.902052e+00	0.000000e+00	-2.902068e+00	0.000000e+00	4.121096e-03	0.000000e+00	4.093886e-03	-8.705415e-02	9.934711e-01	9.406019e-02	1.000000e+00	1.500000e+01
414	-2.907355e+00	1.825828e-02	-2.907335e+00	9.266516e-01	-5.303594e-03	1.825828e-02	-5.266885e-03	9.266516e-01	9.934754e-01	9.404532e-02	9.983425e-01	1.500571e+01
415	-2.903315e+00	0.000000e+00	-2.903331e+00	0.000000e+00	4.040275e-03	-1.825828e-02	4.003919e-03	-9.266516e-01	9.934787e-01	9.403051e-02	9.970824e-01	1.501140e+01
416	-2.905223e+00	0.000000e+00	-2.905215e+00	5.578249e-01	-1.907563e-03	0.000000e+00	-1.884471e-03	5.578249e-01	9.934787e-01	9.403051e-02	1.000000e+00	1.500000e+01
417	-2.920370e+00	0.000000e+00	-2.920310e+00	0.000000e+00	-1.514698e-02	0.000000e+00	-1.509518e-02	-5.578249e-01	9.934790e-01	9.403051e-02	1.000000e+00	1.500000e+01
418	-2.909441e+00	0.000000e+00	-2.909483e+00	0.000000e+00	1.092893e-02	0.000000e+00	1.082727e-02	0.000000e+00	9.934788e-01	9.403051e-02	1.000000e+00	1.500000e+01
419	-2.906453e+00	0.000000e+00	-2.906465e+00	0.000000e+00	2.987772e-03	0.000000e+00	3.018395e-03	0.000000e+00	9.934789e-01	9.403051e-02	1.000000e+00	1.500000e+01
420	-2.909671e+00	0.000000e+00	-2.909658e+00	0.000000e+00	-3.217771e-03	0.000000e+00	-3.193411e-03	0.000000e+00	9.934789e-01	9.403051e-02	1.000000e+00	1.500000e+01
421	-2.909509e+00	0.000000e+00	-2.909510e+00	8.636595e-01	1.616412e-04	0.000000e+00	1.485356e-04	8.636595e-01	9.934789e-01	9.403051e-02	1.000000e+00	1.500000e+01
422	-2.920942e+00	0.000000e+00	-2.920898e+00	0.000000e+00	-1.143315e-02	0.000000e+00	-1.138791e-02	-8.636595e-01	9.934791e-01	9.403051e-02	1.000000e+00	1.500000e+01
423	-2.922115e+00	0.000000e+00	-2.922110e+00	0.000000e+00	-1.172754e-03	0.000000e+00	-1.212657e-03	0.000000e+00	9.934791e-01	9.403051e-02	1.000000e+00	1.500000e+01
424	-2.917452e+00	0.000000e+00	-2.917471e+00	0.000000e+00	4.662637e-03	0.000000e+00	4.639686e-03	0.000000e+00	9.934791e-01	9.403051e-02	1.000000e+00	1.500000e+01
425	-2.909039e+00	0.000000e+00	-2.909072e+00	0.000000e+00	8.412928e-03	0.000000e+00	8.398188e-03	0.000000e+00	9.934793e-01	9.403051e-02	1.000000e+00	1.500000e+01
426	-2.913185e+00	0.000000e+00	-2.913169e+00	1.641629e-01	-4.145710e-03	0.000000e+00	-4.096710e-03	1.641629e-01	9.934792e-01	9.403051e-02	1.000000e+00	1.500000e+01
427	-2.902633e+00	0.000000e+00	-2.902674e+00	0.000000e+00	1.055201e-02	0.000000e+00	1.049479e-02	-1.641629e-01	9.934793e-01	9.403051e-02	1.000000e+00	1.500000e+01
428	-2.916993e+00	0.000000e+00	-2.916938e+00	3.432240e-01	-1.436031e-02	0.000000e+00	-1.426322e-02	3.432240e-01	9.934793e-01	9.403051e-02	1.000000e+00	1.500000e+01
429	-2.905237e+00	0.000000e+00	-2.905282e+00	0.000000e+00	1.175690e-02	0.000000e+00	1.165526e-02	-3.432240e-01	9.934791e-01	9.403051e-02	1.000000e+00	1.500000e+01
430	-2.911562e+00	0.000000e+00	-2.911538e+00	0.000000e+00	-6.325620e-03	0.000000e+00	-6.255382e-03	0.000000e+00	9.934790e-01	9.403051e-02	1.000000e+00	1.500000e+01
431	-2.912519e+00	4.627904e-03	-2.912515e+00	2.703977e-01	-9.566110e-04	4.627904e-03	-9.773093e-04	2.703977e-01	9.934792e-01	9.402950e-02	9.999082e-01	1.500044e+01
432	-2.902004e+00	0.000000e+00	-2.902045e+00	0.000000e+00	1.051525e-02	-4.627904e-03	1.047036e-02	-2.703977e-01	9.934815e-01	9.402849e-02	9.988520e-01	1.500091e+01
433	-2.915008e+00	8.932783e-03	-2.914958e+00	0.000000e+00	-1.300472e-02	8.932783e-03	-1.291302e-02	0.000000e+00	9.934867e-01	9.402496e-02	9.995994e-01	1.500040e+01
434	-2.908483e+00	3.214265e-02	-2.908508e+00	1.923236e-01	6.525080e-03	2.320986e-02	6.449150e-03	1.923236e-01	9.934798e-01	9.400053e-02	9.990963e-01	1.499861e+01
435	-2.900072e+00	3.132412e-02	-2.900105e+00	1.045424e+00	8.411406e-03	-8.185206e-04	8.403741e-03	8.531008e-01	9.934803e-01	9.400049e-02	1.002520e+00	1.499827e+01
436	-2.903581e+00	0.000000e+00	-2.903567e+00	0.000000e+00	-3.508908e-03	-3.132412e-02	-3.462375e-03	-1.045424e+00	9.934754e-01	9.395635e-02	1.003473e+00	1.500678e+01
437	-2.919169e+00	0.000000e+00	-2.919108e+00	0.000000e+00	-1.558838e-02	0.000000e+00	-1.554102e-02	0.000000e+00	9.934758e-01	9.395635e-02	1.000000e+00	1.500000e+01
438	-2.909116e+00	0.000000e+00	-2.909155e+00	1.073186e-01	1.005282e-02	0.000000e+00	9.952847e-03	1.073186e-01	9.934756e-01	9.395635e-02	1.000000e+00	1.500000e+01
439	-2.899096e+00	0.000000e+00	-2.899135e+00	0.000000e+00	1.002067e-02	0.000000e+00	1.002041e-02	-1.073186e-01	9.934759e-01	9.395635e-02	1.000000e+00	1.500000e+01
440	-2.922559e+00	0.000000e+00	-2.922468e+00	1.033919e+00	-2.346392e-02	0.000000e+00	-2.333312e-02	1.033919e+00	9.934762e-01	9.395635e-02	1.000000e+00	1.500000e+01
441	-2.922268e+00	0.000000e+00	-2.922269e+00	0.000000e+00	2.916385e-04	0.000000e+00	1.993543e-04	-1.033919e+00	9.934762e-01	9.395635e-02	1.000000e+00	1.500000e+01
442	-2.916754e+00	0.000000e+00	-2.916775e+00	4.570287e-01	5.514263e-03	0.000000e+00	5.493502e-03	4.570287e-01	9.934762e-01	9.395635e-02	1.000000e+00	1.500000e+01
443	-2.915913e+00	0.000000e+00	-2.915916e+00	0.000000e+00	8.406415e-04	0.000000e+00	8.588167e-04	-4.570287e-01	9.934762e-01	9.395635e-02	1.000000e+00	1.500000e+01
444	-2.925760e+00	0.000000e+00	-2.925721e+00	0.000000e+00	-9.846760e-03	0.000000e+00	-9.804941e-03	0.000000e+00	9.934763e-01	9.395635e-02	1.000000e+00	1.500000e+01
445	-2.921948e+00	0.000000e+00	-2.921963e+00	0.000000e+00	3.811711e-03	0.000000e+00	3.758521e-03	0.000000e+00	9.934763e-01	9.395635e-02	1.000000e+00	1.500000e+01
446	-2.921917e+00	0.000000e+00	-2.921917e+00	0.000000e+00	3.114264e-05	0.000000e+00	4.570271e-05	0.000000e+00	9.934763e-01	9.395635e-02	1.000000e+00	1.500000e+01
447	-2.922878e+00	0.000000e+00	-2.922874e+00	0.000000e+00	-9.610611e-04	0.000000e+00	-9.571284e-04	0.000000e+00	9.934763e-01	9.395635e-02	1.000000e+00	1.500000e+01
448	-2.922406e+00	0.000000e+00	-2.922408e+00	0.000000e+00	4.714237e-04	0.000000e+00	4.658435e-04	0.000000e+00	9.934763e-01	9.395635e-02	1.000000e+00	1.500000e+01
449	-2.922575e+00	0.000000e+00	-2.922574e+00	0.000000e+00	-1.682793e-04	0.000000e+00	-1.658023e-04	0.000000e+00	9.934763e-01	9.395635e-02	1.000000e+00	1.500000e+01
450	-2.922512e+00	3.602221e-04	-2.922512e+00	0.000000e+00	6.275439e-05	3.602221e-04	6.186159e-05	0.000000e+00	9.934763e-01	9.395634e-02	9.999998e-01	1.500000e+01
451	-2.922554e+00	1.494223e-02	-2.922554e+00	6.542998e-01	-4.183659e-05	1.458201e-02	-4.143152e-05	6.542998e-01	9.934763e-01	9.394685e-02	9.999912e-01	1.500302e+01
452	-2.917305e+00	0.000000e+00	-2.917325e+00	0.000000e+00	5.249313e-03	-1.494223e-02	5.228646e-03	-6.542998e-01	9.934798e-01	9.393679e-02	9.989058e-01	1.500611e+01
453	-2.928356e+00	0.000000e+00	-2.928313e+00	0.000000e+00	-1.105191e-02	0.000000e+00	-1.098831e-02	0.000000e+00	9.934799e-01	9.393679e-02	1.000000e+00	1.500000e+01
454	-2.914931e+00	0.000000e+00	-2.914983e+00	9.710188e-01	1.342592e-02	0.000000e+00	1.333055e-02	9.710188e-01	9.934798e-01	9.393679e-02	1.000000e+00	1.500000e+01
455	-2.916680e+00	0.000000e+00	-2.916673e+00	0.000000e+00	-1.749456e-03	0.000000e+00	-1.690550e-03	-9.710188e-01	9.934798e-01	9.393679e-02	1.000000e+00	1.500000e+01
456	-2.931802e+00	0.000000e+00	-2.931743e+00	3.578713e-01	-1.512201e-02	0.000000e+00	-1.506955e-02	3.578713e-01	9.934801e-01	9.393679e-02	1.000000e+00	1.500000e+01
457	-2.937023e+00	0.000000e+00	-2.937002e+00	0.000000e+00	-5.220904e-03	0.000000e+00	-5.259375e-03	-3.578713e-01	9.934803e-01	9.393679e-02	1.000000e+00	1.500000e+01
458	-2.934603e+00	0.000000e+00	-2.934612e+00	0.000000e+00	2.420389e-03	0.000000e+00	2.390390e-03	0.000000e+00	9.934803e-01	9.393679e-02	1.000000e+00	1.500000e+01
459	-2.937269e+00	0.000000e+00	-2.937258e+00	0.000000e+00	-2.666154e-03	0.000000e+00	-2.646402e-03	0.000000e+00	9.934803e-01	9.393679e-02	1.000000e+00	1.500000e+01
460	-2.933042e+00	0.000000e+00	-2.933059e+00	0.000000e+00	4.226445e-03	0.000000e+00	4.199598e-03	0.000000e+00	9.934803e-01	9.393679e-02	1.000000e+00	1.500000e+01
461	-2.939383e+00	0.000000e+00	-2.939359e+00	0.000000e+00	-6.341271e-03	0.000000e+00	-6.300096e-03	0.000000e+00	9.934803e-01	9.393679e-02	1.000000e+00	1.500000e+01
462	-2.930259e+00	0.000000e+00	-2.930295e+00	7.096145e-01	9.124312e-03	0.000000e+00	9.064061e-03	7.096145e-01	9.934803e-01	9.393679e-02	1.000000e+00	1.500000e+01
463	-2.932188e+00	0.000000e+00	-2.932181e+00	0.000000e+00	-1.928794e-03	0.000000e+00	-1.885853e-03	-7.096145e-01	9.934802e-01	9.393679e-02	1.000000e+00	1.500000e+01
464	-2.943157e+00	0.000000e+00	-2.943114e+00	6.997989e-01	-1.096925e-02	0.000000e+00	-1.093377e-02	6.997989e-01	9.934804e-01	9.393679e-02	1.000000e+00	1.500000e+01
465	-2.933738e+00	0.000000e+00	-2.933774e+00	0.000000e+00	9.419681e-03	0.000000e+00	9.340176e-03	-6.997989e-01	9.934803e-01	9.393679e-02	1.000000e+00	1.500000e+01
466	-2.932136e+00	0.000000e+00	-2.932143e+00	0.000000e+00	1.601271e-03	0.000000e+00	1.631501e-03	0.000000e+00	9.934804e-01	9.393679e-02	1.000000e+00	1.500000e+01
467	-2.935887e+00	0.000000e+00	-2.935873e+00	0.000000e+00	-3.750980e-03	0.000000e+00	-3.729954e-03	0.000000e+00	9.934804e-01	9.393679e-02	1.000000e+00	1.500000e+01
468	-2.932114e+00	0.000000e+00	-2.932129e+00	0.000000e+00	3.772980e-03	0.000000e+00	3.743671e-03	0.000000e+00	9.934804e-01	9.393679e-02	1.000000e+00	1.500000e+01
469	-2.935923e+00	0.000000e+00	-2.935909e+00	1.389420e+00	-3.809204e-03	0.000000e+00	-3.779700e-03	1.389420e+00	9.934804e-01	9.393679e-02	1.000000e+00	1.500000e+01
470	-2.933415e+00	0.000000e+00	-2.933425e+00	0.000000e+00	2.508393e-03	0.000000e+00	2.483830e-03	-1.389420e+00	9.934804e-01	9.393679e-02	1.000000e+00	1.500000e+01
471	-2.983232e+00	0.000000e+00	-2.983038e+00	0.000000e+00	-4.981728e-02	0.000000e+00	-4.961298e-02	0.000000e+00	9.934832e-01	9.393679e-02	1.000000e+00	1.500000e+01
472	-2.896657e+00	0.000000e+00	-2.896994e+00	0.000000e+00	8.657536e-02	0.000000e+00	8.604337e-02	0.000000e+00	9.934845e-01	9.393679e-02	1.000000e+00	1.500000e+01
473	-2.921377e+00	0.000000e+00	-2.921282e+00	1.144302e+00	-2.472008e-02	0.000000e+00	-2.428741e-02	1.144302e+00	9.934813e-01	9.393679e-02	1.000000e+00	1.500000e+01
474	-2.970918e+00	0.000000e+00	-2.970724e+00	0.000000e+00	-4.954100e-02	0.000000e+00	-4.944236e-02	-1.144302e+00	9.934866e-01	9.393679e-02	1.000000e+00	1.500000e+01
475	-2.943425e+00	0.000000e+00	-2.943532e+00	0.000000e+00	2.749283e-02	0.000000e+00	2.719230e-02	0.000000e+00	9.934850e-01	9.393679e-02	1.000000e+00	1.500000e+01
476	-2.965012e+00	0.000000e+00	-2.964928e+00	2.701746e-01	-2.158644e-02	0.000000e+00	-2.139590e-02	2.701746e-01	9.934845e-01	9.393679e-02	1.000000e+00	1.500000e+01
477	-2.953974e+00	0.000000e+00	-2.954017e+00	0.000000e+00	1.103773e-02	0.000000e+00	1.091103e-02	-2.701746e-01	9.934842e-01	9.393679e-02	1.000000e+00	1.500000e+01
478	-2.948447e+00	0.000000e+00	-2.948468e+00	0.000000e+00	5.527383e-03	0.000000e+00	5.548413e-03	0.000000e+00	9.934844e-01	9.393679e-02	1.000000e+00	1.500000e+01
479	-2.954553e+00	0.000000e+00	-2.954529e+00	0.000000e+00	-6.105962e-03	0.000000e+00	-6.060437e-03	0.000000e+00	9.934844e-01	9.393679e-02	1.000000e+00	1.500000e+01
480	-2.950447e+00	0.000000e+00	-2.950463e+00	5.120661e-01	4.105570e-03	0.000000e+00	4.065859e-03	5.120661e-01	9.934843e-01	9.393679e-02	1.000000e+00	1.500000e+01
481	-2.948750e+00	0.000000e+00	-2.948757e+00	0.000000e+00	1.696891e-03	0.000000e+00	1.706144e-03	-5.120661e-01	9.934843e-01	9.393679e-02	1.000000e+00	1.500000e+01
482	-2.956004e+00	0.000000e+00	-2.955976e+00	0.000000e+00	-7.254157e-03	0.000000e+00	-7.219156e-03	0.000000e+00	9.934844e-01	9.393679e-02	1.000000e+00	1.500000e+01
483	-2.950857e+00	0.000000e+00	-2.950877e+00	0.000000e+00	5.146927e-03	0.000000e+00	5.098622e-03	0.000000e+00	9.934843e-01	9.393679e-02	1.000000e+00	1.500000e+01
484	-2.955525e+00	0.000000e+00	-2.955507e+00	0.000000e+00	-4.668150e-03	0.000000e+00	-4.629999e-03	0.000000e+00	9.934843e-01	9.393679e-02	1.000000e+00	1.500000e+01
485	-2.950343e+00	1.049179e-02	-2.950363e+00	0.000000e+00	5.182417e-03	1.049179e-02	5.144087e-03	0.000000e+00	9.934819e-01	9.393186e-02	9.995999e-01	1.499919e+01
486	-2.957741e+00	3.511376e-02	-2.957712e+00	1.509618e+00	-7.397758e-03	2.462197e-02	-7.348767e-03	1.509618e+00	9.934900e-01	9.390483e-02	9.955682e-01	1.501261e+01
487	-2.949494e+00	0.000000e+00	-2.949526e+00	0.000000e+00	8.246485e-03	-3.511376e-02	8.185566e-03	-1.509618e+00	9.935029e-01	9.384999e-02	9.916902e-01	1.502912e+01
488	-2.952815e+00	0.000000e+00	-2.952803e+00	2.520959e-01	-3.321092e-03	0.000000e+00	-3.276144e-03	2.520959e-01	9.935029e-01	9.384999e-02	1.000000e+00	1.500000e+01
489	-2.950137e+00	0.000000e+00	-2.950148e+00	9.712490e-02	2.678101e-03	0.000000e+00	2.654843e-03	-1.549710e-01	9.935028e-01	9.384999e-02	1.000000e+00	1.500000e+01
490	-2.948593e+00	0.000000e+00	-2.948599e+00	4.260295e-02	1.544650e-03	0.000000e+00	1.548987e-03	-5.452195e-02	9.935029e-01	9.384999e-02	1.000000e+00	1.500000e+01
491	-2.966643e+00	0.000000e+00	-2.966573e+00	3.801480e-01	-1.805066e-02	0.000000e+00	-1.797409e-02	3.375450e-01	9.935032e-01	9.384999e-02	1.000000e+00	1.500000e+01
492	-2.971771e+00	0.000000e+00	-2.971751e+00	0.000000e+00	-5.127766e-03	0.000000e+00	-5.177947e-03	-3.801480e-01	9.935034e-01	9.384999e-02	1.000000e+00	1.500000e+01
493	-2.966513e+00	0.000000e+00	-2.966533e+00	0.000000e+00	5.258391e-03	0.000000e+00	5.217624e-03	0.000000e+00	9.935034e-01	9.384999e-02	1.000000e+00	1.500000e+01
494	-2.974312e+00	0.000000e+00	-2.974281e+00	8.372510e-01	-7.798862e-03	0.000000e+00	-7.748016e-03	8.372510e-01	9.935034e-01	9.384999e-02	1.000000e+00	1.500000e+01
495	-2.967467e+00	0.000000e+00	-2.967494e+00	0.000000e+00	6.844158e-03	0.000000e+00	6.787158e-03	-8.372510e-01	9.935034e-01	9.384999e-02	1.000000e+00	1.500000e+01
496	-2.969304e+00	0.000000e+00	-2.969297e+00	0.000000e+00	-1.836686e-03	0.000000e+00	-1.802999e-03	0.000000e+00	9.935033e-01	9.384999e-02	1.000000e+00	1.500000e+01
497	-2.968334e+00	0.000000e+00	-2.968338e+00	7.647804e-01	9.699945e-04	0.000000e+00	9.591625e-04	7.647804e-01	9.935033e-01	9.384999e-02	1.000000e+00	1.500000e+01
498	-2.966928e+00	0.000000e+00	-2.966933e+00	0.000000e+00	1.406295e-03	0.000000e+00	1.404548e-03	-7.647804e-01	9.935033e-01	9.384999e-02	1.000000e+00	1.500000e+01
499	-2.971345e+00	0.000000e+00	-2.971328e+00	0.000000e+00	-4.417439e-03	0.000000e+00	-4.394697e-03	0.000000e+00	9.935034e-01	9.384999e-02	1.000000e+00	1.500000e+01
