#sequence delta(k-1),f(k-1),theta(k),v(k),delta_diff(k-1),f_diff(k-1),theta_diff(k),v_diff(k),phi(1,1;k),phi(1,2;k),phi(2,1;k),phi(2,2;k)
1	2.298986e+00	0.000000e+00	2.298836e+00	0.000000e+00	2.298986e+00	0.000000e+00	3.811528e-02	-6.847158e-03	3.222243e-01	1.000000e-01	1.000000e+00	7.000000e+00
2	2.044820e+00	2.000000e-01	2.045812e+00	6.854388e-01	-2.541656e-01	2.000000e-01	-2.530239e-01	6.854388e-01	3.441518e-01	8.274548e-02	1.052820e+00	6.958436e+00
3	2.229619e+00	4.000000e-01	2.228901e+00	1.884704e+00	1.847995e-01	2.000000e-01	1.830892e-01	1.199265e+00	3.528649e-01	9.217527e-02	1.020066e+00	6.922987e+00
4	2.247610e+00	6.000000e-01	2.247537e+00	2.907115e+00	1.799035e-02	2.000000e-01	1.863527e-02	1.022411e+00	3.528134e-01	9.160276e-02	1.016878e+00	6.887551e+00
5	2.196327e+00	8.000000e-01	2.196527e+00	5.279814e+00	-5.128312e-02	2.000000e-01	-5.101000e-02	2.372699e+00	3.540355e-01	8.683681e-02	9.918978e-01	6.984971e+00
6	2.263289e+00	1.000000e+00	2.263028e+00	6.582292e+00	6.696181e-02	2.000000e-01	6.650098e-02	1.302478e+00	3.548266e-01	8.919980e-02	9.868903e-01	6.970015e+00
7	2.321275e+00	1.200000e+00	2.321048e+00	8.509237e+00	5.798669e-02	2.000000e-01	5.801995e-02	1.926946e+00	3.553552e-01	9.102273e-02	9.997153e-01	7.014249e+00
8	2.312329e+00	1.400000e+00	2.312363e+00	1.079081e+01	-8.946541e-03	2.000000e-01	-8.684953e-03	2.281573e+00	3.554539e-01	8.881450e-02	9.960171e-01	7.096920e+00
9	2.286972e+00	1.507533e+00	2.287071e+00	1.201806e+01	-2.535672e-02	1.075328e-01	-2.529159e-02	1.227253e+00	3.557631e-01	8.750321e-02	9.901588e-01	7.121764e+00
10	2.295650e+00	1.658509e+00	2.295617e+00	1.396847e+01	8.678431e-03	1.509761e-01	8.545736e-03	1.950402e+00	3.557315e-01	8.695353e-02	9.936908e-01	7.183208e+00
11	2.318907e+00	1.689917e+00	2.318816e+00	1.495188e+01	2.325648e-02	3.140850e-02	2.319902e-02	9.834158e-01	3.558662e-01	8.713532e-02	1.001801e+00	7.194161e+00
12	2.323040e+00	1.733180e+00	2.323024e+00	1.423305e+01	4.133392e-03	4.326279e-02	4.207867e-03	-7.188336e-01	3.558641e-01	8.711412e-02	9.997720e-01	7.172928e+00
13	2.317146e+00	1.933180e+00	2.317168e+00	1.475465e+01	-5.894713e-03	2.000000e-01	-5.855250e-03	5.215982e-01	3.559223e-01	8.514147e-02	1.002262e+00	7.088445e+00
14	2.321096e+00	2.133180e+00	2.321081e+00	1.706293e+01	3.950581e-03	2.000000e-01	3.912277e-03	2.308286e+00	3.558956e-01	8.378893e-02	1.003893e+00	7.171023e+00
15	2.335013e+00	2.296333e+00	2.334958e+00	1.739135e+01	1.391661e-02	1.631527e-01	1.387753e-02	3.284164e-01	3.558646e-01	8.342602e-02	9.983126e-01	7.105599e+00
16	2.344429e+00	2.496333e+00	2.344392e+00	1.883639e+01	9.416489e-03	2.000000e-01	9.433915e-03	1.445040e+00	3.558181e-01	8.243859e-02	9.983763e-01	7.106952e+00
17	2.346373e+00	2.696333e+00	2.346366e+00	2.113822e+01	1.944142e-03	2.000000e-01	1.973399e-03	2.301831e+00	3.558043e-01	8.102234e-02	9.991716e-01	7.188772e+00
18	2.352057e+00	2.736621e+00	2.352035e+00	2.145227e+01	5.683717e-03	4.028828e-02	5.669223e-03	3.140553e-01	3.558054e-01	8.102966e-02	9.992222e-01	7.189131e+00
19	2.365246e+00	2.911702e+00	2.365195e+00	2.140351e+01	1.318919e-02	1.750805e-01	1.315982e-02	-4.876914e-02	3.557701e-01	8.056121e-02	9.910743e-01	7.080971e+00
20	2.365826e+00	3.111702e+00	2.365824e+00	2.168556e+01	5.797259e-04	2.000000e-01	6.288669e-04	2.820563e-01	3.557659e-01	7.909993e-02	9.907679e-01	6.975287e+00
21	2.364131e+00	3.311702e+00	2.364137e+00	2.373674e+01	-1.695279e-03	2.000000e-01	-1.686201e-03	2.051182e+00	3.557792e-01	7.752562e-02	9.902486e-01	7.036553e+00
22	2.367617e+00	3.432480e+00	2.367603e+00	2.397854e+01	3.486098e-03	1.207782e-01	3.465893e-03	2.417992e-01	3.557675e-01	7.711910e-02	9.892433e-01	7.001725e+00
23	2.365479e+00	3.632480e+00	2.365488e+00	2.638856e+01	-2.137416e-03	2.000000e-01	-2.115528e-03	2.410018e+00	3.557842e-01	7.555636e-02	9.882363e-01	7.095960e+00
24	2.354245e+00	3.556349e+00	2.354289e+00	2.567928e+01	-1.123432e-02	-7.613046e-02	-1.119870e-02	-7.092786e-01	3.557919e-01	7.560862e-02	9.890767e-01	7.101655e+00
25	2.339926e+00	3.756349e+00	2.339982e+00	2.650940e+01	-1.431893e-02	2.000000e-01	-1.430674e-02	8.301221e-01	3.559541e-01	7.334246e-02	9.929174e-01	7.048009e+00
26	2.322259e+00	3.956349e+00	2.322328e+00	2.838471e+01	-1.766701e-02	2.000000e-01	-1.765389e-02	1.875301e+00	3.561683e-01	7.091812e-02	9.889423e-01	7.093010e+00
27	2.280401e+00	3.899841e+00	2.280564e+00	2.742791e+01	-4.185859e-02	-5.650821e-02	-4.176404e-02	-9.567968e-01	3.566214e-01	7.152988e-02	9.991485e-01	7.106788e+00
28	2.188088e+00	4.099841e+00	2.188450e+00	2.942526e+01	-9.231224e-02	2.000000e-01	-9.211479e-02	1.997356e+00	3.597680e-01	6.471274e-02	9.705417e-01	7.168766e+00
29	2.058982e+00	3.996897e+00	2.059488e+00	2.819634e+01	-1.291065e-01	-1.029441e-01	-1.289620e-01	-1.228925e+00	3.643571e-01	6.837189e-02	9.926632e-01	7.186405e+00
30	1.871204e+00	4.196897e+00	1.871939e+00	3.019816e+01	-1.877780e-01	2.000000e-01	-1.875483e-01	2.001820e+00	3.757729e-01	5.621302e-02	9.281125e-01	7.255157e+00
31	1.606003e+00	4.071566e+00	1.607042e+00	2.765955e+01	-2.652008e-01	-1.253310e-01	-2.648974e-01	-2.538606e+00	3.948791e-01	6.524239e-02	1.095165e+00	7.334104e+00
32	1.487876e+00	4.271566e+00	1.488342e+00	2.989979e+01	-1.181268e-01	2.000000e-01	-1.187001e-01	2.240240e+00	3.995288e-01	5.737000e-02	1.045840e+00	7.417616e+00
33	1.850834e+00	4.187914e+00	1.849418e+00	2.943384e+01	3.629575e-01	-8.365247e-02	3.610761e-01	-4.659533e-01	4.351366e-01	4.916330e-02	1.009558e+00	7.425978e+00
34	1.951241e+00	4.265506e+00	1.950844e+00	3.055926e+01	1.004077e-01	7.759279e-02	1.014259e-01	1.125419e+00	4.376877e-01	5.113474e-02	1.030747e+00	7.442353e+00
35	1.822436e+00	4.160861e+00	1.822937e+00	2.843462e+01	-1.288059e-01	-1.046457e-01	-1.279066e-01	-2.124636e+00	4.416817e-01	5.437958e-02	1.103957e+00	7.501831e+00
36	2.083583e+00	4.360861e+00	2.082565e+00	2.984808e+01	2.611475e-01	2.000000e-01	2.596278e-01	1.413456e+00	4.573810e-01	6.640287e-02	1.059803e+00	7.468016e+00
37	2.309302e+00	4.417040e+00	2.308417e+00	3.106327e+01	2.257194e-01	5.617932e-02	2.258519e-01	1.215188e+00	4.697914e-01	6.949169e-02	1.117889e+00	7.482473e+00
38	2.519409e+00	4.217040e+00	2.518584e+00	3.272810e+01	2.101061e-01	-2.000000e-01	2.101676e-01	1.664834e+00	4.817972e-01	5.806331e-02	1.398159e+00	7.215684e+00
39	2.573323e+00	4.017040e+00	2.573109e+00	3.147855e+01	5.391473e-02	-2.000000e-01	5.452510e-02	-1.249547e+00	4.828041e-01	5.432808e-02	1.401123e+00	7.204690e+00
40	2.721422e+00	3.817040e+00	2.720843e+00	3.109433e+01	1.480988e-01	-2.000000e-01	1.477333e-01	-3.842284e-01	4.887471e-01	4.630247e-02	1.459067e+00	7.126439e+00
41	2.769744e+00	3.617040e+00	2.769553e+00	2.969361e+01	4.832227e-02	-2.000000e-01	4.871059e-02	-1.400713e+00	4.895192e-01	4.310651e-02	1.458035e+00	7.130712e+00
42	2.766798e+00	3.581078e+00	2.766809e+00	2.800646e+01	-2.946273e-03	-3.596190e-02	-2.744489e-03	-1.687152e+00	4.895189e-01	4.310228e-02	1.460030e+00	7.155062e+00
43	2.887437e+00	3.781078e+00	2.886965e+00	2.960259e+01	1.206385e-01	2.000000e-01	1.201566e-01	1.596128e+00	4.924464e-01	4.795562e-02	1.459415e+00	7.154043e+00
44	2.968119e+00	3.665170e+00	2.967802e+00	2.742590e+01	8.068236e-02	-1.159078e-01	8.083656e-02	-2.176684e+00	4.942171e-01	4.541188e-02	1.403816e+00	7.233916e+00
45	3.076094e+00	3.865170e+00	3.075671e+00	2.747285e+01	1.079747e-01	2.000000e-01	1.078687e-01	4.694925e-02	4.964881e-01	4.961845e-02	1.326251e+00	7.090243e+00
46	3.097806e+00	4.065170e+00	3.097719e+00	2.874086e+01	2.171204e-02	2.000000e-01	2.204859e-02	1.268003e+00	4.965017e-01	4.974370e-02	1.324443e+00	7.073590e+00
47	2.954775e+00	3.934397e+00	2.955333e+00	2.828745e+01	-1.430311e-01	-1.307729e-01	-1.423862e-01	-4.534067e-01	5.008274e-01	5.369872e-02	1.280358e+00	7.033284e+00
48	2.798667e+00	3.734397e+00	2.799279e+00	2.687854e+01	-1.561079e-01	-2.000000e-01	-1.560543e-01	-1.408905e+00	5.056501e-01	5.987734e-02	1.266161e+00	7.015094e+00
49	2.629125e+00	3.652540e+00	2.629789e+00	2.654775e+01	-1.695422e-01	-8.185747e-02	-1.694895e-01	-3.307908e-01	5.118902e-01	6.289017e-02	1.229910e+00	6.997592e+00
50	2.500705e+00	3.506074e+00	2.501209e+00	2.512154e+01	-1.284196e-01	-1.464657e-01	-1.285800e-01	-1.426218e+00	5.151008e-01	6.655194e-02	1.244479e+00	7.014208e+00
51	2.366130e+00	3.530432e+00	2.366658e+00	2.560404e+01	-1.345745e-01	2.435815e-02	-1.345510e-01	4.825060e-01	5.193346e-01	6.578562e-02	1.214136e+00	7.019700e+00
52	2.346149e+00	3.330432e+00	2.346230e+00	2.511749e+01	-1.998102e-02	-2.000000e-01	-2.042856e-02	-4.865512e-01	5.193058e-01	6.549645e-02	1.205375e+00	6.932015e+00
53	2.367155e+00	3.130432e+00	2.367073e+00	2.343865e+01	2.100518e-02	-2.000000e-01	2.084333e-02	-1.678839e+00	5.195310e-01	6.335154e-02	1.202268e+00	6.961603e+00
54	2.330176e+00	3.071118e+00	2.330320e+00	2.234453e+01	-3.697840e-02	-5.931403e-02	-3.675254e-02	-1.094121e+00	5.197725e-01	6.373893e-02	1.213425e+00	6.979499e+00
55	2.300259e+00	3.102255e+00	2.300376e+00	2.122748e+01	-2.991752e-02	3.113620e-02	-2.994422e-02	-1.117056e+00	5.200051e-01	6.349692e-02	1.231854e+00	6.960319e+00
56	2.325999e+00	3.256071e+00	2.325899e+00	2.198781e+01	2.574051e-02	1.538164e-01	2.552299e-02	7.603323e-01	5.200337e-01	6.366807e-02	1.227723e+00	6.935633e+00
57	2.356339e+00	3.087519e+00	2.356220e+00	1.990858e+01	3.034006e-02	-1.685518e-01	3.032125e-02	-2.079232e+00	5.203927e-01	6.167376e-02	1.214266e+00	7.010393e+00
58	2.355598e+00	3.118580e+00	2.355601e+00	1.991842e+01	-7.409380e-04	3.106051e-02	-6.196013e-04	9.842046e-03	5.203935e-01	6.164206e-02	1.214339e+00	7.007340e+00
59	2.369286e+00	2.952456e+00	2.369233e+00	1.966319e+01	1.368799e-02	-1.661238e-01	1.363210e-02	-2.552253e-01	5.205009e-01	6.033852e-02	1.220060e+00	6.937899e+00
60	2.418164e+00	2.752456e+00	2.417973e+00	1.885520e+01	4.887763e-02	-2.000000e-01	4.873995e-02	-8.079932e-01	5.213049e-01	5.704840e-02	1.231882e+00	6.889529e+00
61	2.469634e+00	2.552456e+00	2.469432e+00	1.831705e+01	5.146964e-02	-2.000000e-01	5.145897e-02	-5.381469e-01	5.221676e-01	5.369634e-02	1.250466e+00	6.817315e+00
62	2.513003e+00	2.352456e+00	2.512833e+00	1.669054e+01	4.336985e-02	-2.000000e-01	4.340145e-02	-1.626513e+00	5.228031e-01	5.076574e-02	1.244064e+00	6.846839e+00
63	2.572042e+00	2.152456e+00	2.571810e+00	1.542124e+01	5.903816e-02	-2.000000e-01	5.897708e-02	-1.269302e+00	5.238533e-01	4.720793e-02	1.244794e+00	6.844364e+00
64	2.651484e+00	1.952456e+00	2.651172e+00	1.580719e+01	7.944210e-02	-2.000000e-01	7.936216e-02	3.859504e-01	5.255936e-01	4.282655e-02	1.305867e+00	6.690610e+00
65	2.764735e+00	1.752456e+00	2.764292e+00	1.426754e+01	1.132514e-01	-2.000000e-01	1.131190e-01	-1.539648e+00	5.288515e-01	3.707330e-02	1.287554e+00	6.722951e+00
66	2.857862e+00	1.552456e+00	2.857496e+00	1.221553e+01	9.312655e-02	-2.000000e-01	9.320464e-02	-2.052010e+00	5.310698e-01	3.230917e-02	1.251826e+00	6.799679e+00
67	2.931859e+00	1.354863e+00	2.931569e+00	1.208514e+01	7.399771e-02	-1.975926e-01	7.407274e-02	-1.303915e-01	5.324850e-01	2.853026e-02	1.290354e+00	6.696799e+00
68	2.984255e+00	1.154863e+00	2.984049e+00	1.127810e+01	5.239583e-02	-2.000000e-01	5.248050e-02	-8.070424e-01	5.332230e-01	2.571324e-02	1.301678e+00	6.653576e+00
69	3.034095e+00	9.548632e-01	3.033899e+00	9.030823e+00	4.983928e-02	-2.000000e-01	4.984960e-02	-2.247272e+00	5.338817e-01	2.306980e-02	1.278927e+00	6.744873e+00
70	3.077509e+00	7.572805e-01	3.077339e+00	6.929201e+00	4.341494e-02	-1.975827e-01	4.344007e-02	-2.101622e+00	5.343833e-01	2.078712e-02	1.262266e+00	6.820700e+00
71	3.092230e+00	6.508761e-01	3.092172e+00	6.238704e+00	1.472044e-02	-1.064045e-01	1.483263e-02	-6.904972e-01	5.344471e-01	2.032590e-02	1.262382e+00	6.819862e+00
72	3.095659e+00	4.508761e-01	3.095646e+00	5.358849e+00	3.429417e-03	-2.000000e-01	3.473961e-03	-8.798546e-01	5.344562e-01	1.979444e-02	1.263148e+00	6.775176e+00
73	3.108530e+00	2.508761e-01	3.108480e+00	4.008786e+00	1.287118e-02	-2.000000e-01	1.283447e-02	-1.350063e+00	5.345156e-01	1.887112e-02	1.263080e+00	6.776227e+00
74	3.118466e+00	5.087607e-02	3.118427e+00	2.276099e+00	9.935465e-03	-2.000000e-01	9.946789e-03	-1.732687e+00	5.345545e-01	1.808784e-02	1.261276e+00	6.812548e+00
75	3.120161e+00	0.000000e+00	3.120154e+00	1.564391e-01	1.694667e-03	-5.087607e-02	1.726902e-03	-2.119660e+00	5.345559e-01	1.804582e-02	1.259849e+00	6.855392e+00
76	3.111011e+00	5.671745e-02	3.111047e+00	0.000000e+00	-9.149321e-03	5.671745e-02	-9.106836e-03	-1.564391e-01	5.345787e-01	1.790490e-02	1.262165e+00	6.841036e+00
77	3.124190e+00	8.071780e-02	3.124139e+00	1.355973e+00	1.317911e-02	2.400035e-02	1.309205e-02	1.355973e+00	5.346138e-01	1.796891e-02	1.269518e+00	6.854428e+00
78	3.116073e+00	0.000000e+00	3.116104e+00	0.000000e+00	-8.117653e-03	-8.071780e-02	-8.034802e-03	-1.355973e+00	5.346224e-01	1.805468e-02	1.272564e+00	6.884710e+00
79	3.117438e+00	1.770183e-02	3.117432e+00	0.000000e+00	1.364802e-03	1.770183e-02	1.328085e-03	0.000000e+00	5.346226e-01	1.805703e-02	1.272484e+00	6.883671e+00
80	3.119631e+00	6.130441e-02	3.119622e+00	3.036341e-01	2.193299e-03	4.360258e-02	2.189919e-03	3.036341e-01	5.346229e-01	1.806179e-02	1.272484e+00	6.883685e+00
81	3.111246e+00	5.302068e-02	3.111278e+00	1.190352e-01	-8.385087e-03	-8.283730e-03	-8.343779e-03	-1.845989e-01	5.346376e-01	1.807639e-02	1.272950e+00	6.884145e+00
