#sequence delta(k-1),f(k-1),theta(k),v(k),delta_diff(k-1),f_diff(k-1),theta_diff(k),v_diff(k),phi(1,1;k),phi(1,2;k),phi(2,1;k),phi(2,2;k)
1	7.776954e-01	0.000000e+00	7.776396e-01	8.551379e-01	7.776954e-01	0.000000e+00	1.423090e-02	8.500707e-01	7.834561e-01	1.000000e-01	1.000000e+00	1.300000e+01
2	8.528400e-01	2.000000e-01	8.525463e-01	4.760841e+00	7.514465e-02	2.000000e-01	7.490670e-02	3.905703e+00	7.833177e-01	9.963165e-02	1.042943e+00	1.311429e+01
3	8.911228e-01	2.349070e-01	8.909721e-01	4.991698e+00	3.828274e-02	3.490696e-02	3.842580e-02	2.308575e-01	7.834078e-01	9.971379e-02	1.038097e+00	1.310988e+01
4	8.263068e-01	3.225683e-01	8.265594e-01	5.266218e+00	-6.481598e-02	8.766134e-02	-6.441269e-02	2.745200e-01	7.840927e-01	9.878756e-02	1.062809e+00	1.307645e+01
5	7.763522e-01	5.225683e-01	7.765483e-01	7.405184e+00	-4.995460e-02	2.000000e-01	-5.001108e-02	2.138966e+00	7.848036e-01	9.594108e-02	1.072643e+00	1.303708e+01
6	7.795511e-01	6.858911e-01	7.795394e-01	9.200905e+00	3.198914e-03	1.633228e-01	2.991062e-03	1.795720e+00	7.847809e-01	9.477828e-02	1.072137e+00	1.301129e+01
7	7.925997e-01	8.062388e-01	7.925487e-01	8.467675e+00	1.304858e-02	1.203477e-01	1.300929e-02	-7.332296e-01	7.847277e-01	9.428811e-02	1.057905e+00	1.288002e+01
8	7.912532e-01	1.006239e+00	7.912583e-01	1.158013e+01	-1.346489e-03	2.000000e-01	-1.290412e-03	3.112454e+00	7.847397e-01	9.250999e-02	1.057568e+00	1.293012e+01
9	7.849140e-01	1.037915e+00	7.849388e-01	1.262044e+01	-6.339217e-03	3.167572e-02	-6.319495e-03	1.040309e+00	7.847525e-01	9.244570e-02	1.055649e+00	1.293970e+01
10	7.929384e-01	1.112912e+00	7.929072e-01	1.298817e+01	8.024436e-03	7.499786e-02	7.968405e-03	3.677286e-01	7.847325e-01	9.225878e-02	1.053326e+00	1.291799e+01
11	8.034704e-01	1.312912e+00	8.034291e-01	1.558456e+01	1.053195e-02	2.000000e-01	1.052194e-02	2.596391e+00	7.846531e-01	9.075054e-02	1.053334e+00	1.291815e+01
12	8.200950e-01	1.353858e+00	8.200299e-01	1.692400e+01	1.662462e-02	4.094563e-02	1.660078e-02	1.339438e+00	7.846519e-01	9.074744e-02	1.059590e+00	1.293356e+01
13	8.356914e-01	1.333494e+00	8.356302e-01	1.604125e+01	1.559638e-02	-2.036353e-02	1.560030e-02	-8.827449e-01	7.846905e-01	9.069706e-02	1.054881e+00	1.293971e+01
14	8.581716e-01	1.533494e+00	8.580835e-01	1.880900e+01	2.248018e-02	2.000000e-01	2.245331e-02	2.767747e+00	7.845510e-01	8.945621e-02	1.056515e+00	1.295424e+01
15	8.887699e-01	1.550639e+00	8.886500e-01	1.951483e+01	3.059830e-02	1.714473e-02	3.056648e-02	7.058354e-01	7.846240e-01	8.949712e-02	1.063072e+00	1.295791e+01
16	9.295883e-01	1.584561e+00	9.294284e-01	1.955232e+01	4.081846e-02	3.392226e-02	4.077841e-02	3.748286e-02	7.847347e-01	8.958908e-02	1.054447e+00	1.295075e+01
17	9.837817e-01	1.752717e+00	9.835694e-01	2.255191e+01	5.419341e-02	1.681555e-01	5.414100e-02	2.999594e+00	7.846472e-01	8.931765e-02	1.073829e+00	1.301089e+01
18	1.073436e+00	1.645010e+00	1.073085e+00	2.221303e+01	8.965461e-02	-1.077066e-01	8.951588e-02	-3.388844e-01	7.858613e-01	8.785912e-02	1.114576e+00	1.296194e+01
19	1.160394e+00	1.623701e+00	1.160053e+00	2.161332e+01	8.695790e-02	-2.130934e-02	8.696789e-02	-5.997055e-01	7.867048e-01	8.765242e-02	1.097280e+00	1.296618e+01
20	1.218506e+00	1.799017e+00	1.218277e+00	2.290466e+01	5.811153e-02	1.753161e-01	5.822425e-02	1.291339e+00	7.866272e-01	8.741831e-02	1.068902e+00	1.288056e+01
21	1.177850e+00	1.972384e+00	1.178007e+00	2.631617e+01	-4.065621e-02	1.733668e-01	-4.026995e-02	3.411511e+00	7.870728e-01	8.551783e-02	1.045673e+00	1.297962e+01
22	1.072150e+00	1.787259e+00	1.072563e+00	2.427214e+01	-1.056999e-01	-1.851253e-01	-1.054443e-01	-2.044034e+00	7.873880e-01	8.606977e-02	1.022632e+00	1.293926e+01
23	9.098768e-01	1.857551e+00	9.105123e-01	2.525559e+01	-1.622729e-01	7.029240e-02	-1.620509e-01	9.834541e-01	7.904487e-01	8.474395e-02	1.004427e+00	1.294715e+01
24	7.365570e-01	1.911513e+00	7.372365e-01	2.801529e+01	-1.733198e-01	5.396170e-02	-1.732758e-01	2.759703e+00	7.937571e-01	8.371390e-02	8.233979e-01	1.300351e+01
25	6.030018e-01	1.711513e+00	6.035262e-01	2.495141e+01	-1.335551e-01	-2.000000e-01	-1.337103e-01	-3.063889e+00	7.944327e-01	8.472558e-02	8.451758e-01	1.303612e+01
26	5.308998e-01	1.884209e+00	5.311835e-01	2.666605e+01	-7.210198e-02	1.726966e-01	-7.234264e-02	1.714649e+00	7.954321e-01	8.233165e-02	8.611876e-01	1.299777e+01
27	4.057708e-01	1.981636e+00	4.062607e-01	2.931507e+01	-1.251291e-01	9.742660e-02	-1.249229e-01	2.649017e+00	7.973934e-01	8.080460e-02	7.737010e-01	1.306589e+01
28	2.933460e-01	1.795414e+00	2.937870e-01	2.607016e+01	-1.124248e-01	-1.862217e-01	-1.124737e-01	-3.244907e+00	7.977992e-01	8.147682e-02	8.115106e-01	1.312852e+01
29	2.688352e-01	1.979978e+00	2.689327e-01	3.002743e+01	-2.451078e-02	1.845641e-01	-2.485438e-02	3.957266e+00	7.980320e-01	7.972426e-02	7.937250e-01	1.326244e+01
30	3.224172e-01	1.784552e+00	3.222083e-01	2.968790e+01	5.358205e-02	-1.954264e-01	5.327566e-02	-3.395271e-01	7.986828e-01	7.735059e-02	8.488356e-01	1.306144e+01
31	4.210950e-01	1.584552e+00	4.207087e-01	2.469697e+01	9.867774e-02	-2.000000e-01	9.850039e-02	-4.990937e+00	8.002907e-01	7.409160e-02	7.362183e-01	1.328969e+01
32	5.082840e-01	1.784552e+00	5.079419e-01	2.661849e+01	8.718901e-02	2.000000e-01	8.723319e-02	1.921529e+00	8.003974e-01	7.433641e-02	7.038325e-01	1.321540e+01
33	5.332290e-01	1.984552e+00	5.331302e-01	2.874976e+01	2.494500e-02	2.000000e-01	2.518831e-02	2.131262e+00	8.002854e-01	7.343839e-02	6.976848e-01	1.316611e+01
34	4.225395e-01	2.057328e+00	4.229715e-01	2.953776e+01	-1.106895e-01	7.277617e-02	-1.101587e-01	7.880014e-01	8.016885e-01	7.251589e-02	7.025295e-01	1.316293e+01
35	1.366815e-01	2.055952e+00	1.377998e-01	2.929760e+01	-2.858580e-01	-1.375826e-03	-2.851717e-01	-2.401533e-01	8.089812e-01	7.255099e-02	7.052976e-01	1.316294e+01
36	-3.623853e-01	2.067619e+00	-3.604315e-01	2.830522e+01	-4.990668e-01	1.166682e-02	-4.982313e-01	-9.923845e-01	8.290785e-01	7.208117e-02	8.726586e-01	1.315903e+01
37	-4.339617e-01	2.201009e+00	-4.336745e-01	3.104995e+01	-7.157637e-02	1.333897e-01	-7.324299e-02	2.744728e+00	8.298689e-01	7.060811e-02	8.373000e-01	1.322492e+01
38	-1.474912e-01	2.032941e+00	-1.486091e-01	2.867926e+01	2.864705e-01	-1.680678e-01	2.850654e-01	-2.370685e+00	8.375033e-01	6.612913e-02	7.872809e-01	1.325427e+01
39	-7.882486e-03	2.052178e+00	-8.432199e-03	2.898831e+01	1.396087e-01	1.923665e-02	1.401769e-01	3.090507e-01	8.389467e-01	6.632802e-02	7.836151e-01	1.325376e+01
40	3.494680e-02	2.045465e+00	3.477735e-02	2.717475e+01	4.282928e-02	-6.712228e-03	4.320955e-02	-1.813563e+00	8.391037e-01	6.630342e-02	7.478808e-01	1.325936e+01
41	1.703752e-01	2.245465e+00	1.698455e-01	2.953682e+01	1.354284e-01	2.000000e-01	1.350681e-01	2.362067e+00	8.396143e-01	6.705748e-02	7.234357e-01	1.322326e+01
42	4.273486e-01	2.220329e+00	4.263428e-01	2.973239e+01	2.569735e-01	-2.513687e-02	2.564973e-01	1.955769e-01	8.446257e-01	6.656727e-02	7.638420e-01	1.321931e+01
43	5.410048e-01	2.096974e+00	5.405569e-01	2.768827e+01	1.136561e-01	-1.233542e-01	1.142141e-01	-2.044124e+00	8.460326e-01	6.504022e-02	7.372081e-01	1.324822e+01
44	5.447768e-01	2.136374e+00	5.447603e-01	2.790669e+01	3.771974e-03	3.939927e-02	4.203388e-03	2.184233e-01	8.460299e-01	6.501122e-02	7.366597e-01	1.324249e+01
45	6.380871e-01	2.146504e+00	6.377226e-01	2.809607e+01	9.331037e-02	1.012988e-02	9.296230e-02	1.893785e-01	8.466194e-01	6.507523e-02	7.360638e-01	1.324242e+01
46	7.466909e-01	2.097568e+00	7.462652e-01	2.670466e+01	1.086038e-01	-4.893534e-02	1.085427e-01	-1.391414e+00	8.476327e-01	6.461867e-02	6.938900e-01	1.326143e+01
47	7.442236e-01	2.161958e+00	7.442316e-01	2.847553e+01	-2.467279e-03	6.439015e-02	-2.033647e-03	1.770875e+00	8.476375e-01	6.449344e-02	6.928156e-01	1.328947e+01
48	7.333533e-01	1.983040e+00	7.333958e-01	2.628745e+01	-1.087033e-02	-1.789186e-01	-1.083581e-02	-2.188084e+00	8.475871e-01	6.366392e-02	6.918136e-01	1.327297e+01
49	7.865998e-01	1.948634e+00	7.863920e-01	2.682925e+01	5.324650e-02	-3.440540e-02	5.299617e-02	5.418007e-01	8.478409e-01	6.349992e-02	7.160863e-01	1.325729e+01
50	8.175547e-01	1.801425e+00	8.174330e-01	2.512183e+01	3.095491e-02	-1.472091e-01	3.104101e-02	-1.707417e+00	8.480466e-01	6.252198e-02	7.193141e-01	1.324194e+01
51	7.910477e-01	1.774145e+00	7.911508e-01	2.409614e+01	-2.650695e-02	-2.728041e-02	-2.628216e-02	-1.025689e+00	8.480729e-01	6.254914e-02	7.274341e-01	1.325030e+01
52	7.794796e-01	1.846271e+00	7.795252e-01	2.457147e+01	-1.156810e-02	7.212592e-02	-1.162557e-02	4.753213e-01	8.481076e-01	6.233297e-02	7.300205e-01	1.323417e+01
53	8.092573e-01	1.847951e+00	8.091411e-01	2.372483e+01	2.977762e-02	1.680092e-03	2.961589e-02	-8.466348e-01	8.481678e-01	6.233637e-02	7.174290e-01	1.323346e+01
54	8.101003e-01	1.889424e+00	8.100965e-01	2.477133e+01	8.429961e-04	4.147311e-02	9.553902e-04	1.046502e+00	8.481669e-01	6.229021e-02	7.176279e-01	1.324324e+01
55	7.869424e-01	1.735081e+00	7.870328e-01	2.338526e+01	-2.315788e-02	-1.543434e-01	-2.306369e-02	-1.386075e+00	8.480996e-01	6.184171e-02	7.102971e-01	1.319439e+01
56	7.922260e-01	1.604597e+00	7.922057e-01	2.188764e+01	5.283640e-03	-1.304836e-01	5.172908e-03	-1.497620e+00	8.481214e-01	6.130329e-02	7.108453e-01	1.318085e+01
57	8.183601e-01	1.554956e+00	8.182579e-01	2.211445e+01	2.613409e-02	-4.964087e-02	2.605221e-02	2.268141e-01	8.482073e-01	6.114013e-02	7.215358e-01	1.316054e+01
58	8.357440e-01	1.406895e+00	8.356757e-01	2.036930e+01	1.738390e-02	-1.480615e-01	1.741776e-02	-1.745147e+00	8.483030e-01	6.032457e-02	7.230947e-01	1.314726e+01
59	8.572877e-01	1.364078e+00	8.572032e-01	1.949703e+01	2.154365e-02	-4.281674e-02	2.152754e-02	-8.722759e-01	8.483627e-01	6.020604e-02	7.197734e-01	1.315387e+01
60	9.002135e-01	1.371349e+00	9.000455e-01	1.950279e+01	4.292583e-02	7.270810e-03	4.284224e-02	5.764297e-03	8.484846e-01	6.022670e-02	7.173132e-01	1.315345e+01
61	9.529414e-01	1.319826e+00	9.527348e-01	1.732056e+01	5.272792e-02	-5.152307e-02	5.268931e-02	-2.182231e+00	8.487607e-01	5.995691e-02	6.787886e-01	1.319109e+01
62	9.894950e-01	1.451492e+00	9.893514e-01	1.889116e+01	3.655360e-02	1.316662e-01	3.661663e-02	1.570595e+00	8.487211e-01	5.981422e-02	6.755023e-01	1.317926e+01
63	1.067063e+00	1.354395e+00	1.066759e+00	1.769902e+01	7.756774e-02	-9.709734e-02	7.740778e-02	-1.192137e+00	8.493566e-01	5.901867e-02	6.767870e-01	1.317765e+01
64	1.176466e+00	1.251322e+00	1.176037e+00	1.686964e+01	1.094029e-01	-1.030727e-01	1.092779e-01	-8.293793e-01	8.505097e-01	5.793234e-02	7.001590e-01	1.315563e+01
65	1.276364e+00	1.116322e+00	1.275972e+00	1.443733e+01	9.989837e-02	-1.350001e-01	9.993501e-02	-2.432307e+00	8.515761e-01	5.649117e-02	6.661769e-01	1.320155e+01
66	1.326333e+00	1.159548e+00	1.326136e+00	1.395758e+01	4.996894e-02	4.322618e-02	5.016412e-02	-4.797504e-01	8.516986e-01	5.659708e-02	6.405112e-01	1.317935e+01
67	1.402104e+00	1.217901e+00	1.401807e+00	1.494170e+01	7.577122e-02	5.835312e-02	7.567119e-02	9.841157e-01	8.519793e-01	5.681325e-02	6.464775e-01	1.318394e+01
68	1.451774e+00	1.077355e+00	1.451579e+00	1.256966e+01	4.966996e-02	-1.405465e-01	4.977153e-02	-2.372044e+00	8.523395e-01	5.579389e-02	6.336158e-01	1.322034e+01
69	1.513738e+00	1.067233e+00	1.513495e+00	1.256737e+01	6.196394e-02	-1.012202e-02	6.191632e-02	-2.286833e-03	8.526235e-01	5.574751e-02	6.363262e-01	1.321989e+01
70	1.560144e+00	9.663308e-01	1.559962e+00	9.965434e+00	4.640627e-02	-1.009017e-01	4.646686e-02	-2.601935e+00	8.528979e-01	5.515089e-02	6.078996e-01	1.328170e+01
71	1.561228e+00	1.059653e+00	1.561223e+00	1.025721e+01	1.083362e-03	9.332178e-02	1.260641e-03	2.917730e-01	8.528954e-01	5.493860e-02	6.074137e-01	1.323985e+01
72	1.554944e+00	1.073001e+00	1.554968e+00	1.046547e+01	-6.283898e-03	1.334865e-02	-6.254427e-03	2.082592e-01	8.529003e-01	5.492827e-02	6.073082e-01	1.324007e+01
73	1.563708e+00	9.490510e-01	1.563674e+00	9.011998e+00	8.764225e-03	-1.239503e-01	8.705558e-03	-1.453468e+00	8.529335e-01	5.445860e-02	6.080614e-01	1.322942e+01
74	1.575746e+00	8.362139e-01	1.575699e+00	6.843264e+00	1.203801e-02	-1.128371e-01	1.202499e-02	-2.168733e+00	8.529784e-01	5.403776e-02	6.041793e-01	1.326581e+01
75	1.575775e+00	8.556621e-01	1.575775e+00	6.842689e+00	2.933673e-05	1.944826e-02	7.619474e-05	-5.750268e-04	8.529783e-01	5.402853e-02	6.041757e-01	1.326342e+01
76	1.571376e+00	8.065475e-01	1.571394e+00	6.028260e+00	-4.398896e-03	-4.911466e-02	-4.381415e-03	-8.144296e-01	8.529741e-01	5.398136e-02	6.045103e-01	1.326715e+01
77	1.571601e+00	7.399988e-01	1.571600e+00	4.059417e+00	2.244489e-04	-6.654861e-02	2.064573e-04	-1.968842e+00	8.529745e-01	5.386758e-02	6.043948e-01	1.330141e+01
78	1.573982e+00	7.931352e-01	1.573972e+00	3.254721e+00	2.380805e-03	5.313634e-02	2.372312e-03	-8.046963e-01	8.529717e-01	5.380404e-02	6.026863e-01	1.326328e+01
79	1.574267e+00	8.819608e-01	1.574266e+00	6.880690e+00	2.850944e-04	8.882559e-02	2.932475e-04	3.625969e+00	8.529710e-01	5.360530e-02	6.030164e-01	1.336614e+01
80	1.573604e+00	6.819608e-01	1.573607e+00	5.139191e+00	-6.628796e-04	-2.000000e-01	-6.591448e-04	-1.741500e+00	8.529677e-01	5.261550e-02	6.027287e-01	1.327933e+01
81	1.573870e+00	4.819608e-01	1.573869e+00	2.310415e+00	2.658439e-04	-2.000000e-01	2.622307e-04	-2.828776e+00	8.529690e-01	5.163210e-02	6.027073e-01	1.329545e+01
82	1.574358e+00	3.586117e-01	1.574356e+00	1.977344e-02	4.881804e-04	-1.233491e-01	4.872978e-04	-2.290641e+00	8.529705e-01	5.125764e-02	6.025575e-01	1.333330e+01
83	1.574280e+00	3.525332e-01	1.574280e+00	3.829605e-01	-7.821130e-05	-6.078539e-03	-7.600228e-05	3.631871e-01	8.529705e-01	5.125677e-02	6.025410e-01	1.333202e+01
84	1.574158e+00	2.772423e-01	1.574158e+00	0.000000e+00	-1.218299e-04	-7.529085e-02	-1.216508e-04	-3.829605e-01	8.529703e-01	5.111978e-02	6.025051e-01	1.330987e+01
85	1.574392e+00	2.295213e-01	1.574391e+00	0.000000e+00	2.342982e-04	-4.772098e-02	2.329077e-04	0.000000e+00	8.529706e-01	5.106379e-02	6.025757e-01	1.329550e+01
86	1.574447e+00	1.845762e-01	1.574447e+00	9.739257e-01	5.521772e-05	-4.494514e-02	5.591182e-05	9.739257e-01	8.529706e-01	5.101466e-02	6.026169e-01	1.326198e+01
87	1.574213e+00	2.746623e-02	1.574213e+00	0.000000e+00	-2.349409e-04	-1.571100e-01	-2.338048e-04	-9.739257e-01	8.529698e-01	5.042628e-02	6.024946e-01	1.318017e+01
88	1.574229e+00	0.000000e+00	1.574229e+00	0.000000e+00	1.678241e-05	-2.746623e-02	1.580355e-05	0.000000e+00	8.529698e-01	5.040820e-02	6.024974e-01	1.317545e+01
89	1.574239e+00	0.000000e+00	1.574238e+00	0.000000e+00	9.224344e-06	0.000000e+00	9.250044e-06	0.000000e+00	1.000000e+00	1.000000e-01	6.024974e-01	1.317545e+01
90	1.574208e+00	0.000000e+00	1.574208e+00	0.000000e+00	-3.075521e-05	0.000000e+00	-3.059894e-05	0.000000e+00	1.000000e+00	1.000000e-01	1.000000e+00	1.300000e+01
91	1.574201e+00	0.000000e+00	1.574201e+00	0.000000e+00	-6.680212e-06	0.000000e+00	-6.773644e-06	0.000000e+00	1.000000e+00	1.000000e-01	1.000000e+00	1.300000e+01
92	1.574208e+00	0.000000e+00	1.574208e+00	0.000000e+00	6.826585e-06	0.000000e+00	6.773459e-06	0.000000e+00	1.000000e+00	1.000000e-01	1.000000e+00	1.300000e+01
93	1.574250e+00	0.000000e+00	1.574249e+00	6.844334e-01	4.168562e-05	0.000000e+00	4.154924e-05	6.844334e-01	1.000000e+00	1.000000e-01	1.000000e+00	1.300000e+01
94	1.574256e+00	0.000000e+00	1.574256e+00	0.000000e+00	6.392130e-06	0.000000e+00	6.529462e-06	-6.844334e-01	1.000000e+00	1.000000e-01	9.999979e-01	1.300000e+01
95	1.574279e+00	0.000000e+00	1.574278e+00	0.000000e+00	2.255647e-05	0.000000e+00	2.249387e-05	0.000000e+00	1.000000e+00	1.000000e-01	1.000000e+00	1.300000e+01
