#sequence delta(k-1),f(k-1),theta(k),v(k),delta_diff(k-1),f_diff(k-1),theta_diff(k),v_diff(k),phi(1,1;k),phi(1,2;k),phi(2,1;k),phi(2,2;k)
1	-1.697498e+00	0.000000e+00	-1.697523e+00	1.273502e+00	-1.697498e+00	0.000000e+00	6.264737e-03	1.270375e+00	4.371550e-01	1.000000e-01	1.000000e+00	1.500000e+01
2	-1.606071e+00	0.000000e+00	-1.606429e+00	0.000000e+00	9.142693e-02	0.000000e+00	9.109426e-02	-1.273502e+00	4.393660e-01	1.000000e-01	1.000000e+00	1.500000e+01
3	-1.463736e+00	2.000000e-01	-1.464293e+00	3.731815e+00	1.423357e-01	2.000000e-01	1.421356e-01	3.731815e+00	4.432776e-01	1.054962e-01	1.038689e+00	1.505436e+01
4	-1.629386e+00	2.113927e-01	-1.628741e+00	4.214720e+00	-1.656500e-01	1.139271e-02	-1.644477e-01	4.829053e-01	4.504352e-01	1.050039e-01	1.001166e+00	1.505694e+01
5	-1.752212e+00	2.523308e-01	-1.751730e+00	5.089214e+00	-1.228262e-01	4.093812e-02	-1.229888e-01	8.744936e-01	4.545987e-01	1.036162e-01	9.791187e-01	1.506429e+01
6	-1.718932e+00	3.045080e-01	-1.719060e+00	5.185073e+00	3.327988e-02	5.217715e-02	3.266945e-02	9.585910e-02	4.547902e-01	1.039164e-01	9.677156e-01	1.504641e+01
7	-1.666240e+00	4.555076e-01	-1.666446e+00	7.159106e+00	5.269251e-02	1.509997e-01	5.261429e-02	1.974033e+00	4.551104e-01	1.048341e-01	9.590917e-01	1.502170e+01
8	-1.676560e+00	5.390532e-01	-1.676520e+00	9.294228e+00	-1.032000e-02	8.354557e-02	-1.007416e-02	2.135123e+00	4.551795e-01	1.042751e-01	9.547442e-01	1.505690e+01
9	-1.700534e+00	4.840459e-01	-1.700440e+00	7.476339e+00	-2.397409e-02	-5.500734e-02	-2.391979e-02	-1.817890e+00	4.552621e-01	1.044648e-01	9.657336e-01	1.508211e+01
10	-1.695394e+00	6.831181e-01	-1.695414e+00	9.922940e+00	5.139854e-03	1.990723e-01	5.026339e-03	2.446602e+00	4.552188e-01	1.027856e-01	9.643911e-01	1.503011e+01
11	-1.673478e+00	7.725714e-01	-1.673564e+00	1.120077e+01	2.191601e-02	8.945330e-02	2.185004e-02	1.277830e+00	4.552466e-01	1.028990e-01	9.634810e-01	1.502640e+01
12	-1.661814e+00	8.062335e-01	-1.661860e+00	1.183845e+01	1.166389e-02	3.366205e-02	1.170368e-02	6.376844e-01	4.552628e-01	1.029458e-01	9.641489e-01	1.502833e+01
13	-1.653308e+00	8.397588e-01	-1.653342e+00	1.176186e+01	8.505826e-03	3.352530e-02	8.518318e-03	-7.659078e-02	4.552676e-01	1.029648e-01	9.617721e-01	1.501896e+01
14	-1.633547e+00	9.770418e-01	-1.633624e+00	1.273491e+01	1.976132e-02	1.372830e-01	1.971740e-02	9.730419e-01	4.552359e-01	1.027443e-01	9.514726e-01	1.494741e+01
15	-1.602748e+00	1.131443e+00	-1.602868e+00	1.343942e+01	3.079919e-02	1.544016e-01	3.075590e-02	7.045154e-01	4.552485e-01	1.028074e-01	9.278793e-01	1.482913e+01
16	-1.579242e+00	1.329426e+00	-1.579334e+00	1.519594e+01	2.350584e-02	1.979829e-01	2.353416e-02	1.756518e+00	4.551661e-01	1.021139e-01	9.147289e-01	1.471837e+01
17	-1.533521e+00	1.412838e+00	-1.533700e+00	1.641386e+01	4.572029e-02	8.341136e-02	4.563362e-02	1.217923e+00	4.555186e-01	1.027570e-01	9.136138e-01	1.471633e+01
18	-1.467777e+00	1.389602e+00	-1.468034e+00	1.643094e+01	6.574482e-02	-2.323553e-02	6.566626e-02	1.707693e-02	4.567057e-01	1.023375e-01	9.229271e-01	1.471304e+01
19	-1.410933e+00	1.415496e+00	-1.411156e+00	1.764873e+01	5.684405e-02	2.589382e-02	5.687851e-02	1.217794e+00	4.574675e-01	1.026845e-01	9.440642e-01	1.472267e+01
20	-1.414698e+00	1.344160e+00	-1.414684e+00	1.523839e+01	-3.765350e-03	-7.133626e-02	-3.528460e-03	-2.410348e+00	4.574577e-01	1.024979e-01	9.464842e-01	1.476852e+01
21	-1.435828e+00	1.544160e+00	-1.435746e+00	1.789871e+01	-2.113028e-02	2.000000e-01	-2.106153e-02	2.660326e+00	4.577714e-01	9.952798e-02	9.491737e-01	1.474306e+01
22	-1.445474e+00	1.590758e+00	-1.445436e+00	1.711231e+01	-9.645757e-03	4.659842e-02	-9.690350e-03	-7.864013e-01	4.578168e-01	9.930882e-02	9.558749e-01	1.471069e+01
23	-1.484342e+00	1.790758e+00	-1.484190e+00	1.994313e+01	-3.886763e-02	2.000000e-01	-3.875366e-02	2.830821e+00	4.585551e-01	9.550966e-02	9.572163e-01	1.470379e+01
24	-1.561209e+00	1.751633e+00	-1.560908e+00	2.007128e+01	-7.686719e-02	-3.912551e-02	-7.671831e-02	1.281443e-01	4.599278e-01	9.620832e-02	9.289511e-01	1.468940e+01
25	-1.654118e+00	1.763180e+00	-1.653754e+00	1.945691e+01	-9.290940e-02	1.154773e-02	-9.284615e-02	-6.143624e-01	4.621786e-01	9.592857e-02	9.596069e-01	1.468559e+01
26	-1.695139e+00	1.963180e+00	-1.694977e+00	2.277851e+01	-4.102074e-02	2.000000e-01	-4.122318e-02	3.321600e+00	4.629697e-01	9.207121e-02	9.515169e-01	1.472503e+01
27	-1.690548e+00	1.784662e+00	-1.690565e+00	2.076157e+01	4.591003e-03	-1.785181e-01	4.412041e-03	-2.016940e+00	4.630099e-01	9.050850e-02	9.528206e-01	1.467434e+01
28	-1.678395e+00	1.931091e+00	-1.678442e+00	2.322799e+01	1.215325e-02	1.464286e-01	1.212301e-02	2.466420e+00	4.629713e-01	9.004354e-02	9.545688e-01	1.469540e+01
29	-1.597110e+00	1.826057e+00	-1.597428e+00	2.105240e+01	8.128487e-02	-1.050339e-01	8.101471e-02	-2.175593e+00	4.649937e-01	8.743035e-02	9.274078e-01	1.473050e+01
30	-1.495722e+00	2.026057e+00	-1.496119e+00	2.404521e+01	1.013877e-01	2.000000e-01	1.013081e-01	2.992804e+00	4.667167e-01	9.082926e-02	9.251847e-01	1.472611e+01
31	-1.365834e+00	1.934810e+00	-1.366343e+00	2.224745e+01	1.298885e-01	-9.124650e-02	1.297769e-01	-1.797754e+00	4.714353e-01	8.751445e-02	8.901978e-01	1.475069e+01
32	-1.275288e+00	2.134810e+00	-1.275644e+00	2.590701e+01	9.054532e-02	2.000000e-01	9.069857e-02	3.659555e+00	4.727166e-01	9.034464e-02	9.166061e-01	1.480902e+01
33	-1.239614e+00	1.934810e+00	-1.239754e+00	2.266415e+01	3.567462e-02	-2.000000e-01	3.588955e-02	-3.242855e+00	4.733325e-01	8.689192e-02	9.113970e-01	1.483823e+01
34	-1.189223e+00	2.134810e+00	-1.189420e+00	2.513723e+01	5.039073e-02	2.000000e-01	5.033408e-02	2.473079e+00	4.735458e-01	8.773880e-02	8.987294e-01	1.478795e+01
35	-1.134297e+00	2.133783e+00	-1.134512e+00	2.482106e+01	5.492597e-02	-1.027347e-03	5.490803e-02	-3.161756e-01	4.743010e-01	8.772467e-02	8.896027e-01	1.478812e+01
36	-1.118977e+00	2.239631e+00	-1.119037e+00	2.719205e+01	1.532040e-02	1.058482e-01	1.547504e-02	2.370995e+00	4.742932e-01	8.767083e-02	8.953339e-01	1.482772e+01
37	-1.122007e+00	2.052299e+00	-1.121996e+00	2.508770e+01	-3.030873e-03	-1.873327e-01	-2.958584e-03	-2.104353e+00	4.742721e-01	8.636763e-02	8.943774e-01	1.476859e+01
38	-1.106642e+00	2.161555e+00	-1.106702e+00	2.753596e+01	1.536541e-02	1.092561e-01	1.529384e-02	2.448265e+00	4.742617e-01	8.629388e-02	9.003330e-01	1.481094e+01
39	-1.108228e+00	1.993704e+00	-1.108222e+00	2.396291e+01	-1.585777e-03	-1.678507e-01	-1.519841e-03	-3.573053e+00	4.742516e-01	8.521545e-02	9.011394e-01	1.489629e+01
40	-1.157935e+00	2.193704e+00	-1.157741e+00	2.646434e+01	-4.970717e-02	2.000000e-01	-4.951894e-02	2.501435e+00	4.752454e-01	8.121648e-02	9.111510e-01	1.485601e+01
41	-1.205167e+00	2.230180e+00	-1.204982e+00	2.746033e+01	-4.723199e-02	3.647624e-02	-4.724093e-02	9.959898e-01	4.758671e-01	8.073642e-02	9.000175e-01	1.486461e+01
42	-1.308113e+00	2.182592e+00	-1.307710e+00	2.705421e+01	-1.029463e-01	-4.758827e-02	-1.027287e-01	-4.061207e-01	4.782914e-01	8.185712e-02	8.808785e-01	1.485576e+01
43	-1.455973e+00	2.221208e+00	-1.455394e+00	2.807487e+01	-1.478596e-01	3.861597e-02	-1.476833e-01	1.020660e+00	4.838539e-01	8.040440e-02	8.408052e-01	1.486623e+01
44	-1.605327e+00	2.159024e+00	-1.604741e+00	2.690596e+01	-1.493539e-01	-6.218381e-02	-1.493474e-01	-1.168917e+00	4.889016e-01	8.250601e-02	8.491314e-01	1.486969e+01
45	-1.768746e+00	2.286394e+00	-1.768106e+00	2.850539e+01	-1.634196e-01	1.273702e-01	-1.633647e-01	1.599431e+00	4.960432e-01	7.693978e-02	8.609681e-01	1.486047e+01
46	-1.853917e+00	2.255245e+00	-1.853582e+00	2.835905e+01	-8.517105e-02	-3.114942e-02	-8.547649e-02	-1.463404e-01	4.976883e-01	7.754144e-02	8.452594e-01	1.485472e+01
47	-1.874244e+00	2.238939e+00	-1.874163e+00	2.820496e+01	-2.032653e-02	-1.630603e-02	-2.058103e-02	-1.540863e-01	4.977771e-01	7.761268e-02	8.442429e-01	1.485391e+01
48	-1.914555e+00	2.257163e+00	-1.914397e+00	2.819307e+01	-4.031100e-02	1.822391e-02	-4.023393e-02	-1.188657e-02	4.981900e-01	7.742603e-02	8.489974e-01	1.485176e+01
49	-1.954067e+00	2.305004e+00	-1.953912e+00	3.003903e+01	-3.951156e-02	4.784089e-02	-3.951438e-02	1.845955e+00	4.986308e-01	7.689226e-02	8.271002e-01	1.487827e+01
50	-1.920989e+00	2.105004e+00	-1.921118e+00	2.656466e+01	3.307753e-02	-2.000000e-01	3.279397e-02	-3.474366e+00	4.991185e-01	7.394335e-02	8.190011e-01	1.492724e+01
51	-1.876143e+00	2.305004e+00	-1.876319e+00	2.996508e+01	4.484617e-02	2.000000e-01	4.479909e-02	3.400421e+00	4.992776e-01	7.465300e-02	8.268927e-01	1.496244e+01
52	-1.842911e+00	2.129645e+00	-1.843042e+00	2.766794e+01	3.323166e-02	-1.753589e-01	3.327685e-02	-2.297145e+00	4.997403e-01	7.221167e-02	8.315411e-01	1.493791e+01
53	-1.742419e+00	2.228208e+00	-1.742812e+00	2.817185e+01	1.004921e-01	9.856359e-02	1.002295e-01	5.039080e-01	5.017676e-01	7.420008e-02	7.818183e-01	1.488914e+01
54	-1.642504e+00	2.326428e+00	-1.642896e+00	3.025870e+01	9.991477e-02	9.822011e-02	9.991600e-02	2.086857e+00	5.037648e-01	7.616335e-02	8.074948e-01	1.491438e+01
55	-1.420839e+00	2.144123e+00	-1.421707e+00	2.765320e+01	2.216652e-01	-1.823057e-01	2.211896e-01	-2.605508e+00	5.162445e-01	6.589957e-02	8.008685e-01	1.491983e+01
56	-1.124526e+00	2.256404e+00	-1.125687e+00	2.942635e+01	2.963128e-01	1.122818e-01	2.960193e-01	1.773155e+00	5.344243e-01	7.278846e-02	7.821892e-01	1.491275e+01
57	-9.103813e-01	2.167301e+00	-9.112223e-01	2.754842e+01	2.141451e-01	-8.910296e-02	2.144649e-01	-1.877935e+00	5.449742e-01	6.839878e-02	7.112001e-01	1.494229e+01
58	-7.788445e-01	2.308376e+00	-7.793616e-01	2.948030e+01	1.315368e-01	1.410749e-01	1.318607e-01	1.931881e+00	5.480735e-01	7.172280e-02	6.946601e-01	1.492455e+01
59	-6.201131e-01	2.220524e+00	-6.207351e-01	2.859472e+01	1.587314e-01	-8.785239e-02	1.586264e-01	-8.855755e-01	5.538542e-01	6.852341e-02	7.180493e-01	1.491160e+01
60	-4.236189e-01	2.193251e+00	-4.243888e-01	2.747460e+01	1.964942e-01	-2.727294e-02	1.963463e-01	-1.120118e+00	5.620360e-01	6.738779e-02	6.398313e-01	1.492246e+01
61	-2.685946e-01	2.314050e+00	-2.692032e-01	2.940581e+01	1.550242e-01	1.207991e-01	1.551856e-01	1.931206e+00	5.663644e-01	7.076061e-02	6.419550e-01	1.492412e+01
62	-1.416576e-01	2.186066e+00	-1.421558e-01	2.710520e+01	1.269371e-01	-1.279839e-01	1.270474e-01	-2.300608e+00	5.701742e-01	6.691947e-02	6.139478e-01	1.495235e+01
63	3.609232e-02	2.308546e+00	3.539604e-02	2.911198e+01	1.777499e-01	1.224799e-01	1.775518e-01	2.006778e+00	5.757854e-01	7.078591e-02	6.194169e-01	1.495612e+01
64	1.463446e-01	2.172980e+00	1.459112e-01	2.739954e+01	1.102522e-01	-1.355661e-01	1.105151e-01	-1.712437e+00	5.787064e-01	6.719414e-02	6.321481e-01	1.494047e+01
65	2.110335e-01	2.192551e+00	2.107791e-01	2.790131e+01	6.468896e-02	1.957110e-02	6.486796e-02	5.017703e-01	5.795071e-01	6.743638e-02	6.373131e-01	1.494203e+01
66	2.994536e-01	2.134114e+00	2.991072e-01	2.717995e+01	8.842007e-02	-5.843680e-02	8.832807e-02	-7.213618e-01	5.812207e-01	6.630388e-02	6.412997e-01	1.493940e+01
67	3.200671e-01	2.132673e+00	3.199852e-01	2.761614e+01	2.061352e-02	-1.440978e-03	2.087803e-02	4.361908e-01	5.813087e-01	6.629773e-02	6.456510e-01	1.493909e+01
68	1.797505e-01	2.045575e+00	1.802983e-01	2.676133e+01	-1.403166e-01	-8.709826e-02	-1.396869e-01	-8.548163e-01	5.847506e-01	6.843420e-02	6.103447e-01	1.491718e+01
69	1.153700e-01	2.019883e+00	1.156237e-01	2.680940e+01	-6.438048e-02	-2.569161e-02	-6.467465e-02	4.807882e-02	5.855215e-01	6.874185e-02	5.959873e-01	1.491145e+01
70	1.094298e-01	1.958418e+00	1.094540e-01	2.561584e+01	-5.940199e-03	-6.146550e-02	-6.169631e-03	-1.193564e+00	5.855172e-01	6.869715e-02	5.967575e-01	1.491942e+01
71	-3.495092e-03	2.024429e+00	-3.053884e-03	2.632557e+01	-1.129249e-01	6.601135e-02	-1.125079e-01	7.097263e-01	5.882255e-01	6.711398e-02	6.078058e-01	1.491296e+01
72	-1.447075e-01	1.991285e+00	-1.441542e-01	2.638165e+01	-1.412124e-01	-3.314453e-02	-1.411003e-01	5.608402e-02	5.919301e-01	6.798350e-02	5.655766e-01	1.490305e+01
73	-2.171922e-01	1.886887e+00	-2.169069e-01	2.448784e+01	-7.248466e-02	-1.043981e-01	-7.275269e-02	-1.893812e+00	5.927071e-01	6.910259e-02	5.757193e-01	1.491765e+01
74	-3.108172e-01	1.976489e+00	-3.104504e-01	2.691610e+01	-9.362503e-02	8.960213e-02	-9.354349e-02	2.428260e+00	5.946583e-01	6.723524e-02	5.252006e-01	1.496600e+01
75	-4.308649e-01	1.776489e+00	-4.303945e-01	2.539738e+01	-1.200476e-01	-2.000000e-01	-1.199441e-01	-1.518719e+00	5.966073e-01	7.048233e-02	4.398486e-01	1.482381e+01
76	-4.886043e-01	1.627987e+00	-4.883770e-01	2.411609e+01	-5.773948e-02	-1.485021e-01	-5.798247e-02	-1.281293e+00	5.969612e-01	7.139256e-02	4.142429e-01	1.475795e+01
77	-3.010474e-01	1.571230e+00	-3.017792e-01	2.244815e+01	1.875569e-01	-5.675688e-02	1.865978e-01	-1.667940e+00	6.038393e-01	6.931120e-02	3.348718e-01	1.478197e+01
78	-6.697085e-02	1.723014e+00	-6.788807e-02	2.314345e+01	2.340766e-01	1.517845e-01	2.338911e-01	6.953011e-01	6.126178e-01	7.500357e-02	1.607736e-01	1.466908e+01
79	-1.640904e-02	1.812998e+00	-1.661013e-02	2.428114e+01	5.056181e-02	8.998367e-02	5.127794e-02	1.137697e+00	6.129416e-01	7.557982e-02	1.562248e-01	1.466098e+01
80	2.160451e-02	1.698408e+00	2.145523e-02	2.224096e+01	3.801355e-02	-1.145900e-01	3.806537e-02	-2.040184e+00	6.133615e-01	7.431396e-02	1.496618e-01	1.468076e+01
81	1.584304e-01	1.747941e+00	1.578954e-01	2.277751e+01	1.368259e-01	4.953319e-02	1.364401e-01	5.365497e-01	6.165022e-01	7.545093e-02	1.360849e-01	1.467585e+01
82	2.452266e-01	1.681495e+00	2.448855e-01	2.187824e+01	8.679621e-02	-6.644590e-02	8.699013e-02	-8.992716e-01	6.180798e-01	7.424323e-02	1.387105e-01	1.467384e+01
83	2.273254e-01	1.645352e+00	2.273940e-01	2.169567e+01	-1.790126e-02	-3.614283e-02	-1.749153e-02	-1.825678e-01	6.181116e-01	7.430745e-02	1.357346e-01	1.466783e+01
84	2.303731e-01	1.559181e+00	2.303614e-01	1.986816e+01	3.047705e-03	-8.617095e-02	2.967473e-03	-1.827506e+00	6.181224e-01	7.400214e-02	1.349212e-01	1.469083e+01
85	2.769190e-01	1.647171e+00	2.767371e-01	2.053344e+01	4.654588e-02	8.798933e-02	4.637566e-02	6.652757e-01	6.183665e-01	7.446349e-02	1.209809e-01	1.466448e+01
86	2.706557e-01	1.623602e+00	2.706794e-01	2.078136e+01	-6.263285e-03	-2.356880e-02	-6.057665e-03	2.479255e-01	6.183677e-01	7.446830e-02	1.192133e-01	1.465783e+01
87	2.251716e-01	1.469735e+00	2.253493e-01	1.848244e+01	-4.548410e-02	-1.538667e-01	-4.533009e-02	-2.298927e+00	6.184903e-01	7.488292e-02	1.200271e-01	1.466058e+01
88	1.931509e-01	1.513040e+00	1.932766e-01	1.932257e+01	-3.202070e-02	4.330516e-02	-3.207269e-02	8.401310e-01	6.187259e-01	7.456432e-02	1.168514e-01	1.466487e+01
89	1.890883e-01	1.400063e+00	1.891046e-01	1.711686e+01	-4.062587e-03	-1.129770e-01	-4.172001e-03	-2.205711e+00	6.187129e-01	7.420355e-02	1.179030e-01	1.469412e+01
90	1.618811e-01	1.491193e+00	1.619874e-01	1.964308e+01	-2.720719e-02	9.113001e-02	-2.711720e-02	2.526218e+00	6.189322e-01	7.346901e-02	1.025889e-01	1.474541e+01
91	1.206568e-01	1.291193e+00	1.208182e-01	1.526990e+01	-4.122431e-02	-2.000000e-01	-4.116920e-02	-4.373171e+00	6.189506e-01	7.355838e-02	1.298241e-01	1.487754e+01
92	9.158020e-02	1.491193e+00	9.169441e-02	1.838021e+01	-2.907659e-02	2.000000e-01	-2.912383e-02	3.110306e+00	6.193004e-01	7.115285e-02	1.279485e-01	1.489045e+01
93	8.133961e-02	1.291193e+00	8.138006e-02	1.509997e+01	-1.024059e-02	-2.000000e-01	-1.031435e-02	-3.280240e+00	6.192514e-01	7.019747e-02	1.293832e-01	1.491846e+01
94	5.850154e-02	1.354063e+00	5.859091e-02	1.467011e+01	-2.283807e-02	6.286956e-02	-2.278914e-02	-4.298632e-01	6.193928e-01	6.980834e-02	1.441558e-01	1.487780e+01
95	3.917250e-02	1.431312e+00	3.924836e-02	1.471495e+01	-1.932904e-02	7.724924e-02	-1.934255e-02	4.484453e-02	6.195096e-01	6.934150e-02	1.542386e-01	1.483750e+01
96	2.574523e-02	1.437208e+00	2.579798e-02	1.374800e+01	-1.342727e-02	5.895894e-03	-1.345038e-02	-9.669539e-01	6.195449e-01	6.932598e-02	1.609498e-01	1.483455e+01
97	1.138416e-02	1.474588e+00	1.144047e-02	1.372507e+01	-1.436107e-02	3.737963e-02	-1.435751e-02	-2.293176e-02	6.195998e-01	6.918314e-02	1.648699e-01	1.482435e+01
98	-1.027244e-02	1.422780e+00	-1.018763e-02	1.270543e+01	-2.165661e-02	-5.180754e-02	-2.162809e-02	-1.019633e+00	6.196473e-01	6.929679e-02	1.674176e-01	1.483044e+01
99	-2.484897e-02	1.384972e+00	-2.479170e-02	1.221332e+01	-1.457653e-02	-3.780764e-02	-1.460408e-02	-4.921136e-01	6.196678e-01	6.934976e-02	1.669262e-01	1.482917e+01
100	-2.790881e-02	1.304577e+00	-2.789663e-02	1.039631e+01	-3.059834e-03	-8.039532e-02	-3.104928e-03	-1.817011e+00	6.196614e-01	6.918354e-02	1.678306e-01	1.485293e+01
101	-3.327590e-02	1.361562e+00	-3.325489e-02	1.100722e+01	-5.367094e-03	5.698522e-02	-5.358257e-03	6.109090e-01	6.196766e-01	6.902208e-02	1.684277e-01	1.484659e+01
102	-4.542259e-02	1.272775e+00	-4.537506e-02	9.144617e+00	-1.214669e-02	-8.878745e-02	-1.212017e-02	-1.862601e+00	6.196678e-01	6.895760e-02	1.715444e-01	1.486938e+01
103	-5.078971e-02	1.310508e+00	-5.076856e-02	1.049549e+01	-5.367122e-03	3.773353e-02	-5.393501e-03	1.350872e+00	6.196797e-01	6.887396e-02	1.695301e-01	1.488354e+01
104	-5.233325e-02	1.110508e+00	-5.232713e-02	8.427166e+00	-1.543533e-03	-2.000000e-01	-1.558572e-03	-2.068324e+00	6.196702e-01	6.764709e-02	1.688769e-01	1.479891e+01
105	-5.573657e-02	1.001735e+00	-5.572325e-02	6.561391e+00	-3.403319e-03	-1.087733e-01	-3.396113e-03	-1.865775e+00	6.196605e-01	6.733526e-02	1.692875e-01	1.481203e+01
106	-5.748298e-02	1.038521e+00	-5.747611e-02	8.711768e+00	-1.746419e-03	3.678616e-02	-1.752863e-03	2.150378e+00	6.196631e-01	6.728030e-02	1.679563e-01	1.484007e+01
107	-5.909264e-02	8.385212e-01	-5.908632e-02	4.370924e+00	-1.609653e-03	-2.000000e-01	-1.610213e-03	-4.340844e+00	6.196535e-01	6.608411e-02	1.689852e-01	1.496791e+01
108	-6.046570e-02	1.014391e+00	-6.046031e-02	8.207100e+00	-1.373064e-03	1.758698e-01	-1.373991e-03	3.836177e+00	6.196613e-01	6.508496e-02	1.682119e-01	1.506696e+01
109	-6.024513e-02	8.143910e-01	-6.024597e-02	3.885456e+00	2.205744e-04	-2.000000e-01	2.143457e-04	-4.321644e+00	6.196626e-01	6.386536e-02	1.680775e-01	1.518881e+01
110	-6.020796e-02	9.149473e-01	-6.020810e-02	5.977731e+00	3.717245e-05	1.005562e-01	3.786453e-05	2.092275e+00	6.196625e-01	6.356087e-02	1.680874e-01	1.521566e+01
111	-6.035938e-02	7.149473e-01	-6.035879e-02	2.509116e+00	-1.514277e-04	-2.000000e-01	-1.506882e-04	-3.468615e+00	6.196616e-01	6.238219e-02	1.681174e-01	1.525528e+01
112	-6.050928e-02	7.317043e-01	-6.050869e-02	2.491689e+00	-1.498933e-04	1.675706e-02	-1.498964e-04	-1.742699e-02	6.196617e-01	6.237341e-02	1.681368e-01	1.525311e+01
113	-6.040422e-02	6.562050e-01	-6.040463e-02	1.180817e+00	1.050570e-04	-7.549929e-02	1.040611e-04	-1.310872e+00	6.196619e-01	6.220362e-02	1.681289e-01	1.525880e+01
114	-6.021946e-02	6.141920e-01	-6.022019e-02	5.784350e-01	1.847546e-04	-4.201299e-02	1.844394e-04	-6.023825e-01	6.196622e-01	6.215012e-02	1.681323e-01	1.525803e+01
115	-6.013505e-02	5.392027e-01	-6.013538e-02	5.472611e-01	8.441644e-05	-7.498930e-02	8.480715e-05	-3.117389e-02	6.196623e-01	6.198342e-02	1.681768e-01	1.521850e+01
116	-6.008754e-02	4.244875e-01	-6.008772e-02	0.000000e+00	4.751225e-05	-1.147152e-01	4.765793e-05	-5.472611e-01	6.196625e-01	6.159752e-02	1.682037e-01	1.515362e+01
117	-6.020976e-02	3.552118e-01	-6.020929e-02	2.521536e-01	-1.222283e-04	-6.927577e-02	-1.215646e-04	2.521536e-01	6.196623e-01	6.145894e-02	1.681283e-01	1.511088e+01
118	-5.997587e-02	2.585930e-01	-5.997678e-02	0.000000e+00	2.338949e-04	-9.661874e-02	2.325064e-04	-2.521536e-01	6.196629e-01	6.118369e-02	1.682618e-01	1.505571e+01
119	-6.002115e-02	1.859118e-01	-6.002097e-02	0.000000e+00	-4.527725e-05	-7.268125e-02	-4.419215e-05	0.000000e+00	6.196628e-01	6.103112e-02	1.682384e-01	1.501803e+01
120	-6.007339e-02	1.189885e-01	-6.007319e-02	0.000000e+00	-5.224771e-05	-6.692327e-02	-5.221625e-05	0.000000e+00	6.196627e-01	6.090221e-02	1.682135e-01	1.498615e+01
121	-6.015573e-02	5.783598e-02	-6.015540e-02	0.000000e+00	-8.233124e-05	-6.115252e-02	-8.221360e-05	0.000000e+00	6.196626e-01	6.079513e-02	1.681777e-01	1.495958e+01
122	-6.001619e-02	2.475619e-03	-6.001674e-02	0.000000e+00	1.395314e-04	-5.536036e-02	1.386652e-04	0.000000e+00	6.196628e-01	6.070539e-02	1.682325e-01	1.493784e+01
123	-6.002198e-02	0.000000e+00	-6.002196e-02	0.000000e+00	-5.785292e-06	-2.475619e-03	-5.221032e-06	0.000000e+00	1.000000e+00	1.000000e-01	1.682324e-01	1.493779e+01
124	-6.005618e-02	0.000000e+00	-6.005604e-02	0.000000e+00	-3.419885e-05	0.000000e+00	-3.408565e-05	0.000000e+00	1.000000e+00	1.000000e-01	1.000000e+00	1.500000e+01
125	-6.005151e-02	0.000000e+00	-6.005152e-02	0.000000e+00	4.672451e-06	0.000000e+00	4.521052e-06	0.000000e+00	1.000000e+00	1.000000e-01	1.000000e+00	1.500000e+01
126	-6.004313e-02	0.000000e+00	-6.004316e-02	4.151580e-01	8.376543e-06	0.000000e+00	8.361482e-06	4.151580e-01	1.000000e+00	1.000000e-01	1.000002e+00	1.500000e+01
127	-5.994563e-02	0.000000e+00	-5.994601e-02	2.506345e-02	9.750414e-05	0.000000e+00	9.715593e-05	-3.900945e-01	1.000000e+00	1.000000e-01	1.000000e+00	1.500000e+01
128	-5.982227e-02	0.000000e+00	-5.982276e-02	0.000000e+00	1.233523e-04	0.000000e+00	1.232500e-04	-2.506345e-02	1.000000e+00	1.000000e-01	1.000000e+00	1.500000e+01
129	-5.996321e-02	0.000000e+00	-5.996266e-02	0.000000e+00	-1.409382e-04	0.000000e+00	-1.399062e-04	0.000000e+00	1.000000e+00	1.000000e-01	1.000000e+00	1.500000e+01
130	-6.002956e-02	0.000000e+00	-6.002930e-02	0.000000e+00	-6.634769e-05	0.000000e+00	-6.663503e-05	0.000000e+00	1.000000e+00	1.000000e-01	1.000000e+00	1.500000e+01
131	-5.999591e-02	0.000000e+00	-5.999604e-02	0.000000e+00	3.364857e-05	0.000000e+00	3.325683e-05	0.000000e+00	1.000000e+00	1.000000e-01	1.000000e+00	1.500000e+01
132	-6.001247e-02	0.000000e+00	-6.001241e-02	0.000000e+00	-1.656260e-05	0.000000e+00	-1.636800e-05	0.000000e+00	1.000000e+00	1.000000e-01	1.000000e+00	1.500000e+01
133	-6.002220e-02	0.000000e+00	-6.002216e-02	0.000000e+00	-9.728330e-06	0.000000e+00	-9.754266e-06	0.000000e+00	1.000000e+00	1.000000e-01	1.000000e+00	1.500000e+01
134	-6.001820e-02	0.000000e+00	-6.001822e-02	5.967225e-01	4.000715e-06	0.000000e+00	3.946985e-06	5.967225e-01	1.000000e+00	1.000000e-01	1.000001e+00	1.500000e+01
135	-6.007922e-02	0.000000e+00	-6.007898e-02	0.000000e+00	-6.101507e-05	0.000000e+00	-6.076131e-05	-5.967225e-01	1.000000e+00	1.000000e-01	1.000000e+00	1.500000e+01
136	-5.997016e-02	0.000000e+00	-5.997059e-02	0.000000e+00	1.090515e-04	0.000000e+00	1.083882e-04	0.000000e+00	1.000000e+00	1.000000e-01	1.000000e+00	1.500000e+01
137	-5.997459e-02	0.000000e+00	-5.997458e-02	0.000000e+00	-4.428859e-06	0.000000e+00	-3.988168e-06	0.000000e+00	1.000000e+00	1.000000e-01	1.000000e+00	1.500000e+01
138	-6.001984e-02	0.000000e+00	-6.001966e-02	0.000000e+00	-4.524290e-05	0.000000e+00	-4.508175e-05	0.000000e+00	1.000000e+00	1.000000e-01	1.000000e+00	1.500000e+01
139	-6.001171e-02	0.000000e+00	-6.001174e-02	0.000000e+00	8.126596e-06	0.000000e+00	7.918751e-06	0.000000e+00	1.000000e+00	1.000000e-01	1.000000e+00	1.500000e+01
140	-5.997990e-02	0.000000e+00	-5.998002e-02	0.000000e+00	3.180891e-05	0.000000e+00	3.171559e-05	0.000000e+00	1.000000e+00	1.000000e-01	1.000000e+00	1.500000e+01
141	-5.998744e-02	0.000000e+00	-5.998742e-02	0.000000e+00	-7.543694e-06	0.000000e+00	-7.390337e-06	0.000000e+00	1.000000e+00	1.000000e-01	1.000000e+00	1.500000e+01
142	-5.991499e-02	1.101489e-03	-5.991527e-02	9.720514e-01	7.245251e-05	1.101489e-03	7.214062e-05	9.720514e-01	1.000000e+00	9.999994e-02	1.000033e+00	1.500050e+01
143	-6.016184e-02	0.000000e+00	-6.016088e-02	0.000000e+00	-2.468497e-04	-1.101489e-03	-2.456037e-04	-9.720514e-01	1.000000e+00	9.999988e-02	1.000145e+00	1.500100e+01
144	-6.003565e-02	0.000000e+00	-6.003614e-02	0.000000e+00	1.261890e-04	0.000000e+00	1.247367e-04	0.000000e+00	1.000000e+00	9.999988e-02	1.000000e+00	1.500000e+01
145	-5.998338e-02	0.000000e+00	-5.998359e-02	8.326453e-02	5.226758e-05	0.000000e+00	5.255066e-05	8.326453e-02	1.000000e+00	9.999988e-02	1.000000e+00	1.500000e+01
146	-6.020066e-02	0.000000e+00	-6.019982e-02	0.000000e+00	-2.172789e-04	0.000000e+00	-2.162248e-04	-8.326453e-02	1.000000e+00	9.999988e-02	1.000000e+00	1.500000e+01
147	-6.006946e-02	0.000000e+00	-6.006997e-02	5.518013e-01	1.312016e-04	0.000000e+00	1.298444e-04	5.518013e-01	1.000000e+00	9.999988e-02	1.000000e+00	1.500000e+01
148	-6.016422e-02	0.000000e+00	-6.016385e-02	0.000000e+00	-9.475994e-05	0.000000e+00	-9.388258e-05	-5.518013e-01	1.000000e+00	9.999988e-02	1.000000e+00	1.500000e+01
149	-6.005935e-02	0.000000e+00	-6.005976e-02	0.000000e+00	1.048748e-04	0.000000e+00	1.040984e-04	0.000000e+00	1.000000e+00	9.999988e-02	1.000000e+00	1.500000e+01
150	-6.004271e-02	0.000000e+00	-6.004278e-02	0.000000e+00	1.663440e-05	0.000000e+00	1.697605e-05	0.000000e+00	1.000000e+00	9.999988e-02	1.000000e+00	1.500000e+01
151	-6.007104e-02	0.000000e+00	-6.007093e-02	0.000000e+00	-2.832401e-05	0.000000e+00	-2.814706e-05	0.000000e+00	1.000000e+00	9.999988e-02	1.000000e+00	1.500000e+01
152	-6.007215e-02	0.000000e+00	-6.007215e-02	0.000000e+00	-1.113491e-06	0.000000e+00	-1.219091e-06	0.000000e+00	1.000000e+00	1.000000e-01	1.000000e+00	1.500000e+01
153	-6.006493e-02	0.000000e+00	-6.006496e-02	0.000000e+00	7.216428e-06	0.000000e+00	7.183476e-06	0.000000e+00	1.000000e+00	1.000000e-01	1.000000e+00	1.500000e+01
154	-6.002774e-02	0.000000e+00	-6.002789e-02	0.000000e+00	3.718922e-05	0.000000e+00	3.707201e-05	0.000000e+00	1.000000e+00	1.000000e-01	1.000000e+00	1.500000e+01
155	-6.008102e-02	0.000000e+00	-6.008081e-02	4.790880e-02	-5.327252e-05	0.000000e+00	-5.291961e-05	4.790880e-02	1.000000e+00	1.000000e-01	1.000000e+00	1.500000e+01
156	-6.022869e-02	0.000000e+00	-6.022811e-02	0.000000e+00	-1.476716e-04	0.000000e+00	-1.473015e-04	-4.790880e-02	1.000000e+00	1.000000e-01	1.000000e+00	1.500000e+01
157	-6.007071e-02	0.000000e+00	-6.007132e-02	0.000000e+00	1.579827e-04	0.000000e+00	1.567902e-04	0.000000e+00	1.000000e+00	1.000000e-01	1.000000e+00	1.500000e+01
158	-6.006446e-02	0.000000e+00	-6.006449e-02	0.000000e+00	6.243816e-06	0.000000e+00	6.831888e-06	0.000000e+00	1.000000e+00	1.000000e-01	1.000000e+00	1.500000e+01
159	-6.010514e-02	2.096621e-03	-6.010498e-02	0.000000e+00	-4.067411e-05	2.096621e-03	-4.048854e-05	0.000000e+00	1.000000e+00	9.999979e-02	1.000001e+00	1.499997e+01
160	-6.004329e-02	1.043388e-02	-6.004353e-02	5.757442e-01	6.184378e-05	8.337258e-03	6.144404e-05	5.757442e-01	1.000000e+00	9.999649e-02	1.000014e+00	1.500175e+01
161	-6.022107e-02	0.000000e+00	-6.022037e-02	0.000000e+00	-1.777740e-04	-1.043388e-02	-1.768396e-04	-5.757442e-01	9.999999e-01	9.999131e-02	1.000049e+00	1.500383e+01
162	-6.010786e-02	0.000000e+00	-6.010830e-02	0.000000e+00	1.132106e-04	0.000000e+00	1.120776e-04	0.000000e+00	9.999999e-01	9.999131e-02	1.000000e+00	1.500000e+01
163	-6.006159e-02	0.000000e+00	-6.006177e-02	0.000000e+00	4.626932e-05	0.000000e+00	4.652638e-05	0.000000e+00	9.999999e-01	9.999131e-02	1.000000e+00	1.500000e+01
164	-6.009904e-02	0.000000e+00	-6.009889e-02	9.672403e-01	-3.745326e-05	0.000000e+00	-3.712521e-05	9.672403e-01	9.999999e-01	9.999131e-02	1.000000e+00	1.500000e+01
165	-6.020513e-02	0.000000e+00	-6.020471e-02	0.000000e+00	-1.060865e-04	0.000000e+00	-1.058172e-04	-9.672403e-01	9.999999e-01	9.999131e-02	1.000000e+00	1.500000e+01
166	-6.012598e-02	0.000000e+00	-6.012629e-02	1.036407e-01	7.914872e-05	0.000000e+00	7.842620e-05	1.036407e-01	9.999999e-01	9.999131e-02	1.000000e+00	1.500000e+01
167	-6.019523e-02	0.000000e+00	-6.019496e-02	0.000000e+00	-6.925456e-05	0.000000e+00	-6.867768e-05	-1.036407e-01	9.999999e-01	9.999131e-02	1.000000e+00	1.500000e+01
168	-6.011292e-02	0.000000e+00	-6.011324e-02	7.674284e-02	8.231725e-05	0.000000e+00	8.172743e-05	7.674284e-02	9.999999e-01	9.999131e-02	1.000000e+00	1.500000e+01
169	-6.014553e-02	0.000000e+00	-6.014541e-02	6.087636e-02	-3.261672e-05	0.000000e+00	-3.217006e-05	-1.586648e-02	9.999999e-01	9.999131e-02	1.000000e+00	1.500000e+01
170	-6.017415e-02	0.000000e+00	-6.017404e-02	0.000000e+00	-2.861848e-05	0.000000e+00	-2.863235e-05	-6.087636e-02	9.999999e-01	9.999131e-02	1.000000e+00	1.500000e+01
171	-6.007689e-02	0.000000e+00	-6.007727e-02	0.000000e+00	9.725838e-05	0.000000e+00	9.676662e-05	0.000000e+00	9.999999e-01	9.999131e-02	1.000000e+00	1.500000e+01
172	-6.006636e-02	0.000000e+00	-6.006641e-02	1.348203e+00	1.052918e-05	0.000000e+00	1.086604e-05	1.348203e+00	9.999999e-01	9.999131e-02	1.000000e+00	1.500000e+01
173	-5.998973e-02	0.000000e+00	-5.999003e-02	0.000000e+00	7.663354e-05	0.000000e+00	7.637663e-05	-1.348203e+00	9.999999e-01	9.999131e-02	1.000000e+00	1.500000e+01
174	-6.000696e-02	0.000000e+00	-6.000689e-02	0.000000e+00	-1.723010e-05	0.000000e+00	-1.686444e-05	0.000000e+00	9.999999e-01	9.999131e-02	1.000000e+00	1.500000e+01
175	-6.005872e-02	0.000000e+00	-6.005852e-02	4.146421e-01	-5.175838e-05	0.000000e+00	-5.162208e-05	4.146421e-01	9.999999e-01	9.999131e-02	1.000000e+00	1.500000e+01
176	-6.009800e-02	0.000000e+00	-6.009784e-02	0.000000e+00	-3.927964e-05	0.000000e+00	-3.932785e-05	-4.146421e-01	9.999999e-01	9.999131e-02	1.000000e+00	1.500000e+01
177	-6.005188e-02	0.000000e+00	-6.005206e-02	0.000000e+00	4.611470e-05	0.000000e+00	4.578094e-05	0.000000e+00	9.999999e-01	9.999131e-02	1.000000e+00	1.500000e+01
178	-5.997770e-02	0.000000e+00	-5.997799e-02	0.000000e+00	7.418734e-05	0.000000e+00	7.407638e-05	0.000000e+00	9.999999e-01	9.999131e-02	1.000000e+00	1.500000e+01
179	-6.002648e-02	0.000000e+00	-6.002629e-02	0.000000e+00	-4.878068e-05	0.000000e+00	-4.830077e-05	0.000000e+00	9.999999e-01	9.999131e-02	1.000000e+00	1.500000e+01
180	-6.001135e-02	0.000000e+00	-6.001141e-02	0.000000e+00	1.512509e-05	0.000000e+00	1.487733e-05	0.000000e+00	9.999999e-01	9.999131e-02	1.000000e+00	1.500000e+01
181	-5.999973e-02	0.000000e+00	-5.999978e-02	0.000000e+00	1.161733e-05	0.000000e+00	1.163007e-05	0.000000e+00	9.999999e-01	9.999131e-02	1.000000e+00	1.500000e+01
182	-6.003720e-02	0.000000e+00	-6.003705e-02	0.000000e+00	-3.746213e-05	0.000000e+00	-3.727036e-05	0.000000e+00	9.999999e-01	9.999131e-02	1.000000e+00	1.500000e+01
183	-6.004227e-02	0.000000e+00	-6.004225e-02	0.000000e+00	-5.078548e-06	0.000000e+00	-5.204298e-06	0.000000e+00	1.000000e+00	1.000000e-01	1.000000e+00	1.500000e+01
184	-5.998282e-02	0.000000e+00	-5.998305e-02	0.000000e+00	5.945417e-05	0.000000e+00	5.920159e-05	0.000000e+00	1.000000e+00	1.000000e-01	1.000000e+00	1.500000e+01
185	-6.002650e-02	0.000000e+00	-6.002633e-02	0.000000e+00	-4.367800e-05	0.000000e+00	-4.327613e-05	0.000000e+00	1.000000e+00	1.000000e-01	1.000000e+00	1.500000e+01
186	-6.003056e-02	0.000000e+00	-6.003054e-02	0.000000e+00	-4.062936e-06	0.000000e+00	-4.216113e-06	0.000000e+00	1.000000e+00	1.000000e-01	1.000000e+00	1.500000e+01
187	-6.000467e-02	0.000000e+00	-6.000477e-02	7.946409e-01	2.589382e-05	0.000000e+00	2.577620e-05	7.946409e-01	1.000000e+00	1.000000e-01	1.000000e+00	1.500000e+01
188	-6.007201e-02	0.000000e+00	-6.007175e-02	0.000000e+00	-6.734567e-05	0.000000e+00	-6.698191e-05	-7.946409e-01	1.000000e+00	1.000000e-01	1.000000e+00	1.500000e+01
189	-5.998331e-02	0.000000e+00	-5.998365e-02	0.000000e+00	8.870680e-05	0.000000e+00	8.809864e-05	0.000000e+00	1.000000e+00	1.000000e-01	1.000000e+00	1.500000e+01
190	-6.001608e-02	0.000000e+00	-6.001595e-02	0.000000e+00	-3.277520e-05	0.000000e+00	-3.230304e-05	0.000000e+00	1.000000e+00	1.000000e-01	1.000000e+00	1.500000e+01
191	-6.003552e-02	0.000000e+00	-6.003544e-02	0.000000e+00	-1.943687e-05	0.000000e+00	-1.948713e-05	0.000000e+00	1.000000e+00	1.000000e-01	1.000000e+00	1.500000e+01
192	-6.002354e-02	0.000000e+00	-6.002358e-02	0.000000e+00	1.198176e-05	0.000000e+00	1.185883e-05	0.000000e+00	1.000000e+00	1.000000e-01	1.000000e+00	1.500000e+01
193	-6.000137e-02	0.000000e+00	-6.000145e-02	1.122648e-01	2.217080e-05	0.000000e+00	2.213052e-05	1.122648e-01	1.000000e+00	1.000000e-01	1.000000e+00	1.500000e+01
194	-6.015867e-02	0.000000e+00	-6.015805e-02	0.000000e+00	-1.573024e-04	0.000000e+00	-1.566015e-04	-1.122648e-01	1.000000e+00	1.000000e-01	1.000000e+00	1.500000e+01
195	-6.004465e-02	0.000000e+00	-6.004509e-02	2.711826e-01	1.140213e-04	0.000000e+00	1.129642e-04	2.711826e-01	1.000000e+00	1.000000e-01	1.000000e+00	1.500000e+01
196	-6.005886e-02	0.000000e+00	-6.005880e-02	0.000000e+00	-1.421211e-05	0.000000e+00	-1.371533e-05	-2.711826e-01	1.000000e+00	1.000000e-01	1.000000e+00	1.500000e+01
197	-5.995025e-02	0.000000e+00	-5.995067e-02	0.000000e+00	1.086123e-04	0.000000e+00	1.081345e-04	0.000000e+00	1.000000e+00	1.000000e-01	1.000000e+00	1.500000e+01
198	-5.994622e-02	0.000000e+00	-5.994623e-02	0.000000e+00	4.031245e-06	0.000000e+00	4.437898e-06	0.000000e+00	1.000000e+00	1.000000e-01	1.000000e+00	1.500000e+01
199	-5.997948e-02	0.000000e+00	-5.997935e-02	0.000000e+00	-3.326559e-05	0.000000e+00	-3.311831e-05	0.000000e+00	1.000000e+00	1.000000e-01	1.000000e+00	1.500000e+01
200	-5.997765e-02	0.000000e+00	-5.997766e-02	0.000000e+00	1.831516e-06	0.000000e+00	1.694993e-06	0.000000e+00	1.000000e+00	1.000000e-01	1.000000e+00	1.500000e+01
201	-5.992975e-02	0.000000e+00	-5.992994e-02	0.000000e+00	4.789591e-05	0.000000e+00	4.771544e-05	0.000000e+00	1.000000e+00	1.000000e-01	1.000000e+00	1.500000e+01
202	-5.969436e-02	0.000000e+00	-5.969528e-02	0.000000e+00	2.353929e-04	0.000000e+00	2.346598e-04	0.000000e+00	1.000000e+00	1.000000e-01	1.000000e+00	1.500000e+01
203	-5.969943e-02	0.000000e+00	-5.969941e-02	0.000000e+00	-5.068491e-06	0.000000e+00	-4.132052e-06	0.000000e+00	1.000000e+00	1.000000e-01	1.000000e+00	1.500000e+01
204	-5.945668e-02	0.000000e+00	-5.945762e-02	1.604812e+00	2.427524e-04	0.000000e+00	2.417881e-04	1.604812e+00	1.000000e+00	1.000000e-01	1.000000e+00	1.500000e+01
205	-6.019851e-02	0.000000e+00	-6.019562e-02	0.000000e+00	-7.418346e-04	0.000000e+00	-7.379923e-04	-1.604812e+00	1.000000e+00	1.000000e-01	1.000000e+00	1.500000e+01
206	-6.028479e-02	0.000000e+00	-6.028444e-02	0.000000e+00	-8.627875e-05	0.000000e+00	-8.882450e-05	0.000000e+00	1.000000e+00	1.000000e-01	1.000000e+00	1.500000e+01
207	-6.015221e-02	0.000000e+00	-6.015272e-02	0.000000e+00	1.325830e-04	0.000000e+00	1.317182e-04	0.000000e+00	1.000000e+00	1.000000e-01	1.000000e+00	1.500000e+01
208	-6.009603e-02	0.000000e+00	-6.009625e-02	0.000000e+00	5.617755e-05	0.000000e+00	5.647263e-05	0.000000e+00	1.000000e+00	1.000000e-01	1.000000e+00	1.500000e+01
209	-6.011801e-02	0.000000e+00	-6.011792e-02	0.000000e+00	-2.197800e-05	0.000000e+00	-2.167155e-05	0.000000e+00	1.000000e+00	1.000000e-01	1.000000e+00	1.500000e+01
210	-6.008890e-02	0.000000e+00	-6.008902e-02	0.000000e+00	2.910252e-05	0.000000e+00	2.890419e-05	0.000000e+00	1.000000e+00	1.000000e-01	1.000000e+00	1.500000e+01
211	-6.007961e-02	0.000000e+00	-6.007964e-02	0.000000e+00	9.297607e-06	0.000000e+00	9.374195e-06	0.000000e+00	1.000000e+00	1.000000e-01	1.000000e+00	1.500000e+01
212	-6.008770e-02	0.000000e+00	-6.008767e-02	0.000000e+00	-8.095102e-06	0.000000e+00	-8.026862e-06	0.000000e+00	1.000000e+00	1.000000e-01	1.000000e+00	1.500000e+01
213	-6.008798e-02	0.000000e+00	-6.008798e-02	0.000000e+00	-2.817927e-07	0.000000e+00	-3.120469e-07	0.000000e+00	1.000000e+00	1.000000e-01	1.000000e+00	1.500000e+01
214	-6.008589e-02	0.000000e+00	-6.008590e-02	0.000000e+00	2.093672e-06	0.000000e+00	2.084274e-06	0.000000e+00	1.000000e+00	1.000000e-01	1.000000e+00	1.500000e+01
215	-6.008631e-02	0.000000e+00	-6.008630e-02	0.000000e+00	-4.160690e-07	0.000000e+00	-4.063020e-07	0.000000e+00	1.000000e+00	1.000000e-01	1.000000e+00	1.500000e+01
216	-6.008671e-02	0.000000e+00	-6.008671e-02	0.000000e+00	-4.021714e-07	0.000000e+00	-4.021876e-07	0.000000e+00	1.000000e+00	1.000000e-01	1.000000e+00	1.500000e+01
217	-5.999337e-02	4.472930e-03	-5.999374e-02	7.485012e-01	9.333705e-05	4.472930e-03	9.297088e-05	7.485012e-01	1.000000e+00	9.999905e-02	1.000030e+00	1.500145e+01
218	-6.023378e-02	0.000000e+00	-6.023284e-02	1.075665e-01	-2.404111e-04	-4.472930e-03	-2.391089e-04	-6.409347e-01	9.999999e-01	9.999810e-02	1.000096e+00	1.500267e+01
219	-6.030850e-02	0.000000e+00	-6.030821e-02	0.000000e+00	-7.471957e-05	0.000000e+00	-7.536172e-05	-1.075665e-01	9.999999e-01	9.999810e-02	1.000000e+00	1.500000e+01
220	-6.010553e-02	0.000000e+00	-6.010632e-02	0.000000e+00	2.029767e-04	0.000000e+00	2.018895e-04	0.000000e+00	9.999999e-01	9.999810e-02	1.000000e+00	1.500000e+01
221	-6.012494e-02	0.000000e+00	-6.012487e-02	0.000000e+00	-1.941414e-05	0.000000e+00	-1.854967e-05	0.000000e+00	9.999999e-01	9.999810e-02	1.000000e+00	1.500000e+01
222	-6.009611e-02	0.000000e+00	-6.009622e-02	0.000000e+00	2.882906e-05	0.000000e+00	2.864399e-05	0.000000e+00	9.999999e-01	9.999810e-02	1.000000e+00	1.500000e+01
223	-6.009292e-02	0.000000e+00	-6.009293e-02	4.010164e-01	3.191025e-06	0.000000e+00	3.290450e-06	4.010164e-01	1.000000e+00	1.000000e-01	1.000001e+00	1.500000e+01
224	-6.026942e-02	0.000000e+00	-6.026873e-02	0.000000e+00	-1.764956e-04	0.000000e+00	-1.757933e-04	-4.010164e-01	1.000000e+00	1.000000e-01	1.000000e+00	1.500000e+01
225	-6.012457e-02	0.000000e+00	-6.012514e-02	0.000000e+00	1.448409e-04	0.000000e+00	1.435885e-04	0.000000e+00	1.000000e+00	1.000000e-01	1.000000e+00	1.500000e+01
226	-6.004413e-02	0.000000e+00	-6.004444e-02	0.000000e+00	8.044700e-05	0.000000e+00	8.069364e-05	0.000000e+00	1.000000e+00	1.000000e-01	1.000000e+00	1.500000e+01
227	-5.994321e-02	0.000000e+00	-5.994360e-02	0.000000e+00	1.009182e-04	0.000000e+00	1.008392e-04	0.000000e+00	1.000000e+00	1.000000e-01	1.000000e+00	1.500000e+01
228	-5.995610e-02	0.000000e+00	-5.995605e-02	0.000000e+00	-1.288642e-05	0.000000e+00	-1.244218e-05	0.000000e+00	1.000000e+00	1.000000e-01	1.000000e+00	1.500000e+01
229	-5.998059e-02	0.000000e+00	-5.998049e-02	0.000000e+00	-2.449393e-05	0.000000e+00	-2.444685e-05	0.000000e+00	1.000000e+00	1.000000e-01	1.000000e+00	1.500000e+01
230	-5.997314e-02	5.263210e-03	-5.997317e-02	0.000000e+00	7.452109e-06	5.263210e-03	7.327503e-06	0.000000e+00	1.000000e+00	1.000000e-01	9.999997e-01	1.499980e+01
231	-5.996858e-02	1.691925e-02	-5.996860e-02	5.151880e-01	4.558876e-06	1.165604e-02	4.569691e-06	5.151880e-01	1.000000e+00	1.000000e-01	1.000000e+00	1.500169e+01
232	-6.020584e-02	0.000000e+00	-6.020492e-02	0.000000e+00	-2.372644e-04	-1.691925e-02	-2.363197e-04	-5.151880e-01	9.999998e-01	9.998640e-02	1.000030e+00	1.500379e+01
233	-5.986529e-02	0.000000e+00	-5.986662e-02	0.000000e+00	3.405530e-04	0.000000e+00	3.382996e-04	0.000000e+00	9.999998e-01	9.998640e-02	1.000000e+00	1.500000e+01
234	-5.978119e-02	0.000000e+00	-5.978153e-02	0.000000e+00	8.409706e-05	0.000000e+00	8.509004e-05	0.000000e+00	9.999998e-01	9.998640e-02	1.000000e+00	1.500000e+01
235	-5.987962e-02	3.472293e-03	-5.987924e-02	0.000000e+00	-9.842900e-05	3.472293e-03	-9.771213e-05	0.000000e+00	9.999998e-01	9.998583e-02	1.000002e+00	1.499991e+01
236	-5.932703e-02	1.334163e-02	-5.932919e-02	0.000000e+00	5.525927e-04	9.869338e-03	5.500524e-04	0.000000e+00	9.999996e-01	9.998119e-02	9.999634e-01	1.499922e+01
237	-5.882636e-02	2.960836e-02	-5.882833e-02	9.959587e-01	5.006657e-04	1.626673e-02	5.008586e-04	9.959587e-01	9.999992e-01	9.996862e-02	1.000142e+00	1.500502e+01
238	-5.982408e-02	0.000000e+00	-5.982019e-02	0.000000e+00	-9.977188e-04	-2.960836e-02	-9.918650e-04	-9.959587e-01	9.999978e-01	9.992693e-02	1.000403e+00	1.501276e+01
239	-5.976773e-02	0.000000e+00	-5.976793e-02	0.000000e+00	5.635496e-05	0.000000e+00	5.226035e-05	0.000000e+00	9.999978e-01	9.992693e-02	1.000000e+00	1.500000e+01
240	-5.925784e-02	0.000000e+00	-5.925983e-02	0.000000e+00	5.098883e-04	0.000000e+00	5.081007e-04	0.000000e+00	9.999978e-01	9.992693e-02	1.000000e+00	1.500000e+01
241	-5.929557e-02	0.000000e+00	-5.929543e-02	7.478337e-02	-3.773476e-05	0.000000e+00	-3.560259e-05	7.478337e-02	9.999978e-01	9.992693e-02	1.000000e+00	1.500000e+01
242	-5.983955e-02	0.000000e+00	-5.983742e-02	0.000000e+00	-5.439717e-04	0.000000e+00	-5.419859e-04	-7.478337e-02	9.999978e-01	9.992693e-02	1.000000e+00	1.500000e+01
243	-5.943210e-02	0.000000e+00	-5.943368e-02	2.133300e-01	4.074467e-04	0.000000e+00	4.037380e-04	2.133300e-01	9.999978e-01	9.992693e-02	1.000000e+00	1.500000e+01
244	-5.971680e-02	0.000000e+00	-5.971569e-02	3.420737e-01	-2.846972e-04	0.000000e+00	-2.820080e-04	1.287437e-01	9.999978e-01	9.992693e-02	1.000000e+00	1.500000e+01
245	-6.003237e-02	0.000000e+00	-6.003113e-02	0.000000e+00	-3.155734e-04	0.000000e+00	-3.154423e-04	-3.420737e-01	9.999978e-01	9.992693e-02	1.000000e+00	1.500000e+01
246	-5.966947e-02	0.000000e+00	-5.967088e-02	0.000000e+00	3.628970e-04	0.000000e+00	3.602473e-04	0.000000e+00	9.999978e-01	9.992693e-02	1.000000e+00	1.500000e+01
247	-5.973355e-02	0.000000e+00	-5.973330e-02	0.000000e+00	-6.407342e-05	0.000000e+00	-6.241592e-05	0.000000e+00	9.999978e-01	9.992693e-02	1.000000e+00	1.500000e+01
248	-5.948561e-02	0.000000e+00	-5.948658e-02	0.000000e+00	2.479360e-04	0.000000e+00	2.467237e-04	0.000000e+00	9.999978e-01	9.992693e-02	1.000000e+00	1.500000e+01
249	-5.915162e-02	0.000000e+00	-5.915293e-02	0.000000e+00	3.339918e-04	0.000000e+00	3.336509e-04	0.000000e+00	9.999978e-01	9.992693e-02	1.000000e+00	1.500000e+01
250	-5.876907e-02	0.000000e+00	-5.877057e-02	0.000000e+00	3.825520e-04	0.000000e+00	3.823609e-04	0.000000e+00	9.999978e-01	9.992693e-02	1.000000e+00	1.500000e+01
251	-5.885916e-02	0.000000e+00	-5.885881e-02	0.000000e+00	-9.009302e-05	0.000000e+00	-8.824750e-05	0.000000e+00	9.999978e-01	9.992693e-02	1.000000e+00	1.500000e+01
252	-5.893519e-02	5.640318e-03	-5.893489e-02	0.000000e+00	-7.602969e-05	5.640318e-03	-7.607741e-05	0.000000e+00	9.999978e-01	9.992542e-02	1.000003e+00	1.499977e+01
253	-5.828000e-02	1.769022e-02	-5.828256e-02	1.482028e-01	6.551887e-04	1.204991e-02	6.523322e-04	1.482028e-01	9.999974e-01	9.991851e-02	9.999927e-01	1.499958e+01
254	-5.901385e-02	1.450917e-02	-5.901099e-02	1.176362e+00	-7.338504e-04	-3.181056e-03	-7.284356e-04	1.028159e+00	9.999973e-01	9.991803e-02	9.996174e-01	1.499796e+01
255	-5.948622e-02	0.000000e+00	-5.948436e-02	0.000000e+00	-4.723699e-04	-1.450917e-02	-4.733701e-04	-1.176362e+00	9.999970e-01	9.990804e-02	9.998324e-01	1.500456e+01
256	-5.929907e-02	0.000000e+00	-5.929980e-02	0.000000e+00	1.871471e-04	0.000000e+00	1.845670e-04	0.000000e+00	9.999970e-01	9.990804e-02	1.000000e+00	1.500000e+01
257	-5.924440e-02	0.000000e+00	-5.924462e-02	0.000000e+00	5.467312e-05	0.000000e+00	5.518052e-05	0.000000e+00	9.999970e-01	9.990804e-02	1.000000e+00	1.500000e+01
258	-5.929871e-02	0.000000e+00	-5.929850e-02	0.000000e+00	-5.430732e-05	0.000000e+00	-5.387963e-05	0.000000e+00	9.999970e-01	9.990804e-02	1.000000e+00	1.500000e+01
259	-5.931080e-02	0.000000e+00	-5.931075e-02	1.988322e-01	-1.208880e-05	0.000000e+00	-1.225204e-05	1.988322e-01	9.999970e-01	9.990804e-02	1.000000e+00	1.500000e+01
260	-5.964831e-02	0.000000e+00	-5.964699e-02	7.041529e-01	-3.375155e-04	0.000000e+00	-3.362450e-04	5.053207e-01	9.999970e-01	9.990804e-02	1.000000e+00	1.500000e+01
261	-5.987896e-02	0.000000e+00	-5.987806e-02	0.000000e+00	-2.306531e-04	0.000000e+00	-2.310656e-04	-7.041529e-01	9.999970e-01	9.990804e-02	1.000000e+00	1.500000e+01
262	-5.956152e-02	0.000000e+00	-5.956276e-02	0.000000e+00	3.174459e-04	0.000000e+00	3.153033e-04	0.000000e+00	9.999970e-01	9.990804e-02	1.000000e+00	1.500000e+01
263	-5.923118e-02	0.000000e+00	-5.923247e-02	0.000000e+00	3.303403e-04	0.000000e+00	3.302815e-04	0.000000e+00	9.999970e-01	9.990804e-02	1.000000e+00	1.500000e+01
264	-5.933679e-02	0.000000e+00	-5.933638e-02	0.000000e+00	-1.056137e-04	0.000000e+00	-1.039110e-04	0.000000e+00	9.999970e-01	9.990804e-02	1.000000e+00	1.500000e+01
265	-5.895263e-02	0.000000e+00	-5.895412e-02	0.000000e+00	3.841669e-04	0.000000e+00	3.822604e-04	0.000000e+00	9.999970e-01	9.990804e-02	1.000000e+00	1.500000e+01
266	-5.893656e-02	0.000000e+00	-5.893663e-02	0.000000e+00	1.606561e-05	0.000000e+00	1.749606e-05	0.000000e+00	9.999970e-01	9.990804e-02	1.000000e+00	1.500000e+01
267	-5.903296e-02	0.000000e+00	-5.903258e-02	0.000000e+00	-9.639605e-05	0.000000e+00	-9.595116e-05	0.000000e+00	9.999970e-01	9.990804e-02	1.000000e+00	1.500000e+01
268	-5.904101e-02	0.000000e+00	-5.904097e-02	0.000000e+00	-8.051599e-06	0.000000e+00	-8.394957e-06	0.000000e+00	1.000000e+00	1.000000e-01	1.000000e+00	1.500000e+01
269	-5.901544e-02	0.000000e+00	-5.901554e-02	0.000000e+00	2.556375e-05	0.000000e+00	2.543110e-05	0.000000e+00	1.000000e+00	1.000000e-01	1.000000e+00	1.500000e+01
270	-5.902241e-02	0.000000e+00	-5.902239e-02	0.000000e+00	-6.970816e-06	0.000000e+00	-6.844246e-06	0.000000e+00	1.000000e+00	1.000000e-01	1.000000e+00	1.500000e+01
271	-5.902710e-02	0.000000e+00	-5.902708e-02	0.000000e+00	-4.681874e-06	0.000000e+00	-4.690321e-06	0.000000e+00	1.000000e+00	1.000000e-01	1.000000e+00	1.500000e+01
272	-5.902431e-02	0.000000e+00	-5.902433e-02	0.000000e+00	2.781672e-06	0.000000e+00	2.752484e-06	0.000000e+00	1.000000e+00	1.000000e-01	1.000000e+00	1.500000e+01
273	-5.847684e-02	0.000000e+00	-5.847898e-02	0.000000e+00	5.474717e-04	0.000000e+00	5.453439e-04	0.000000e+00	1.000000e+00	1.000000e-01	1.000000e+00	1.500000e+01
274	-5.840404e-02	3.789218e-04	-5.840433e-02	0.000000e+00	7.280191e-05	3.789218e-04	7.464778e-05	0.000000e+00	1.000000e+00	9.999999e-02	9.999998e-01	1.500000e+01
275	-5.853198e-02	7.180936e-03	-5.853148e-02	0.000000e+00	-1.279405e-04	6.802014e-03	-1.271491e-04	0.000000e+00	1.000000e+00	9.999780e-02	1.000006e+00	1.499967e+01
276	-5.854507e-02	2.040629e-02	-5.854502e-02	0.000000e+00	-1.309226e-05	1.322535e-02	-1.353779e-05	0.000000e+00	1.000000e+00	9.998949e-02	1.000007e+00	1.499842e+01
277	-5.774714e-02	4.005497e-02	-5.775026e-02	2.055804e+00	7.979354e-04	1.964868e-02	7.947656e-04	2.055804e+00	9.999993e-01	9.997113e-02	1.000674e+00	1.501485e+01
278	-5.903440e-02	0.000000e+00	-5.902938e-02	0.000000e+00	-1.287261e-03	-4.005497e-02	-1.279128e-03	-2.055804e+00	9.999969e-01	9.989485e-02	1.001562e+00	1.504247e+01
279	-5.943039e-02	0.000000e+00	-5.942882e-02	0.000000e+00	-3.959884e-04	0.000000e+00	-3.994382e-04	0.000000e+00	9.999969e-01	9.989485e-02	1.000000e+00	1.500000e+01
280	-5.907815e-02	0.000000e+00	-5.907952e-02	0.000000e+00	3.522331e-04	0.000000e+00	3.492969e-04	0.000000e+00	9.999969e-01	9.989485e-02	1.000000e+00	1.500000e+01
281	-5.905992e-02	0.000000e+00	-5.906000e-02	5.382768e-01	1.823545e-05	0.000000e+00	1.952866e-05	5.382768e-01	9.999969e-01	9.989485e-02	1.000000e+00	1.500000e+01
282	-5.919187e-02	0.000000e+00	-5.919136e-02	0.000000e+00	-1.319525e-04	0.000000e+00	-1.313608e-04	-5.382768e-01	9.999969e-01	9.989485e-02	1.000000e+00	1.500000e+01
283	-5.914942e-02	0.000000e+00	-5.914958e-02	1.544288e-01	4.245438e-05	0.000000e+00	4.177542e-05	1.544288e-01	9.999969e-01	9.989485e-02	1.000000e+00	1.500000e+01
284	-5.944306e-02	0.000000e+00	-5.944191e-02	3.475847e-01	-2.936429e-04	0.000000e+00	-2.923326e-04	1.931559e-01	9.999969e-01	9.989485e-02	1.000000e+00	1.500000e+01
285	-5.951959e-02	0.000000e+00	-5.951929e-02	0.000000e+00	-7.652995e-05	0.000000e+00	-7.737293e-05	-3.475847e-01	9.999969e-01	9.989485e-02	1.000000e+00	1.500000e+01
286	-5.973782e-02	0.000000e+00	-5.973696e-02	4.134541e-01	-2.182271e-04	0.000000e+00	-2.176769e-04	4.134541e-01	9.999969e-01	9.989485e-02	1.000000e+00	1.500000e+01
287	-5.971024e-02	0.000000e+00	-5.971035e-02	4.339067e-01	2.757593e-05	0.000000e+00	2.661791e-05	2.045253e-02	9.999969e-01	9.989485e-02	1.000000e+00	1.500000e+01
288	-5.999370e-02	0.000000e+00	-5.999260e-02	0.000000e+00	-2.834613e-04	0.000000e+00	-2.822500e-04	-4.339067e-01	9.999969e-01	9.989485e-02	1.000000e+00	1.500000e+01
289	-6.011947e-02	0.000000e+00	-6.011897e-02	0.000000e+00	-1.257642e-04	0.000000e+00	-1.263754e-04	0.000000e+00	9.999969e-01	9.989485e-02	1.000000e+00	1.500000e+01
290	-6.003155e-02	0.000000e+00	-6.003189e-02	0.000000e+00	8.791684e-05	0.000000e+00	8.707976e-05	0.000000e+00	9.999969e-01	9.989485e-02	1.000000e+00	1.500000e+01
291	-5.989856e-02	0.000000e+00	-5.989909e-02	0.000000e+00	1.329849e-04	0.000000e+00	1.328056e-04	0.000000e+00	9.999969e-01	9.989485e-02	1.000000e+00	1.500000e+01
292	-6.009422e-02	0.000000e+00	-6.009346e-02	0.000000e+00	-1.956555e-04	0.000000e+00	-1.943724e-04	0.000000e+00	9.999969e-01	9.989485e-02	1.000000e+00	1.500000e+01
293	-6.008222e-02	0.000000e+00	-6.008226e-02	0.000000e+00	1.200018e-05	0.000000e+00	1.119403e-05	0.000000e+00	9.999969e-01	9.989485e-02	1.000000e+00	1.500000e+01
294	-6.003739e-02	0.000000e+00	-6.003757e-02	0.000000e+00	4.482650e-05	0.000000e+00	4.469512e-05	0.000000e+00	9.999969e-01	9.989485e-02	1.000000e+00	1.500000e+01
295	-6.005869e-02	0.000000e+00	-6.005860e-02	0.000000e+00	-2.129158e-05	0.000000e+00	-2.103382e-05	0.000000e+00	9.999969e-01	9.989485e-02	1.000000e+00	1.500000e+01
296	-5.995753e-02	0.000000e+00	-5.995793e-02	0.000000e+00	1.011524e-04	0.000000e+00	1.006751e-04	0.000000e+00	9.999969e-01	9.989485e-02	1.000000e+00	1.500000e+01
297	-5.995259e-02	0.000000e+00	-5.995261e-02	0.000000e+00	4.944427e-06	0.000000e+00	5.318375e-06	0.000000e+00	1.000000e+00	1.000000e-01	1.000000e+00	1.500000e+01
298	-6.014668e-02	0.000000e+00	-6.014592e-02	9.872719e-01	-1.940876e-04	0.000000e+00	-1.933086e-04	9.872719e-01	1.000000e+00	1.000000e-01	1.000000e+00	1.500000e+01
299	-6.015034e-02	0.000000e+00	-6.015033e-02	0.000000e+00	-3.667306e-06	0.000000e+00	-4.408092e-06	-9.872719e-01	1.000000e+00	1.000000e-01	1.000002e+00	1.500000e+01
300	-6.004711e-02	0.000000e+00	-6.004752e-02	0.000000e+00	1.032292e-04	0.000000e+00	1.028087e-04	0.000000e+00	1.000000e+00	1.000000e-01	1.000000e+00	1.500000e+01
301	-5.997997e-02	0.000000e+00	-5.998023e-02	0.000000e+00	6.714561e-05	0.000000e+00	6.728492e-05	0.000000e+00	1.000000e+00	1.000000e-01	1.000000e+00	1.500000e+01
302	-6.000523e-02	0.000000e+00	-6.000513e-02	0.000000e+00	-2.526028e-05	0.000000e+00	-2.489878e-05	0.000000e+00	1.000000e+00	1.000000e-01	1.000000e+00	1.500000e+01
303	-5.993346e-02	0.000000e+00	-5.993374e-02	0.000000e+00	7.177344e-05	0.000000e+00	7.139581e-05	0.000000e+00	1.000000e+00	1.000000e-01	1.000000e+00	1.500000e+01
304	-5.992562e-02	0.000000e+00	-5.992565e-02	0.000000e+00	7.832820e-06	0.000000e+00	8.081113e-06	0.000000e+00	1.000000e+00	1.000000e-01	1.000000e+00	1.500000e+01
305	-5.994492e-02	0.000000e+00	-5.994484e-02	0.000000e+00	-1.929378e-05	0.000000e+00	-1.918685e-05	0.000000e+00	1.000000e+00	1.000000e-01	1.000000e+00	1.500000e+01
306	-5.990439e-02	0.000000e+00	-5.990455e-02	0.000000e+00	4.052296e-05	0.000000e+00	4.028972e-05	0.000000e+00	1.000000e+00	1.000000e-01	1.000000e+00	1.500000e+01
307	-5.989512e-02	0.000000e+00	-5.989515e-02	0.000000e+00	9.275433e-06	0.000000e+00	9.396583e-06	0.000000e+00	1.000000e+00	1.000000e-01	1.000000e+00	1.500000e+01
308	-5.990490e-02	0.000000e+00	-5.990486e-02	0.000000e+00	-9.780370e-06	0.000000e+00	-9.705460e-06	0.000000e+00	1.000000e+00	1.000000e-01	1.000000e+00	1.500000e+01
309	-5.990824e-02	0.000000e+00	-5.990823e-02	0.000000e+00	-3.343066e-06	0.000000e+00	-3.367919e-06	0.000000e+00	1.000000e+00	1.000000e-01	1.000000e+00	1.500000e+01
310	-5.996793e-02	0.000000e+00	-5.996770e-02	0.000000e+00	-5.969012e-05	0.000000e+00	-5.947011e-05	0.000000e+00	1.000000e+00	1.000000e-01	1.000000e+00	1.500000e+01
311	-5.999549e-02	0.000000e+00	-5.999538e-02	5.145107e-01	-2.756130e-05	0.000000e+00	-2.768595e-05	5.145107e-01	1.000000e+00	1.000000e-01	1.000000e+00	1.500000e+01
312	-5.950253e-02	0.000000e+00	-5.950445e-02	0.000000e+00	4.929662e-04	0.000000e+00	4.909324e-04	-5.145107e-01	1.000000e+00	1.000000e-01	1.000000e+00	1.500000e+01
313	-5.978087e-02	0.000000e+00	-5.977979e-02	2.976958e-01	-2.783444e-04	0.000000e+00	-2.753394e-04	2.976958e-01	1.000000e+00	1.000000e-01	1.000000e+00	1.500000e+01
314	-5.954697e-02	0.000000e+00	-5.954787e-02	0.000000e+00	2.339057e-04	0.000000e+00	2.319165e-04	-2.976958e-01	1.000000e+00	1.000000e-01	1.000000e+00	1.500000e+01
315	-5.995690e-02	0.000000e+00	-5.995530e-02	0.000000e+00	-4.099303e-04	0.000000e+00	-4.074231e-04	0.000000e+00	1.000000e+00	1.000000e-01	1.000000e+00	1.500000e+01
316	-6.007870e-02	0.000000e+00	-6.007822e-02	0.000000e+00	-1.218089e-04	0.000000e+00	-1.229246e-04	0.000000e+00	1.000000e+00	1.000000e-01	1.000000e+00	1.500000e+01
317	-5.996071e-02	0.000000e+00	-5.996117e-02	2.684292e-01	1.179916e-04	0.000000e+00	1.170505e-04	2.684292e-01	1.000000e+00	1.000000e-01	1.000000e+00	1.500000e+01
318	-5.944901e-02	0.000000e+00	-5.945101e-02	0.000000e+00	5.117008e-04	0.000000e+00	5.101592e-04	-2.684292e-01	1.000000e+00	1.000000e-01	1.000000e+00	1.500000e+01
319	-6.025538e-02	0.000000e+00	-6.025224e-02	0.000000e+00	-8.063721e-04	0.000000e+00	-8.012294e-04	0.000000e+00	1.000000e+00	1.000000e-01	1.000000e+00	1.500000e+01
320	-6.012884e-02	0.000000e+00	-6.012932e-02	2.675255e-01	1.265468e-04	0.000000e+00	1.229227e-04	2.675255e-01	1.000000e+00	1.000000e-01	1.000000e+00	1.500000e+01
321	-5.964854e-02	0.000000e+00	-5.965042e-02	0.000000e+00	4.802971e-04	0.000000e+00	4.789011e-04	-2.675255e-01	1.000000e+00	1.000000e-01	1.000000e+00	1.500000e+01
322	-6.005091e-02	0.000000e+00	-6.004935e-02	0.000000e+00	-4.023732e-04	0.000000e+00	-3.989307e-04	0.000000e+00	1.000000e+00	1.000000e-01	1.000000e+00	1.500000e+01
323	-6.016252e-02	0.000000e+00	-6.016207e-02	0.000000e+00	-1.116014e-04	0.000000e+00	-1.127238e-04	0.000000e+00	1.000000e+00	1.000000e-01	1.000000e+00	1.500000e+01
324	-6.005292e-02	0.000000e+00	-6.005335e-02	2.257606e-01	1.095944e-04	0.000000e+00	1.087260e-04	2.257606e-01	1.000000e+00	1.000000e-01	1.000000e+00	1.500000e+01
325	-5.965307e-02	0.000000e+00	-5.965464e-02	0.000000e+00	3.998488e-04	0.000000e+00	3.987116e-04	-2.257606e-01	1.000000e+00	1.000000e-01	1.000000e+00	1.500000e+01
326	-6.014574e-02	0.000000e+00	-6.014383e-02	7.062156e-02	-4.926725e-04	0.000000e+00	-4.891905e-04	7.062156e-02	1.000000e+00	1.000000e-01	1.000000e+00	1.500000e+01
327	-5.978913e-02	0.000000e+00	-5.979051e-02	6.153160e-02	3.566158e-04	0.000000e+00	3.533119e-04	-9.089958e-03	1.000000e+00	1.000000e-01	1.000000e+00	1.500000e+01
328	-5.975539e-02	0.000000e+00	-5.975552e-02	0.000000e+00	3.374088e-05	0.000000e+00	3.498921e-05	-6.153160e-02	1.000000e+00	1.000000e-01	1.000000e+00	1.500000e+01
329	-6.015086e-02	0.000000e+00	-6.014932e-02	0.000000e+00	-3.954737e-04	0.000000e+00	-3.937922e-04	0.000000e+00	1.000000e+00	1.000000e-01	1.000000e+00	1.500000e+01
330	-6.004119e-02	0.000000e+00	-6.004162e-02	1.166462e-02	1.096677e-04	0.000000e+00	1.077011e-04	1.166462e-02	1.000000e+00	1.000000e-01	1.000000e+00	1.500000e+01
331	-5.963419e-02	2.796197e-03	-5.963579e-02	6.097932e-01	4.069990e-04	2.796197e-03	4.058299e-04	5.981286e-01	9.999999e-01	9.999963e-02	1.000107e+00	1.500074e+01
332	-5.963540e-02	0.000000e+00	-5.963540e-02	3.900779e-01	-1.201333e-06	-2.796197e-03	3.886330e-07	-2.197153e-01	1.000000e+00	1.000000e-01	1.000108e+00	1.500097e+01
333	-5.989623e-02	0.000000e+00	-5.989522e-02	2.823320e-01	-2.608390e-04	0.000000e+00	-2.598186e-04	-1.077459e-01	1.000000e+00	1.000000e-01	1.000000e+00	1.500000e+01
334	-6.008753e-02	0.000000e+00	-6.008678e-02	0.000000e+00	-1.912914e-04	0.000000e+00	-1.915590e-04	-2.823320e-01	1.000000e+00	1.000000e-01	1.000000e+00	1.500000e+01
335	-6.065142e-02	0.000000e+00	-6.064922e-02	0.000000e+00	-5.638947e-04	0.000000e+00	-5.624402e-04	0.000000e+00	1.000000e+00	1.000000e-01	1.000000e+00	1.500000e+01
336	-6.045866e-02	0.000000e+00	-6.045940e-02	0.000000e+00	1.927648e-04	0.000000e+00	1.898148e-04	0.000000e+00	1.000000e+00	1.000000e-01	1.000000e+00	1.500000e+01
337	-6.036808e-02	0.000000e+00	-6.036844e-02	5.140689e-02	9.057460e-05	0.000000e+00	9.096225e-05	5.140689e-02	1.000000e+00	1.000000e-01	1.000000e+00	1.500000e+01
338	-5.996302e-02	0.000000e+00	-5.996461e-02	3.164812e-01	4.050567e-04	0.000000e+00	4.038298e-04	2.650743e-01	1.000000e+00	1.000000e-01	1.000000e+00	1.500000e+01
339	-6.003483e-02	0.000000e+00	-6.003455e-02	0.000000e+00	-7.180227e-05	0.000000e+00	-6.994433e-05	-3.164812e-01	1.000000e+00	1.000000e-01	1.000000e+00	1.500000e+01
340	-6.072217e-02	0.000000e+00	-6.071949e-02	0.000000e+00	-6.873478e-04	0.000000e+00	-6.849360e-04	0.000000e+00	1.000000e+00	1.000000e-01	1.000000e+00	1.500000e+01
341	-6.071919e-02	0.000000e+00	-6.071919e-02	0.000000e+00	2.985362e-06	0.000000e+00	2.981692e-07	0.000000e+00	1.000000e+00	1.000000e-01	1.000000e+00	1.500000e+01
342	-6.054794e-02	0.000000e+00	-6.054861e-02	0.000000e+00	1.712471e-04	0.000000e+00	1.705793e-04	0.000000e+00	1.000000e+00	1.000000e-01	1.000000e+00	1.500000e+01
343	-6.055654e-02	0.000000e+00	-6.055651e-02	0.000000e+00	-8.600522e-06	0.000000e+00	-7.900601e-06	0.000000e+00	1.000000e+00	1.000000e-01	1.000000e+00	1.500000e+01
344	-6.059643e-02	0.000000e+00	-6.059628e-02	0.000000e+00	-3.988989e-05	0.000000e+00	-3.976494e-05	0.000000e+00	1.000000e+00	1.000000e-01	1.000000e+00	1.500000e+01
345	-6.080999e-02	0.000000e+00	-6.080915e-02	4.880605e-02	-2.135539e-04	0.000000e+00	-2.128750e-04	4.880605e-02	1.000000e+00	1.000000e-01	1.000000e+00	1.500000e+01
346	-5.989943e-02	0.000000e+00	-5.990299e-02	0.000000e+00	9.105538e-04	0.000000e+00	9.061654e-04	-4.880605e-02	1.000000e+00	1.000000e-01	1.000000e+00	1.500000e+01
347	-6.064285e-02	0.000000e+00	-6.063996e-02	0.000000e+00	-7.434129e-04	0.000000e+00	-7.369692e-04	0.000000e+00	1.000000e+00	1.000000e-01	1.000000e+00	1.500000e+01
348	-6.081319e-02	1.092370e-03	-6.081251e-02	0.000000e+00	-1.703404e-04	1.092370e-03	-1.725538e-04	0.000000e+00	1.000000e+00	9.999994e-02	1.000001e+00	1.499999e+01
349	-6.100698e-02	8.637356e-03	-6.100622e-02	0.000000e+00	-1.937913e-04	7.544987e-03	-1.937084e-04	0.000000e+00	1.000000e+00	9.999724e-02	1.000012e+00	1.499959e+01
350	-6.159217e-02	2.263500e-02	-6.158988e-02	0.000000e+00	-5.851886e-04	1.399764e-02	-5.836594e-04	0.000000e+00	1.000000e+00	9.998794e-02	1.000070e+00	1.499819e+01
351	-6.150540e-02	4.308514e-02	-6.150573e-02	0.000000e+00	8.676321e-05	2.045014e-02	8.414437e-05	0.000000e+00	1.000000e+00	9.996806e-02	1.000057e+00	1.499522e+01
352	-6.138098e-02	6.998735e-02	-6.138147e-02	6.693537e-01	1.244206e-04	2.690222e-02	1.242632e-04	6.693537e-01	1.000000e+00	9.993370e-02	1.000073e+00	1.499861e+01
353	-5.971124e-02	4.959790e-03	-5.971776e-02	5.654207e-01	1.669745e-03	-6.502756e-02	1.663708e-03	-1.039330e-01	1.000005e+00	9.973359e-02	1.000761e+00	1.497180e+01
354	-5.955581e-02	0.000000e+00	-5.955645e-02	0.000000e+00	1.554227e-04	-4.959790e-03	1.613145e-04	-5.654207e-01	1.000005e+00	9.973241e-02	1.000725e+00	1.497296e+01
355	-6.201062e-02	0.000000e+00	-6.200103e-02	0.000000e+00	-2.454805e-03	0.000000e+00	-2.444585e-03	0.000000e+00	1.000005e+00	9.973241e-02	1.000000e+00	1.500000e+01
356	-6.108671e-02	0.000000e+00	-6.109029e-02	1.596334e-03	9.239053e-04	0.000000e+00	9.107471e-04	1.596334e-03	1.000005e+00	9.973241e-02	1.000000e+00	1.500000e+01
357	-5.943306e-02	0.000000e+00	-5.943954e-02	0.000000e+00	1.653649e-03	0.000000e+00	1.650747e-03	-1.596334e-03	1.000005e+00	9.973241e-02	1.000000e+00	1.500000e+01
358	-6.157632e-02	0.000000e+00	-6.156797e-02	5.403746e-01	-2.143254e-03	0.000000e+00	-2.128433e-03	5.403746e-01	1.000005e+00	9.973241e-02	1.000000e+00	1.500000e+01
359	-6.033712e-02	0.000000e+00	-6.034193e-02	0.000000e+00	1.239194e-03	0.000000e+00	1.226039e-03	-5.403746e-01	1.000005e+00	9.973241e-02	1.000000e+00	1.500000e+01
360	-6.057450e-02	0.000000e+00	-6.057359e-02	0.000000e+00	-2.373741e-04	0.000000e+00	-2.316576e-04	0.000000e+00	1.000005e+00	9.973241e-02	1.000000e+00	1.500000e+01
361	-6.083643e-02	0.000000e+00	-6.083541e-02	0.000000e+00	-2.619363e-04	0.000000e+00	-2.618181e-04	0.000000e+00	1.000005e+00	9.973241e-02	1.000000e+00	1.500000e+01
362	-6.071298e-02	0.000000e+00	-6.071345e-02	2.801769e-02	1.234583e-04	0.000000e+00	1.219533e-04	2.801769e-02	1.000005e+00	9.973241e-02	1.000000e+00	1.500000e+01
363	-5.981144e-02	0.000000e+00	-5.981497e-02	1.244458e-01	9.015310e-04	0.000000e+00	8.984858e-04	9.642812e-02	1.000005e+00	9.973241e-02	1.000000e+00	1.500000e+01
364	-5.964014e-02	0.000000e+00	-5.964083e-02	0.000000e+00	1.713022e-04	0.000000e+00	1.741428e-04	-1.244458e-01	1.000005e+00	9.973241e-02	1.000000e+00	1.500000e+01
365	-6.126695e-02	0.000000e+00	-6.126060e-02	0.000000e+00	-1.626809e-03	0.000000e+00	-1.619774e-03	0.000000e+00	1.000005e+00	9.973241e-02	1.000000e+00	1.500000e+01
366	-6.066866e-02	0.000000e+00	-6.067098e-02	0.000000e+00	5.982881e-04	0.000000e+00	5.896238e-04	0.000000e+00	1.000005e+00	9.973241e-02	1.000000e+00	1.500000e+01
367	-6.084054e-02	0.000000e+00	-6.083988e-02	0.000000e+00	-1.718804e-04	0.000000e+00	-1.689057e-04	0.000000e+00	1.000005e+00	9.973241e-02	1.000000e+00	1.500000e+01
368	-6.095249e-02	2.556689e-03	-6.095205e-02	0.000000e+00	-1.119439e-04	2.556689e-03	-1.121664e-04	0.000000e+00	1.000005e+00	9.973210e-02	1.000002e+00	1.499995e+01
369	-6.087407e-02	1.156914e-02	-6.087438e-02	1.127713e+00	7.841397e-05	9.012451e-03	7.766952e-05	1.127713e+00	1.000005e+00	9.972825e-02	1.000039e+00	1.500420e+01
370	-6.008397e-02	0.000000e+00	-6.008706e-02	0.000000e+00	7.901025e-04	-1.156914e-02	7.873195e-04	-1.127713e+00	1.000006e+00	9.972192e-02	9.996806e-01	1.500945e+01
371	-6.080489e-02	0.000000e+00	-6.080209e-02	0.000000e+00	-7.209185e-04	0.000000e+00	-7.150269e-04	0.000000e+00	1.000006e+00	9.972192e-02	1.000000e+00	1.500000e+01
372	-6.077962e-02	0.000000e+00	-6.077971e-02	0.000000e+00	2.527206e-05	0.000000e+00	2.238026e-05	0.000000e+00	1.000006e+00	9.972192e-02	1.000000e+00	1.500000e+01
373	-6.095841e-02	0.000000e+00	-6.095771e-02	9.796080e-02	-1.787954e-04	0.000000e+00	-1.780096e-04	9.796080e-02	1.000006e+00	9.972192e-02	1.000000e+00	1.500000e+01
374	-5.990192e-02	0.000000e+00	-5.990604e-02	0.000000e+00	1.056495e-03	0.000000e+00	1.051673e-03	-9.796080e-02	1.000006e+00	9.972192e-02	1.000000e+00	1.500000e+01
375	-6.104485e-02	0.000000e+00	-6.104040e-02	2.854868e-01	-1.142933e-03	0.000000e+00	-1.134360e-03	2.854868e-01	1.000006e+00	9.972192e-02	1.000000e+00	1.500000e+01
376	-6.016801e-02	0.000000e+00	-6.017142e-02	0.000000e+00	8.768403e-04	0.000000e+00	8.689840e-04	-2.854868e-01	1.000006e+00	9.972192e-02	1.000000e+00	1.500000e+01
377	-6.065450e-02	0.000000e+00	-6.065261e-02	0.000000e+00	-4.864860e-04	0.000000e+00	-4.811912e-04	0.000000e+00	1.000006e+00	9.972192e-02	1.000000e+00	1.500000e+01
378	-6.093175e-02	0.000000e+00	-6.093066e-02	1.659552e+00	-2.772567e-04	0.000000e+00	-2.780533e-04	1.659552e+00	1.000006e+00	9.972192e-02	1.000000e+00	1.500000e+01
379	-6.011951e-02	0.000000e+00	-6.012268e-02	0.000000e+00	8.122391e-04	0.000000e+00	8.079802e-04	-1.659552e+00	1.000006e+00	9.972192e-02	1.000000e+00	1.500000e+01
380	-6.003746e-02	0.000000e+00	-6.003780e-02	0.000000e+00	8.205166e-05	0.000000e+00	8.488732e-05	0.000000e+00	1.000006e+00	9.972192e-02	1.000000e+00	1.500000e+01
381	-6.025009e-02	0.000000e+00	-6.024926e-02	3.458646e-02	-2.126269e-04	0.000000e+00	-2.114648e-04	3.458646e-02	1.000006e+00	9.972192e-02	1.000000e+00	1.500000e+01
382	-6.028905e-02	0.000000e+00	-6.028889e-02	0.000000e+00	-3.896042e-05	0.000000e+00	-3.963427e-05	-3.458646e-02	1.000006e+00	9.972192e-02	1.000000e+00	1.500000e+01
383	-6.025629e-02	0.000000e+00	-6.025642e-02	0.000000e+00	3.275549e-05	0.000000e+00	3.247272e-05	0.000000e+00	1.000006e+00	9.972192e-02	1.000000e+00	1.500000e+01
384	-6.024456e-02	0.000000e+00	-6.024461e-02	4.908413e-03	1.173455e-05	0.000000e+00	1.181556e-05	4.908413e-03	1.000006e+00	9.972192e-02	1.000000e+00	1.500000e+01
385	-6.017451e-02	0.000000e+00	-6.017479e-02	0.000000e+00	7.004510e-05	0.000000e+00	6.981764e-05	-4.908413e-03	1.000006e+00	9.972192e-02	1.000000e+00	1.500000e+01
386	-6.025681e-02	0.000000e+00	-6.025649e-02	0.000000e+00	-8.229371e-05	0.000000e+00	-8.169953e-05	0.000000e+00	1.000006e+00	9.972192e-02	1.000000e+00	1.500000e+01
387	-6.025220e-02	0.000000e+00	-6.025222e-02	0.000000e+00	4.605612e-06	0.000000e+00	4.268482e-06	0.000000e+00	1.000000e+00	1.000000e-01	1.000000e+00	1.500000e+01
388	-6.018966e-02	0.000000e+00	-6.018991e-02	0.000000e+00	6.254173e-05	0.000000e+00	6.231410e-05	0.000000e+00	1.000000e+00	1.000000e-01	1.000000e+00	1.500000e+01
389	-6.014867e-02	0.000000e+00	-6.014884e-02	4.793825e-01	4.098599e-05	0.000000e+00	4.106930e-05	4.793825e-01	1.000000e+00	1.000000e-01	1.000000e+00	1.500000e+01
390	-6.009933e-02	0.000000e+00	-6.009953e-02	5.377968e-01	4.934294e-05	0.000000e+00	4.931062e-05	5.841426e-02	1.000000e+00	1.000000e-01	1.000000e+00	1.500000e+01
391	-6.019119e-02	0.000000e+00	-6.019083e-02	0.000000e+00	-9.185587e-05	0.000000e+00	-9.130444e-05	-5.377968e-01	1.000000e+00	1.000000e-01	1.000000e+00	1.500000e+01
392	-6.030067e-02	0.000000e+00	-6.030024e-02	0.000000e+00	-1.094787e-04	0.000000e+00	-1.094077e-04	0.000000e+00	1.000000e+00	1.000000e-01	1.000000e+00	1.500000e+01
393	-6.031411e-02	0.000000e+00	-6.031405e-02	0.000000e+00	-1.344239e-05	0.000000e+00	-1.381725e-05	0.000000e+00	1.000000e+00	1.000000e-01	1.000000e+00	1.500000e+01
394	-6.028155e-02	0.000000e+00	-6.028167e-02	3.600051e-01	3.256136e-05	0.000000e+00	3.238020e-05	3.600051e-01	1.000000e+00	1.000000e-01	1.000000e+00	1.500000e+01
395	-6.017807e-02	0.000000e+00	-6.017848e-02	0.000000e+00	1.034737e-04	0.000000e+00	1.031959e-04	-3.600051e-01	1.000000e+00	1.000000e-01	1.000000e+00	1.500000e+01
396	-6.028477e-02	0.000000e+00	-6.028436e-02	2.854089e-02	-1.066985e-04	0.000000e+00	-1.058786e-04	2.854089e-02	1.000000e+00	1.000000e-01	1.000000e+00	1.500000e+01
397	-6.026278e-02	0.000000e+00	-6.026287e-02	0.000000e+00	2.199087e-05	0.000000e+00	2.149138e-05	-2.854089e-02	1.000000e+00	1.000000e-01	1.000000e+00	1.500000e+01
398	-6.033777e-02	0.000000e+00	-6.033748e-02	0.000000e+00	-7.498922e-05	0.000000e+00	-7.461234e-05	0.000000e+00	1.000000e+00	1.000000e-01	1.000000e+00	1.500000e+01
399	-6.031055e-02	0.000000e+00	-6.031066e-02	0.000000e+00	2.721760e-05	0.000000e+00	2.681983e-05	0.000000e+00	1.000000e+00	1.000000e-01	1.000000e+00	1.500000e+01
400	-6.028920e-02	0.000000e+00	-6.028928e-02	0.000000e+00	2.135575e-05	0.000000e+00	2.137709e-05	0.000000e+00	1.000000e+00	1.000000e-01	1.000000e+00	1.500000e+01
401	-6.032172e-02	0.000000e+00	-6.032159e-02	0.000000e+00	-3.252233e-05	0.000000e+00	-3.231178e-05	0.000000e+00	1.000000e+00	1.000000e-01	1.000000e+00	1.500000e+01
402	-6.030133e-02	0.000000e+00	-6.030141e-02	0.000000e+00	2.038478e-05	0.000000e+00	2.017893e-05	0.000000e+00	1.000000e+00	1.000000e-01	1.000000e+00	1.500000e+01
403	-6.028341e-02	0.000000e+00	-6.028348e-02	0.000000e+00	1.792467e-05	0.000000e+00	1.793348e-05	0.000000e+00	1.000000e+00	1.000000e-01	1.000000e+00	1.500000e+01
404	-6.028581e-02	1.530341e-04	-6.028580e-02	2.030312e-01	-2.397088e-06	1.530341e-04	-2.317672e-06	2.030312e-01	1.000000e+00	1.000000e-01	9.999998e-01	1.500001e+01
405	-6.018364e-02	0.000000e+00	-6.018404e-02	0.000000e+00	1.021684e-04	-1.530341e-04	1.017602e-04	-2.030312e-01	1.000000e+00	1.000000e-01	9.999900e-01	1.500003e+01
406	-6.035276e-02	0.000000e+00	-6.035210e-02	0.000000e+00	-1.691215e-04	0.000000e+00	-1.680634e-04	0.000000e+00	1.000000e+00	1.000000e-01	1.000000e+00	1.500000e+01
407	-6.031856e-02	6.092571e-03	-6.031870e-02	0.000000e+00	3.419621e-05	6.092571e-03	3.340613e-05	0.000000e+00	1.000000e+00	9.999823e-02	9.999985e-01	1.499974e+01
408	-6.028798e-02	1.865006e-02	-6.028810e-02	0.000000e+00	3.058015e-05	1.255748e-02	3.059119e-05	0.000000e+00	1.000000e+00	9.999074e-02	9.999958e-01	1.499861e+01
409	-6.030275e-02	3.767233e-02	-6.030269e-02	1.130817e+00	-1.476207e-05	1.902228e-02	-1.458491e-05	1.130817e+00	1.000000e+00	9.997356e-02	9.999899e-01	1.500625e+01
410	-6.015005e-02	0.000000e+00	-6.015065e-02	0.000000e+00	1.526920e-04	-3.767233e-02	1.520386e-04	-1.130817e+00	1.000000e+00	9.990623e-02	9.999489e-01	1.501636e+01
411	-6.022438e-02	0.000000e+00	-6.022409e-02	0.000000e+00	-7.432800e-05	0.000000e+00	-7.344376e-05	0.000000e+00	1.000000e+00	9.990623e-02	1.000000e+00	1.500000e+01
412	-6.026151e-02	0.000000e+00	-6.026136e-02	0.000000e+00	-3.712405e-05	0.000000e+00	-3.726593e-05	0.000000e+00	1.000000e+00	9.990623e-02	1.000000e+00	1.500000e+01
413	-6.023896e-02	0.000000e+00	-6.023905e-02	0.000000e+00	2.254467e-05	0.000000e+00	2.231104e-05	0.000000e+00	1.000000e+00	9.990623e-02	1.000000e+00	1.500000e+01
414	-6.023880e-02	0.000000e+00	-6.023880e-02	1.534815e+00	1.621756e-07	0.000000e+00	2.486946e-07	1.534815e+00	1.000000e+00	1.000000e-01	1.000000e+00	1.500000e+01
415	-6.015746e-02	0.000000e+00	-6.015778e-02	0.000000e+00	8.134104e-05	0.000000e+00	8.102427e-05	-1.534815e+00	1.000000e+00	1.000000e-01	1.000000e+00	1.500000e+01
416	-6.036342e-02	0.000000e+00	-6.036262e-02	0.000000e+00	-2.059638e-04	0.000000e+00	-2.048428e-04	0.000000e+00	1.000000e+00	1.000000e-01	1.000000e+00	1.500000e+01
417	-6.031553e-02	0.000000e+00	-6.031571e-02	0.000000e+00	4.789593e-05	0.000000e+00	4.690867e-05	0.000000e+00	1.000000e+00	1.000000e-01	1.000000e+00	1.500000e+01
418	-6.027548e-02	0.000000e+00	-6.027564e-02	0.000000e+00	4.004163e-05	0.000000e+00	4.006845e-05	0.000000e+00	1.000000e+00	1.000000e-01	1.000000e+00	1.500000e+01
419	-6.027446e-02	0.000000e+00	-6.027446e-02	0.000000e+00	1.026950e-06	0.000000e+00	1.179456e-06	0.000000e+00	1.000000e+00	1.000000e-01	1.000000e+00	1.500000e+01
420	-6.028441e-02	0.000000e+00	-6.028437e-02	0.000000e+00	-9.956100e-06	0.000000e+00	-9.912602e-06	0.000000e+00	1.000000e+00	1.000000e-01	1.000000e+00	1.500000e+01
421	-6.028421e-02	0.000000e+00	-6.028421e-02	0.000000e+00	2.040725e-07	0.000000e+00	1.645542e-07	0.000000e+00	1.000000e+00	1.000000e-01	1.000000e+00	1.500000e+01
422	-6.028172e-02	0.000000e+00	-6.028173e-02	9.386580e-02	2.491679e-06	0.000000e+00	2.482589e-06	9.386580e-02	1.000000e+00	1.000000e-01	1.000000e+00	1.500000e+01
423	-6.017925e-02	0.000000e+00	-6.017965e-02	3.017637e-01	1.024637e-04	0.000000e+00	1.020732e-04	2.078979e-01	1.000000e+00	1.000000e-01	1.000000e+00	1.500000e+01
424	-6.016308e-02	0.000000e+00	-6.016314e-02	0.000000e+00	1.617392e-05	0.000000e+00	1.650946e-05	-3.017637e-01	1.000000e+00	1.000000e-01	1.000000e+00	1.500000e+01
425	-6.035624e-02	0.000000e+00	-6.035548e-02	1.160678e+00	-1.931590e-04	0.000000e+00	-1.923399e-04	1.160678e+00	1.000000e+00	1.000000e-01	1.000000e+00	1.500000e+01
426	-6.030347e-02	0.000000e+00	-6.030367e-02	0.000000e+00	5.277043e-05	0.000000e+00	5.181297e-05	-1.160678e+00	1.000000e+00	1.000000e-01	1.000000e+00	1.500000e+01
427	-6.031695e-02	0.000000e+00	-6.031690e-02	0.000000e+00	-1.348295e-05	0.000000e+00	-1.322788e-05	0.000000e+00	1.000000e+00	1.000000e-01	1.000000e+00	1.500000e+01
428	-6.032825e-02	0.000000e+00	-6.032821e-02	0.000000e+00	-1.130019e-05	0.000000e+00	-1.130772e-05	0.000000e+00	1.000000e+00	1.000000e-01	1.000000e+00	1.500000e+01
429	-6.031661e-02	0.000000e+00	-6.031665e-02	0.000000e+00	1.164514e-05	0.000000e+00	1.155548e-05	0.000000e+00	1.000000e+00	1.000000e-01	1.000000e+00	1.500000e+01
430	-6.031349e-02	0.000000e+00	-6.031350e-02	2.273065e-01	3.114487e-06	0.000000e+00	3.147460e-06	2.273065e-01	1.000000e+00	1.000000e-01	1.000000e+00	1.500000e+01
431	-6.027355e-02	0.000000e+00	-6.027371e-02	0.000000e+00	3.993729e-05	0.000000e+00	3.979358e-05	-2.273065e-01	1.000000e+00	1.000000e-01	1.000000e+00	1.500000e+01
432	-6.035024e-02	0.000000e+00	-6.034994e-02	0.000000e+00	-7.668209e-05	0.000000e+00	-7.622711e-05	0.000000e+00	1.000000e+00	1.000000e-01	1.000000e+00	1.500000e+01
433	-6.034674e-02	0.000000e+00	-6.034675e-02	0.000000e+00	3.501295e-06	0.000000e+00	3.189856e-06	0.000000e+00	1.000000e+00	1.000000e-01	1.000000e+00	1.500000e+01
434	-6.034812e-02	0.000000e+00	-6.034811e-02	0.000000e+00	-1.381579e-06	0.000000e+00	-1.363722e-06	0.000000e+00	1.000000e+00	1.000000e-01	1.000000e+00	1.500000e+01
435	-6.034887e-02	0.000000e+00	-6.034886e-02	0.000000e+00	-7.478561e-07	0.000000e+00	-7.502619e-07	0.000000e+00	1.000000e+00	1.000000e-01	1.000000e+00	1.500000e+01
436	-6.032788e-02	0.000000e+00	-6.032796e-02	0.000000e+00	2.098900e-05	0.000000e+00	2.090408e-05	0.000000e+00	1.000000e+00	1.000000e-01	1.000000e+00	1.500000e+01
437	-6.033347e-02	0.000000e+00	-6.033345e-02	0.000000e+00	-5.595658e-06	0.000000e+00	-5.492144e-06	0.000000e+00	1.000000e+00	1.000000e-01	1.000000e+00	1.500000e+01
438	-6.034922e-02	0.000000e+00	-6.034916e-02	0.000000e+00	-1.575172e-05	0.000000e+00	-1.571164e-05	0.000000e+00	1.000000e+00	1.000000e-01	1.000000e+00	1.500000e+01
439	-6.034995e-02	0.000000e+00	-6.034994e-02	0.000000e+00	-7.235924e-07	0.000000e+00	-7.821395e-07	0.000000e+00	1.000000e+00	1.000000e-01	1.000000e+00	1.500000e+01
440	-6.035307e-02	0.000000e+00	-6.035306e-02	0.000000e+00	-3.121274e-06	0.000000e+00	-3.112137e-06	0.000000e+00	1.000000e+00	1.000000e-01	1.000000e+00	1.500000e+01
441	-6.035328e-02	0.000000e+00	-6.035328e-02	0.000000e+00	-2.142706e-07	0.000000e+00	-2.255904e-07	0.000000e+00	1.000000e+00	1.000000e-01	1.000000e+00	1.500000e+01
442	-6.035253e-02	0.000000e+00	-6.035253e-02	0.000000e+00	7.556625e-07	0.000000e+00	7.518295e-07	0.000000e+00	1.000000e+00	1.000000e-01	1.000000e+00	1.500000e+01
443	-6.035247e-02	0.000000e+00	-6.035247e-02	0.000000e+00	5.804765e-08	0.000000e+00	6.075773e-08	0.000000e+00	1.000000e+00	1.000000e-01	1.000000e+00	1.500000e+01
444	-6.035937e-02	0.000000e+00	-6.035934e-02	5.356213e-01	-6.899632e-06	0.000000e+00	-6.872443e-06	5.356213e-01	1.000000e+00	1.000000e-01	9.999982e-01	1.500000e+01
445	-6.025020e-02	0.000000e+00	-6.025062e-02	0.000000e+00	1.091726e-04	0.000000e+00	1.087193e-04	-5.356213e-01	1.000000e+00	1.000000e-01	1.000000e+00	1.500000e+01
446	-6.037346e-02	0.000000e+00	-6.037298e-02	0.000000e+00	-1.232651e-04	0.000000e+00	-1.223589e-04	0.000000e+00	1.000000e+00	1.000000e-01	1.000000e+00	1.500000e+01
447	-6.037027e-02	0.000000e+00	-6.037029e-02	2.859732e-01	3.186580e-06	0.000000e+00	2.696168e-06	2.859732e-01	1.000000e+00	1.000000e-01	1.000000e+00	1.500000e+01
448	-6.024129e-02	0.000000e+00	-6.024180e-02	0.000000e+00	1.289807e-04	0.000000e+00	1.284874e-04	-2.859732e-01	1.000000e+00	1.000000e-01	1.000000e+00	1.500000e+01
449	-6.037449e-02	0.000000e+00	-6.037397e-02	0.000000e+00	-1.331947e-04	0.000000e+00	-1.321725e-04	0.000000e+00	1.000000e+00	1.000000e-01	1.000000e+00	1.500000e+01
450	-6.039040e-02	0.000000e+00	-6.039034e-02	5.307041e-02	-1.591213e-05	0.000000e+00	-1.636628e-05	5.307041e-02	1.000000e+00	1.000000e-01	1.000000e+00	1.500000e+01
451	-6.027624e-02	0.000000e+00	-6.027669e-02	0.000000e+00	1.141563e-04	0.000000e+00	1.136464e-04	-5.307041e-02	1.000000e+00	1.000000e-01	1.000000e+00	1.500000e+01
452	-6.036277e-02	0.000000e+00	-6.036244e-02	0.000000e+00	-8.653061e-05	0.000000e+00	-8.574867e-05	0.000000e+00	1.000000e+00	1.000000e-01	1.000000e+00	1.500000e+01
453	-6.036401e-02	0.000000e+00	-6.036401e-02	0.000000e+00	-1.239800e-06	0.000000e+00	-1.569913e-06	0.000000e+00	1.000000e+00	1.000000e-01	1.000000e+00	1.500000e+01
454	-6.035696e-02	2.170170e-03	-6.035698e-02	0.000000e+00	7.059573e-06	2.170170e-03	7.025864e-06	0.000000e+00	1.000000e+00	1.000000e-01	9.999999e-01	1.499997e+01
455	-6.035673e-02	1.081281e-02	-6.035673e-02	1.280270e+00	2.291328e-07	8.642642e-03	2.556825e-07	1.280270e+00	1.000000e+00	1.000000e-01	1.000000e+00	1.500469e+01
456	-6.029365e-02	0.000000e+00	-6.029389e-02	0.000000e+00	6.307898e-05	-1.081281e-02	6.283358e-05	-1.280270e+00	1.000000e+00	9.999445e-02	9.999665e-01	1.501043e+01
457	-6.033898e-02	0.000000e+00	-6.033881e-02	0.000000e+00	-4.533446e-05	0.000000e+00	-4.491193e-05	0.000000e+00	1.000000e+00	9.999445e-02	1.000000e+00	1.500000e+01
458	-6.035277e-02	0.000000e+00	-6.035272e-02	0.000000e+00	-1.379019e-05	0.000000e+00	-1.391176e-05	0.000000e+00	1.000000e+00	9.999445e-02	1.000000e+00	1.500000e+01
459	-6.034207e-02	0.000000e+00	-6.034211e-02	0.000000e+00	1.069839e-05	0.000000e+00	1.060225e-05	0.000000e+00	1.000000e+00	9.999445e-02	1.000000e+00	1.500000e+01
460	-6.033796e-02	0.000000e+00	-6.033798e-02	0.000000e+00	4.110818e-06	0.000000e+00	4.136175e-06	0.000000e+00	1.000000e+00	1.000000e-01	1.000000e+00	1.500000e+01
461	-6.034123e-02	0.000000e+00	-6.034122e-02	0.000000e+00	-3.265669e-06	0.000000e+00	-3.236756e-06	0.000000e+00	1.000000e+00	1.000000e-01	1.000000e+00	1.500000e+01
462	-6.034154e-02	0.000000e+00	-6.034154e-02	0.000000e+00	-3.087208e-07	0.000000e+00	-3.201585e-07	0.000000e+00	1.000000e+00	1.000000e-01	1.000000e+00	1.500000e+01
463	-6.034073e-02	0.000000e+00	-6.034073e-02	0.000000e+00	8.108021e-07	0.000000e+00	8.063843e-07	0.000000e+00	1.000000e+00	1.000000e-01	1.000000e+00	1.500000e+01
464	-6.035004e-02	0.000000e+00	-6.035000e-02	9.406771e-01	-9.309367e-06	0.000000e+00	-9.269853e-06	9.406771e-01	1.000000e+00	1.000000e-01	9.999958e-01	1.500000e+01
465	-6.021209e-02	0.000000e+00	-6.021263e-02	0.000000e+00	1.379416e-04	0.000000e+00	1.373666e-04	-9.406771e-01	1.000000e+00	1.000000e-01	1.000000e+00	1.500000e+01
466	-6.040694e-02	0.000000e+00	-6.040618e-02	0.000000e+00	-1.948494e-04	0.000000e+00	-1.935517e-04	0.000000e+00	1.000000e+00	1.000000e-01	1.000000e+00	1.500000e+01
467	-6.039208e-02	0.000000e+00	-6.039213e-02	0.000000e+00	1.486740e-05	0.000000e+00	1.405327e-05	0.000000e+00	1.000000e+00	1.000000e-01	1.000000e+00	1.500000e+01
468	-6.034374e-02	0.000000e+00	-6.034393e-02	0.000000e+00	4.833686e-05	0.000000e+00	4.820294e-05	0.000000e+00	1.000000e+00	1.000000e-01	1.000000e+00	1.500000e+01
469	-6.034583e-02	0.000000e+00	-6.034582e-02	0.000000e+00	-2.090006e-06	0.000000e+00	-1.893549e-06	0.000000e+00	1.000000e+00	1.000000e-01	1.000000e+00	1.500000e+01
470	-6.035756e-02	0.000000e+00	-6.035751e-02	1.076648e-01	-1.172702e-05	0.000000e+00	-1.168860e-05	1.076648e-01	1.000000e+00	1.000000e-01	1.000000e+00	1.500000e+01
471	-6.024124e-02	0.000000e+00	-6.024170e-02	0.000000e+00	1.163128e-04	0.000000e+00	1.158128e-04	-1.076648e-01	1.000000e+00	1.000000e-01	1.000000e+00	1.500000e+01
472	-6.033694e-02	0.000000e+00	-6.033657e-02	0.000000e+00	-9.570045e-05	0.000000e+00	-9.487423e-05	0.000000e+00	1.000000e+00	1.000000e-01	1.000000e+00	1.500000e+01
473	-6.036713e-02	0.000000e+00	-6.036701e-02	0.000000e+00	-3.019052e-05	0.000000e+00	-3.044319e-05	0.000000e+00	1.000000e+00	1.000000e-01	1.000000e+00	1.500000e+01
474	-6.033945e-02	0.000000e+00	-6.033956e-02	0.000000e+00	2.768063e-05	0.000000e+00	2.745359e-05	0.000000e+00	1.000000e+00	1.000000e-01	1.000000e+00	1.500000e+01
475	-6.033180e-02	0.000000e+00	-6.033183e-02	0.000000e+00	7.657114e-06	0.000000e+00	7.734444e-06	0.000000e+00	1.000000e+00	1.000000e-01	1.000000e+00	1.500000e+01
476	-6.033381e-02	0.000000e+00	-6.033381e-02	0.000000e+00	-2.018046e-06	0.000000e+00	-1.979951e-06	0.000000e+00	1.000000e+00	1.000000e-01	1.000000e+00	1.500000e+01
477	-6.033608e-02	0.000000e+00	-6.033607e-02	2.134716e-01	-2.266896e-06	0.000000e+00	-2.265775e-06	2.134716e-01	1.000000e+00	1.000000e-01	9.999998e-01	1.500000e+01
478	-6.024082e-02	0.000000e+00	-6.024119e-02	0.000000e+00	9.526613e-05	0.000000e+00	9.488514e-05	-2.134716e-01	1.000000e+00	1.000000e-01	1.000000e+00	1.500000e+01
479	-6.031370e-02	0.000000e+00	-6.031342e-02	0.000000e+00	-7.288706e-05	0.000000e+00	-7.223170e-05	0.000000e+00	1.000000e+00	1.000000e-01	1.000000e+00	1.500000e+01
480	-6.033269e-02	1.796786e-03	-6.033262e-02	0.000000e+00	-1.898848e-05	1.796786e-03	-1.919646e-05	0.000000e+00	1.000000e+00	9.999985e-02	1.000000e+00	1.499998e+01
481	-6.031064e-02	1.006930e-02	-6.031073e-02	1.454817e+00	2.205149e-05	8.272514e-03	2.189037e-05	1.454817e+00	1.000000e+00	9.999660e-02	1.000014e+00	1.500521e+01
482	-6.026299e-02	0.000000e+00	-6.026318e-02	0.000000e+00	4.765002e-05	-1.006930e-02	4.754939e-05	-1.454817e+00	1.000000e+00	9.999178e-02	9.999847e-01	1.501144e+01
483	-6.033681e-02	0.000000e+00	-6.033652e-02	0.000000e+00	-7.381955e-05	0.000000e+00	-7.334545e-05	0.000000e+00	1.000000e+00	9.999178e-02	1.000000e+00	1.500000e+01
484	-6.035666e-02	0.000000e+00	-6.035658e-02	0.000000e+00	-1.985229e-05	0.000000e+00	-2.006125e-05	0.000000e+00	1.000000e+00	9.999178e-02	1.000000e+00	1.500000e+01
485	-6.033988e-02	0.000000e+00	-6.033994e-02	0.000000e+00	1.678424e-05	0.000000e+00	1.664032e-05	0.000000e+00	1.000000e+00	9.999178e-02	1.000000e+00	1.500000e+01
486	-6.033200e-02	0.000000e+00	-6.033203e-02	0.000000e+00	7.880373e-06	0.000000e+00	7.914591e-06	0.000000e+00	1.000000e+00	1.000000e-01	1.000000e+00	1.500000e+01
487	-6.033618e-02	0.000000e+00	-6.033616e-02	0.000000e+00	-4.183181e-06	0.000000e+00	-4.135924e-06	0.000000e+00	1.000000e+00	1.000000e-01	1.000000e+00	1.500000e+01
488	-6.033376e-02	0.000000e+00	-6.033377e-02	2.595177e-01	2.414801e-06	0.000000e+00	2.389212e-06	2.595177e-01	1.000000e+00	1.000000e-01	1.000000e+00	1.500000e+01
489	-6.024058e-02	0.000000e+00	-6.024095e-02	0.000000e+00	9.318211e-05	0.000000e+00	9.282745e-05	-2.595177e-01	1.000000e+00	1.000000e-01	1.000000e+00	1.500000e+01
490	-6.029502e-02	0.000000e+00	-6.029481e-02	0.000000e+00	-5.443411e-05	0.000000e+00	-5.385887e-05	0.000000e+00	1.000000e+00	1.000000e-01	1.000000e+00	1.500000e+01
491	-6.032407e-02	0.000000e+00	-6.032396e-02	0.000000e+00	-2.905618e-05	0.000000e+00	-2.915307e-05	0.000000e+00	1.000000e+00	1.000000e-01	1.000000e+00	1.500000e+01
492	-6.031269e-02	0.000000e+00	-6.031273e-02	2.882134e-01	1.138376e-05	0.000000e+00	1.122542e-05	2.882134e-01	1.000000e+00	1.000000e-01	1.000000e+00	1.500000e+01
493	-6.023811e-02	0.000000e+00	-6.023841e-02	2.677953e-01	7.457439e-05	0.000000e+00	7.432693e-05	-2.041812e-02	1.000000e+00	1.000000e-01	1.000000e+00	1.500000e+01
494	-6.025983e-02	0.000000e+00	-6.025975e-02	0.000000e+00	-2.171510e-05	0.000000e+00	-2.133994e-05	-2.677953e-01	1.000000e+00	1.000000e-01	1.000000e+00	1.500000e+01
495	-6.039309e-02	0.000000e+00	-6.039257e-02	0.000000e+00	-1.332636e-04	0.000000e+00	-1.328264e-04	0.000000e+00	1.000000e+00	1.000000e-01	1.000000e+00	1.500000e+01
496	-6.041315e-02	0.000000e+00	-6.041307e-02	0.000000e+00	-2.005204e-05	0.000000e+00	-2.049256e-05	0.000000e+00	1.000000e+00	1.000000e-01	1.000000e+00	1.500000e+01
497	-6.038204e-02	0.000000e+00	-6.038217e-02	8.288784e-03	3.110123e-05	0.000000e+00	3.089969e-05	8.288784e-03	1.000000e+00	1.000000e-01	1.000000e+00	1.500000e+01
498	-6.022828e-02	0.000000e+00	-6.022888e-02	0.000000e+00	1.537626e-04	0.000000e+00	1.532827e-04	-8.288784e-03	1.000000e+00	1.000000e-01	1.000000e+00	1.500000e+01
499	-6.037330e-02	0.000000e+00	-6.037273e-02	0.000000e+00	-1.450170e-04	0.000000e+00	-1.438518e-04	0.000000e+00	1.000000e+00	1.000000e-01	1.000000e+00	1.500000e+01
