#sequence delta(k-1),f(k-1),theta(k),v(k),delta_diff(k-1),f_diff(k-1),theta_diff(k),v_diff(k),phi(1,1;k),phi(1,2;k),phi(2,1;k),phi(2,2;k)
1	7.817611e-01	0.000000e+00	7.814269e-01	0.000000e+00	7.817611e-01	0.000000e+00	8.522607e-02	-6.443047e-05	8.018889e-01	1.000000e-01	1.000000e+00	9.000000e+00
2	6.727929e-01	2.000000e-01	6.732172e-01	8.635293e-01	-1.089682e-01	2.000000e-01	-1.082097e-01	8.635293e-01	8.039488e-01	9.621928e-02	1.041749e+00	8.923375e+00
3	7.295639e-01	4.000000e-01	7.293438e-01	1.145892e+00	5.677105e-02	2.000000e-01	5.612659e-02	2.823630e-01	8.037176e-01	9.540485e-02	1.000533e+00	8.778175e+00
4	7.530546e-01	6.000000e-01	7.529620e-01	2.668932e+00	2.349068e-02	2.000000e-01	2.361816e-02	1.523039e+00	8.035608e-01	9.406937e-02	9.977320e-01	8.754329e+00
5	7.141302e-01	8.000000e-01	7.142819e-01	4.859956e+00	-3.892438e-02	2.000000e-01	-3.868007e-02	2.191025e+00	8.040356e-01	9.162951e-02	9.890560e-01	8.798908e+00
6	7.504326e-01	1.000000e+00	7.502914e-01	6.859196e+00	3.630236e-02	2.000000e-01	3.600946e-02	1.999239e+00	8.038413e-01	9.055867e-02	9.924949e-01	8.817854e+00
7	7.946384e-01	1.200000e+00	7.944652e-01	6.983362e+00	4.420582e-02	2.000000e-01	4.417381e-02	1.241662e-01	8.036464e-01	8.967729e-02	9.578760e-01	8.661228e+00
8	7.904237e-01	1.400000e+00	7.904395e-01	8.654048e+00	-4.214734e-03	2.000000e-01	-4.025716e-03	1.670686e+00	8.036829e-01	8.794737e-02	9.579889e-01	8.655871e+00
9	7.733291e-01	1.600000e+00	7.733959e-01	1.109543e+01	-1.709461e-02	2.000000e-01	-1.704356e-02	2.441378e+00	8.038492e-01	8.600160e-02	9.522056e-01	8.723533e+00
10	7.764989e-01	1.800000e+00	7.764868e-01	1.128867e+01	3.169796e-03	2.000000e-01	3.090838e-03	1.932484e-01	8.038246e-01	8.445017e-02	9.499110e-01	8.578754e+00
11	7.860745e-01	2.000000e+00	7.860371e-01	1.251001e+01	9.575665e-03	2.000000e-01	9.550334e-03	1.221338e+00	8.037576e-01	8.304974e-02	9.476659e-01	8.531860e+00
12	7.853055e-01	2.200000e+00	7.853084e-01	1.505266e+01	-7.690412e-04	2.000000e-01	-7.287311e-04	2.542646e+00	8.037636e-01	8.149244e-02	9.473661e-01	8.609817e+00
13	7.801422e-01	2.339529e+00	7.801623e-01	1.519318e+01	-5.163337e-03	1.395286e-01	-5.146014e-03	1.405209e-01	8.037936e-01	8.068075e-02	9.499308e-01	8.540511e+00
14	7.817116e-01	2.539529e+00	7.817056e-01	1.609866e+01	1.569456e-03	2.000000e-01	1.543224e-03	9.054841e-01	8.037820e-01	7.920411e-02	9.493431e-01	8.465619e+00
15	7.847880e-01	2.739529e+00	7.847759e-01	1.751371e+01	3.076344e-03	2.000000e-01	3.070355e-03	1.415044e+00	8.037602e-01	7.778441e-02	9.489405e-01	8.439447e+00
16	7.850924e-01	2.939529e+00	7.850912e-01	1.947899e+01	3.044487e-04	2.000000e-01	3.152530e-04	1.965285e+00	8.037580e-01	7.634206e-02	9.489798e-01	8.465256e+00
17	7.841490e-01	3.115138e+00	7.841526e-01	2.351063e+01	-9.434493e-04	1.756090e-01	-9.385325e-04	4.031638e+00	8.037640e-01	7.522595e-02	9.478562e-01	8.674400e+00
18	7.858574e-01	2.915138e+00	7.858507e-01	2.175484e+01	1.708437e-03	-2.000000e-01	1.698097e-03	-1.755790e+00	8.037762e-01	7.379443e-02	9.478383e-01	8.676499e+00
19	7.872294e-01	3.115138e+00	7.872240e-01	2.364754e+01	1.371957e-03	2.000000e-01	1.373231e-03	1.892704e+00	8.037669e-01	7.244502e-02	9.479380e-01	8.691038e+00
20	7.871504e-01	3.116044e+00	7.871507e-01	2.331929e+01	-7.894681e-05	9.062651e-04	-7.327424e-05	-3.282539e-01	8.037669e-01	7.244498e-02	9.479506e-01	8.690893e+00
21	7.875378e-01	3.316044e+00	7.875363e-01	2.478739e+01	3.874167e-04	2.000000e-01	3.856171e-04	1.468101e+00	8.037643e-01	7.110243e-02	9.479018e-01	8.665705e+00
22	7.883264e-01	3.404749e+00	7.883233e-01	2.545084e+01	7.886001e-04	8.870536e-02	7.870259e-04	6.634442e-01	8.037620e-01	7.084415e-02	9.478623e-01	8.661256e+00
23	7.882901e-01	3.482993e+00	7.882902e-01	2.479071e+01	-3.630755e-05	7.824383e-02	-3.309140e-05	-6.601234e-01	8.037621e-01	7.063862e-02	9.478853e-01	8.611688e+00
24	7.876718e-01	3.682993e+00	7.876742e-01	2.750688e+01	-6.183453e-04	2.000000e-01	-6.160592e-04	2.716163e+00	8.037662e-01	6.931171e-02	9.475989e-01	8.704305e+00
25	7.870072e-01	3.496318e+00	7.870098e-01	2.599619e+01	-6.645584e-04	-1.866748e-01	-6.643690e-04	-1.510681e+00	8.037623e-01	6.819542e-02	9.475633e-01	8.694298e+00
26	7.855599e-01	3.681488e+00	7.855656e-01	2.707415e+01	-1.447272e-03	1.851695e-01	-1.444214e-03	1.077954e+00	8.037710e-01	6.707917e-02	9.479219e-01	8.648416e+00
27	7.840584e-01	3.827013e+00	7.840643e-01	2.810871e+01	-1.501499e-03	1.455248e-01	-1.501275e-03	1.034565e+00	8.037781e-01	6.639134e-02	9.480790e-01	8.633192e+00
28	7.858665e-01	3.862279e+00	7.858595e-01	2.789951e+01	1.808068e-03	3.526681e-02	1.795141e-03	-2.092054e-01	8.037764e-01	6.635786e-02	9.476366e-01	8.624564e+00
29	7.862275e-01	3.997790e+00	7.862261e-01	2.803989e+01	3.609785e-04	1.355109e-01	3.665807e-04	1.403848e-01	8.037749e-01	6.578920e-02	9.474619e-01	8.558952e+00
30	7.847309e-01	4.194241e+00	7.847367e-01	3.019329e+01	-1.496588e-03	1.964505e-01	-1.489310e-03	2.153394e+00	8.037841e-01	6.457979e-02	9.471317e-01	8.602291e+00
31	7.851181e-01	3.994241e+00	7.851166e-01	2.891851e+01	3.871612e-04	-2.000000e-01	3.798313e-04	-1.274772e+00	8.037864e-01	6.337044e-02	9.472120e-01	8.560815e+00
32	7.860443e-01	3.968384e+00	7.860407e-01	2.907517e+01	9.262442e-04	-2.585684e-02	9.241098e-04	1.566567e-01	8.037872e-01	6.334812e-02	9.473779e-01	8.556185e+00
33	7.856376e-01	3.914391e+00	7.856392e-01	2.824188e+01	-4.066605e-04	-5.399278e-02	-4.014621e-04	-8.332907e-01	8.037866e-01	6.326243e-02	9.474494e-01	8.565684e+00
34	7.838318e-01	4.045398e+00	7.838388e-01	2.835330e+01	-1.805877e-03	1.310072e-01	-1.800391e-03	1.114208e-01	8.037939e-01	6.272956e-02	9.483076e-01	8.503428e+00
35	7.983168e-01	4.214876e+00	7.982603e-01	3.019946e+01	1.448507e-02	1.694780e-01	1.442145e-02	1.846157e+00	8.037407e-01	6.210641e-02	9.509613e-01	8.534477e+00
36	8.321394e-01	4.014876e+00	8.320071e-01	2.746728e+01	3.382260e-02	-2.000000e-01	3.374681e-02	-2.732180e+00	8.040395e-01	6.033933e-02	9.343151e-01	8.632910e+00
37	8.745920e-01	4.214876e+00	8.744256e-01	2.831605e+01	4.245253e-02	2.000000e-01	4.241853e-02	8.487696e-01	8.039648e-01	5.998731e-02	9.161930e-01	8.547534e+00
38	9.266497e-01	4.286674e+00	9.264457e-01	3.016320e+01	5.205771e-02	7.179779e-02	5.202005e-02	1.847150e+00	8.041091e-01	6.018640e-02	9.453990e-01	8.587815e+00
39	1.008681e+00	4.086674e+00	1.008360e+00	2.967182e+01	8.203167e-02	-2.000000e-01	8.191444e-02	-4.913807e-01	8.051748e-01	5.758812e-02	9.891335e-01	8.481186e+00
40	1.136866e+00	3.886674e+00	1.136364e+00	2.639178e+01	1.281844e-01	-2.000000e-01	1.280036e-01	-3.280033e+00	8.073250e-01	5.423329e-02	8.878382e-01	8.639233e+00
41	1.307255e+00	4.086674e+00	1.306588e+00	2.771896e+01	1.703895e-01	2.000000e-01	1.702239e-01	1.327176e+00	8.090319e-01	5.623681e-02	8.446567e-01	8.588547e+00
42	1.405420e+00	3.972216e+00	1.405034e+00	2.652580e+01	9.816491e-02	-1.144578e-01	9.844639e-02	-1.193157e+00	8.102059e-01	5.486792e-02	8.311460e-01	8.604300e+00
43	1.473322e+00	3.949078e+00	1.473055e+00	2.675894e+01	6.790158e-02	-2.313872e-02	6.802090e-02	2.331408e-01	8.106652e-01	5.471142e-02	8.432355e-01	8.600180e+00
44	1.558526e+00	3.749078e+00	1.558192e+00	2.536375e+01	8.520430e-02	-2.000000e-01	8.513718e-02	-1.395196e+00	8.117330e-01	5.220495e-02	8.532383e-01	8.576701e+00
45	1.595073e+00	3.654356e+00	1.594929e+00	2.453062e+01	3.654721e-02	-9.472120e-02	3.673701e-02	-8.331298e-01	8.119405e-01	5.166712e-02	8.523417e-01	8.579025e+00
46	1.565223e+00	3.601875e+00	1.565339e+00	2.357812e+01	-2.984976e-02	-5.248161e-02	-2.958965e-02	-9.525004e-01	8.119779e-01	5.173286e-02	8.590900e-01	8.590890e+00
47	1.553521e+00	3.628340e+00	1.553567e+00	2.445566e+01	-1.170284e-02	2.646485e-02	-1.177271e-02	8.775374e-01	8.119981e-01	5.168713e-02	8.554214e-01	8.599186e+00
48	1.578173e+00	3.428340e+00	1.578077e+00	2.225186e+01	2.465261e-02	-2.000000e-01	2.451032e-02	-2.203801e+00	8.121683e-01	5.030633e-02	8.496249e-01	8.646211e+00
49	1.583426e+00	3.438603e+00	1.583405e+00	2.283668e+01	5.252514e-03	1.026306e-02	5.327739e-03	5.848272e-01	8.121697e-01	5.030899e-02	8.508514e-01	8.648608e+00
50	1.563516e+00	3.238603e+00	1.563594e+00	1.981535e+01	-1.990940e-02	-2.000000e-01	-1.981082e-02	-3.021330e+00	8.121102e-01	4.971109e-02	8.626672e-01	8.767304e+00
51	1.563645e+00	3.425985e+00	1.563644e+00	2.107324e+01	1.282918e-04	1.873819e-01	5.040468e-05	1.257883e+00	8.121096e-01	4.889160e-02	8.626442e-01	8.733622e+00
52	1.575995e+00	3.225985e+00	1.575947e+00	1.961459e+01	1.235069e-02	-2.000000e-01	1.230264e-02	-1.458643e+00	8.121789e-01	4.776930e-02	8.642397e-01	8.707785e+00
53	1.589880e+00	3.025985e+00	1.589826e+00	1.778562e+01	1.388478e-02	-2.000000e-01	1.387859e-02	-1.828976e+00	8.122575e-01	4.663727e-02	8.635969e-01	8.717044e+00
54	1.603709e+00	2.936748e+00	1.603654e+00	1.624167e+01	1.382860e-02	-8.923686e-02	1.382880e-02	-1.543942e+00	8.123017e-01	4.635197e-02	8.585073e-01	8.749888e+00
55	1.613605e+00	2.970048e+00	1.613566e+00	1.572694e+01	9.896416e-03	3.330060e-02	9.911777e-03	-5.147297e-01	8.123033e-01	4.635718e-02	8.546803e-01	8.737010e+00
56	1.624566e+00	2.917825e+00	1.624523e+00	1.560413e+01	1.096134e-02	-5.222370e-02	1.095724e-02	-1.228140e-01	8.123265e-01	4.624635e-02	8.563654e-01	8.728982e+00
57	1.641947e+00	2.717825e+00	1.641879e+00	1.353024e+01	1.738106e-02	-2.000000e-01	1.735597e-02	-2.073888e+00	8.124276e-01	4.508360e-02	8.535897e-01	8.760921e+00
58	1.652925e+00	2.630793e+00	1.652882e+00	1.197806e+01	1.097767e-02	-8.703117e-02	1.100259e-02	-1.552178e+00	8.124588e-01	4.483619e-02	8.494390e-01	8.793828e+00
59	1.652500e+00	2.625083e+00	1.652501e+00	1.188102e+01	-4.254511e-04	-5.710522e-03	-3.808103e-04	-9.704856e-02	8.124587e-01	4.483559e-02	8.494484e-01	8.793954e+00
60	1.654735e+00	2.425083e+00	1.654727e+00	1.031829e+01	2.235808e-03	-2.000000e-01	2.225587e-03	-1.562724e+00	8.124685e-01	4.396232e-02	8.496505e-01	8.775870e+00
61	1.660483e+00	2.225083e+00	1.660461e+00	8.125306e+00	5.747961e-03	-2.000000e-01	5.734202e-03	-2.192986e+00	8.124949e-01	4.304431e-02	8.484656e-01	8.817101e+00
62	1.663363e+00	2.207972e+00	1.663352e+00	8.641623e+00	2.879746e-03	-1.711065e-02	2.890896e-03	5.163178e-01	8.124966e-01	4.303385e-02	8.493747e-01	8.811699e+00
63	1.662439e+00	2.007972e+00	1.662442e+00	7.953753e+00	-9.245353e-04	-2.000000e-01	-9.096313e-04	-6.878702e-01	8.124930e-01	4.224700e-02	8.489118e-01	8.711553e+00
64	1.662338e+00	1.807972e+00	1.662338e+00	7.131153e+00	-1.007589e-04	-2.000000e-01	-1.039185e-04	-8.226000e-01	8.124926e-01	4.146210e-02	8.488686e-01	8.625885e+00
65	1.662985e+00	1.607972e+00	1.662983e+00	6.424982e+00	6.475000e-04	-2.000000e-01	6.445647e-04	-7.061713e-01	8.124952e-01	4.067873e-02	8.491757e-01	8.531029e+00
66	1.662471e+00	1.407972e+00	1.662473e+00	4.239154e+00	-5.139704e-04	-2.000000e-01	-5.094448e-04	-2.185828e+00	8.124932e-01	3.992954e-02	8.492904e-01	8.575659e+00
67	1.661604e+00	1.207972e+00	1.661608e+00	3.563440e+00	-8.670282e-04	-2.000000e-01	-8.656314e-04	-6.757143e-01	8.124901e-01	3.920077e-02	8.488704e-01	8.478782e+00
68	1.660606e+00	1.007972e+00	1.660610e+00	1.989303e+00	-9.983765e-04	-2.000000e-01	-9.978580e-04	-1.574136e+00	8.124865e-01	3.848795e-02	8.488135e-01	8.467376e+00
69	1.660472e+00	8.079723e-01	1.660473e+00	4.304926e-01	-1.336809e-04	-2.000000e-01	-1.370566e-04	-1.558811e+00	8.124860e-01	3.777366e-02	8.488051e-01	8.454823e+00
70	1.660605e+00	7.747343e-01	1.660604e+00	1.356243e+00	1.324453e-04	-3.323800e-02	1.313926e-04	9.257505e-01	8.124861e-01	3.775348e-02	8.488810e-01	8.435783e+00
71	1.659885e+00	5.747343e-01	1.659888e+00	0.000000e+00	-7.199491e-04	-2.000000e-01	-7.166236e-04	-1.356243e+00	8.124836e-01	3.706249e-02	8.487698e-01	8.404905e+00
72	1.659408e+00	5.597739e-01	1.659410e+00	4.650368e-02	-4.769688e-04	-1.496042e-02	-4.779049e-04	4.650368e-02	8.124835e-01	3.705919e-02	8.487307e-01	8.403679e+00
73	1.659955e+00	5.472221e-01	1.659953e+00	0.000000e+00	5.470346e-04	-1.255175e-02	5.430309e-04	-4.650368e-02	8.124837e-01	3.705583e-02	8.487459e-01	8.403330e+00
74	1.659952e+00	5.536523e-01	1.659952e+00	6.644675e-01	-3.361512e-06	6.430156e-03	-1.227166e-06	6.644675e-01	1.000000e+00	1.000000e-01	8.487449e-01	8.405194e+00
75	1.660003e+00	4.203164e-01	1.660002e+00	0.000000e+00	5.107726e-05	-1.333358e-01	5.087295e-05	-6.644675e-01	1.000000e+00	9.916298e-02	8.487559e-01	8.376555e+00
76	1.659555e+00	3.842932e-01	1.659557e+00	0.000000e+00	-4.472397e-04	-3.602328e-02	-4.452939e-04	0.000000e+00	9.999996e-01	9.910186e-02	8.486917e-01	8.371389e+00
77	1.659673e+00	3.614170e-01	1.659673e+00	0.000000e+00	1.176880e-04	-2.287618e-02	1.154888e-04	0.000000e+00	9.999997e-01	9.907726e-02	8.487024e-01	8.369310e+00
78	1.659801e+00	3.517145e-01	1.659801e+00	0.000000e+00	1.279718e-04	-9.702521e-03	1.279230e-04	0.000000e+00	9.999997e-01	9.907283e-02	8.487074e-01	8.368936e+00
79	1.659766e+00	3.552119e-01	1.659766e+00	5.244623e-01	-3.510203e-05	3.497440e-03	-3.446521e-05	5.244623e-01	9.999998e-01	9.907225e-02	8.486991e-01	8.369759e+00
80	1.660557e+00	2.500863e-01	1.660554e+00	0.000000e+00	7.915292e-04	-1.051256e-01	7.883027e-04	-5.244623e-01	1.000004e+00	9.855520e-02	8.488318e-01	8.352142e+00
81	1.659810e+00	2.254787e-01	1.659813e+00	0.000000e+00	-7.477321e-04	-2.460765e-02	-7.417320e-04	0.000000e+00	1.000003e+00	9.852679e-02	8.487586e-01	8.349733e+00
82	1.659596e+00	2.141946e-01	1.659597e+00	0.000000e+00	-2.137432e-04	-1.128409e-02	-2.158057e-04	0.000000e+00	1.000003e+00	9.852084e-02	8.487490e-01	8.349227e+00
83	1.659802e+00	2.162772e-01	1.659801e+00	8.111984e-01	2.059788e-04	2.082637e-03	2.043312e-04	8.111984e-01	1.000003e+00	9.852064e-02	8.488266e-01	8.350012e+00
84	1.660602e+00	4.061726e-02	1.660598e+00	0.000000e+00	7.995163e-04	-1.756599e-01	7.971914e-04	-8.111984e-01	1.000009e+00	9.709877e-02	8.490715e-01	8.296200e+00
85	1.659833e+00	0.000000e+00	1.659836e+00	0.000000e+00	-7.686704e-04	-4.061726e-02	-7.625537e-04	0.000000e+00	1.000008e+00	9.702263e-02	8.489484e-01	8.289691e+00
86	1.659845e+00	0.000000e+00	1.659845e+00	0.000000e+00	1.213552e-05	0.000000e+00	9.109393e-06	0.000000e+00	1.000008e+00	9.702263e-02	1.000000e+00	9.000000e+00
87	1.659853e+00	0.000000e+00	1.659853e+00	1.582348e-01	7.921623e-06	0.000000e+00	7.926263e-06	1.582348e-01	1.000000e+00	1.000000e-01	1.000001e+00	9.000000e+00
88	1.660887e+00	0.000000e+00	1.660883e+00	0.000000e+00	1.033963e-03	0.000000e+00	1.029955e-03	-1.582348e-01	1.000000e+00	1.000000e-01	1.000000e+00	9.000000e+00
89	1.659900e+00	0.000000e+00	1.659904e+00	0.000000e+00	-9.868958e-04	0.000000e+00	-9.790174e-04	0.000000e+00	1.000000e+00	1.000000e-01	1.000000e+00	9.000000e+00
90	1.659696e+00	0.000000e+00	1.659697e+00	8.707232e-01	-2.042221e-04	0.000000e+00	-2.072486e-04	8.707232e-01	1.000000e+00	1.000000e-01	1.000000e+00	9.000000e+00
91	1.660543e+00	0.000000e+00	1.660540e+00	0.000000e+00	8.472910e-04	0.000000e+00	8.431717e-04	-8.707232e-01	1.000000e+00	1.000000e-01	1.000000e+00	9.000000e+00
92	1.660186e+00	0.000000e+00	1.660188e+00	0.000000e+00	-3.566617e-04	0.000000e+00	-3.519748e-04	0.000000e+00	1.000000e+00	1.000000e-01	1.000000e+00	9.000000e+00
93	1.660030e+00	0.000000e+00	1.660031e+00	0.000000e+00	-1.562430e-04	0.000000e+00	-1.570075e-04	0.000000e+00	1.000000e+00	1.000000e-01	1.000000e+00	9.000000e+00
94	1.659952e+00	0.000000e+00	1.659952e+00	0.000000e+00	-7.833130e-05	0.000000e+00	-7.863863e-05	0.000000e+00	1.000000e+00	1.000000e-01	1.000000e+00	9.000000e+00
95	1.659978e+00	0.000000e+00	1.659978e+00	0.000000e+00	2.651060e-05	0.000000e+00	2.609987e-05	0.000000e+00	1.000000e+00	1.000000e-01	1.000000e+00	9.000000e+00
96	1.659999e+00	0.000000e+00	1.659999e+00	0.000000e+00	2.108875e-05	0.000000e+00	2.110833e-05	0.000000e+00	1.000000e+00	1.000000e-01	1.000000e+00	9.000000e+00
97	1.659986e+00	1.519259e-03	1.659986e+00	0.000000e+00	-1.294545e-05	1.519259e-03	-1.281242e-05	0.000000e+00	1.000000e+00	9.999989e-02	1.000000e+00	8.999990e+00
98	1.659561e+00	1.722235e-02	1.659563e+00	6.692694e-01	-4.254764e-04	1.570309e-02	-4.238644e-04	6.692694e-01	1.000000e+00	9.998819e-02	9.998933e-01	9.003931e+00
99	1.660947e+00	0.000000e+00	1.660942e+00	0.000000e+00	1.386217e-03	-1.722235e-02	1.379146e-03	-6.692694e-01	1.000001e+00	9.997416e-02	9.995539e-01	9.008148e+00
100	1.660081e+00	0.000000e+00	1.660084e+00	0.000000e+00	-8.663458e-04	0.000000e+00	-8.575743e-04	0.000000e+00	1.000001e+00	9.997416e-02	1.000000e+00	9.000000e+00
101	1.659730e+00	0.000000e+00	1.659731e+00	1.846487e-01	-3.512546e-04	0.000000e+00	-3.532324e-04	1.846487e-01	1.000001e+00	9.997416e-02	1.000000e+00	9.000000e+00
102	1.661047e+00	0.000000e+00	1.661042e+00	5.086964e-01	1.317719e-03	0.000000e+00	1.311192e-03	3.240477e-01	1.000001e+00	9.997416e-02	1.000000e+00	9.000000e+00
103	1.661115e+00	0.000000e+00	1.661115e+00	2.905117e-01	6.764578e-05	0.000000e+00	7.250338e-05	-2.181847e-01	1.000001e+00	9.997416e-02	1.000000e+00	9.000000e+00
104	1.660598e+00	0.000000e+00	1.660600e+00	0.000000e+00	-5.173260e-04	0.000000e+00	-5.150220e-04	-2.905117e-01	1.000001e+00	9.997416e-02	1.000000e+00	9.000000e+00
105	1.659175e+00	0.000000e+00	1.659181e+00	0.000000e+00	-1.422458e-03	0.000000e+00	-1.418913e-03	0.000000e+00	1.000001e+00	9.997416e-02	1.000000e+00	9.000000e+00
106	1.659333e+00	0.000000e+00	1.659333e+00	0.000000e+00	1.581983e-04	0.000000e+00	1.520377e-04	0.000000e+00	1.000001e+00	9.997416e-02	1.000000e+00	9.000000e+00
107	1.659697e+00	0.000000e+00	1.659696e+00	0.000000e+00	3.640758e-04	0.000000e+00	3.632475e-04	0.000000e+00	1.000001e+00	9.997416e-02	1.000000e+00	9.000000e+00
108	1.659683e+00	0.000000e+00	1.659683e+00	3.031395e-01	-1.481978e-05	0.000000e+00	-1.334295e-05	3.031395e-01	1.000001e+00	9.997416e-02	1.000000e+00	9.000000e+00
109	1.660337e+00	0.000000e+00	1.660335e+00	0.000000e+00	6.544391e-04	0.000000e+00	6.518306e-04	-3.031395e-01	1.000001e+00	9.997416e-02	1.000000e+00	9.000000e+00
110	1.659500e+00	0.000000e+00	1.659503e+00	0.000000e+00	-8.370138e-04	0.000000e+00	-8.311980e-04	0.000000e+00	1.000001e+00	9.997416e-02	1.000000e+00	9.000000e+00
111	1.659473e+00	0.000000e+00	1.659474e+00	3.691629e-01	-2.665642e-05	0.000000e+00	-2.979916e-05	3.691629e-01	1.000001e+00	9.997416e-02	1.000000e+00	9.000000e+00
112	1.660325e+00	0.000000e+00	1.660322e+00	0.000000e+00	8.519040e-04	0.000000e+00	8.484599e-04	-3.691629e-01	1.000001e+00	9.997416e-02	1.000000e+00	9.000000e+00
113	1.659743e+00	0.000000e+00	1.659745e+00	6.096327e-01	-5.821809e-04	0.000000e+00	-5.765925e-04	6.096327e-01	1.000001e+00	9.997416e-02	1.000000e+00	9.000000e+00
114	1.659862e+00	0.000000e+00	1.659862e+00	0.000000e+00	1.192707e-04	0.000000e+00	1.165525e-04	-6.096327e-01	1.000001e+00	9.997416e-02	1.000000e+00	9.000000e+00
115	1.659512e+00	0.000000e+00	1.659513e+00	0.000000e+00	-3.507392e-04	0.000000e+00	-3.489138e-04	0.000000e+00	1.000001e+00	9.997416e-02	1.000000e+00	9.000000e+00
116	1.659572e+00	0.000000e+00	1.659571e+00	8.840276e-01	5.991056e-05	0.000000e+00	5.831359e-05	8.840276e-01	1.000001e+00	9.997416e-02	1.000000e+00	9.000000e+00
117	1.659787e+00	0.000000e+00	1.659786e+00	0.000000e+00	2.154758e-04	0.000000e+00	2.148619e-04	-8.840276e-01	1.000001e+00	9.997416e-02	1.000000e+00	9.000000e+00
118	1.659526e+00	0.000000e+00	1.659527e+00	0.000000e+00	-2.608193e-04	0.000000e+00	-2.589612e-04	0.000000e+00	1.000001e+00	9.997416e-02	1.000000e+00	9.000000e+00
119	1.659470e+00	0.000000e+00	1.659470e+00	0.000000e+00	-5.604603e-05	0.000000e+00	-5.683867e-05	0.000000e+00	1.000001e+00	9.997416e-02	1.000000e+00	9.000000e+00
120	1.659537e+00	0.000000e+00	1.659537e+00	0.000000e+00	6.710628e-05	0.000000e+00	6.662212e-05	0.000000e+00	1.000001e+00	9.997416e-02	1.000000e+00	9.000000e+00
121	1.659650e+00	0.000000e+00	1.659650e+00	2.747635e-01	1.127860e-04	0.000000e+00	1.126057e-04	2.747635e-01	1.000001e+00	9.997416e-02	1.000000e+00	9.000000e+00
122	1.660079e+00	0.000000e+00	1.660077e+00	0.000000e+00	4.287589e-04	0.000000e+00	4.275239e-04	-2.747635e-01	1.000001e+00	9.997416e-02	1.000000e+00	9.000000e+00
123	1.659616e+00	0.000000e+00	1.659618e+00	0.000000e+00	-4.623311e-04	0.000000e+00	-4.588551e-04	0.000000e+00	1.000001e+00	9.997416e-02	1.000000e+00	9.000000e+00
124	1.659609e+00	0.000000e+00	1.659609e+00	0.000000e+00	-7.652447e-06	0.000000e+00	-9.414958e-06	0.000000e+00	1.000000e+00	1.000000e-01	1.000000e+00	9.000000e+00
125	1.659820e+00	1.107546e-02	1.659819e+00	0.000000e+00	2.112147e-04	1.107546e-02	2.103529e-04	0.000000e+00	9.999999e-01	9.999417e-02	9.999900e-01	8.999475e+00
126	1.659835e+00	3.692616e-02	1.659835e+00	0.000000e+00	1.494054e-05	2.585071e-02	1.570387e-05	0.000000e+00	9.999999e-01	9.996245e-02	9.999883e-01	8.996619e+00
127	1.659781e+00	7.755997e-02	1.659781e+00	0.000000e+00	-5.440343e-05	4.063380e-02	-5.412957e-05	0.000000e+00	1.000000e+00	9.988412e-02	9.999978e-01	8.989570e+00
128	1.659780e+00	1.329816e-01	1.659780e+00	0.000000e+00	-1.024662e-06	5.542159e-02	-1.232103e-06	0.000000e+00	1.000000e+00	1.000000e-01	9.999980e-01	8.976474e+00
129	1.659793e+00	2.031918e-01	1.659793e+00	0.000000e+00	1.354292e-05	7.021021e-02	1.348521e-05	0.000000e+00	1.000000e+00	9.976642e-02	9.999940e-01	8.955507e+00
130	1.659582e+00	2.881871e-01	1.659583e+00	5.587526e-01	-2.106732e-04	8.499539e-02	-2.097976e-04	5.587526e-01	1.000001e+00	9.942534e-02	1.000014e+00	8.947372e+00
131	1.660716e+00	2.429813e-01	1.660712e+00	0.000000e+00	1.133584e-03	-4.520585e-02	1.128336e-03	-5.587526e-01	1.000003e+00	9.932904e-02	9.999305e-01	8.950706e+00
132	1.659558e+00	2.922632e-01	1.659563e+00	1.361838e+00	-1.157669e-03	4.928195e-02	-1.148739e-03	1.361838e+00	1.000006e+00	9.921480e-02	9.994242e-01	8.972260e+00
133	1.660159e+00	9.226325e-02	1.660156e+00	9.431320e-01	6.001868e-04	-2.000000e-01	5.933550e-04	-4.187056e-01	1.000011e+00	9.736732e-02	9.998086e-01	8.844183e+00
134	1.660069e+00	0.000000e+00	1.660069e+00	0.000000e+00	-8.938979e-05	-9.226325e-02	-8.672282e-05	-9.431320e-01	1.000011e+00	9.697517e-02	9.998139e-01	8.849727e+00
135	1.659337e+00	0.000000e+00	1.659340e+00	0.000000e+00	-7.317164e-04	0.000000e+00	-7.291969e-04	0.000000e+00	1.000011e+00	9.697517e-02	1.000000e+00	9.000000e+00
136	1.659324e+00	0.000000e+00	1.659324e+00	0.000000e+00	-1.310186e-05	0.000000e+00	-1.589910e-05	0.000000e+00	1.000011e+00	9.697517e-02	1.000000e+00	9.000000e+00
137	1.659507e+00	0.000000e+00	1.659506e+00	0.000000e+00	1.826650e-04	0.000000e+00	1.818894e-04	0.000000e+00	1.000011e+00	9.697517e-02	1.000000e+00	9.000000e+00
138	1.659083e+00	0.000000e+00	1.659085e+00	2.601045e-01	-4.237503e-04	0.000000e+00	-4.213846e-04	2.601045e-01	1.000011e+00	9.697517e-02	1.000000e+00	9.000000e+00
139	1.660718e+00	0.000000e+00	1.660712e+00	0.000000e+00	1.635176e-03	0.000000e+00	1.627142e-03	-2.601045e-01	1.000011e+00	9.697517e-02	1.000000e+00	9.000000e+00
140	1.659206e+00	0.000000e+00	1.659212e+00	7.903798e-01	-1.512356e-03	0.000000e+00	-1.500093e-03	7.903798e-01	1.000011e+00	9.697517e-02	1.000000e+00	9.000000e+00
141	1.660299e+00	0.000000e+00	1.660294e+00	0.000000e+00	1.092473e-03	0.000000e+00	1.082346e-03	-7.903798e-01	1.000011e+00	9.697517e-02	1.000000e+00	9.000000e+00
142	1.659639e+00	0.000000e+00	1.659642e+00	0.000000e+00	-6.591307e-04	0.000000e+00	-6.523281e-04	0.000000e+00	1.000011e+00	9.697517e-02	1.000000e+00	9.000000e+00
143	1.659329e+00	0.000000e+00	1.659331e+00	7.924451e-01	-3.101022e-04	0.000000e+00	-3.114390e-04	7.924451e-01	1.000011e+00	9.697517e-02	1.000000e+00	9.000000e+00
144	1.660474e+00	0.000000e+00	1.660470e+00	0.000000e+00	1.144802e-03	0.000000e+00	1.139114e-03	-7.924451e-01	1.000011e+00	9.697517e-02	1.000000e+00	9.000000e+00
145	1.660107e+00	0.000000e+00	1.660109e+00	6.196821e-01	-3.668512e-04	0.000000e+00	-3.609685e-04	6.196821e-01	1.000011e+00	9.697517e-02	1.000000e+00	9.000000e+00
146	1.660201e+00	0.000000e+00	1.660201e+00	0.000000e+00	9.402437e-05	0.000000e+00	9.224706e-05	-6.196821e-01	1.000011e+00	9.697517e-02	1.000000e+00	9.000000e+00
147	1.659319e+00	0.000000e+00	1.659323e+00	0.000000e+00	-8.821778e-04	0.000000e+00	-8.783715e-04	0.000000e+00	1.000011e+00	9.697517e-02	1.000000e+00	9.000000e+00
148	1.659161e+00	0.000000e+00	1.659162e+00	0.000000e+00	-1.578742e-04	0.000000e+00	-1.606886e-04	0.000000e+00	1.000011e+00	9.697517e-02	1.000000e+00	9.000000e+00
149	1.659367e+00	0.000000e+00	1.659367e+00	0.000000e+00	2.061204e-04	0.000000e+00	2.046875e-04	0.000000e+00	1.000011e+00	9.697517e-02	1.000000e+00	9.000000e+00
150	1.659404e+00	0.000000e+00	1.659404e+00	7.005687e-01	3.689878e-05	0.000000e+00	3.755420e-05	7.005687e-01	1.000011e+00	9.697517e-02	1.000000e+00	9.000000e+00
151	1.659502e+00	0.000000e+00	1.659501e+00	0.000000e+00	9.737889e-05	0.000000e+00	9.714520e-05	-7.005687e-01	1.000011e+00	9.697517e-02	1.000000e+00	9.000000e+00
