#sequence delta(k-1),f(k-1),theta(k),v(k),delta_diff(k-1),f_diff(k-1),theta_diff(k),v_diff(k),phi(1,1;k),phi(1,2;k),phi(2,1;k),phi(2,2;k)
1	-6.388406e-01	0.000000e+00	-6.387309e-01	0.000000e+00	-6.388406e-01	0.000000e+00	-2.799224e-02	-4.941360e-03	8.460528e-01	1.000000e-01	1.000000e+00	1.400000e+01
2	-1.975731e-01	2.000000e-01	-1.992963e-01	2.962335e+00	4.412676e-01	2.000000e-01	4.394345e-01	2.962335e+00	8.547003e-01	1.039194e-01	9.476758e-01	1.397628e+01
3	-4.361334e-01	1.762574e-01	-4.352082e-01	1.279455e+00	-2.385603e-01	-2.374259e-02	-2.359119e-01	-1.682880e+00	8.579549e-01	1.042433e-01	1.071592e+00	1.398862e+01
4	-6.418597e-01	3.762574e-01	-6.410524e-01	4.313765e+00	-2.057263e-01	2.000000e-01	-2.058442e-01	3.034310e+00	8.626655e-01	9.966388e-02	1.028695e+00	1.403032e+01
5	-6.251793e-01	2.914741e-01	-6.252413e-01	3.060252e+00	1.668041e-02	-8.478335e-02	1.581117e-02	-1.253513e+00	8.627434e-01	9.926781e-02	1.028055e+00	1.403357e+01
6	-5.590373e-01	4.299446e-01	-5.592959e-01	5.189244e+00	6.614200e-02	1.384706e-01	6.594540e-02	2.128991e+00	8.625924e-01	9.895162e-02	1.031712e+00	1.404123e+01
7	-6.008755e-01	3.988971e-01	-6.007131e-01	4.932118e+00	-4.183826e-02	-3.104755e-02	-4.141723e-02	-2.571257e-01	8.626372e-01	9.898484e-02	1.027306e+00	1.403796e+01
8	-6.562749e-01	4.608274e-01	-6.560578e-01	5.191129e+00	-5.539936e-02	6.193030e-02	-5.534474e-02	2.590108e-01	8.629961e-01	9.858365e-02	1.041820e+00	1.402174e+01
9	-6.527112e-01	6.010700e-01	-6.527243e-01	6.352199e+00	3.563684e-03	1.402427e-01	3.333573e-03	1.161070e+00	8.629733e-01	9.768865e-02	1.040464e+00	1.396836e+01
10	-6.341457e-01	7.063549e-01	-6.342183e-01	8.567169e+00	1.856546e-02	1.052849e-01	1.850596e-02	2.214970e+00	8.629049e-01	9.730075e-02	1.046821e+00	1.400441e+01
11	-6.362714e-01	5.779947e-01	-6.362633e-01	6.630916e+00	-2.125630e-03	-1.283603e-01	-2.045038e-03	-1.936253e+00	8.628926e-01	9.655823e-02	1.046957e+00	1.401266e+01
12	-6.476128e-01	7.450722e-01	-6.475685e-01	9.056338e+00	-1.134143e-02	1.670775e-01	-1.130511e-02	2.425422e+00	8.629864e-01	9.517675e-02	1.046447e+00	1.402019e+01
13	-6.507719e-01	7.130468e-01	-6.507594e-01	8.253625e+00	-3.159103e-03	-3.202538e-02	-3.190923e-03	-8.027136e-01	8.629825e-01	9.513747e-02	1.046972e+00	1.402551e+01
14	-6.490331e-01	8.456534e-01	-6.490398e-01	1.002339e+01	1.738821e-03	1.326066e-01	1.719564e-03	1.769763e+00	8.629724e-01	9.436342e-02	1.046897e+00	1.401977e+01
15	-6.508549e-01	8.452796e-01	-6.508478e-01	9.885415e+00	-1.821829e-03	-3.737091e-04	-1.807995e-03	-1.379723e-01	8.629725e-01	9.436346e-02	1.047010e+00	1.401980e+01
16	-6.563416e-01	9.174789e-01	-6.563202e-01	1.240917e+01	-5.486747e-03	7.219922e-02	-5.472377e-03	2.523758e+00	8.629922e-01	9.410520e-02	1.043066e+00	1.407169e+01
17	-6.624153e-01	7.174789e-01	-6.623914e-01	8.759214e+00	-6.073610e-03	-2.000000e-01	-6.071262e-03	-3.649959e+00	8.629413e-01	9.242957e-02	1.045412e+00	1.414893e+01
18	-6.662555e-01	9.174789e-01	-6.662404e-01	1.172481e+01	-3.840270e-03	2.000000e-01	-3.848985e-03	2.965599e+00	8.629753e-01	9.065802e-02	1.045162e+00	1.416195e+01
19	-6.674637e-01	9.221335e-01	-6.674589e-01	1.117060e+01	-1.208135e-03	4.654641e-03	-1.218450e-03	-5.542110e-01	8.629756e-01	9.065670e-02	1.045517e+00	1.416059e+01
20	-6.728153e-01	1.075987e+00	-6.727944e-01	1.218703e+01	-5.351646e-03	1.538532e-01	-5.335501e-03	1.016433e+00	8.630125e-01	8.959753e-02	1.048423e+00	1.407705e+01
21	-6.784535e-01	1.219445e+00	-6.784314e-01	1.402933e+01	-5.638162e-03	1.434582e-01	-5.636980e-03	1.842298e+00	8.630486e-01	8.867858e-02	1.048877e+00	1.406550e+01
22	-6.826133e-01	1.191723e+00	-6.825969e-01	1.306885e+01	-4.159811e-03	-2.772245e-02	-4.165581e-03	-9.604784e-01	8.630449e-01	8.865379e-02	1.049995e+00	1.407295e+01
23	-6.822469e-01	1.319253e+00	-6.822483e-01	1.553573e+01	3.663330e-04	1.275310e-01	3.486302e-04	2.466879e+00	8.630429e-01	8.797638e-02	1.050111e+00	1.411332e+01
24	-6.780619e-01	1.175468e+00	-6.780783e-01	1.403866e+01	4.185041e-03	-1.437858e-01	4.170055e-03	-1.497073e+00	8.630689e-01	8.708354e-02	1.051149e+00	1.407763e+01
25	-6.698541e-01	1.222360e+00	-6.698863e-01	1.391594e+01	8.207768e-03	4.689240e-02	8.191996e-03	-1.227197e-01	8.630573e-01	8.701734e-02	1.048067e+00	1.406003e+01
26	-6.651432e-01	1.381258e+00	-6.651617e-01	1.578707e+01	4.710928e-03	1.588982e-01	4.724526e-03	1.871130e+00	8.630282e-01	8.603585e-02	1.047254e+00	1.403260e+01
27	-6.564808e-01	1.381008e+00	-6.565147e-01	1.571029e+01	8.662420e-03	-2.503287e-04	8.647037e-03	-7.678108e-02	8.630331e-01	8.603571e-02	1.046915e+00	1.403261e+01
28	-6.395316e-01	1.417365e+00	-6.395980e-01	1.702477e+01	1.694917e-02	3.635671e-02	1.691674e-02	1.314480e+00	8.630264e-01	8.602123e-02	1.053243e+00	1.404618e+01
29	-6.087415e-01	1.305717e+00	-6.088620e-01	1.550965e+01	3.079016e-02	-1.116476e-01	3.073597e-02	-1.515117e+00	8.632264e-01	8.529598e-02	1.053543e+00	1.404510e+01
30	-5.817527e-01	1.413692e+00	-5.818586e-01	1.659813e+01	2.698872e-02	1.079746e-01	2.700336e-02	1.088482e+00	8.631563e-01	8.501544e-02	1.047727e+00	1.402183e+01
31	-5.506219e-01	1.468393e+00	-5.507439e-01	1.617887e+01	3.113088e-02	5.470125e-02	3.111476e-02	-4.192650e-01	8.631503e-01	8.500489e-02	1.029739e+00	1.399022e+01
32	-5.180052e-01	1.648918e+00	-5.181331e-01	1.875544e+01	3.261669e-02	1.805250e-01	3.261083e-02	2.576566e+00	8.629844e-01	8.408672e-02	1.030004e+00	1.399169e+01
33	-4.525224e-01	1.539152e+00	-4.527786e-01	1.766464e+01	6.548281e-02	-1.097659e-01	6.535441e-02	-1.090797e+00	8.635420e-01	8.315202e-02	1.041653e+00	1.397216e+01
34	-3.448406e-01	1.550074e+00	-3.452622e-01	1.833296e+01	1.076818e-01	1.092194e-02	1.075165e-01	6.683258e-01	8.642346e-01	8.322227e-02	1.062174e+00	1.397424e+01
35	-2.850288e-01	1.502725e+00	-2.852641e-01	1.788797e+01	5.981178e-02	-4.734904e-02	5.999813e-02	-4.449979e-01	8.645816e-01	8.294762e-02	1.066512e+00	1.397081e+01
36	-2.116841e-01	1.541402e+00	-2.119715e-01	1.883020e+01	7.334470e-02	3.867685e-02	7.329256e-02	9.422390e-01	8.648132e-01	8.306978e-02	1.077750e+00	1.397673e+01
37	-9.178976e-02	1.499085e+00	-9.225922e-02	1.785852e+01	1.198943e-01	-4.231671e-02	1.197123e-01	-9.716798e-01	8.659172e-01	8.268014e-02	1.048969e+00	1.398689e+01
38	3.144945e-02	1.621638e+00	3.096622e-02	2.037714e+01	1.232392e-01	1.225525e-01	1.232254e-01	2.518619e+00	8.662850e-01	8.304588e-02	1.087908e+00	1.402561e+01
39	1.280514e-01	1.455611e+00	1.276722e-01	1.647611e+01	9.660195e-02	-1.660268e-01	9.670595e-02	-3.901031e+00	8.674928e-01	8.096995e-02	1.012328e+00	1.415551e+01
40	2.067470e-01	1.655611e+00	2.064381e-01	1.802697e+01	7.869561e-02	2.000000e-01	7.876596e-02	1.550858e+00	8.672847e-01	8.044105e-02	9.626421e-01	1.402923e+01
41	3.411721e-01	1.836955e+00	3.406458e-01	2.076803e+01	1.344251e-01	1.813446e-01	1.342077e-01	2.741055e+00	8.674737e-01	8.069601e-02	9.668466e-01	1.403491e+01
42	4.599433e-01	1.718615e+00	4.594773e-01	1.969971e+01	1.187712e-01	-1.183401e-01	1.188315e-01	-1.068318e+00	8.688841e-01	7.929079e-02	9.934253e-01	1.400842e+01
43	5.554726e-01	1.712351e+00	5.550976e-01	1.946917e+01	9.552936e-02	-6.264620e-03	9.562038e-02	-2.305402e-01	8.694764e-01	7.925195e-02	9.826893e-01	1.400913e+01
44	6.505741e-01	1.773319e+00	6.502012e-01	1.998466e+01	9.510149e-02	6.096857e-02	9.510352e-02	5.154903e-01	8.698167e-01	7.947017e-02	9.632945e-01	1.399669e+01
45	7.382316e-01	1.810961e+00	7.378878e-01	1.998919e+01	8.765752e-02	3.764163e-02	8.768660e-02	4.531872e-03	8.701670e-01	7.962055e-02	9.381449e-01	1.398589e+01
46	7.753181e-01	1.877905e+00	7.751719e-01	2.039629e+01	3.708650e-02	6.694444e-02	3.728416e-02	4.071010e-01	8.701614e-01	7.961049e-02	9.282389e-01	1.396801e+01
47	7.839445e-01	1.918328e+00	7.839103e-01	2.032274e+01	8.626394e-03	4.042227e-02	8.738339e-03	-7.355585e-02	8.701533e-01	7.957239e-02	9.255934e-01	1.395562e+01
48	8.239735e-01	1.986724e+00	8.238170e-01	2.216619e+01	4.002893e-02	6.839683e-02	3.990670e-02	1.843451e+00	8.701463e-01	7.956050e-02	9.417402e-01	1.398321e+01
49	8.659195e-01	1.787686e+00	8.657550e-01	1.962951e+01	4.194603e-02	-1.990383e-01	4.193806e-02	-2.536680e+00	8.705616e-01	7.758991e-02	9.457811e-01	1.396403e+01
50	8.507577e-01	1.896486e+00	8.508163e-01	2.191248e+01	-1.516180e-02	1.087994e-01	-1.493875e-02	2.282973e+00	8.706345e-01	7.706690e-02	9.402114e-01	1.400400e+01
51	8.330850e-01	1.726912e+00	8.331542e-01	2.075967e+01	-1.767274e-02	-1.695734e-01	-1.766206e-02	-1.152806e+00	8.705452e-01	7.621001e-02	9.299636e-01	1.390567e+01
52	8.341897e-01	1.668927e+00	8.341856e-01	1.945319e+01	1.104724e-03	-5.798516e-02	1.031416e-03	-1.306484e+00	8.705475e-01	7.608659e-02	9.297010e-01	1.391945e+01
53	8.163531e-01	1.832765e+00	8.164228e-01	2.046728e+01	-1.783658e-02	1.638382e-01	-1.776287e-02	1.014093e+00	8.706704e-01	7.495783e-02	9.401485e-01	1.382349e+01
54	7.653591e-01	1.943301e+00	7.655585e-01	2.289974e+01	-5.099403e-02	1.105355e-01	-5.086423e-02	2.432456e+00	8.710251e-01	7.418904e-02	9.172486e-01	1.387312e+01
55	7.075568e-01	1.743301e+00	7.077834e-01	1.929868e+01	-5.780222e-02	-2.000000e-01	-5.777512e-02	-3.601061e+00	8.708259e-01	7.350004e-02	9.380332e-01	1.394504e+01
56	6.216763e-01	1.943301e+00	6.220127e-01	2.162677e+01	-8.588052e-02	2.000000e-01	-8.577073e-02	2.328094e+00	8.718494e-01	7.111654e-02	9.531901e-01	1.390974e+01
57	4.994208e-01	1.891204e+00	4.998997e-01	1.923914e+01	-1.222555e-01	-5.209663e-02	-1.221130e-01	-2.387630e+00	8.725298e-01	7.140647e-02	1.042208e+00	1.394768e+01
58	3.898507e-01	2.091204e+00	3.902806e-01	2.192122e+01	-1.095701e-01	2.000000e-01	-1.096191e-01	2.682073e+00	8.739652e-01	6.878636e-02	1.041867e+00	1.394830e+01
59	1.595151e-01	1.978483e+00	1.604165e-01	1.930751e+01	-2.303356e-01	-1.127211e-01	-2.298641e-01	-2.613708e+00	8.761690e-01	6.986486e-02	1.126763e+00	1.398984e+01
60	-2.792949e-03	2.178483e+00	-2.155412e-03	2.148175e+01	-1.623081e-01	2.000000e-01	-1.625720e-01	2.174239e+00	8.787312e-01	6.670770e-02	1.159659e+00	1.394931e+01
61	2.990475e-02	2.130977e+00	2.977951e-02	2.031887e+01	3.269769e-02	-4.750619e-02	3.193492e-02	-1.162877e+00	8.788300e-01	6.656417e-02	1.151315e+00	1.396143e+01
62	6.379204e-02	2.225230e+00	6.365918e-02	2.251124e+01	3.388730e-02	9.425304e-02	3.387967e-02	2.192374e+00	8.787951e-01	6.646726e-02	1.164728e+00	1.399874e+01
63	1.307388e-01	2.025230e+00	1.304768e-01	1.935227e+01	6.694681e-02	-2.000000e-01	6.681764e-02	-3.158969e+00	8.794571e-01	6.448978e-02	1.151128e+00	1.403937e+01
64	2.782929e-01	2.219520e+00	2.777155e-01	2.273010e+01	1.475540e-01	1.942900e-01	1.472387e-01	3.377830e+00	8.797934e-01	6.493264e-02	1.183816e+00	1.408241e+01
65	7.484446e-01	2.019520e+00	7.466058e-01	1.923663e+01	4.701517e-01	-2.000000e-01	4.688903e-01	-3.493471e+00	8.932736e-01	5.919825e-02	9.401395e-01	1.418607e+01
66	8.870185e-01	2.219520e+00	8.864700e-01	2.148556e+01	1.385739e-01	2.000000e-01	1.398642e-01	2.248930e+00	8.935446e-01	5.958949e-02	8.942017e-01	1.411977e+01
67	8.388020e-01	2.107661e+00	8.389882e-01	2.027935e+01	-4.821646e-02	-1.118587e-01	-4.748177e-02	-1.206218e+00	8.934931e-01	5.946990e-02	8.847371e-01	1.409781e+01
68	9.455097e-01	2.102567e+00	9.450936e-01	2.040153e+01	1.067078e-01	-5.093656e-03	1.061054e-01	1.221822e-01	8.940508e-01	5.944328e-02	8.897560e-01	1.409757e+01
69	1.116014e+00	2.054133e+00	1.115346e+00	1.975097e+01	1.705040e-01	-4.843407e-02	1.702525e-01	-6.505538e-01	8.957007e-01	5.897459e-02	8.802308e-01	1.410028e+01
70	1.141399e+00	2.078217e+00	1.141297e+00	1.823012e+01	2.538513e-02	2.408387e-02	2.595102e-02	-1.520859e+00	8.957223e-01	5.899509e-02	8.575420e-01	1.407875e+01
71	1.070431e+00	2.278217e+00	1.070708e+00	2.120014e+01	-7.096821e-02	2.000000e-01	-7.058962e-02	2.970029e+00	8.963428e-01	5.724649e-02	8.504495e-01	1.409874e+01
72	1.088637e+00	2.078217e+00	1.088567e+00	1.812191e+01	1.820585e-02	-2.000000e-01	1.785900e-02	-3.078233e+00	8.964529e-01	5.603687e-02	8.481271e-01	1.412425e+01
73	1.112139e+00	2.278217e+00	1.112047e+00	1.982252e+01	2.350250e-02	2.000000e-01	2.348045e-02	1.700611e+00	8.963567e-01	5.521787e-02	8.356078e-01	1.401771e+01
74	1.060061e+00	2.247692e+00	1.060264e+00	1.843483e+01	-5.207801e-02	-3.052468e-02	-5.178286e-02	-1.387689e+00	8.964410e-01	5.526732e-02	8.582328e-01	1.403098e+01
75	9.830485e-01	2.405139e+00	9.833501e-01	2.039422e+01	-7.701255e-02	1.574468e-01	-7.691399e-02	1.959386e+00	8.970383e-01	5.404622e-02	8.648493e-01	1.401745e+01
76	9.349261e-01	2.213004e+00	9.351153e-01	1.738334e+01	-4.812235e-02	-1.921353e-01	-4.823481e-02	-3.010877e+00	8.969191e-01	5.357031e-02	8.710371e-01	1.404215e+01
77	8.923834e-01	2.413004e+00	8.925503e-01	2.112804e+01	-4.254274e-02	2.000000e-01	-4.256497e-02	3.744696e+00	8.972184e-01	5.216317e-02	8.517711e-01	1.413273e+01
78	8.466356e-01	2.213004e+00	8.468150e-01	1.902082e+01	-4.574779e-02	-2.000000e-01	-4.573536e-02	-2.107217e+00	8.970962e-01	5.162883e-02	8.356329e-01	1.406217e+01
79	7.932262e-01	2.155600e+00	7.934355e-01	1.808138e+01	-5.340943e-02	-5.740396e-02	-5.337946e-02	-9.394433e-01	8.971595e-01	5.169685e-02	8.378481e-01	1.406455e+01
80	7.432702e-01	2.175596e+00	7.434662e-01	1.858369e+01	-4.995597e-02	1.999592e-02	-4.996934e-02	5.023124e-01	8.973061e-01	5.163819e-02	8.316180e-01	1.406705e+01
81	7.023616e-01	2.044755e+00	7.025221e-01	1.773383e+01	-4.090865e-02	-1.308412e-01	-4.094405e-02	-8.498632e-01	8.972575e-01	5.148304e-02	8.118916e-01	1.400396e+01
82	6.379743e-01	1.965822e+00	6.382265e-01	1.540844e+01	-6.438724e-02	-7.893286e-02	-6.429566e-02	-2.325387e+00	8.973324e-01	5.157480e-02	8.474214e-01	1.404751e+01
83	6.073701e-01	2.165822e+00	6.074906e-01	1.798823e+01	-3.060428e-02	2.000000e-01	-3.073588e-02	2.579791e+00	8.975260e-01	5.030977e-02	8.503243e-01	1.402854e+01
84	5.631787e-01	1.965822e+00	5.633518e-01	1.531958e+01	-4.419134e-02	-2.000000e-01	-4.413878e-02	-2.668649e+00	8.974111e-01	4.979000e-02	8.467338e-01	1.401229e+01
85	4.856458e-01	2.165822e+00	4.859493e-01	1.846116e+01	-7.753296e-02	2.000000e-01	-7.740251e-02	3.141576e+00	8.980513e-01	4.813874e-02	8.321622e-01	1.404988e+01
86	4.155265e-01	1.965822e+00	4.158016e-01	1.439338e+01	-7.011923e-02	-2.000000e-01	-7.014768e-02	-4.067775e+00	8.979714e-01	4.791103e-02	8.712343e-01	1.416132e+01
87	3.997983e-01	2.165822e+00	3.998608e-01	1.706089e+01	-1.572822e-02	2.000000e-01	-1.594079e-02	2.667510e+00	8.980549e-01	4.684944e-02	8.723405e-01	1.414726e+01
88	3.982512e-01	1.965822e+00	3.982575e-01	1.470883e+01	-1.547108e-03	-2.000000e-01	-1.603333e-03	-2.352066e+00	8.980483e-01	4.599668e-02	8.719956e-01	1.410267e+01
89	3.985122e-01	2.081477e+00	3.985112e-01	1.613452e+01	2.610287e-04	1.156549e-01	2.537460e-04	1.425689e+00	8.980477e-01	4.570743e-02	8.719703e-01	1.409145e+01
90	4.249751e-01	1.898943e+00	4.248718e-01	1.216998e+01	2.646291e-02	-1.825336e-01	2.636053e-02	-3.964539e+00	8.981829e-01	4.477487e-02	8.544758e-01	1.421212e+01
91	4.662434e-01	2.098943e+00	4.660818e-01	1.429827e+01	4.126829e-02	2.000000e-01	4.121006e-02	2.128294e+00	8.980905e-01	4.432713e-02	8.400859e-01	1.414238e+01
92	5.140325e-01	2.022006e+00	5.138452e-01	1.406204e+01	4.778908e-02	-7.693717e-02	4.776338e-02	-2.362332e-01	8.982771e-01	4.402668e-02	8.584360e-01	1.411284e+01
93	5.913455e-01	1.939506e+00	5.910428e-01	1.309794e+01	7.731304e-02	-8.249977e-02	7.719761e-02	-9.640954e-01	8.986924e-01	4.358351e-02	8.633200e-01	1.410763e+01
94	6.033769e-01	1.999184e+00	6.033287e-01	1.395888e+01	1.203131e-02	5.967809e-02	1.228587e-02	8.609368e-01	8.986860e-01	4.355161e-02	8.633692e-01	1.410788e+01
95	6.088132e-01	1.852793e+00	6.087917e-01	1.063493e+01	5.436309e-03	-1.463910e-01	5.463065e-03	-3.323950e+00	8.987037e-01	4.307325e-02	8.601415e-01	1.419479e+01
96	6.340535e-01	2.052793e+00	6.339548e-01	1.291969e+01	2.524033e-02	2.000000e-01	2.516307e-02	2.284758e+00	8.986316e-01	4.250202e-02	8.533743e-01	1.414117e+01
97	6.583084e-01	1.890939e+00	6.582132e-01	1.066810e+01	2.425487e-02	-1.618539e-01	2.425842e-02	-2.251587e+00	8.987378e-01	4.179334e-02	8.535621e-01	1.413992e+01
98	6.779751e-01	2.090939e+00	6.778979e-01	1.275408e+01	1.966675e-02	2.000000e-01	1.968469e-02	2.085978e+00	8.986797e-01	4.120210e-02	8.466140e-01	1.406926e+01
99	6.831541e-01	1.890939e+00	6.831336e-01	1.080204e+01	5.179004e-03	-2.000000e-01	5.235667e-03	-1.952035e+00	8.987010e-01	4.038048e-02	8.486819e-01	1.398940e+01
100	6.946723e-01	1.955801e+00	6.946272e-01	1.119655e+01	1.151819e-02	6.486159e-02	1.149365e-02	3.945103e-01	8.986929e-01	4.033507e-02	8.458287e-01	1.397333e+01
101	7.110621e-01	1.896751e+00	7.109979e-01	1.239956e+01	1.638976e-02	-5.905003e-02	1.637063e-02	1.203009e+00	8.987242e-01	4.022244e-02	8.614807e-01	1.391694e+01
102	7.202801e-01	1.696751e+00	7.202439e-01	9.511969e+00	9.218064e-03	-2.000000e-01	9.246003e-03	-2.887595e+00	8.987628e-01	3.938368e-02	8.609993e-01	1.392739e+01
103	7.269498e-01	1.886459e+00	7.269237e-01	1.238275e+01	6.669714e-03	1.897084e-01	6.679778e-03	2.870777e+00	8.987417e-01	3.878300e-02	8.616929e-01	1.394712e+01
104	7.323100e-01	1.686459e+00	7.322890e-01	8.582146e+00	5.360173e-03	-2.000000e-01	5.365327e-03	-3.800600e+00	8.987624e-01	3.800955e-02	8.591574e-01	1.404172e+01
105	7.382782e-01	1.886459e+00	7.382548e-01	1.189140e+01	5.968192e-03	2.000000e-01	5.965837e-03	3.309252e+00	8.987430e-01	3.735759e-02	8.605353e-01	1.408790e+01
106	7.411936e-01	1.686459e+00	7.411821e-01	8.454495e+00	2.915340e-03	-2.000000e-01	2.927256e-03	-3.436902e+00	8.987535e-01	3.663312e-02	8.596910e-01	1.414581e+01
107	7.436132e-01	1.869718e+00	7.436037e-01	9.925042e+00	2.419691e-03	1.832588e-01	2.421674e-03	1.470546e+00	8.987462e-01	3.607953e-02	8.584206e-01	1.404960e+01
108	7.446852e-01	1.669718e+00	7.446810e-01	7.631420e+00	1.072005e-03	-2.000000e-01	1.077277e-03	-2.293622e+00	8.987499e-01	3.539686e-02	8.586779e-01	1.400160e+01
109	7.459139e-01	1.688351e+00	7.459090e-01	7.495636e+00	1.228602e-03	1.863262e-02	1.228011e-03	-1.357840e-01	8.987496e-01	3.539212e-02	8.584459e-01	1.399808e+01
110	7.464483e-01	1.598519e+00	7.464462e-01	6.281341e+00	5.344926e-04	-8.983134e-02	5.372017e-04	-1.214294e+00	8.987504e-01	3.525459e-02	8.584567e-01	1.399626e+01
111	7.459897e-01	1.622978e+00	7.459914e-01	5.703897e+00	-4.586908e-04	2.445879e-02	-4.548006e-04	-5.774439e-01	8.987506e-01	3.524408e-02	8.586569e-01	1.398558e+01
112	7.452101e-01	1.684652e+00	7.452131e-01	6.608801e+00	-7.795713e-04	6.167389e-02	-7.783027e-04	9.049040e-01	8.987514e-01	3.517825e-02	8.586410e-01	1.398684e+01
113	7.444665e-01	1.484652e+00	7.444694e-01	3.463705e+00	-7.435577e-04	-2.000000e-01	-7.436935e-04	-3.145096e+00	8.987490e-01	3.452999e-02	8.587612e-01	1.401917e+01
114	7.434131e-01	1.684652e+00	7.434173e-01	4.928679e+00	-1.053387e-03	2.000000e-01	-1.052178e-03	1.464974e+00	8.987525e-01	3.387697e-02	8.594175e-01	1.389456e+01
115	7.432141e-01	1.564042e+00	7.432149e-01	2.004932e+00	-1.990314e-04	-1.206098e-01	-2.023640e-04	-2.923747e+00	8.987521e-01	3.364591e-02	8.595346e-01	1.396552e+01
116	7.430648e-01	1.764042e+00	7.430654e-01	5.141669e+00	-1.493209e-04	2.000000e-01	-1.495281e-04	3.136737e+00	8.987525e-01	3.301775e-02	8.595107e-01	1.399754e+01
117	7.416074e-01	1.564042e+00	7.416131e-01	2.310426e+00	-1.457399e-03	-2.000000e-01	-1.452290e-03	-2.831244e+00	8.987482e-01	3.241598e-02	8.595314e-01	1.400038e+01
118	7.401684e-01	1.729901e+00	7.401741e-01	4.410484e+00	-1.438978e-03	1.658590e-01	-1.439030e-03	2.100058e+00	8.987519e-01	3.198683e-02	8.596803e-01	1.398322e+01
119	7.396552e-01	1.529901e+00	7.396572e-01	6.174082e-01	-5.131910e-04	-2.000000e-01	-5.168076e-04	-3.793075e+00	8.987504e-01	3.139617e-02	8.599183e-01	1.407598e+01
120	7.395656e-01	1.729901e+00	7.395660e-01	2.978216e+00	-8.960745e-05	2.000000e-01	-9.127620e-05	2.360808e+00	8.987506e-01	3.081034e-02	8.599373e-01	1.403367e+01
121	7.387865e-01	1.529901e+00	7.387896e-01	0.000000e+00	-7.791015e-04	-2.000000e-01	-7.764147e-04	-2.978216e+00	8.987484e-01	3.024352e-02	8.599993e-01	1.404958e+01
122	7.388373e-01	1.726413e+00	7.388371e-01	2.984815e+00	5.074199e-05	1.965113e-01	4.751091e-05	2.984815e+00	8.987483e-01	2.969945e-02	8.600045e-01	1.407008e+01
123	7.389329e-01	1.526413e+00	7.389325e-01	6.739804e-01	9.561286e-05	-2.000000e-01	9.542496e-05	-2.310834e+00	8.987485e-01	2.914534e-02	8.600269e-01	1.402322e+01
124	7.387470e-01	1.572561e+00	7.387477e-01	7.617216e-01	-1.858670e-04	4.614825e-02	-1.847682e-04	8.774124e-02	8.987487e-01	2.911550e-02	8.600763e-01	1.401098e+01
125	7.386628e-01	1.533450e+00	7.386632e-01	0.000000e+00	-8.415124e-05	-3.911110e-02	-8.454428e-05	-7.617216e-01	8.987486e-01	2.909452e-02	8.600848e-01	1.401494e+01
126	7.380378e-01	1.605952e+00	7.380402e-01	7.817036e-01	-6.250765e-04	7.250243e-02	-6.229651e-04	7.817036e-01	8.987493e-01	2.901997e-02	8.601541e-01	1.400691e+01
127	7.380006e-01	1.498773e+00	7.380008e-01	0.000000e+00	-3.715548e-05	-1.071791e-01	-3.944380e-05	-7.817036e-01	8.987492e-01	2.886283e-02	8.601414e-01	1.397049e+01
128	7.381638e-01	1.505257e+00	7.381631e-01	0.000000e+00	1.631585e-04	6.483717e-03	1.623671e-04	0.000000e+00	8.987492e-01	2.886230e-02	8.601344e-01	1.397021e+01
129	7.382701e-01	1.521589e+00	7.382697e-01	5.824922e-01	1.063464e-04	1.633192e-02	1.065652e-04	5.824922e-01	8.987492e-01	2.885873e-02	8.601523e-01	1.397295e+01
130	7.391333e-01	1.408325e+00	7.391299e-01	0.000000e+00	8.631375e-04	-1.132641e-01	8.601822e-04	-5.824922e-01	8.987505e-01	2.867948e-02	8.605594e-01	1.391953e+01
131	7.384947e-01	1.380849e+00	7.384972e-01	0.000000e+00	-6.385075e-04	-2.747538e-02	-6.326532e-04	0.000000e+00	8.987503e-01	2.866997e-02	8.604433e-01	1.391453e+01
132	7.382759e-01	1.363021e+00	7.382768e-01	0.000000e+00	-2.188396e-04	-1.782824e-02	-2.204561e-04	0.000000e+00	8.987503e-01	2.866584e-02	8.604175e-01	1.391243e+01
133	7.384183e-01	1.354752e+00	7.384178e-01	7.660164e-01	1.424369e-04	-8.268619e-03	1.410194e-04	7.660164e-01	8.987503e-01	2.866486e-02	8.604771e-01	1.390897e+01
134	7.391197e-01	1.178844e+00	7.391170e-01	0.000000e+00	7.013595e-04	-1.759085e-01	6.991706e-04	-7.660164e-01	8.987520e-01	2.824429e-02	8.610283e-01	1.377073e+01
135	7.382944e-01	1.108434e+00	7.382976e-01	0.000000e+00	-8.252919e-04	-7.040991e-02	-8.193370e-04	0.000000e+00	8.987512e-01	2.818053e-02	8.606489e-01	1.373836e+01
136	7.377839e-01	1.047251e+00	7.377859e-01	0.000000e+00	-5.105194e-04	-6.118351e-02	-5.117257e-04	0.000000e+00	8.987508e-01	2.813205e-02	8.604453e-01	1.371396e+01
137	7.379642e-01	9.951643e-01	7.379635e-01	0.000000e+00	1.803294e-04	-5.208624e-02	1.776260e-04	0.000000e+00	8.987509e-01	2.809547e-02	8.605064e-01	1.369632e+01
138	7.381185e-01	9.520491e-01	7.381179e-01	1.167712e-02	1.543264e-04	-4.311521e-02	1.544174e-04	1.167712e-02	8.987510e-01	2.807036e-02	8.605505e-01	1.368400e+01
139	7.383072e-01	9.152630e-01	7.383065e-01	0.000000e+00	1.886413e-04	-3.678609e-02	1.885076e-04	-1.167712e-02	8.987511e-01	2.805200e-02	8.605945e-01	1.367541e+01
140	7.382808e-01	8.885800e-01	7.382809e-01	0.000000e+00	-2.639501e-05	-2.668304e-02	-2.555554e-05	0.000000e+00	8.987511e-01	2.804254e-02	8.605899e-01	1.367079e+01
141	7.382374e-01	8.705228e-01	7.382376e-01	0.000000e+00	-4.335612e-05	-1.805714e-02	-4.328658e-05	0.000000e+00	8.987511e-01	2.803823e-02	8.605848e-01	1.366867e+01
142	7.382486e-01	8.609893e-01	7.382485e-01	0.000000e+00	1.113513e-05	-9.533489e-03	1.092254e-05	0.000000e+00	8.987511e-01	2.803702e-02	8.605855e-01	1.366808e+01
143	7.383812e-01	8.598834e-01	7.383807e-01	2.721091e+00	1.326017e-04	-1.105961e-03	1.321264e-04	2.721091e+00	8.987511e-01	2.803699e-02	8.607579e-01	1.366665e+01
144	7.378342e-01	6.598834e-01	7.378363e-01	0.000000e+00	-5.469795e-04	-2.000000e-01	-5.443267e-04	-2.721091e+00	8.987497e-01	2.751965e-02	8.607546e-01	1.366546e+01
145	7.372201e-01	7.712992e-01	7.372225e-01	1.269747e+00	-6.140591e-04	1.114158e-01	-6.137867e-04	1.269747e+00	8.987506e-01	2.735513e-02	8.608278e-01	1.365219e+01
146	7.379056e-01	6.356030e-01	7.379029e-01	0.000000e+00	6.854565e-04	-1.356962e-01	6.803814e-04	-1.269747e+00	8.987518e-01	2.711394e-02	8.610156e-01	1.361501e+01
147	7.376117e-01	6.474143e-01	7.376129e-01	8.467249e-01	-2.938488e-04	1.181127e-02	-2.900432e-04	8.467249e-01	8.987519e-01	2.711200e-02	8.609198e-01	1.361886e+01
148	7.375845e-01	4.994125e-01	7.375846e-01	0.000000e+00	-2.725446e-05	-1.480017e-01	-2.828098e-05	-8.467249e-01	8.987518e-01	2.683323e-02	8.609049e-01	1.353757e+01
149	7.363198e-01	4.513894e-01	7.363248e-01	5.542742e-01	-1.264681e-03	-4.802310e-02	-1.259851e-03	5.542742e-01	8.987511e-01	2.680668e-02	8.601815e-01	1.351011e+01
150	7.363041e-01	3.023572e-01	7.363042e-01	0.000000e+00	-1.572100e-05	-1.490322e-01	-2.058088e-05	-5.542742e-01	8.987511e-01	2.652742e-02	8.601708e-01	1.340794e+01
151	7.360170e-01	2.213413e-01	7.360181e-01	0.000000e+00	-2.871133e-04	-8.101589e-02	-2.860722e-04	0.000000e+00	8.987508e-01	2.644606e-02	8.600231e-01	1.336627e+01
152	7.355421e-01	1.483993e-01	7.355440e-01	0.000000e+00	-4.748801e-04	-7.294200e-02	-4.741426e-04	0.000000e+00	8.987504e-01	2.638104e-02	8.598036e-01	1.333257e+01
153	7.359527e-01	8.355760e-02	7.359511e-01	1.625738e-01	4.105938e-04	-6.484169e-02	4.071378e-04	1.625738e-01	8.987507e-01	2.632729e-02	8.600035e-01	1.330101e+01
154	7.362957e-01	0.000000e+00	7.362944e-01	0.000000e+00	3.430541e-04	-8.355760e-02	3.433044e-04	-1.625738e-01	8.987511e-01	2.623890e-02	8.601575e-01	1.326349e+01
155	7.349155e-01	0.000000e+00	7.349209e-01	0.000000e+00	-1.380215e-03	0.000000e+00	-1.373483e-03	0.000000e+00	8.987512e-01	2.623890e-02	1.000000e+00	1.400000e+01
156	7.348259e-01	0.000000e+00	7.348263e-01	0.000000e+00	-8.960127e-05	0.000000e+00	-9.461644e-05	0.000000e+00	8.987512e-01	2.623890e-02	1.000000e+00	1.400000e+01
157	7.351686e-01	0.000000e+00	7.351673e-01	0.000000e+00	3.426658e-04	0.000000e+00	3.409577e-04	0.000000e+00	8.987512e-01	2.623890e-02	1.000000e+00	1.400000e+01
158	7.356451e-01	0.000000e+00	7.356433e-01	0.000000e+00	4.765247e-04	0.000000e+00	4.759951e-04	0.000000e+00	8.987512e-01	2.623890e-02	1.000000e+00	1.400000e+01
159	7.355810e-01	0.000000e+00	7.355812e-01	7.013979e-01	-6.414831e-05	0.000000e+00	-6.203838e-05	7.013979e-01	8.987512e-01	2.623890e-02	1.000000e+00	1.400000e+01
160	7.355071e-01	0.000000e+00	7.355074e-01	0.000000e+00	-7.389461e-05	0.000000e+00	-7.384830e-05	-7.013979e-01	8.987512e-01	2.623890e-02	1.000000e+00	1.400000e+01
161	7.351767e-01	0.000000e+00	7.351780e-01	0.000000e+00	-3.303793e-04	0.000000e+00	-3.293772e-04	0.000000e+00	8.987512e-01	2.623890e-02	1.000000e+00	1.400000e+01
162	7.353258e-01	0.000000e+00	7.353252e-01	0.000000e+00	1.491168e-04	0.000000e+00	1.472477e-04	0.000000e+00	8.987512e-01	2.623890e-02	1.000000e+00	1.400000e+01
163	7.354078e-01	0.000000e+00	7.354074e-01	0.000000e+00	8.194088e-05	0.000000e+00	8.219599e-05	0.000000e+00	8.987512e-01	2.623890e-02	1.000000e+00	1.400000e+01
164	7.354110e-01	0.000000e+00	7.354110e-01	0.000000e+00	3.267531e-06	0.000000e+00	3.575846e-06	0.000000e+00	1.000000e+00	1.000000e-01	1.000000e+00	1.400000e+01
165	7.353907e-01	0.000000e+00	7.353908e-01	0.000000e+00	-2.030381e-05	0.000000e+00	-2.021053e-05	0.000000e+00	1.000000e+00	1.000000e-01	1.000000e+00	1.400000e+01
166	7.353375e-01	0.000000e+00	7.353377e-01	0.000000e+00	-5.320265e-05	0.000000e+00	-5.307378e-05	0.000000e+00	1.000000e+00	1.000000e-01	1.000000e+00	1.400000e+01
167	7.353475e-01	0.000000e+00	7.353474e-01	0.000000e+00	9.953059e-06	0.000000e+00	9.706860e-06	0.000000e+00	1.000000e+00	1.000000e-01	1.000000e+00	1.400000e+01
168	7.353606e-01	0.000000e+00	7.353606e-01	0.000000e+00	1.317613e-05	0.000000e+00	1.316257e-05	0.000000e+00	1.000000e+00	1.000000e-01	1.000000e+00	1.400000e+01
169	7.353931e-01	0.000000e+00	7.353930e-01	0.000000e+00	3.246933e-05	0.000000e+00	3.239391e-05	0.000000e+00	1.000000e+00	1.000000e-01	1.000000e+00	1.400000e+01
170	7.353934e-01	2.728247e-04	7.353934e-01	0.000000e+00	3.362646e-07	2.728247e-04	4.614898e-07	0.000000e+00	1.000000e+00	1.000000e-01	1.000000e+00	1.400000e+01
171	7.353854e-01	9.291445e-03	7.353854e-01	1.384779e+00	-8.081870e-06	9.018621e-03	-8.048497e-06	1.384779e+00	1.000000e+00	1.000000e-01	9.999952e-01	1.400539e+01
172	7.358722e-01	0.000000e+00	7.358703e-01	0.000000e+00	4.868155e-04	-9.291445e-03	4.848824e-04	-1.384779e+00	1.000000e+00	9.999591e-02	9.997049e-01	1.401093e+01
173	7.354526e-01	0.000000e+00	7.354543e-01	3.245476e-01	-4.195617e-04	0.000000e+00	-4.160287e-04	3.245476e-01	1.000000e+00	9.999591e-02	1.000000e+00	1.400000e+01
174	7.360379e-01	0.000000e+00	7.360356e-01	0.000000e+00	5.853023e-04	0.000000e+00	5.813908e-04	-3.245476e-01	1.000000e+00	9.999591e-02	1.000000e+00	1.400000e+01
175	7.351968e-01	0.000000e+00	7.352001e-01	0.000000e+00	-8.411102e-04	0.000000e+00	-8.355536e-04	0.000000e+00	1.000000e+00	9.999591e-02	1.000000e+00	1.400000e+01
176	7.350831e-01	0.000000e+00	7.350835e-01	0.000000e+00	-1.137216e-04	0.000000e+00	-1.165413e-04	0.000000e+00	1.000000e+00	9.999591e-02	1.000000e+00	1.400000e+01
177	7.352769e-01	0.000000e+00	7.352762e-01	0.000000e+00	1.938392e-04	0.000000e+00	1.926268e-04	0.000000e+00	1.000000e+00	9.999591e-02	1.000000e+00	1.400000e+01
178	7.352905e-01	0.000000e+00	7.352904e-01	7.085728e-02	1.356587e-05	0.000000e+00	1.426532e-05	7.085728e-02	1.000000e+00	9.999591e-02	1.000000e+00	1.400000e+01
179	7.366818e-01	0.000000e+00	7.366763e-01	3.055546e-01	1.391269e-03	0.000000e+00	1.385890e-03	2.346973e-01	1.000000e+00	9.999591e-02	1.000000e+00	1.400000e+01
180	7.364435e-01	0.000000e+00	7.364444e-01	0.000000e+00	-2.382776e-04	0.000000e+00	-2.319332e-04	-3.055546e-01	1.000000e+00	9.999591e-02	1.000000e+00	1.400000e+01
181	7.335290e-01	0.000000e+00	7.335404e-01	2.004280e-01	-2.914450e-03	0.000000e+00	-2.903972e-03	2.004280e-01	1.000000e+00	9.999591e-02	1.000000e+00	1.400000e+01
182	7.348982e-01	0.000000e+00	7.348929e-01	0.000000e+00	1.369167e-03	0.000000e+00	1.352475e-03	-2.004280e-01	1.000000e+00	9.999591e-02	1.000000e+00	1.400000e+01
183	7.345876e-01	0.000000e+00	7.345888e-01	0.000000e+00	-3.105663e-04	0.000000e+00	-3.040700e-04	0.000000e+00	1.000000e+00	9.999591e-02	1.000000e+00	1.400000e+01
184	7.342760e-01	0.000000e+00	7.342772e-01	0.000000e+00	-3.116134e-04	0.000000e+00	-3.115839e-04	0.000000e+00	1.000000e+00	9.999591e-02	1.000000e+00	1.400000e+01
185	7.344278e-01	0.000000e+00	7.344272e-01	4.793863e-02	1.517255e-04	0.000000e+00	1.499157e-04	4.793863e-02	1.000000e+00	9.999591e-02	1.000000e+00	1.400000e+01
186	7.362342e-01	0.000000e+00	7.362271e-01	0.000000e+00	1.806452e-03	0.000000e+00	1.799981e-03	-4.793863e-02	1.000000e+00	9.999591e-02	1.000000e+00	1.400000e+01
187	7.347025e-01	4.778619e-03	7.347085e-01	0.000000e+00	-1.531693e-03	4.778619e-03	-1.518678e-03	0.000000e+00	1.000001e+00	9.999485e-02	1.000048e+00	1.399985e+01
188	7.343309e-01	1.857636e-02	7.343323e-01	1.556004e-01	-3.716357e-04	1.379774e-02	-3.761163e-04	1.556004e-01	1.000001e+00	9.998578e-02	1.000054e+00	1.399961e+01
189	7.370808e-01	7.133354e-03	7.370700e-01	3.969767e-01	2.749907e-03	-1.144300e-02	2.737696e-03	2.413763e-01	1.000002e+00	9.997963e-02	1.000575e+00	1.399744e+01
190	7.371501e-01	0.000000e+00	7.371497e-01	0.000000e+00	6.927959e-05	-7.133354e-03	7.970309e-05	-3.969767e-01	1.000002e+00	9.997718e-02	1.000565e+00	1.399845e+01
191	7.330236e-01	0.000000e+00	7.330398e-01	6.978918e-02	-4.126428e-03	0.000000e+00	-4.109998e-03	6.978918e-02	1.000002e+00	9.997718e-02	1.000000e+00	1.400000e+01
192	7.351627e-01	0.000000e+00	7.351545e-01	2.055547e-01	2.139110e-03	0.000000e+00	2.114699e-03	1.357655e-01	1.000002e+00	9.997718e-02	1.000000e+00	1.400000e+01
193	7.366510e-01	0.000000e+00	7.366452e-01	0.000000e+00	1.488260e-03	0.000000e+00	1.490707e-03	-2.055547e-01	1.000002e+00	9.997718e-02	1.000000e+00	1.400000e+01
194	7.334698e-01	0.000000e+00	7.334822e-01	3.409887e-02	-3.181217e-03	0.000000e+00	-3.162967e-03	3.409887e-02	1.000002e+00	9.997718e-02	1.000000e+00	1.400000e+01
195	7.348705e-01	0.000000e+00	7.348651e-01	0.000000e+00	1.400708e-03	0.000000e+00	1.382881e-03	-3.409887e-02	1.000002e+00	9.997718e-02	1.000000e+00	1.400000e+01
196	7.338855e-01	7.945919e-04	7.338893e-01	0.000000e+00	-9.850001e-04	7.945919e-04	-9.757505e-04	0.000000e+00	1.000002e+00	9.997715e-02	1.000005e+00	1.400000e+01
197	7.335766e-01	1.069258e-02	7.335779e-01	2.783830e-01	-3.088508e-04	9.897993e-03	-3.114558e-04	2.783830e-01	1.000002e+00	9.997249e-02	9.999842e-01	1.400065e+01
198	7.359999e-01	0.000000e+00	7.359905e-01	0.000000e+00	2.423274e-03	-1.069258e-02	2.412592e-03	-2.783830e-01	1.000004e+00	9.996711e-02	9.998333e-01	1.400132e+01
199	7.343375e-01	3.106914e-04	7.343440e-01	0.000000e+00	-1.662385e-03	3.106914e-04	-1.646467e-03	0.000000e+00	1.000004e+00	9.996711e-02	9.998354e-01	1.400132e+01
200	7.336236e-01	9.747870e-03	7.336264e-01	0.000000e+00	-7.139484e-04	9.437179e-03	-7.175910e-04	0.000000e+00	1.000004e+00	9.996287e-02	9.998800e-01	1.400073e+01
201	7.336927e-01	2.831742e-02	7.336924e-01	0.000000e+00	6.909620e-05	1.856955e-02	6.602320e-05	0.000000e+00	1.000004e+00	9.994647e-02	9.998714e-01	1.399844e+01
202	7.332471e-01	5.602358e-02	7.332489e-01	0.000000e+00	-4.455498e-04	2.770616e-02	-4.435515e-04	0.000000e+00	1.000004e+00	9.991006e-02	9.999534e-01	1.399334e+01
203	7.331844e-01	9.286838e-02	7.331847e-01	5.058916e-01	-6.270538e-05	3.684480e-02	-6.419306e-05	5.058916e-01	1.000005e+00	9.984566e-02	9.999537e-01	1.399317e+01
204	7.368161e-01	2.603686e-02	7.368019e-01	5.527525e-01	3.631676e-03	-6.683152e-02	3.617239e-03	4.686093e-02	1.000016e+00	9.963476e-02	1.001638e+00	1.396218e+01
205	7.370643e-01	0.000000e+00	7.370633e-01	0.000000e+00	2.481916e-04	-2.603686e-02	2.613519e-04	-5.527525e-01	1.000016e+00	9.960252e-02	1.001615e+00	1.396453e+01
206	7.328354e-01	0.000000e+00	7.328519e-01	0.000000e+00	-4.228869e-03	0.000000e+00	-4.211329e-03	0.000000e+00	1.000016e+00	9.960252e-02	1.000000e+00	1.400000e+01
207	7.315316e-01	0.000000e+00	7.315368e-01	0.000000e+00	-1.303823e-03	0.000000e+00	-1.315180e-03	0.000000e+00	1.000016e+00	9.960252e-02	1.000000e+00	1.400000e+01
208	7.324944e-01	0.000000e+00	7.324906e-01	0.000000e+00	9.627546e-04	0.000000e+00	9.538564e-04	0.000000e+00	1.000016e+00	9.960252e-02	1.000000e+00	1.400000e+01
209	7.326330e-01	0.000000e+00	7.326325e-01	2.181265e-01	1.386566e-04	0.000000e+00	1.418410e-04	2.181265e-01	1.000016e+00	9.960252e-02	1.000000e+00	1.400000e+01
210	7.375887e-01	0.000000e+00	7.375693e-01	0.000000e+00	4.955680e-03	0.000000e+00	4.936876e-03	-2.181265e-01	1.000016e+00	9.960252e-02	1.000000e+00	1.400000e+01
211	7.325058e-01	0.000000e+00	7.325255e-01	3.451272e-02	-5.082935e-03	0.000000e+00	-5.043795e-03	3.451272e-02	1.000016e+00	9.960252e-02	1.000000e+00	1.400000e+01
212	7.365045e-01	0.000000e+00	7.364890e-01	3.108740e-01	3.998746e-03	0.000000e+00	3.963424e-03	2.763613e-01	1.000016e+00	9.960252e-02	1.000000e+00	1.400000e+01
213	7.384111e-01	0.000000e+00	7.384036e-01	0.000000e+00	1.906601e-03	0.000000e+00	1.914635e-03	-3.108740e-01	1.000016e+00	9.960252e-02	1.000000e+00	1.400000e+01
214	7.322285e-01	0.000000e+00	7.322526e-01	5.764172e-01	-6.182590e-03	0.000000e+00	-6.150961e-03	5.764172e-01	1.000016e+00	9.960252e-02	1.000000e+00	1.400000e+01
215	7.352528e-01	0.000000e+00	7.352410e-01	0.000000e+00	3.024239e-03	0.000000e+00	2.988398e-03	-5.764172e-01	1.000016e+00	9.960252e-02	1.000000e+00	1.400000e+01
216	7.323654e-01	0.000000e+00	7.323766e-01	0.000000e+00	-2.887342e-03	0.000000e+00	-2.864390e-03	0.000000e+00	1.000016e+00	9.960252e-02	1.000000e+00	1.400000e+01
217	7.318331e-01	0.000000e+00	7.318352e-01	0.000000e+00	-5.323537e-04	0.000000e+00	-5.414632e-04	0.000000e+00	1.000016e+00	9.960252e-02	1.000000e+00	1.400000e+01
218	7.324845e-01	0.000000e+00	7.324819e-01	0.000000e+00	6.514039e-04	0.000000e+00	6.467443e-04	0.000000e+00	1.000016e+00	9.960252e-02	1.000000e+00	1.400000e+01
219	7.307240e-01	0.000000e+00	7.307309e-01	0.000000e+00	-1.760456e-03	0.000000e+00	-1.751053e-03	0.000000e+00	1.000016e+00	9.960252e-02	1.000000e+00	1.400000e+01
220	7.305527e-01	0.000000e+00	7.305534e-01	0.000000e+00	-1.712907e-04	0.000000e+00	-1.774617e-04	0.000000e+00	1.000016e+00	9.960252e-02	1.000000e+00	1.400000e+01
221	7.245766e-01	0.000000e+00	7.246000e-01	0.000000e+00	-5.976073e-03	0.000000e+00	-5.953422e-03	0.000000e+00	1.000016e+00	9.960252e-02	1.000000e+00	1.400000e+01
222	7.245690e-01	0.000000e+00	7.245691e-01	0.000000e+00	-7.651709e-06	0.000000e+00	-3.087738e-05	0.000000e+00	1.000000e+00	1.000000e-01	1.000000e+00	1.400000e+01
223	7.196928e-01	0.000000e+00	7.197119e-01	0.000000e+00	-4.876178e-03	0.000000e+00	-4.857251e-03	0.000000e+00	1.000000e+00	1.000000e-01	1.000000e+00	1.400000e+01
224	7.196104e-01	8.824962e-03	7.196108e-01	4.781125e-01	-8.240477e-05	8.824962e-03	-1.010565e-04	4.781125e-01	1.000000e+00	9.999622e-02	9.999861e-01	1.400149e+01
225	7.383279e-01	0.000000e+00	7.382548e-01	0.000000e+00	1.871752e-02	-8.824962e-03	1.864401e-02	-4.781125e-01	1.000007e+00	9.999283e-02	9.966682e-01	1.400305e+01
226	7.262354e-01	0.000000e+00	7.262823e-01	0.000000e+00	-1.209253e-02	0.000000e+00	-1.197247e-02	0.000000e+00	1.000006e+00	9.999283e-02	1.000000e+00	1.400000e+01
227	7.218359e-01	0.000000e+00	7.218533e-01	0.000000e+00	-4.399467e-03	0.000000e+00	-4.429049e-03	0.000000e+00	1.000007e+00	9.999283e-02	1.000000e+00	1.400000e+01
228	7.257786e-01	0.000000e+00	7.257633e-01	0.000000e+00	3.942697e-03	0.000000e+00	3.909995e-03	0.000000e+00	1.000006e+00	9.999283e-02	1.000000e+00	1.400000e+01
229	7.132828e-01	6.585863e-03	7.133316e-01	3.132008e-01	-1.249580e-02	6.585863e-03	-1.243172e-02	3.132008e-01	1.000010e+00	9.999097e-02	9.986142e-01	1.400073e+01
230	7.362594e-01	0.000000e+00	7.361698e-01	0.000000e+00	2.297655e-02	-6.585863e-03	2.283824e-02	-3.132008e-01	1.000016e+00	9.998935e-02	9.959527e-01	1.400149e+01
231	7.189341e-01	0.000000e+00	7.190014e-01	0.000000e+00	-1.732526e-02	0.000000e+00	-1.716837e-02	0.000000e+00	1.000014e+00	9.998935e-02	1.000000e+00	1.400000e+01
232	7.120689e-01	2.546118e-03	7.120960e-01	2.925488e-01	-6.865180e-03	2.546118e-03	-6.905427e-03	2.925488e-01	1.000015e+00	9.998899e-02	9.991399e-01	1.400032e+01
233	7.376479e-01	0.000000e+00	7.375481e-01	2.365864e-01	2.557898e-02	-2.546118e-03	2.545209e-02	-5.596246e-02	1.000017e+00	9.998884e-02	9.985827e-01	1.400037e+01
234	7.455255e-01	0.000000e+00	7.454943e-01	0.000000e+00	7.877553e-03	0.000000e+00	7.946203e-03	-2.365864e-01	1.000017e+00	9.998884e-02	1.000000e+00	1.400000e+01
235	7.182225e-01	0.000000e+00	7.183290e-01	0.000000e+00	-2.730297e-02	0.000000e+00	-2.716527e-02	0.000000e+00	1.000015e+00	9.998884e-02	1.000000e+00	1.400000e+01
236	7.156280e-01	0.000000e+00	7.156385e-01	0.000000e+00	-2.594503e-03	0.000000e+00	-2.690483e-03	0.000000e+00	1.000015e+00	9.998884e-02	1.000000e+00	1.400000e+01
237	7.224596e-01	0.000000e+00	7.224330e-01	0.000000e+00	6.831624e-03	0.000000e+00	6.794428e-03	0.000000e+00	1.000015e+00	9.998884e-02	1.000000e+00	1.400000e+01
238	7.138931e-01	4.395089e-03	7.139264e-01	3.961655e-01	-8.566567e-03	4.395089e-03	-8.506563e-03	3.961655e-01	1.000017e+00	9.998804e-02	9.986035e-01	1.400072e+01
239	7.372979e-01	0.000000e+00	7.372066e-01	5.060895e-01	2.340486e-02	-4.395089e-03	2.328020e-02	1.099240e-01	1.000020e+00	9.998739e-02	1.000249e+00	1.400041e+01
240	7.439562e-01	0.000000e+00	7.439298e-01	0.000000e+00	6.658273e-03	0.000000e+00	6.723203e-03	-5.060895e-01	1.000021e+00	9.998739e-02	1.000000e+00	1.400000e+01
241	7.199495e-01	0.000000e+00	7.200432e-01	0.000000e+00	-2.400670e-02	0.000000e+00	-2.388666e-02	0.000000e+00	1.000019e+00	9.998739e-02	1.000000e+00	1.400000e+01
242	7.188509e-01	0.000000e+00	7.188555e-01	0.000000e+00	-1.098626e-03	0.000000e+00	-1.187642e-03	0.000000e+00	1.000019e+00	9.998739e-02	1.000000e+00	1.400000e+01
243	7.154127e-01	0.000000e+00	7.154262e-01	6.526542e-01	-3.438150e-03	0.000000e+00	-3.429359e-03	6.526542e-01	1.000019e+00	9.998739e-02	1.000000e+00	1.400000e+01
244	7.376071e-01	0.000000e+00	7.375205e-01	0.000000e+00	2.219441e-02	0.000000e+00	2.209431e-02	-6.526542e-01	1.000018e+00	9.998739e-02	1.000000e+00	1.400000e+01
245	7.325073e-01	0.000000e+00	7.325268e-01	0.000000e+00	-5.099854e-03	0.000000e+00	-4.993627e-03	0.000000e+00	1.000018e+00	9.998739e-02	1.000000e+00	1.400000e+01
246	7.279014e-01	0.000000e+00	7.279195e-01	0.000000e+00	-4.605867e-03	0.000000e+00	-4.607382e-03	0.000000e+00	1.000018e+00	9.998739e-02	1.000000e+00	1.400000e+01
247	7.301596e-01	0.000000e+00	7.301508e-01	0.000000e+00	2.258199e-03	0.000000e+00	2.231380e-03	0.000000e+00	1.000018e+00	9.998739e-02	1.000000e+00	1.400000e+01
248	7.223542e-01	0.000000e+00	7.223846e-01	0.000000e+00	-7.805427e-03	0.000000e+00	-7.766220e-03	0.000000e+00	1.000018e+00	9.998739e-02	1.000000e+00	1.400000e+01
249	7.282856e-01	0.000000e+00	7.282626e-01	0.000000e+00	5.931432e-03	0.000000e+00	5.877925e-03	0.000000e+00	1.000018e+00	9.998739e-02	1.000000e+00	1.400000e+01
250	7.234299e-01	0.000000e+00	7.234488e-01	0.000000e+00	-4.855681e-03	0.000000e+00	-4.813753e-03	0.000000e+00	1.000018e+00	9.998739e-02	1.000000e+00	1.400000e+01
251	7.224339e-01	0.000000e+00	7.224379e-01	0.000000e+00	-9.959883e-04	0.000000e+00	-1.010901e-03	0.000000e+00	1.000018e+00	9.998739e-02	1.000000e+00	1.400000e+01
252	7.158368e-01	0.000000e+00	7.158626e-01	0.000000e+00	-6.597112e-03	0.000000e+00	-6.575291e-03	0.000000e+00	1.000017e+00	9.998739e-02	1.000000e+00	1.400000e+01
253	7.057346e-01	0.000000e+00	7.057742e-01	0.000000e+00	-1.010223e-02	0.000000e+00	-1.008846e-02	0.000000e+00	1.000017e+00	9.998739e-02	1.000000e+00	1.400000e+01
254	7.067706e-01	0.000000e+00	7.067667e-01	0.000000e+00	1.036000e-03	0.000000e+00	9.925450e-04	0.000000e+00	1.000017e+00	9.998739e-02	1.000000e+00	1.400000e+01
255	7.092759e-01	4.085026e-03	7.092661e-01	0.000000e+00	2.505350e-03	4.085026e-03	2.499440e-03	0.000000e+00	1.000017e+00	9.998658e-02	9.999290e-01	1.399988e+01
256	6.923676e-01	1.752599e-02	6.924336e-01	2.505420e+00	-1.690832e-02	1.344096e-02	-1.683251e-02	2.505420e+00	1.000027e+00	9.997849e-02	9.811867e-01	1.401478e+01
257	7.383112e-01	0.000000e+00	7.381320e-01	3.934607e-01	4.594356e-02	-1.752599e-02	4.569834e-02	-2.111959e+00	1.000060e+00	9.996597e-02	9.395239e-01	1.403068e+01
258	7.521553e-01	3.451514e-02	7.521005e-01	1.380351e+00	1.384408e-02	3.451514e-02	1.396851e-02	9.868903e-01	1.000038e+00	9.991147e-02	9.427413e-01	1.403870e+01
259	7.417387e-01	0.000000e+00	7.417791e-01	0.000000e+00	-1.041658e-02	-3.451514e-02	-1.032133e-02	-1.380351e+00	1.000021e+00	9.985340e-02	9.471222e-01	1.405321e+01
260	7.379346e-01	0.000000e+00	7.379496e-01	4.494409e-01	-3.804086e-03	0.000000e+00	-3.829544e-03	4.494409e-01	1.000021e+00	9.985340e-02	1.000000e+00	1.400000e+01
261	7.389955e-01	0.000000e+00	7.389914e-01	0.000000e+00	1.060869e-03	0.000000e+00	1.041765e-03	-4.494409e-01	1.000021e+00	9.985340e-02	1.000000e+00	1.400000e+01
262	7.413625e-01	0.000000e+00	7.413533e-01	3.408201e-01	2.367096e-03	0.000000e+00	2.361919e-03	3.408201e-01	1.000021e+00	9.985340e-02	1.000000e+00	1.400000e+01
263	7.398607e-01	0.000000e+00	7.398665e-01	0.000000e+00	-1.501864e-03	0.000000e+00	-1.486771e-03	-3.408201e-01	1.000021e+00	9.985340e-02	1.000000e+00	1.400000e+01
264	7.403574e-01	0.000000e+00	7.403555e-01	0.000000e+00	4.967123e-04	0.000000e+00	4.889644e-04	0.000000e+00	1.000021e+00	9.985340e-02	1.000000e+00	1.400000e+01
265	7.407743e-01	0.000000e+00	7.407726e-01	0.000000e+00	4.168817e-04	0.000000e+00	4.171633e-04	0.000000e+00	1.000021e+00	9.985340e-02	1.000000e+00	1.400000e+01
266	7.406928e-01	0.000000e+00	7.406931e-01	0.000000e+00	-8.150565e-05	0.000000e+00	-7.955772e-05	0.000000e+00	1.000021e+00	9.985340e-02	1.000000e+00	1.400000e+01
267	7.405782e-01	0.000000e+00	7.405787e-01	1.839847e-01	-1.145691e-04	0.000000e+00	-1.144323e-04	1.839847e-01	1.000021e+00	9.985340e-02	1.000000e+00	1.400000e+01
268	7.392298e-01	0.000000e+00	7.392351e-01	0.000000e+00	-1.348413e-03	0.000000e+00	-1.343593e-03	-1.839847e-01	1.000021e+00	9.985340e-02	1.000000e+00	1.400000e+01
269	7.406363e-01	0.000000e+00	7.406309e-01	7.294483e-01	1.406552e-03	0.000000e+00	1.395809e-03	7.294483e-01	1.000021e+00	9.985340e-02	1.000000e+00	1.400000e+01
270	7.395535e-01	0.000000e+00	7.395577e-01	0.000000e+00	-1.082853e-03	0.000000e+00	-1.073171e-03	-7.294483e-01	1.000021e+00	9.985340e-02	1.000000e+00	1.400000e+01
271	7.398055e-01	0.000000e+00	7.398045e-01	0.000000e+00	2.519909e-04	0.000000e+00	2.468145e-04	0.000000e+00	1.000021e+00	9.985340e-02	1.000000e+00	1.400000e+01
272	7.393094e-01	0.000000e+00	7.393113e-01	0.000000e+00	-4.961158e-04	0.000000e+00	-4.932137e-04	0.000000e+00	1.000021e+00	9.985340e-02	1.000000e+00	1.400000e+01
273	7.393181e-01	0.000000e+00	7.393180e-01	0.000000e+00	8.684559e-06	0.000000e+00	6.724019e-06	0.000000e+00	1.000000e+00	1.000000e-01	1.000000e+00	1.400000e+01
274	7.394413e-01	0.000000e+00	7.394408e-01	0.000000e+00	1.232748e-04	0.000000e+00	1.228196e-04	0.000000e+00	1.000000e+00	1.000000e-01	1.000000e+00	1.400000e+01
275	7.400748e-01	0.000000e+00	7.400723e-01	0.000000e+00	6.334821e-04	0.000000e+00	6.314873e-04	0.000000e+00	1.000000e+00	1.000000e-01	1.000000e+00	1.400000e+01
276	7.401575e-01	0.000000e+00	7.401572e-01	0.000000e+00	8.272191e-05	0.000000e+00	8.486552e-05	0.000000e+00	1.000000e+00	1.000000e-01	1.000000e+00	1.400000e+01
277	7.400133e-01	0.000000e+00	7.400139e-01	0.000000e+00	-1.442088e-04	0.000000e+00	-1.433139e-04	0.000000e+00	1.000000e+00	1.000000e-01	1.000000e+00	1.400000e+01
278	7.399811e-01	0.000000e+00	7.399813e-01	0.000000e+00	-3.217280e-05	0.000000e+00	-3.260695e-05	0.000000e+00	1.000000e+00	1.000000e-01	1.000000e+00	1.400000e+01
279	7.406548e-01	0.000000e+00	7.406522e-01	0.000000e+00	6.736611e-04	0.000000e+00	6.709022e-04	0.000000e+00	1.000000e+00	1.000000e-01	1.000000e+00	1.400000e+01
280	7.406073e-01	0.000000e+00	7.406075e-01	0.000000e+00	-4.746942e-05	0.000000e+00	-4.466328e-05	0.000000e+00	1.000000e+00	1.000000e-01	1.000000e+00	1.400000e+01
281	7.404437e-01	4.979392e-03	7.404444e-01	8.694063e-01	-1.636035e-04	4.979392e-03	-1.631389e-04	8.694063e-01	1.000000e+00	9.999882e-02	9.999378e-01	1.400189e+01
282	7.397384e-01	0.000000e+00	7.397412e-01	0.000000e+00	-7.052881e-04	-4.979392e-03	-7.031703e-04	-8.694063e-01	9.999999e-01	9.999764e-02	1.000206e+00	1.400378e+01
283	7.389511e-01	0.000000e+00	7.389541e-01	0.000000e+00	-7.873872e-04	0.000000e+00	-7.870582e-04	0.000000e+00	9.999999e-01	9.999764e-02	1.000000e+00	1.400000e+01
284	7.392104e-01	0.000000e+00	7.392094e-01	0.000000e+00	2.593891e-04	0.000000e+00	2.553014e-04	0.000000e+00	9.999999e-01	9.999764e-02	1.000000e+00	1.400000e+01
285	7.394316e-01	0.000000e+00	7.394307e-01	0.000000e+00	2.211099e-04	0.000000e+00	2.212435e-04	0.000000e+00	9.999999e-01	9.999764e-02	1.000000e+00	1.400000e+01
286	7.393789e-01	0.000000e+00	7.393791e-01	0.000000e+00	-5.269637e-05	0.000000e+00	-5.162629e-05	0.000000e+00	9.999999e-01	9.999764e-02	1.000000e+00	1.400000e+01
287	7.393304e-01	0.000000e+00	7.393305e-01	0.000000e+00	-4.851094e-05	0.000000e+00	-4.852311e-05	0.000000e+00	9.999999e-01	9.999764e-02	1.000000e+00	1.400000e+01
288	7.399596e-01	0.000000e+00	7.399571e-01	1.249384e+00	6.292150e-04	0.000000e+00	6.265676e-04	1.249384e+00	9.999999e-01	9.999764e-02	1.000000e+00	1.400000e+01
289	7.388259e-01	0.000000e+00	7.388303e-01	0.000000e+00	-1.133645e-03	0.000000e+00	-1.126769e-03	-1.249384e+00	9.999999e-01	9.999764e-02	1.000000e+00	1.400000e+01
290	7.380719e-01	0.000000e+00	7.380749e-01	3.581711e-01	-7.539885e-04	0.000000e+00	-7.554447e-04	3.581711e-01	9.999999e-01	9.999764e-02	1.000000e+00	1.400000e+01
291	7.380524e-01	0.000000e+00	7.380525e-01	1.869826e-01	-1.950594e-05	0.000000e+00	-2.238070e-05	-1.711885e-01	9.999999e-01	9.999764e-02	1.000000e+00	1.400000e+01
292	7.372156e-01	0.000000e+00	7.372188e-01	0.000000e+00	-8.368749e-04	0.000000e+00	-8.336933e-04	-1.869826e-01	9.999999e-01	9.999764e-02	1.000000e+00	1.400000e+01
293	7.364469e-01	0.000000e+00	7.364499e-01	0.000000e+00	-7.686540e-04	0.000000e+00	-7.689081e-04	0.000000e+00	9.999999e-01	9.999764e-02	1.000000e+00	1.400000e+01
294	7.365977e-01	0.000000e+00	7.365971e-01	8.621327e-01	1.507931e-04	0.000000e+00	1.472005e-04	8.621327e-01	9.999999e-01	9.999764e-02	1.000000e+00	1.400000e+01
295	7.366462e-01	0.000000e+00	7.366460e-01	0.000000e+00	4.848911e-05	0.000000e+00	4.887470e-05	-8.621327e-01	9.999999e-01	9.999764e-02	1.000000e+00	1.400000e+01
296	7.367692e-01	0.000000e+00	7.367688e-01	0.000000e+00	1.230525e-04	0.000000e+00	1.227628e-04	0.000000e+00	9.999999e-01	9.999764e-02	1.000000e+00	1.400000e+01
297	7.367450e-01	0.000000e+00	7.367451e-01	0.000000e+00	-2.422343e-05	0.000000e+00	-2.364927e-05	0.000000e+00	9.999999e-01	9.999764e-02	1.000000e+00	1.400000e+01
298	7.367139e-01	0.000000e+00	7.367140e-01	0.000000e+00	-3.114104e-05	0.000000e+00	-3.111178e-05	0.000000e+00	9.999999e-01	9.999764e-02	1.000000e+00	1.400000e+01
299	7.367250e-01	0.000000e+00	7.367249e-01	1.152246e-01	1.112057e-05	0.000000e+00	1.095560e-05	1.152246e-01	9.999999e-01	9.999764e-02	1.000000e+00	1.400000e+01
300	7.372445e-01	0.000000e+00	7.372425e-01	0.000000e+00	5.195442e-04	0.000000e+00	5.175575e-04	-1.152246e-01	9.999999e-01	9.999764e-02	1.000000e+00	1.400000e+01
301	7.360991e-01	0.000000e+00	7.361036e-01	0.000000e+00	-1.145406e-03	0.000000e+00	-1.138910e-03	0.000000e+00	9.999999e-01	9.999764e-02	1.000000e+00	1.400000e+01
302	7.358601e-01	0.000000e+00	7.358610e-01	0.000000e+00	-2.390299e-04	0.000000e+00	-2.425450e-04	0.000000e+00	9.999999e-01	9.999764e-02	1.000000e+00	1.400000e+01
303	7.363972e-01	0.000000e+00	7.363951e-01	0.000000e+00	5.370997e-04	0.000000e+00	5.340542e-04	0.000000e+00	9.999999e-01	9.999764e-02	1.000000e+00	1.400000e+01
304	7.364857e-01	0.000000e+00	7.364853e-01	6.679767e-01	8.850258e-05	0.000000e+00	9.024302e-05	6.679767e-01	9.999999e-01	9.999764e-02	1.000000e+00	1.400000e+01
305	7.365985e-01	0.000000e+00	7.365980e-01	0.000000e+00	1.127741e-04	0.000000e+00	1.126861e-04	-6.679767e-01	9.999999e-01	9.999764e-02	1.000000e+00	1.400000e+01
306	7.366506e-01	0.000000e+00	7.366504e-01	0.000000e+00	5.212935e-05	0.000000e+00	5.236590e-05	0.000000e+00	9.999999e-01	9.999764e-02	1.000000e+00	1.400000e+01
307	7.366205e-01	0.000000e+00	7.366206e-01	0.000000e+00	-3.007548e-05	0.000000e+00	-2.975345e-05	0.000000e+00	9.999999e-01	9.999764e-02	1.000000e+00	1.400000e+01
308	7.366055e-01	0.000000e+00	7.366056e-01	6.475351e-01	-1.500377e-05	0.000000e+00	-1.506139e-05	6.475351e-01	9.999999e-01	9.999764e-02	1.000000e+00	1.400000e+01
309	7.371175e-01	0.000000e+00	7.371155e-01	0.000000e+00	5.120147e-04	0.000000e+00	5.099558e-04	-6.475351e-01	9.999999e-01	9.999764e-02	1.000000e+00	1.400000e+01
310	7.368043e-01	0.000000e+00	7.368055e-01	0.000000e+00	-3.132585e-04	0.000000e+00	-3.100428e-04	0.000000e+00	9.999999e-01	9.999764e-02	1.000000e+00	1.400000e+01
311	7.362449e-01	0.000000e+00	7.362471e-01	0.000000e+00	-5.593615e-04	0.000000e+00	-5.583876e-04	0.000000e+00	9.999999e-01	9.999764e-02	1.000000e+00	1.400000e+01
312	7.365571e-01	0.000000e+00	7.365559e-01	9.249401e-01	3.121837e-04	0.000000e+00	3.087831e-04	9.249401e-01	9.999999e-01	9.999764e-02	1.000000e+00	1.400000e+01
313	7.366037e-01	0.000000e+00	7.366035e-01	0.000000e+00	4.656774e-05	0.000000e+00	4.759202e-05	-9.249401e-01	9.999999e-01	9.999764e-02	1.000000e+00	1.400000e+01
314	7.363800e-01	0.000000e+00	7.363809e-01	0.000000e+00	-2.236866e-04	0.000000e+00	-2.226269e-04	0.000000e+00	9.999999e-01	9.999764e-02	1.000000e+00	1.400000e+01
315	7.359010e-01	0.000000e+00	7.359029e-01	0.000000e+00	-4.789574e-04	0.000000e+00	-4.779561e-04	0.000000e+00	9.999999e-01	9.999764e-02	1.000000e+00	1.400000e+01
316	7.360011e-01	0.000000e+00	7.360007e-01	0.000000e+00	1.000348e-04	0.000000e+00	9.777703e-05	0.000000e+00	9.999999e-01	9.999764e-02	1.000000e+00	1.400000e+01
317	7.361278e-01	0.000000e+00	7.361273e-01	3.379137e-01	1.267687e-04	0.000000e+00	1.266555e-04	3.379137e-01	9.999999e-01	9.999764e-02	1.000000e+00	1.400000e+01
318	7.362020e-01	0.000000e+00	7.362018e-01	0.000000e+00	7.421969e-05	0.000000e+00	7.442452e-05	-3.379137e-01	9.999999e-01	9.999764e-02	1.000000e+00	1.400000e+01
319	7.356081e-01	0.000000e+00	7.356104e-01	0.000000e+00	-5.939509e-04	0.000000e+00	-5.913401e-04	0.000000e+00	9.999999e-01	9.999764e-02	1.000000e+00	1.400000e+01
320	7.349605e-01	0.000000e+00	7.349631e-01	0.000000e+00	-6.475789e-04	0.000000e+00	-6.473592e-04	0.000000e+00	9.999999e-01	9.999764e-02	1.000000e+00	1.400000e+01
321	7.351560e-01	0.000000e+00	7.351552e-01	0.000000e+00	1.954436e-04	0.000000e+00	1.921514e-04	0.000000e+00	9.999999e-01	9.999764e-02	1.000000e+00	1.400000e+01
322	7.356683e-01	0.000000e+00	7.356663e-01	8.527297e-02	5.123257e-04	0.000000e+00	5.110751e-04	8.527297e-02	9.999999e-01	9.999764e-02	1.000000e+00	1.400000e+01
323	7.357911e-01	0.000000e+00	7.357906e-01	0.000000e+00	1.228181e-04	0.000000e+00	1.243347e-04	-8.527297e-02	9.999999e-01	9.999764e-02	1.000000e+00	1.400000e+01
324	7.350669e-01	0.000000e+00	7.350697e-01	0.000000e+00	-7.242138e-04	0.000000e+00	-7.208992e-04	0.000000e+00	9.999999e-01	9.999764e-02	1.000000e+00	1.400000e+01
325	7.350025e-01	0.000000e+00	7.350028e-01	0.000000e+00	-6.439202e-05	0.000000e+00	-6.695650e-05	0.000000e+00	9.999999e-01	9.999764e-02	1.000000e+00	1.400000e+01
326	7.351793e-01	0.000000e+00	7.351786e-01	0.000000e+00	1.767734e-04	0.000000e+00	1.758213e-04	0.000000e+00	9.999999e-01	9.999764e-02	1.000000e+00	1.400000e+01
327	7.355266e-01	6.348650e-03	7.355253e-01	1.154923e+00	3.473393e-04	6.348650e-03	3.466693e-04	1.154923e+00	9.999997e-01	9.999572e-02	1.000176e+00	1.400321e+01
328	7.355557e-01	0.000000e+00	7.355556e-01	1.752734e-01	2.910841e-05	-6.348650e-03	3.034888e-05	-9.796499e-01	9.999998e-01	9.999381e-02	1.000164e+00	1.400590e+01
329	7.340606e-01	0.000000e+00	7.340664e-01	2.362426e-01	-1.495136e-03	0.000000e+00	-1.489177e-03	6.096925e-02	9.999998e-01	9.999381e-02	1.000000e+00	1.400000e+01
330	7.332032e-01	0.000000e+00	7.332066e-01	0.000000e+00	-8.573563e-04	0.000000e+00	-8.598243e-04	-2.362426e-01	9.999998e-01	9.999381e-02	1.000000e+00	1.400000e+01
331	7.310783e-01	0.000000e+00	7.310866e-01	0.000000e+00	-2.124962e-03	0.000000e+00	-2.120020e-03	0.000000e+00	9.999998e-01	9.999381e-02	1.000000e+00	1.400000e+01
332	7.307969e-01	0.000000e+00	7.307981e-01	0.000000e+00	-2.813401e-04	0.000000e+00	-2.885224e-04	0.000000e+00	9.999998e-01	9.999381e-02	1.000000e+00	1.400000e+01
333	7.311671e-01	0.000000e+00	7.311657e-01	0.000000e+00	3.702082e-04	0.000000e+00	3.676351e-04	0.000000e+00	9.999998e-01	9.999381e-02	1.000000e+00	1.400000e+01
334	7.308698e-01	0.000000e+00	7.308710e-01	0.000000e+00	-2.973270e-04	0.000000e+00	-2.947295e-04	0.000000e+00	9.999998e-01	9.999381e-02	1.000000e+00	1.400000e+01
335	7.312098e-01	0.000000e+00	7.312085e-01	1.180739e+00	3.399942e-04	0.000000e+00	3.375149e-04	1.180739e+00	9.999998e-01	9.999381e-02	1.000000e+00	1.400000e+01
336	7.323069e-01	0.000000e+00	7.323026e-01	0.000000e+00	1.097067e-03	0.000000e+00	1.094100e-03	-1.180739e+00	9.999997e-01	9.999381e-02	1.000000e+00	1.400000e+01
337	7.316069e-01	0.000000e+00	7.316096e-01	0.000000e+00	-6.999656e-04	0.000000e+00	-6.929576e-04	0.000000e+00	9.999997e-01	9.999381e-02	1.000000e+00	1.400000e+01
338	7.313215e-01	0.000000e+00	7.313227e-01	0.000000e+00	-2.853761e-04	0.000000e+00	-2.869682e-04	0.000000e+00	9.999997e-01	9.999381e-02	1.000000e+00	1.400000e+01
339	7.314448e-01	0.000000e+00	7.314444e-01	0.000000e+00	1.233213e-04	0.000000e+00	1.217186e-04	0.000000e+00	9.999997e-01	9.999381e-02	1.000000e+00	1.400000e+01
340	7.315319e-01	0.000000e+00	7.315316e-01	0.000000e+00	8.708542e-05	0.000000e+00	8.722071e-05	0.000000e+00	9.999997e-01	9.999381e-02	1.000000e+00	1.400000e+01
341	7.314919e-01	0.000000e+00	7.314921e-01	0.000000e+00	-4.001604e-05	0.000000e+00	-3.951903e-05	0.000000e+00	9.999997e-01	9.999381e-02	1.000000e+00	1.400000e+01
342	7.311421e-01	7.577218e-03	7.311435e-01	1.860118e+00	-3.498181e-04	7.577218e-03	-3.486060e-04	1.860118e+00	9.999999e-01	9.999108e-02	9.997085e-01	1.400631e+01
343	7.328646e-01	0.000000e+00	7.328579e-01	0.000000e+00	1.722518e-03	-7.577218e-03	1.714428e-03	-1.860118e+00	1.000000e+00	9.998839e-02	9.982720e-01	1.401263e+01
344	7.315519e-01	4.691753e-02	7.315570e-01	1.172697e+00	-1.312692e-03	4.691753e-02	-1.300867e-03	1.172697e+00	1.000003e+00	9.988422e-02	9.979503e-01	1.402413e+01
