#sequence delta(k-1),f(k-1),theta(k),v(k),delta_diff(k-1),f_diff(k-1),theta_diff(k),v_diff(k),phi(1,1;k),phi(1,2;k),phi(2,1;k),phi(2,2;k)
1	7.693646e-01	0.000000e+00	7.697113e-01	0.000000e+00	7.693646e-01	0.000000e+00	-8.841526e-02	-5.883720e-03	7.581146e-01	1.000000e-01	1.000000e+00	1.000000e+01
2	1.381599e+00	2.000000e-01	1.379209e+00	2.917476e+00	6.122343e-01	2.000000e-01	6.094974e-01	2.917476e+00	7.883065e-01	1.098629e-01	1.073519e+00	1.002402e+01
3	1.001068e+00	3.093964e-01	1.002545e+00	3.170805e+00	-3.805311e-01	1.093964e-01	-3.766638e-01	2.533292e-01	8.031751e-01	1.055884e-01	1.146390e+00	1.000307e+01
4	6.862012e-01	5.093964e-01	6.874369e-01	4.615950e+00	-3.148665e-01	2.000000e-01	-3.151079e-01	1.445145e+00	8.148278e-01	9.818675e-02	1.173588e+00	9.985791e+00
5	7.325090e-01	7.093964e-01	7.323330e-01	6.698376e+00	4.630781e-02	2.000000e-01	4.489603e-02	2.082426e+00	8.145591e-01	9.702616e-02	1.174255e+00	9.988668e+00
6	8.287092e-01	8.943997e-01	8.283327e-01	9.446236e+00	9.620016e-02	1.850032e-01	9.599975e-02	2.747860e+00	8.145451e-01	9.699940e-02	1.209450e+00	1.005635e+01
7	8.023639e-01	8.828384e-01	8.024653e-01	8.950703e+00	-2.634530e-02	-1.156127e-02	-2.586739e-02	-4.955334e-01	8.145863e-01	9.701744e-02	1.213795e+00	1.005826e+01
8	7.478297e-01	1.082838e+00	7.480431e-01	1.196730e+01	-5.453423e-02	2.000000e-01	-5.442225e-02	3.016596e+00	8.153319e-01	9.428292e-02	1.186632e+00	1.015788e+01
9	7.561405e-01	1.073912e+00	7.561089e-01	1.155355e+01	8.310889e-03	-8.926865e-03	8.065837e-03	-4.137519e-01	8.153403e-01	9.427389e-02	1.185318e+00	1.015929e+01
10	7.865326e-01	1.273912e+00	7.864138e-01	1.222903e+01	3.039209e-02	2.000000e-01	3.030488e-02	6.754880e-01	8.151517e-01	9.303295e-02	1.165620e+00	1.002966e+01
11	7.865509e-01	1.473912e+00	7.865504e-01	1.418676e+01	1.824877e-05	2.000000e-01	1.365559e-04	1.957729e+00	8.151516e-01	9.131131e-02	1.165620e+00	1.002517e+01
12	7.699042e-01	1.667670e+00	7.699692e-01	1.611366e+01	-1.664669e-02	1.937584e-01	-1.658113e-02	1.926893e+00	8.153122e-01	8.944119e-02	1.165590e+00	1.002552e+01
13	7.724981e-01	1.788379e+00	7.724883e-01	1.743280e+01	2.593940e-03	1.207092e-01	2.519037e-03	1.319141e+00	8.152995e-01	8.884964e-02	1.165720e+00	1.003155e+01
14	7.864819e-01	1.874246e+00	7.864272e-01	1.824561e+01	1.398374e-02	8.586683e-02	1.393896e-02	8.128116e-01	8.152658e-01	8.864277e-02	1.165291e+00	1.002891e+01
15	7.898409e-01	1.991929e+00	7.898276e-01	1.875178e+01	3.359052e-03	1.176836e-01	3.400380e-03	5.061735e-01	8.152504e-01	8.810040e-02	1.164216e+00	9.991275e+00
16	7.858917e-01	2.191929e+00	7.859070e-01	2.060054e+01	-3.949261e-03	2.000000e-01	-3.920552e-03	1.848755e+00	8.152840e-01	8.639404e-02	1.164483e+00	9.977779e+00
17	7.893993e-01	2.270583e+00	7.893857e-01	2.080906e+01	3.507658e-03	7.865378e-02	3.478641e-03	2.085218e-01	8.152738e-01	8.616400e-02	1.163519e+00	9.956164e+00
18	7.972313e-01	2.455482e+00	7.972006e-01	2.364750e+01	7.831937e-03	1.848985e-01	7.814932e-03	2.838444e+00	8.152207e-01	8.491180e-02	1.167134e+00	1.004151e+01
19	7.986539e-01	2.288866e+00	7.986482e-01	2.332948e+01	1.422590e-03	-1.666153e-01	1.447560e-03	-3.180243e-01	8.152304e-01	8.378499e-02	1.168036e+00	9.935871e+00
20	7.962401e-01	2.195609e+00	7.962495e-01	2.310716e+01	-2.413803e-03	-9.325726e-02	-2.398719e-03	-2.223159e-01	8.152219e-01	8.345937e-02	1.167229e+00	9.904685e+00
21	7.959282e-01	2.240613e+00	7.959294e-01	2.405606e+01	-3.118687e-04	4.500344e-02	-3.200205e-04	9.488972e-01	8.152225e-01	8.337776e-02	1.167154e+00	9.915437e+00
22	7.934267e-01	2.275219e+00	7.934365e-01	2.597596e+01	-2.501469e-03	3.460633e-02	-2.492948e-03	1.919902e+00	8.152265e-01	8.332290e-02	1.165278e+00	9.941388e+00
23	7.850612e-01	2.092532e+00	7.850939e-01	2.293683e+01	-8.365516e-03	-1.826871e-01	-8.342576e-03	-3.039129e+00	8.151729e-01	8.215369e-02	1.170020e+00	1.004494e+01
24	7.848942e-01	2.292532e+00	7.848950e-01	2.466812e+01	-1.670271e-04	2.000000e-01	-1.989629e-04	1.731290e+00	8.151742e-01	8.061752e-02	1.170042e+00	1.001909e+01
25	7.872083e-01	2.478545e+00	7.871993e-01	2.687421e+01	2.314125e-03	1.860134e-01	2.304308e-03	2.206086e+00	8.151585e-01	7.935137e-02	1.170409e+00	1.004859e+01
26	7.850225e-01	2.460987e+00	7.850310e-01	2.600941e+01	-2.185759e-03	-1.755825e-02	-2.168220e-03	-8.647975e-01	8.151574e-01	7.934297e-02	1.171121e+00	1.005431e+01
27	7.842536e-01	2.631299e+00	7.842567e-01	2.709423e+01	-7.689210e-04	1.703115e-01	-7.743870e-04	1.084818e+00	8.151623e-01	7.825365e-02	1.171346e+00	1.000434e+01
28	7.861372e-01	2.737831e+00	7.861298e-01	2.862838e+01	1.883576e-03	1.065323e-01	1.873193e-03	1.534150e+00	8.151552e-01	7.785118e-02	1.171761e+00	1.002780e+01
29	7.858086e-01	2.634259e+00	7.858099e-01	2.726792e+01	-3.285445e-04	-1.035717e-01	-3.199439e-04	-1.360456e+00	8.151540e-01	7.745917e-02	1.171811e+00	1.004353e+01
30	7.846572e-01	2.717630e+00	7.846617e-01	2.827910e+01	-1.151412e-03	8.337071e-02	-1.148164e-03	1.011173e+00	8.151576e-01	7.719604e-02	1.171715e+00	1.005044e+01
31	7.838040e-01	2.689341e+00	7.838073e-01	2.872394e+01	-8.532479e-04	-2.828934e-02	-8.543999e-04	4.448439e-01	8.151568e-01	7.716884e-02	1.171420e+00	1.004064e+01
32	7.828219e-01	2.572564e+00	7.828258e-01	2.761674e+01	-9.820657e-04	-1.167762e-01	-9.815670e-04	-1.107205e+00	8.151527e-01	7.668235e-02	1.171389e+00	1.003697e+01
33	8.004020e-01	2.599963e+00	8.003333e-01	2.700120e+01	1.758005e-02	2.739864e-02	1.750755e-02	-6.155351e-01	8.151617e-01	7.669634e-02	1.163784e+00	1.002512e+01
34	8.386717e-01	2.767061e+00	8.385220e-01	2.941783e+01	3.826975e-02	1.670983e-01	3.818864e-02	2.416624e+00	8.150574e-01	7.624084e-02	1.176269e+00	1.007964e+01
35	8.834388e-01	2.589359e+00	8.832633e-01	2.850827e+01	4.476708e-02	-1.777025e-01	4.474139e-02	-9.095567e-01	8.155133e-01	7.443096e-02	1.193606e+00	1.001082e+01
36	9.555871e-01	2.437696e+00	9.553045e-01	2.682022e+01	7.214825e-02	-1.516629e-01	7.204119e-02	-1.688045e+00	8.163410e-01	7.269112e-02	1.184958e+00	1.002900e+01
37	1.071655e+00	2.496283e+00	1.071200e+00	2.860870e+01	1.160678e-01	5.858694e-02	1.158958e-01	1.788480e+00	8.172641e-01	7.315710e-02	1.243093e+00	1.005834e+01
38	1.220630e+00	2.296283e+00	1.220046e+00	2.569031e+01	1.489750e-01	-2.000000e-01	1.488458e-01	-2.918393e+00	8.201277e-01	6.931275e-02	1.168156e+00	1.015895e+01
39	1.372986e+00	2.456157e+00	1.372389e+00	2.810025e+01	1.523564e-01	1.598739e-01	1.523427e-01	2.409936e+00	8.212799e-01	7.052182e-02	1.211096e+00	1.020400e+01
40	1.430756e+00	2.267126e+00	1.430528e+00	2.584456e+01	5.776989e-02	-1.890312e-01	5.813932e-02	-2.255690e+00	8.219266e-01	6.840597e-02	1.200416e+00	1.023895e+01
41	1.431873e+00	2.297380e+00	1.431867e+00	2.471296e+01	1.116541e-03	3.025395e-02	1.339286e-03	-1.131599e+00	8.219257e-01	6.838230e-02	1.199652e+00	1.021823e+01
42	1.414417e+00	2.490059e+00	1.414485e+00	2.587170e+01	-1.745613e-02	1.926791e-01	-1.738271e-02	1.158746e+00	8.220576e-01	6.692589e-02	1.206075e+00	1.014733e+01
43	1.464988e+00	2.503726e+00	1.464790e+00	2.498434e+01	5.057110e-02	1.366736e-02	5.030565e-02	-8.873668e-01	8.222452e-01	6.697658e-02	1.179998e+00	1.014028e+01
44	1.512589e+00	2.548708e+00	1.512402e+00	2.418203e+01	4.760095e-02	4.498168e-02	4.761151e-02	-8.023051e-01	8.223684e-01	6.709297e-02	1.150338e+00	1.011225e+01
45	1.567266e+00	2.628391e+00	1.567052e+00	2.409055e+01	5.467728e-02	7.968374e-02	5.464968e-02	-9.147791e-02	8.224805e-01	6.725642e-02	1.125517e+00	1.007608e+01
46	1.628898e+00	2.629380e+00	1.628657e+00	2.436003e+01	6.163257e-02	9.882373e-04	6.160529e-02	2.694728e-01	8.227975e-01	6.726150e-02	1.131073e+00	1.007617e+01
47	1.688313e+00	2.438417e+00	1.688080e+00	2.238487e+01	5.941407e-02	-1.909625e-01	5.942262e-02	-1.975159e+00	8.234444e-01	6.518223e-02	1.127803e+00	1.008668e+01
48	1.748443e+00	2.359511e+00	1.748207e+00	2.113168e+01	6.013013e-02	-7.890563e-02	6.012736e-02	-1.253184e+00	8.238922e-01	6.459456e-02	1.112879e+00	1.010626e+01
49	1.753400e+00	2.357017e+00	1.753380e+00	2.047234e+01	4.957707e-03	-2.494022e-03	5.173213e-03	-6.593409e-01	8.238952e-01	6.459308e-02	1.111372e+00	1.010702e+01
50	1.677572e+00	2.357635e+00	1.677869e+00	1.933690e+01	-7.582800e-02	6.179100e-04	-7.551159e-02	-1.135447e+00	8.243648e-01	6.458925e-02	1.149350e+00	1.010671e+01
51	1.618229e+00	2.424722e+00	1.618462e+00	2.026881e+01	-5.934369e-02	6.708615e-02	-5.940684e-02	9.319104e-01	8.247809e-01	6.411891e-02	1.140306e+00	1.011693e+01
52	1.607611e+00	2.224722e+00	1.607653e+00	1.850925e+01	-1.061778e-02	-2.000000e-01	-1.080837e-02	-1.759559e+00	8.247276e-01	6.311562e-02	1.138942e+00	1.009124e+01
53	1.606332e+00	2.064511e+00	1.606337e+00	1.623040e+01	-1.279351e-03	-1.602110e-01	-1.316574e-03	-2.278845e+00	8.247217e-01	6.237551e-02	1.139339e+00	1.014088e+01
54	1.593603e+00	2.094900e+00	1.593653e+00	1.652110e+01	-1.272843e-02	3.038973e-02	-1.268386e-02	2.906989e-01	8.247464e-01	6.231662e-02	1.139357e+00	1.014083e+01
55	1.590160e+00	1.959611e+00	1.590173e+00	1.439560e+01	-3.443553e-03	-1.352888e-01	-3.479648e-03	-2.125505e+00	8.247338e-01	6.182048e-02	1.140572e+00	1.018857e+01
56	1.598786e+00	1.977165e+00	1.598753e+00	1.423445e+01	8.626812e-03	1.755380e-02	8.579521e-03	-1.611483e-01	8.247353e-01	6.182365e-02	1.139138e+00	1.018565e+01
57	1.609553e+00	1.881807e+00	1.609511e+00	1.194427e+01	1.076665e-02	-9.535849e-02	1.075811e-02	-2.290174e+00	8.247749e-01	6.147314e-02	1.132362e+00	1.024567e+01
58	1.613205e+00	1.972555e+00	1.613191e+00	1.322506e+01	3.652162e-03	9.074838e-02	3.679919e-03	1.280791e+00	8.247664e-01	6.126232e-02	1.132961e+00	1.026056e+01
59	1.618580e+00	1.772555e+00	1.618559e+00	1.129340e+01	5.375216e-03	-2.000000e-01	5.368593e-03	-1.931659e+00	8.247994e-01	6.003407e-02	1.133247e+00	1.024991e+01
60	1.628319e+00	1.592090e+00	1.628281e+00	9.125277e+00	9.738974e-03	-1.804654e-01	9.721902e-03	-2.168128e+00	8.248564e-01	5.897781e-02	1.131748e+00	1.027769e+01
61	1.633865e+00	1.530955e+00	1.633843e+00	9.418985e+00	5.545590e-03	-6.113424e-02	5.561904e-03	2.937083e-01	8.248685e-01	5.884468e-02	1.134156e+00	1.025115e+01
62	1.637768e+00	1.330955e+00	1.637753e+00	8.342951e+00	3.903476e-03	-2.000000e-01	3.909954e-03	-1.076034e+00	8.248911e-01	5.768429e-02	1.135919e+00	1.016083e+01
63	1.641950e+00	1.130955e+00	1.641933e+00	5.443216e+00	4.181216e-03	-2.000000e-01	4.180156e-03	-2.899734e+00	8.249150e-01	5.654170e-02	1.134220e+00	1.024208e+01
64	1.644887e+00	1.120846e+00	1.644876e+00	5.619040e+00	2.937566e-03	-1.010948e-02	2.942420e-03	1.758234e-01	8.249165e-01	5.653646e-02	1.134605e+00	1.024075e+01
65	1.645555e+00	9.208460e-01	1.645552e+00	4.272841e+00	6.673756e-04	-2.000000e-01	6.762625e-04	-1.346199e+00	8.249201e-01	5.547162e-02	1.134823e+00	1.017544e+01
