#sequence delta(k-1),f(k-1),theta(k),v(k),delta_diff(k-1),f_diff(k-1),theta_diff(k),v_diff(k),phi(1,1;k),phi(1,2;k),phi(2,1;k),phi(2,2;k)
1	-1.231201e+00	0.000000e+00	-1.231384e+00	1.831238e-01	-1.231201e+00	0.000000e+00	4.665215e-02	1.735845e-01	5.748890e-01	1.000000e-01	1.000000e+00	1.100000e+01
2	-1.165961e+00	2.000000e-01	-1.166217e+00	2.869461e+00	6.523959e-02	2.000000e-01	6.516698e-02	2.686338e+00	5.751213e-01	1.007121e-01	1.012767e+00	1.103914e+01
3	-5.095706e-01	1.686910e-01	-5.121357e-01	3.223029e+00	6.563904e-01	-3.130901e-02	6.540809e-01	3.535678e-01	6.468499e-01	9.729072e-02	1.021593e+00	1.103872e+01
4	-7.594138e-01	9.533880e-02	-7.584478e-01	2.608955e+00	-2.498431e-01	-7.335219e-02	-2.463122e-01	-6.140737e-01	6.557531e-01	9.990464e-02	9.698396e-01	1.102352e+01
5	-1.074205e+00	1.059643e-01	-1.072971e+00	3.210100e+00	-3.147910e-01	1.062555e-02	-3.145235e-01	6.011441e-01	6.713039e-01	9.937973e-02	8.573951e-01	1.102732e+01
6	-1.210996e+00	1.250783e-01	-1.210457e+00	3.273339e+00	-1.367910e-01	1.911393e-02	-1.374852e-01	6.323963e-02	6.743647e-01	9.895204e-02	8.593421e-01	1.102705e+01
7	-1.165135e+00	2.113754e-01	-1.165312e+00	4.242652e+00	4.586095e-02	8.629709e-02	4.514475e-02	9.693124e-01	6.744878e-01	9.918370e-02	8.588717e-01	1.102616e+01
8	-1.163303e+00	2.933457e-01	-1.163311e+00	7.463210e+00	1.832075e-03	8.197037e-02	2.001265e-03	3.220559e+00	6.744814e-01	9.889791e-02	8.608797e-01	1.111600e+01
9	-1.237549e+00	1.660079e-01	-1.237259e+00	5.751422e+00	-7.424632e-02	-1.273378e-01	-7.394848e-02	-1.711788e+00	6.748749e-01	9.957269e-02	8.689871e-01	1.112991e+01
10	-1.259514e+00	1.440232e-01	-1.259427e+00	5.565214e+00	-2.196457e-02	-2.198468e-02	-2.216763e-02	-1.862082e-01	6.749286e-01	9.962650e-02	8.681782e-01	1.112910e+01
11	-1.231441e+00	1.860364e-01	-1.231550e+00	5.510451e+00	2.807271e-02	4.201320e-02	2.787646e-02	-5.476269e-02	6.749918e-01	9.972105e-02	8.608974e-01	1.111820e+01
12	-1.212301e+00	3.068013e-01	-1.212376e+00	6.217629e+00	1.913980e-02	1.207649e-01	1.917393e-02	7.071782e-01	6.749396e-01	9.939149e-02	8.550139e-01	1.108108e+01
13	-1.219611e+00	4.708049e-01	-1.219583e+00	7.621696e+00	-7.310034e-03	1.640036e-01	-7.206581e-03	1.404067e+00	6.750032e-01	9.796383e-02	8.564084e-01	1.104979e+01
14	-1.225646e+00	6.056136e-01	-1.225622e+00	8.763910e+00	-6.034772e-03	1.348087e-01	-6.039349e-03	1.142215e+00	6.750463e-01	9.700106e-02	8.573806e-01	1.102808e+01
15	-1.220221e+00	6.884462e-01	-1.220242e+00	9.145714e+00	5.424810e-03	8.283262e-02	5.380028e-03	3.818035e-01	6.750301e-01	9.675337e-02	8.560033e-01	1.100705e+01
16	-1.210124e+00	7.824934e-01	-1.210164e+00	9.251400e+00	1.009698e-02	9.404711e-02	1.007856e-02	1.056862e-01	6.750022e-01	9.649380e-02	8.515240e-01	1.096532e+01
17	-1.204294e+00	9.432732e-01	-1.204317e+00	1.101625e+01	5.829594e-03	1.607798e-01	5.846191e-03	1.764847e+00	6.749650e-01	9.546820e-02	8.515154e-01	1.096509e+01
18	-1.200395e+00	9.169754e-01	-1.200411e+00	1.050061e+01	3.899186e-03	-2.629774e-02	3.906792e-03	-5.156414e-01	6.749720e-01	9.542093e-02	8.510885e-01	1.096797e+01
19	-1.191880e+00	1.004919e+00	-1.191914e+00	1.159668e+01	8.515087e-03	8.794380e-02	8.497086e-03	1.096078e+00	6.749493e-01	9.518616e-02	8.515891e-01	1.097314e+01
20	-1.180496e+00	9.938287e-01	-1.180541e+00	1.010494e+01	1.138387e-02	-1.109049e-02	1.137259e-02	-1.491745e+00	6.749750e-01	9.516117e-02	8.441294e-01	1.098041e+01
21	-1.172614e+00	1.193829e+00	-1.172645e+00	1.329528e+01	7.882091e-03	2.000000e-01	7.895726e-03	3.190346e+00	6.749146e-01	9.362848e-02	8.477544e-01	1.107239e+01
22	-1.160686e+00	9.966967e-01	-1.160732e+00	1.122236e+01	1.192857e-02	-1.971320e-01	1.191282e-02	-2.072929e+00	6.750386e-01	9.157854e-02	8.483083e-01	1.106323e+01
23	-1.141750e+00	1.189183e+00	-1.141824e+00	1.405700e+01	1.893600e-02	1.924859e-01	1.890857e-02	2.834646e+00	6.749371e-01	9.054625e-02	8.543924e-01	1.112508e+01
24	-1.121874e+00	1.035218e+00	-1.121952e+00	1.282594e+01	1.987576e-02	-1.539647e-01	1.987198e-02	-1.231057e+00	6.751273e-01	8.907224e-02	8.587286e-01	1.109149e+01
25	-1.097361e+00	1.108166e+00	-1.097457e+00	1.327232e+01	2.451285e-02	7.294818e-02	2.449472e-02	4.463725e-01	6.751441e-01	8.912226e-02	8.542732e-01	1.107823e+01
26	-1.087803e+00	1.228363e+00	-1.087841e+00	1.417030e+01	9.557839e-03	1.201968e-01	9.616187e-03	8.979819e-01	6.751101e-01	8.869437e-02	8.522822e-01	1.105319e+01
27	-1.044727e+00	1.306297e+00	-1.044895e+00	1.512272e+01	4.307634e-02	7.793398e-02	4.294564e-02	9.524167e-01	6.752518e-01	8.895071e-02	8.533885e-01	1.105519e+01
28	-9.445343e-01	1.288936e+00	-9.449263e-01	1.539119e+01	1.001926e-01	-1.736100e-02	9.996898e-02	2.684795e-01	6.768549e-01	8.867294e-02	8.711390e-01	1.105212e+01
29	-7.766483e-01	1.256788e+00	-7.773056e-01	1.529626e+01	1.678860e-01	-3.214752e-02	1.676207e-01	-9.493208e-02	6.813221e-01	8.781753e-02	8.801081e-01	1.105040e+01
30	-4.497474e-01	1.285715e+00	-4.510269e-01	1.591562e+01	3.269009e-01	2.892647e-02	3.262788e-01	6.193561e-01	6.962058e-01	8.913455e-02	8.818761e-01	1.105055e+01
31	3.102671e-01	1.281821e+00	3.072933e-01	1.407020e+01	7.600144e-01	-3.893584e-03	7.583202e-01	-1.845418e+00	7.605017e-01	8.880516e-02	1.892755e-01	1.105410e+01
32	7.299695e-01	1.481821e+00	7.283184e-01	1.696284e+01	4.197024e-01	2.000000e-01	4.210251e-01	2.892644e+00	7.756289e-01	9.601367e-02	2.976531e-01	1.110575e+01
33	3.988870e-01	1.389581e+00	4.001738e-01	1.763491e+01	-3.310825e-01	-9.224054e-02	-3.281446e-01	6.720663e-01	7.849084e-01	9.859897e-02	3.110451e-02	1.103149e+01
34	-5.516492e-01	1.202688e+00	-5.479311e-01	1.458258e+01	-9.505361e-01	-1.868928e-01	-9.481049e-01	-3.052331e+00	8.413283e-01	1.096921e-01	3.264462e-01	1.108956e+01
35	-1.156509e+00	1.402688e+00	-1.154131e+00	1.645744e+01	-6.048596e-01	2.000000e-01	-6.062004e-01	1.874863e+00	8.698108e-01	1.002742e-01	3.612201e-01	1.107806e+01
36	-8.238825e-01	1.535908e+00	-8.251726e-01	1.800810e+01	3.326262e-01	1.332204e-01	3.289589e-01	1.550659e+00	8.737123e-01	1.018368e-01	3.544922e-01	1.107536e+01
37	-4.477537e-01	1.533643e+00	-4.492280e-01	1.844745e+01	3.761288e-01	-2.265832e-03	3.759445e-01	4.393501e-01	8.816459e-01	1.017890e-01	4.097405e-01	1.107503e+01
38	-6.200725e-01	1.493882e+00	-6.194052e-01	1.809309e+01	-1.723188e-01	-3.976092e-02	-1.701771e-01	-3.543615e-01	8.827908e-01	1.020532e-01	3.971201e-01	1.107212e+01
39	-7.896550e-01	1.544959e+00	-7.889899e-01	1.907580e+01	-1.695824e-01	5.107710e-02	-1.695848e-01	9.827111e-01	8.847807e-01	1.014538e-01	3.586935e-01	1.108369e+01
40	-5.830969e-01	1.500511e+00	-5.839012e-01	1.928653e+01	2.065581e-01	-4.444732e-02	2.050888e-01	2.107296e-01	8.873566e-01	1.008996e-01	4.190873e-01	1.107070e+01
41	-3.977527e-01	1.439437e+00	-3.984798e-01	1.833783e+01	1.853442e-01	-6.107414e-02	1.854213e-01	-9.486975e-01	8.896993e-01	1.001276e-01	3.888288e-01	1.108067e+01
42	-4.516316e-01	1.565550e+00	-4.514240e-01	1.950193e+01	-5.387894e-02	1.261128e-01	-5.294417e-02	1.164101e+00	8.901465e-01	9.908099e-02	3.942131e-01	1.106806e+01
43	-5.058240e-01	1.606807e+00	-5.056115e-01	2.030222e+01	-5.419236e-02	4.125741e-02	-5.418749e-02	8.002850e-01	8.904042e-01	9.888476e-02	3.848390e-01	1.107520e+01
44	-3.848995e-01	1.554505e+00	-3.853711e-01	2.048956e+01	1.209245e-01	-5.230265e-02	1.202404e-01	1.873442e-01	8.914145e-01	9.844781e-02	4.258434e-01	1.105747e+01
45	-2.240222e-01	1.469232e+00	-2.246524e-01	1.961867e+01	1.608774e-01	-8.527236e-02	1.607186e-01	-8.708927e-01	8.933467e-01	9.742362e-02	4.261061e-01	1.105733e+01
46	-2.325884e-01	1.530497e+00	-2.325574e-01	2.077916e+01	-8.566197e-03	6.126457e-02	-7.904929e-03	1.160490e+00	8.933720e-01	9.724293e-02	4.241294e-01	1.107146e+01
47	-2.120208e-01	1.480350e+00	-2.121010e-01	2.117251e+01	2.056755e-02	-5.014671e-02	2.045633e-02	3.933471e-01	8.934399e-01	9.707743e-02	4.332976e-01	1.104911e+01
48	-7.083725e-02	1.374666e+00	-7.138906e-02	2.112862e+01	1.411836e-01	-1.056847e-01	1.407120e-01	-4.388779e-02	8.950797e-01	9.584992e-02	5.034706e-01	1.099658e+01
49	1.025797e-01	1.269876e+00	1.019002e-01	1.969714e+01	1.734170e-01	-1.047901e-01	1.732892e-01	-1.431477e+00	8.973487e-01	9.447881e-02	4.738918e-01	1.101445e+01
50	1.189260e-01	1.405252e+00	1.188595e-01	2.109894e+01	1.634626e-02	1.353762e-01	1.695932e-02	1.401801e+00	8.972680e-01	9.380990e-02	4.731452e-01	1.100827e+01
51	1.903338e-01	1.441775e+00	1.900546e-01	2.066527e+01	7.140784e-02	3.652319e-02	7.119515e-02	-4.336690e-01	8.973930e-01	9.387383e-02	4.437471e-01	1.099324e+01
52	3.765221e-01	1.582058e+00	3.757937e-01	2.123056e+01	1.861882e-01	1.402828e-01	1.857391e-01	5.652888e-01	8.978653e-01	9.422972e-02	3.525248e-01	1.092450e+01
53	5.015241e-01	1.709752e+00	5.010330e-01	2.207143e+01	1.250020e-01	1.276943e-01	1.252393e-01	8.408659e-01	8.979221e-01	9.428774e-02	3.175645e-01	1.088879e+01
54	5.473735e-01	1.751807e+00	5.471925e-01	2.199716e+01	4.584939e-02	4.205535e-02	4.615950e-02	-7.426690e-02	8.979444e-01	9.430817e-02	3.056799e-01	1.087789e+01
55	5.877432e-01	1.801724e+00	5.875848e-01	2.189423e+01	4.036969e-02	4.991687e-02	4.039231e-02	-1.029330e-01	8.979336e-01	9.429480e-02	2.930833e-01	1.086231e+01
56	6.932637e-01	1.877996e+00	6.928509e-01	2.379511e+01	1.055205e-01	7.627122e-02	1.052661e-01	1.900882e+00	8.980988e-01	9.441421e-02	3.448455e-01	1.089973e+01
57	7.770599e-01	1.682423e+00	7.767310e-01	2.112127e+01	8.379625e-02	-1.955727e-01	8.388012e-02	-2.673836e+00	8.991531e-01	9.195354e-02	3.226192e-01	1.095160e+01
58	7.584267e-01	1.804164e+00	7.584982e-01	2.184169e+01	-1.863321e-02	1.217414e-01	-1.823277e-02	7.204183e-01	8.992644e-01	9.122620e-02	3.279498e-01	1.091678e+01
59	7.576504e-01	1.907480e+00	7.576537e-01	2.349252e+01	-7.763014e-04	1.033160e-01	-8.444907e-04	1.650825e+00	8.992679e-01	9.075897e-02	3.277579e-01	1.094231e+01
60	8.377184e-01	1.802124e+00	8.374056e-01	2.292640e+01	8.006794e-02	-1.053566e-01	7.975188e-02	-5.661186e-01	8.999206e-01	8.990015e-02	3.488893e-01	1.091451e+01
61	8.466747e-01	1.724601e+00	8.466385e-01	2.232747e+01	8.956326e-03	-7.752228e-02	9.232871e-03	-5.989259e-01	8.999551e-01	8.960124e-02	3.499245e-01	1.090555e+01
62	8.199314e-01	1.724738e+00	8.200357e-01	2.207729e+01	-2.674334e-02	1.364583e-04	-2.660281e-02	-2.501844e-01	8.999875e-01	8.960108e-02	3.530015e-01	1.090553e+01
63	8.397838e-01	1.794513e+00	8.397066e-01	2.338328e+01	1.985242e-02	6.977554e-02	1.967096e-02	1.305987e+00	8.999456e-01	8.945405e-02	3.580619e-01	1.092332e+01
64	8.627113e-01	1.713432e+00	8.626215e-01	2.287677e+01	2.292756e-02	-8.108140e-02	2.291484e-02	-5.065083e-01	9.000491e-01	8.908814e-02	3.620876e-01	1.090908e+01
65	8.514231e-01	1.674752e+00	8.514669e-01	2.262593e+01	-1.128823e-02	-3.867962e-02	-1.115462e-02	-2.508344e-01	9.000360e-01	8.904314e-02	3.611489e-01	1.090587e+01
66	8.409384e-01	1.676699e+00	8.409795e-01	2.339010e+01	-1.048470e-02	1.946851e-03	-1.048732e-02	7.641640e-01	9.000421e-01	8.904201e-02	3.574302e-01	1.090656e+01
67	8.508831e-01	1.582709e+00	8.508444e-01	2.162255e+01	9.944689e-03	-9.398991e-02	9.864877e-03	-1.767547e+00	9.000857e-01	8.862940e-02	3.539220e-01	1.093971e+01
68	8.543113e-01	1.729375e+00	8.542977e-01	2.173254e+01	3.428167e-03	1.466657e-01	3.453310e-03	1.099938e-01	9.000654e-01	8.775880e-02	3.515124e-01	1.083662e+01
69	8.399355e-01	1.929375e+00	8.399916e-01	2.297824e+01	-1.437576e-02	2.000000e-01	-1.430611e-02	1.245692e+00	9.001920e-01	8.599694e-02	3.576479e-01	1.075126e+01
70	8.356278e-01	2.023956e+00	8.356449e-01	2.317765e+01	-4.307699e-03	9.458104e-02	-4.346755e-03	1.994155e-01	9.002095e-01	8.561218e-02	3.593099e-01	1.071477e+01
71	8.355318e-01	2.087325e+00	8.355322e-01	2.389307e+01	-9.602858e-05	6.336863e-02	-1.126330e-04	7.154136e-01	9.002098e-01	8.544842e-02	3.593083e-01	1.071587e+01
72	8.267714e-01	2.024381e+00	8.268056e-01	2.323514e+01	-8.760428e-03	-6.294375e-02	-8.726647e-03	-6.579273e-01	9.001909e-01	8.531302e-02	3.592264e-01	1.071528e+01
73	8.150076e-01	1.997419e+00	8.150536e-01	2.261869e+01	-1.176379e-02	-2.696133e-02	-1.175193e-02	-6.164490e-01	9.001846e-01	8.529845e-02	3.610323e-01	1.071942e+01
74	8.090578e-01	2.044726e+00	8.090812e-01	2.311708e+01	-5.949774e-03	4.730676e-02	-5.972438e-03	4.983862e-01	9.001977e-01	8.519404e-02	3.610508e-01	1.071927e+01
75	8.048461e-01	2.032020e+00	8.048626e-01	2.357198e+01	-4.211709e-03	-1.270645e-02	-4.218587e-03	4.549017e-01	9.001964e-01	8.519009e-02	3.598653e-01	1.071569e+01
76	7.962881e-01	1.927432e+00	7.963216e-01	2.092765e+01	-8.557956e-03	-1.045878e-01	-8.541005e-03	-2.644324e+00	9.001638e-01	8.479124e-02	3.660124e-01	1.079082e+01
77	7.875391e-01	2.127432e+00	7.875734e-01	2.396381e+01	-8.749003e-03	2.000000e-01	-8.748191e-03	3.036160e+00	9.002364e-01	8.313058e-02	3.624223e-01	1.087289e+01
78	7.852944e-01	1.971116e+00	7.853033e-01	2.133891e+01	-2.244756e-03	-1.563162e-01	-2.270160e-03	-2.624907e+00	9.002230e-01	8.219566e-02	3.633961e-01	1.094070e+01
79	7.836386e-01	2.143526e+00	7.836451e-01	2.188212e+01	-1.655762e-03	1.724106e-01	-1.658162e-03	5.432089e-01	9.002341e-01	8.103857e-02	3.644365e-01	1.083237e+01
80	7.740613e-01	2.319314e+00	7.740987e-01	2.361717e+01	-9.577343e-03	1.757879e-01	-9.546408e-03	1.735052e+00	9.003021e-01	7.979120e-02	3.651786e-01	1.081875e+01
81	7.475383e-01	2.255863e+00	7.476420e-01	2.256955e+01	-2.652297e-02	-6.345084e-02	-2.645665e-02	-1.047618e+00	9.002708e-01	7.971649e-02	3.695962e-01	1.082932e+01
82	7.148465e-01	2.277469e+00	7.149746e-01	2.325343e+01	-3.269182e-02	2.160534e-02	-3.266746e-02	6.838851e-01	9.003478e-01	7.966564e-02	3.624275e-01	1.083405e+01
83	6.795265e-01	2.165587e+00	6.796650e-01	2.222518e+01	-3.531995e-02	-1.118815e-01	-3.530959e-02	-1.028252e+00	9.002577e-01	7.938043e-02	3.591504e-01	1.082367e+01
84	6.028845e-01	2.149552e+00	6.031844e-01	2.101922e+01	-7.664203e-02	-1.603550e-02	-7.648058e-02	-1.205957e+00	9.004831e-01	7.942758e-02	3.956208e-01	1.083130e+01
85	5.616378e-01	2.331432e+00	5.618000e-01	2.237295e+01	-4.124674e-02	1.818807e-01	-4.138437e-02	1.353725e+00	9.008430e-01	7.784060e-02	4.071744e-01	1.078036e+01
86	4.697173e-01	2.354740e+00	4.700770e-01	2.283723e+01	-9.192048e-02	2.330811e-02	-9.172308e-02	4.642819e-01	9.013095e-01	7.772232e-02	3.962886e-01	1.078312e+01
87	3.055924e-01	2.256945e+00	3.062349e-01	2.122609e+01	-1.641249e-01	-9.779570e-02	-1.638420e-01	-1.611145e+00	9.019460e-01	7.810160e-02	4.339236e-01	1.080554e+01
88	1.530375e-01	2.357110e+00	1.536360e-01	2.203915e+01	-1.525549e-01	1.001652e-01	-1.525990e-01	8.130599e-01	9.035729e-01	7.703338e-02	4.483986e-01	1.079604e+01
89	9.004654e-02	2.341400e+00	9.029494e-02	2.268386e+01	-6.299100e-02	-1.571033e-02	-6.334103e-02	6.447135e-01	9.037286e-01	7.707220e-02	4.232414e-01	1.078976e+01
90	4.919194e-02	2.161003e+00	4.935250e-02	2.104624e+01	-4.085460e-02	-1.803971e-01	-4.094244e-02	-1.637618e+00	9.035401e-01	7.623962e-02	4.170192e-01	1.076229e+01
91	1.357386e-02	2.165498e+00	1.371362e-02	2.233449e+01	-3.561808e-02	4.495436e-03	-3.563888e-02	1.288245e+00	9.036043e-01	7.623151e-02	3.958049e-01	1.076497e+01
92	4.395229e-02	1.965498e+00	4.383417e-02	2.080858e+01	3.037842e-02	-2.000000e-01	3.012054e-02	-1.525907e+00	9.038576e-01	7.456354e-02	4.045021e-01	1.070771e+01
93	1.745311e-01	1.932788e+00	1.740206e-01	2.082406e+01	1.305788e-01	-3.270955e-02	1.301864e-01	1.547777e-02	9.047551e-01	7.433873e-02	4.237356e-01	1.070289e+01
94	2.556998e-01	1.896064e+00	2.553807e-01	2.001264e+01	8.116867e-02	-3.672429e-02	8.136014e-02	-8.114195e-01	9.051642e-01	7.415364e-02	4.063485e-01	1.071076e+01
95	3.202065e-01	1.991303e+00	3.199533e-01	2.179855e+01	6.450674e-02	9.523877e-02	6.457258e-02	1.785911e+00	9.051374e-01	7.411414e-02	4.288620e-01	1.074400e+01
96	3.637256e-01	1.791380e+00	3.635546e-01	1.831324e+01	4.351907e-02	-1.999228e-01	4.360131e-02	-3.485312e+00	9.055227e-01	7.234426e-02	4.014059e-01	1.087013e+01
97	2.020476e-01	1.991380e+00	2.026785e-01	2.063371e+01	-1.616780e-01	2.000000e-01	-1.608761e-01	2.320478e+00	9.076742e-01	6.968279e-02	3.856944e-01	1.088956e+01
98	2.222545e-02	1.904375e+00	2.293035e-02	1.928378e+01	-1.798222e-01	-8.700529e-02	-1.797482e-01	-1.349938e+00	9.085506e-01	7.010684e-02	4.135923e-01	1.090306e+01
99	-6.619751e-03	2.000067e+00	-6.504320e-03	2.068592e+01	-2.884521e-02	9.569190e-02	-2.943467e-02	1.402148e+00	9.086861e-01	6.965746e-02	4.085378e-01	1.091983e+01
100	-4.797872e-02	1.861430e+00	-4.781671e-02	1.983957e+01	-4.135897e-02	-1.386362e-01	-4.131239e-02	-8.463562e-01	9.085709e-01	6.927120e-02	3.952312e-01	1.087523e+01
101	-1.773563e-01	1.771241e+00	-1.768503e-01	1.952137e+01	-1.293776e-01	-9.018950e-02	-1.290336e-01	-3.181949e-01	9.088888e-01	6.949281e-02	3.519058e-01	1.084502e+01
102	-2.805076e-01	1.682874e+00	-2.801026e-01	1.698087e+01	-1.031513e-01	-8.836663e-02	-1.032524e-01	-2.540505e+00	9.090518e-01	6.963249e-02	4.269561e-01	1.090932e+01
103	-2.809828e-01	1.882874e+00	-2.809794e-01	1.892740e+01	-4.752826e-04	2.000000e-01	-8.767556e-04	1.946533e+00	9.090550e-01	6.829400e-02	4.270082e-01	1.088742e+01
104	-2.424312e-01	1.861320e+00	-2.425818e-01	1.919807e+01	3.855163e-02	-2.155401e-02	3.839761e-02	2.706705e-01	9.091433e-01	6.824466e-02	4.359518e-01	1.088242e+01
105	-2.170870e-01	1.747048e+00	-2.171866e-01	1.743063e+01	2.534418e-02	-1.142722e-01	2.539517e-02	-1.767438e+00	9.092646e-01	6.769735e-02	4.295558e-01	1.091125e+01
106	-1.319190e-01	1.878728e+00	-1.322521e-01	1.857945e+01	8.516800e-02	1.316794e-01	8.493451e-02	1.148813e+00	9.092079e-01	6.760961e-02	4.165853e-01	1.089120e+01
107	-5.417205e-02	1.835148e+00	-5.447705e-02	1.917324e+01	7.774698e-02	-4.357994e-02	7.777506e-02	5.937928e-01	9.095770e-01	6.740274e-02	4.546948e-01	1.086984e+01
108	-3.145000e-02	1.635148e+00	-3.153995e-02	1.583612e+01	2.272205e-02	-2.000000e-01	2.293710e-02	-3.337122e+00	9.097436e-01	6.593618e-02	4.422809e-01	1.097911e+01
109	-1.930563e-02	1.835148e+00	-1.935342e-02	1.868144e+01	1.214438e-02	2.000000e-01	1.218654e-02	2.845325e+00	9.096754e-01	6.481405e-02	4.459235e-01	1.103910e+01
110	2.186013e-02	1.635148e+00	2.169914e-02	1.781666e+01	4.116576e-02	-2.000000e-01	4.105256e-02	-8.647866e-01	9.099928e-01	6.327225e-02	4.712969e-01	1.091582e+01
111	6.185180e-02	1.439961e+00	6.169496e-02	1.673273e+01	3.999167e-02	-1.951871e-01	3.999582e-02	-1.083930e+00	9.102899e-01	6.182191e-02	4.904420e-01	1.082238e+01
112	5.218241e-02	1.340032e+00	5.221957e-02	1.560922e+01	-9.669392e-03	-9.992906e-02	-9.475387e-03	-1.123508e+00	9.102648e-01	6.156195e-02	4.906124e-01	1.082414e+01
113	3.598552e-02	1.409947e+00	3.604893e-02	1.474994e+01	-1.619689e-02	6.991508e-02	-1.617064e-02	-8.592745e-01	9.103088e-01	6.137210e-02	5.029526e-01	1.077087e+01
114	4.305128e-02	1.609947e+00	4.302393e-02	1.714238e+01	7.065763e-03	2.000000e-01	6.974996e-03	2.392438e+00	9.102702e-01	6.027950e-02	5.037249e-01	1.079273e+01
115	5.136858e-02	1.430938e+00	5.133598e-02	1.599664e+01	8.317295e-03	-1.790084e-01	8.312051e-03	-1.145741e+00	9.103150e-01	5.931447e-02	5.067657e-01	1.072729e+01
116	4.006837e-02	1.312310e+00	4.011239e-02	1.643237e+01	-1.130020e-02	-1.186285e-01	-1.122359e-02	4.357318e-01	9.102825e-01	5.897319e-02	4.976304e-01	1.063139e+01
117	2.005713e-02	1.112310e+00	2.013547e-02	1.368634e+01	-2.001124e-02	-2.000000e-01	-1.997691e-02	-2.746033e+00	9.101890e-01	5.803887e-02	5.033120e-01	1.068817e+01
118	1.603458e-02	1.281323e+00	1.605060e-02	1.560713e+01	-4.022557e-03	1.690131e-01	-4.084878e-03	1.920794e+00	9.102083e-01	5.722894e-02	5.030928e-01	1.069738e+01
119	1.825888e-02	1.141272e+00	1.825025e-02	1.441908e+01	2.224299e-03	-1.400507e-01	2.199653e-03	-1.188054e+00	9.102168e-01	5.668940e-02	5.034161e-01	1.067702e+01
120	6.664976e-03	1.088629e+00	6.710231e-03	1.417199e+01	-1.159390e-02	-5.264328e-02	-1.154002e-02	-2.470900e-01	9.102059e-01	5.663953e-02	5.016518e-01	1.066901e+01
121	-2.014084e-03	1.017220e+00	-1.980005e-03	1.451301e+01	-8.679060e-03	-7.140925e-02	-8.690236e-03	3.410247e-01	9.101925e-01	5.652943e-02	4.970989e-01	1.063155e+01
122	-1.166985e-03	8.172195e-01	-1.170161e-03	1.221871e+01	8.470992e-04	-2.000000e-01	8.098440e-04	-2.294307e+00	9.101970e-01	5.547282e-02	4.970325e-01	1.064724e+01
123	9.538640e-04	9.198638e-01	9.455671e-04	1.472505e+01	2.120849e-03	1.026442e-01	2.115728e-03	2.506339e+00	9.101914e-01	5.520565e-02	4.984479e-01	1.071574e+01
124	6.888181e-04	7.198638e-01	6.898210e-04	1.270395e+01	-2.650460e-04	-2.000000e-01	-2.557461e-04	-2.021092e+00	9.101901e-01	5.417866e-02	4.984328e-01	1.070436e+01
125	-7.099265e-04	6.918800e-01	-7.044587e-04	1.162281e+01	-1.398745e-03	-2.798379e-02	-1.394280e-03	-1.081141e+00	9.101892e-01	5.416012e-02	4.989514e-01	1.071474e+01
126	2.262887e-04	7.986151e-01	2.226530e-04	1.211069e+01	9.362152e-04	1.067351e-01	9.271117e-04	4.878812e-01	9.101866e-01	5.387248e-02	4.986613e-01	1.068166e+01
127	-1.351238e-03	7.992674e-01	-1.345090e-03	1.263592e+01	-1.577526e-03	6.522839e-04	-1.567743e-03	5.252247e-01	9.101868e-01	5.387243e-02	4.982723e-01	1.068182e+01
128	-9.933567e-03	6.109796e-01	-9.900018e-03	9.912744e+00	-8.582329e-03	-1.882878e-01	-8.554929e-03	-2.723174e+00	9.101491e-01	5.304639e-02	5.011068e-01	1.074400e+01
129	-2.198536e-02	7.824893e-01	-2.193815e-02	1.050706e+01	-1.205179e-02	1.715097e-01	-1.203813e-02	5.943114e-01	9.102065e-01	5.223016e-02	5.081151e-01	1.064426e+01
130	-2.745297e-02	8.753874e-01	-2.743143e-02	1.131095e+01	-5.467616e-03	9.289812e-02	-5.493282e-03	8.038922e-01	9.102203e-01	5.199428e-02	5.085862e-01	1.063626e+01
131	-3.519884e-02	7.632603e-01	-3.516850e-02	1.019050e+01	-7.745872e-03	-1.121271e-01	-7.737073e-03	-1.120452e+00	9.102015e-01	5.172206e-02	5.083080e-01	1.063223e+01
132	-4.714300e-02	7.131401e-01	-4.709623e-02	9.193948e+00	-1.194416e-02	-5.012022e-02	-1.192772e-02	-9.965475e-01	9.101928e-01	5.168554e-02	5.109006e-01	1.064311e+01
133	-5.436129e-02	7.631206e-01	-5.433291e-02	1.073186e+01	-7.218291e-03	4.998052e-02	-7.236688e-03	1.537910e+00	9.102040e-01	5.160848e-02	5.074433e-01	1.066705e+01
134	-6.217467e-02	5.631206e-01	-6.214404e-02	1.068395e+01	-7.813376e-03	-2.000000e-01	-7.811123e-03	-4.791133e-02	9.101690e-01	5.071231e-02	4.998408e-01	1.047245e+01
135	-7.748846e-02	3.631206e-01	-7.742852e-02	8.610532e+00	-1.531379e-02	-2.000000e-01	-1.528448e-02	-2.073415e+00	9.101062e-01	4.989316e-02	4.996359e-01	1.046978e+01
136	-8.405505e-02	3.212511e-01	-8.402916e-02	9.887408e+00	-6.566591e-03	-4.186951e-02	-6.600645e-03	1.276876e+00	9.101017e-01	4.986406e-02	4.942805e-01	1.043563e+01
137	-8.455524e-02	1.212511e-01	-8.455319e-02	7.115746e+00	-5.001985e-04	-2.000000e-01	-5.240284e-04	-2.771662e+00	9.100994e-01	4.894162e-02	4.944399e-01	1.049936e+01
138	-8.664820e-02	2.137411e-01	-8.664002e-02	7.408950e+00	-2.092957e-03	9.249003e-02	-2.086829e-03	2.932034e-01	9.101040e-01	4.873564e-02	4.951099e-01	1.046975e+01
139	-8.924033e-02	2.027034e-01	-8.923017e-02	6.708225e+00	-2.592129e-03	-1.103770e-02	-2.590155e-03	-7.007241e-01	9.101036e-01	4.873403e-02	4.958287e-01	1.047281e+01
140	-9.085559e-02	2.193986e-01	-9.084924e-02	7.338249e+00	-1.615263e-03	1.669513e-02	-1.619071e-03	6.300231e-01	9.101044e-01	4.872640e-02	4.954789e-01	1.047643e+01
141	-9.195905e-02	2.305929e-02	-9.195472e-02	6.650259e+00	-1.103462e-03	-1.963393e-01	-1.105476e-03	-6.879890e-01	9.100995e-01	4.786031e-02	4.947747e-01	1.035112e+01
142	-9.222686e-02	0.000000e+00	-9.222579e-02	2.825952e+00	-2.678023e-04	-2.305929e-02	-2.710744e-04	-3.824307e+00	9.100994e-01	4.784853e-02	4.952307e-01	1.039038e+01
143	-9.215874e-02	2.000000e-01	-9.215900e-02	5.396230e+00	6.811932e-05	2.000000e-01	6.679434e-05	2.570277e+00	9.100991e-01	4.695768e-02	4.952463e-01	1.043622e+01
144	-9.163352e-02	2.708244e-02	-9.163558e-02	4.237665e+00	5.252129e-04	-1.729176e-01	5.234222e-04	-1.158565e+00	9.101011e-01	4.629690e-02	4.954050e-01	1.038396e+01
145	-9.102586e-02	0.000000e+00	-9.102824e-02	1.411925e+00	6.076680e-04	-2.708244e-02	6.073389e-04	-2.825739e+00	9.101015e-01	4.628008e-02	4.946707e-01	1.041669e+01
146	-9.107589e-02	2.000000e-01	-9.107571e-02	4.210762e+00	-5.003536e-05	2.000000e-01	-4.746750e-05	2.798837e+00	9.101017e-01	4.541782e-02	4.946541e-01	1.048333e+01
147	-9.075662e-02	0.000000e+00	-9.075787e-02	3.450214e+00	3.192718e-04	-2.000000e-01	3.178392e-04	-7.605478e-01	9.101030e-01	4.456926e-02	4.948527e-01	1.035890e+01
148	-8.971948e-02	0.000000e+00	-8.972353e-02	2.280569e+00	1.037143e-03	0.000000e+00	1.034334e-03	-1.169645e+00	9.101031e-01	4.456926e-02	1.000000e+00	1.100000e+01
149	-8.844009e-02	0.000000e+00	-8.844510e-02	4.757840e-01	1.279391e-03	0.000000e+00	1.278434e-03	-1.804785e+00	9.101031e-01	4.456926e-02	1.000000e+00	1.100000e+01
150	-8.891344e-02	1.910116e-01	-8.891161e-02	2.089536e+00	-4.733581e-04	1.910116e-01	-4.665151e-04	1.613752e+00	9.101050e-01	4.380750e-02	1.000108e+00	1.095661e+01
151	-8.876385e-02	1.201170e-01	-8.876443e-02	1.283877e+00	1.495903e-04	-7.089454e-02	1.471837e-04	-8.056584e-01	9.101052e-01	4.370281e-02	1.000105e+00	1.095759e+01
152	-8.840304e-02	7.283399e-02	-8.840445e-02	7.451204e-01	3.608158e-04	-4.728303e-02	3.599813e-04	-5.387569e-01	9.101056e-01	4.365574e-02	1.000102e+00	1.095806e+01
153	-8.824835e-02	2.486496e-02	-8.824896e-02	0.000000e+00	1.546838e-04	-4.796903e-02	1.554858e-04	-7.451204e-01	9.101058e-01	4.360775e-02	1.000086e+00	1.096306e+01
154	-8.780371e-02	1.914137e-02	-8.780544e-02	0.000000e+00	4.446480e-04	-5.723591e-03	4.435185e-04	0.000000e+00	9.101058e-01	4.360696e-02	1.000099e+00	1.096289e+01
155	-8.777193e-02	5.630710e-03	-8.777206e-02	0.000000e+00	3.177345e-05	-1.351066e-02	3.338183e-05	0.000000e+00	9.101058e-01	4.360316e-02	1.000101e+00	1.096194e+01
156	-8.779742e-02	0.000000e+00	-8.779732e-02	4.316072e-01	-2.549090e-05	-5.630710e-03	-2.526093e-05	4.316072e-01	9.101058e-01	4.360250e-02	1.000095e+00	1.096062e+01
157	-8.864067e-02	0.000000e+00	-8.863738e-02	0.000000e+00	-8.432486e-04	0.000000e+00	-8.400534e-04	-4.316072e-01	9.101059e-01	4.360250e-02	1.000000e+00	1.100000e+01
