#sequence delta(k-1),f(k-1),theta(k),v(k),delta_diff(k-1),f_diff(k-1),theta_diff(k),v_diff(k),phi(1,1;k),phi(1,2;k),phi(2,1;k),phi(2,2;k)
1	7.172720e-01	0.000000e+00	7.173970e-01	0.000000e+00	7.172720e-01	0.000000e+00	-3.187904e-02	-5.644217e-03	7.969847e-01	1.000000e-01	1.000000e+00	1.200000e+01
2	1.120292e+00	2.000000e-01	1.118718e+00	3.290632e+00	4.030197e-01	2.000000e-01	4.013209e-01	3.290632e+00	8.074360e-01	1.051865e-01	1.084766e+00	1.204207e+01
3	8.261122e-01	2.614454e-01	8.272552e-01	5.103233e+00	-2.941795e-01	6.144536e-02	-2.914627e-01	1.812602e+00	8.155106e-01	1.034999e-01	8.986873e-01	1.208093e+01
4	5.884447e-01	2.523813e-01	5.893775e-01	4.630695e+00	-2.376675e-01	-9.064096e-03	-2.378776e-01	-4.725385e-01	8.202445e-01	1.036805e-01	9.150946e-01	1.208156e+01
5	6.435682e-01	3.647866e-01	6.433565e-01	7.095305e+00	5.512348e-02	1.124053e-01	5.397895e-02	2.464610e+00	8.201695e-01	1.035274e-01	9.425331e-01	1.213751e+01
6	7.683880e-01	3.838180e-01	7.678995e-01	7.707704e+00	1.248198e-01	1.903142e-02	1.245431e-01	6.123988e-01	8.213576e-01	1.037085e-01	9.580475e-01	1.213987e+01
7	7.681423e-01	4.210228e-01	7.681414e-01	7.845882e+00	-2.456233e-04	3.720478e-02	2.418325e-04	1.381778e-01	8.213580e-01	1.036482e-01	9.580840e-01	1.213434e+01
8	7.022489e-01	5.343011e-01	7.025063e-01	9.036863e+00	-6.589343e-02	1.132783e-01	-6.563509e-02	1.190982e+00	8.220796e-01	1.024076e-01	9.618218e-01	1.212792e+01
9	6.986307e-01	6.574249e-01	6.986459e-01	1.070598e+01	-3.618166e-03	1.231238e-01	-3.860420e-03	1.669118e+00	8.221027e-01	1.016244e-01	9.615158e-01	1.213833e+01
10	7.327794e-01	7.228624e-01	7.326461e-01	1.115327e+01	3.414869e-02	6.543751e-02	3.400022e-02	4.472876e-01	8.220910e-01	1.016019e-01	9.553712e-01	1.212655e+01
11	7.387240e-01	8.186665e-01	7.387002e-01	1.155663e+01	5.944532e-03	9.580407e-02	6.054124e-03	4.033657e-01	8.220669e-01	1.012139e-01	9.532236e-01	1.209194e+01
12	7.257091e-01	9.671659e-01	7.257599e-01	1.247366e+01	-1.301482e-02	1.484995e-01	-1.294033e-02	9.170254e-01	8.221725e-01	1.000090e-01	9.585197e-01	1.203151e+01
13	7.258007e-01	1.120820e+00	7.258005e-01	1.561851e+01	9.157267e-05	1.536537e-01	4.066680e-05	3.144848e+00	8.221718e-01	9.889801e-02	9.585754e-01	1.212500e+01
14	7.385913e-01	9.579647e-01	7.385413e-01	1.362417e+01	1.279058e-02	-1.628549e-01	1.274078e-02	-1.994341e+00	8.222817e-01	9.749869e-02	9.583836e-01	1.212744e+01
15	7.476165e-01	1.022218e+00	7.475811e-01	1.319529e+01	9.025218e-03	6.425339e-02	9.039732e-03	-4.288767e-01	8.222618e-01	9.735718e-02	9.531784e-01	1.209039e+01
16	7.491796e-01	1.222218e+00	7.491733e-01	1.573013e+01	1.563075e-03	2.000000e-01	1.592281e-03	2.534839e+00	8.222479e-01	9.557226e-02	9.532623e-01	1.210112e+01
17	7.534954e-01	1.230899e+00	7.534785e-01	1.680546e+01	4.315815e-03	8.680893e-03	4.305176e-03	1.075335e+00	8.222477e-01	9.557196e-02	9.552429e-01	1.210511e+01
18	7.641899e-01	1.123753e+00	7.641480e-01	1.414653e+01	1.069450e-02	-1.071465e-01	1.066954e-02	-2.658933e+00	8.223089e-01	9.495887e-02	9.483128e-01	1.217454e+01
19	7.758358e-01	1.323753e+00	7.757902e-01	1.648430e+01	1.164592e-02	2.000000e-01	1.164211e-02	2.337773e+00	8.222171e-01	9.338251e-02	9.477261e-01	1.216446e+01
20	7.799724e-01	1.374825e+00	7.799560e-01	1.722126e+01	4.136553e-03	5.107244e-02	4.165872e-03	7.369548e-01	8.222093e-01	9.328549e-02	9.479455e-01	1.216717e+01
21	7.891611e-01	1.382277e+00	7.891251e-01	1.669454e+01	9.188692e-03	7.452507e-03	9.169071e-03	-5.267181e-01	8.222133e-01	9.328874e-02	9.452129e-01	1.216496e+01
22	8.071090e-01	1.511679e+00	8.070388e-01	1.803484e+01	1.794795e-02	1.294020e-01	1.791366e-02	1.340298e+00	8.221379e-01	9.274540e-02	9.430926e-01	1.214967e+01
23	8.295628e-01	1.528998e+00	8.294748e-01	1.843149e+01	2.245382e-02	1.731867e-02	2.243609e-02	3.966480e-01	8.221632e-01	9.276489e-02	9.448523e-01	1.215102e+01
24	8.549563e-01	1.506018e+00	8.548568e-01	1.762535e+01	2.539348e-02	-2.298002e-02	2.538192e-02	-8.061367e-01	8.222432e-01	9.269250e-02	9.382113e-01	1.215703e+01
25	8.880672e-01	1.624825e+00	8.879375e-01	1.903335e+01	3.311088e-02	1.188069e-01	3.308069e-02	1.407999e+00	8.221627e-01	9.240366e-02	9.371592e-01	1.215326e+01
26	9.277838e-01	1.600386e+00	9.276281e-01	1.926389e+01	3.971658e-02	-2.443879e-02	3.969065e-02	2.305439e-01	8.223379e-01	9.229588e-02	9.463994e-01	1.214757e+01
27	9.736697e-01	1.535561e+00	9.734898e-01	1.824320e+01	4.588592e-02	-6.482548e-02	4.586172e-02	-1.020688e+00	8.226445e-01	9.186273e-02	9.403888e-01	1.215607e+01
28	1.023979e+00	1.632358e+00	1.023782e+00	1.916069e+01	5.030970e-02	9.679736e-02	5.029232e-02	9.174899e-01	8.226448e-01	9.186334e-02	9.331077e-01	1.214206e+01
29	1.078257e+00	1.657711e+00	1.078045e+00	2.017905e+01	5.427801e-02	2.535286e-02	5.426245e-02	1.018356e+00	8.228322e-01	9.195087e-02	9.500901e-01	1.214999e+01
30	1.139028e+00	1.536573e+00	1.138790e+00	1.803781e+01	6.077061e-02	-1.211376e-01	6.074519e-02	-2.141241e+00	8.234580e-01	9.070336e-02	9.292909e-01	1.219145e+01
31	1.150979e+00	1.728393e+00	1.150931e+00	1.945489e+01	1.195083e-02	1.918192e-01	1.214144e-02	1.417079e+00	8.233739e-01	8.935264e-02	9.240930e-01	1.210802e+01
32	1.111791e+00	1.806995e+00	1.111944e+00	1.975556e+01	-3.918773e-02	7.860249e-02	-3.898722e-02	3.006703e-01	8.236287e-01	8.884145e-02	9.354937e-01	1.208515e+01
33	1.086626e+00	1.860061e+00	1.086725e+00	2.024207e+01	-2.516542e-02	5.306539e-02	-2.521941e-02	4.865086e-01	8.237386e-01	8.860978e-02	9.370599e-01	1.208185e+01
34	1.001310e+00	1.838256e+00	1.001643e+00	1.998462e+01	-8.531592e-02	-2.180500e-02	-8.508117e-02	-2.574472e-01	8.242582e-01	8.874257e-02	9.335905e-01	1.208096e+01
35	1.080290e+00	1.838528e+00	1.079982e+00	1.953842e+01	7.897986e-02	2.726365e-04	7.833899e-02	-4.461951e-01	8.247524e-01	8.874428e-02	9.140226e-01	1.208089e+01
36	1.436278e+00	1.920323e+00	1.434886e+00	1.990168e+01	3.559881e-01	8.179488e-02	3.549035e-01	3.632571e-01	8.333192e-01	9.071267e-02	7.633846e-01	1.204628e+01
37	2.047690e+00	1.980173e+00	2.045296e+00	2.034873e+01	6.114123e-01	5.985011e-02	6.104103e-01	4.470452e-01	8.566465e-01	9.299614e-02	5.824264e-01	1.202857e+01
38	2.258129e+00	1.976929e+00	2.257298e+00	2.104054e+01	2.104392e-01	-3.244164e-03	2.120016e-01	6.918175e-01	8.597790e-01	9.294785e-02	6.419113e-01	1.202765e+01
39	2.291714e+00	1.831971e+00	2.291579e+00	2.017850e+01	3.358463e-02	-1.449578e-01	3.428157e-02	-8.620451e-01	8.600768e-01	9.166212e-02	6.554788e-01	1.196909e+01
40	2.369275e+00	1.777265e+00	2.368971e+00	1.880502e+01	7.756097e-02	-5.470575e-02	7.739191e-02	-1.373475e+00	8.606526e-01	9.125603e-02	6.272551e-01	1.198900e+01
41	2.471172e+00	1.977265e+00	2.470772e+00	2.131636e+01	1.018968e-01	2.000000e-01	1.018010e-01	2.511336e+00	8.604568e-01	9.087167e-02	6.295978e-01	1.199360e+01
42	2.478022e+00	1.833770e+00	2.477993e+00	1.954147e+01	6.850219e-03	-1.434957e-01	7.221120e-03	-1.774892e+00	8.605030e-01	8.990244e-02	6.294104e-01	1.199752e+01
43	2.462343e+00	1.938430e+00	2.462404e+00	2.189256e+01	-1.567921e-02	1.046598e-01	-1.558976e-02	2.351088e+00	8.605882e-01	8.933358e-02	6.212244e-01	1.205216e+01
44	2.487124e+00	1.738430e+00	2.487028e+00	1.950142e+01	2.478165e-02	-2.000000e-01	2.462395e-02	-2.391137e+00	8.608324e-01	8.736303e-02	6.212694e-01	1.205180e+01
45	2.490513e+00	1.858710e+00	2.490499e+00	2.234251e+01	3.388383e-03	1.202808e-01	3.471334e-03	2.841086e+00	8.608165e-01	8.679843e-02	6.234895e-01	1.213061e+01
46	2.344131e+00	1.658710e+00	2.344702e+00	2.016702e+01	-1.463820e-01	-2.000000e-01	-1.457966e-01	-2.175484e+00	8.609804e-01	8.702230e-02	6.004247e-01	1.209910e+01
47	1.783171e+00	1.704358e+00	1.785365e+00	2.194108e+01	-5.609592e-01	4.564760e-02	-5.593375e-01	1.774054e+00	8.794594e-01	8.551859e-02	2.419148e-01	1.212827e+01
48	9.843597e-01	1.504358e+00	9.874886e-01	1.902357e+01	-7.988117e-01	-2.000000e-01	-7.978762e-01	-2.917503e+00	9.016325e-01	9.107011e-02	3.265279e-01	1.214945e+01
49	4.317066e-01	1.704358e+00	4.338776e-01	2.096191e+01	-5.526531e-01	2.000000e-01	-5.536110e-01	1.938334e+00	9.180932e-01	8.511312e-02	3.961672e-01	1.212425e+01
50	7.495003e-01	1.675680e+00	7.482674e-01	2.031343e+01	3.177937e-01	-2.867754e-02	3.143897e-01	-6.484807e-01	9.216937e-01	8.478821e-02	3.348781e-01	1.212978e+01
51	1.008779e+00	1.736294e+00	1.007762e+00	2.129514e+01	2.592790e-01	6.061402e-02	2.594943e-01	9.817143e-01	9.235229e-01	8.521584e-02	3.538673e-01	1.213422e+01
52	8.305911e-01	1.645391e+00	8.312832e-01	1.985796e+01	-1.781882e-01	-9.090328e-02	-1.764785e-01	-1.437177e+00	9.238690e-01	8.539242e-02	3.763614e-01	1.214570e+01
53	1.027745e+00	1.767698e+00	1.026978e+00	2.159315e+01	1.971543e-01	1.223070e-01	1.956948e-01	1.735182e+00	9.241523e-01	8.556813e-02	3.923638e-01	1.215563e+01
54	1.529835e+00	1.647949e+00	1.527871e+00	2.001493e+01	5.020900e-01	-1.197486e-01	5.008932e-01	-1.578215e+00	9.340716e-01	8.320238e-02	3.251025e-01	1.217167e+01
55	1.619525e+00	1.750866e+00	1.619167e+00	2.089822e+01	8.968976e-02	1.029163e-01	9.129603e-02	8.832837e-01	9.340275e-01	8.315184e-02	3.082804e-01	1.215236e+01
56	1.398253e+00	1.763841e+00	1.399116e+00	2.105985e+01	-2.212726e-01	1.297517e-02	-2.200516e-01	1.616345e-01	9.355105e-01	8.306488e-02	3.008770e-01	1.215280e+01
57	1.202308e+00	1.751127e+00	1.203077e+00	2.079979e+01	-1.959444e-01	-1.271432e-02	-1.960386e-01	-2.600583e-01	9.365765e-01	8.313406e-02	3.051311e-01	1.215307e+01
58	1.055428e+00	1.781650e+00	1.056004e+00	1.973723e+01	-1.468806e-01	3.052346e-02	-1.470726e-01	-1.062562e+00	9.374075e-01	8.296136e-02	4.009400e-01	1.213316e+01
59	1.000201e+00	1.981650e+00	1.000419e+00	2.307661e+01	-5.522611e-02	2.000000e-01	-5.558489e-02	3.339383e+00	9.379316e-01	8.106347e-02	3.769323e-01	1.222011e+01
60	9.563588e-01	1.781650e+00	9.565309e-01	2.084503e+01	-4.384265e-02	-2.000000e-01	-4.388852e-02	-2.231582e+00	9.376573e-01	7.981237e-02	3.722619e-01	1.219880e+01
61	8.765364e-01	1.836862e+00	8.768489e-01	2.202312e+01	-7.982241e-02	5.521184e-02	-7.968204e-02	1.178089e+00	9.380061e-01	7.957111e-02	3.520991e-01	1.221275e+01
62	8.188355e-01	1.720191e+00	8.190621e-01	2.024483e+01	-5.770090e-02	-1.166708e-01	-5.778676e-02	-1.778295e+00	9.378533e-01	7.926224e-02	3.611522e-01	1.223105e+01
63	8.017754e-01	1.876734e+00	8.018430e-01	2.100026e+01	-1.706008e-02	1.565424e-01	-1.721917e-02	7.554373e-01	9.379624e-01	7.826136e-02	3.703818e-01	1.214636e+01
64	7.872661e-01	2.001828e+00	7.873231e-01	2.156134e+01	-1.450931e-02	1.250943e-01	-1.451989e-02	5.610727e-01	9.380356e-01	7.763053e-02	3.768981e-01	1.209018e+01
65	7.531960e-01	2.077226e+00	7.533294e-01	2.338385e+01	-3.407008e-02	7.539764e-02	-3.399371e-02	1.822513e+00	9.381628e-01	7.734899e-02	3.619993e-01	1.212315e+01
66	7.296577e-01	1.877226e+00	7.297501e-01	2.031706e+01	-2.353839e-02	-2.000000e-01	-2.357923e-02	-3.066791e+00	9.380097e-01	7.604790e-02	3.689430e-01	1.218215e+01
67	7.194980e-01	2.077226e+00	7.195381e-01	2.372970e+01	-1.015962e-02	2.000000e-01	-1.021204e-02	3.412643e+00	9.380849e-01	7.456786e-02	3.643069e-01	1.227342e+01
68	7.104056e-01	1.877226e+00	7.104413e-01	2.138465e+01	-9.092444e-03	-2.000000e-01	-9.096818e-03	-2.345052e+00	9.380241e-01	7.323174e-02	3.638287e-01	1.226290e+01
69	6.950394e-01	1.967651e+00	6.950996e-01	2.259993e+01	-1.536616e-02	9.042505e-02	-1.534167e-02	1.215284e+00	9.380790e-01	7.290882e-02	3.630146e-01	1.226769e+01
70	6.715727e-01	1.902660e+00	6.716646e-01	2.130351e+01	-2.346670e-02	-6.499023e-02	-2.343496e-02	-1.296426e+00	9.380421e-01	7.280667e-02	3.684704e-01	1.228280e+01
71	6.464980e-01	2.048562e+00	6.465963e-01	2.368124e+01	-2.507477e-02	1.459016e-01	-2.506837e-02	2.377734e+00	9.381855e-01	7.197240e-02	3.614618e-01	1.232358e+01
72	6.099297e-01	1.853271e+00	6.100730e-01	2.035813e+01	-3.656823e-02	-1.952905e-01	-3.652331e-02	-3.323106e+00	9.379838e-01	7.089535e-02	3.768467e-01	1.240575e+01
73	5.909569e-01	2.053271e+00	5.910316e-01	2.112466e+01	-1.897284e-02	2.000000e-01	-1.904139e-02	7.665282e-01	9.381201e-01	6.945903e-02	3.919303e-01	1.224674e+01
74	5.480979e-01	2.253271e+00	5.482656e-01	2.496972e+01	-4.285897e-02	2.000000e-01	-4.276593e-02	3.845053e+00	9.384481e-01	6.792822e-02	3.637637e-01	1.237818e+01
75	4.858593e-01	2.053271e+00	4.861031e-01	2.152360e+01	-6.223860e-02	-2.000000e-01	-6.216254e-02	-3.446120e+00	9.381637e-01	6.701434e-02	3.911836e-01	1.246629e+01
76	4.099135e-01	2.253271e+00	4.102111e-01	2.367471e+01	-7.594584e-02	2.000000e-01	-7.589200e-02	2.151113e+00	9.388001e-01	6.533839e-02	4.022024e-01	1.243728e+01
77	3.281064e-01	2.175172e+00	3.284271e-01	2.349045e+01	-8.180711e-02	-7.809964e-02	-8.178401e-02	-1.842603e-01	9.387955e-01	6.533399e-02	3.705414e-01	1.240705e+01
78	2.463291e-01	2.079286e+00	2.466498e-01	2.377552e+01	-8.177723e-02	-9.588616e-02	-8.177726e-02	2.850715e-01	9.387470e-01	6.527708e-02	3.125401e-01	1.233904e+01
79	1.251948e-01	1.901869e+00	1.256692e-01	2.168134e+01	-1.211344e-01	-1.774165e-01	-1.209806e-01	-2.094178e+00	9.385043e-01	6.492163e-02	3.050695e-01	1.232810e+01
80	7.710514e-02	2.065629e+00	7.729484e-02	2.258453e+01	-4.808962e-02	1.637597e-01	-4.837435e-02	9.031836e-01	9.388166e-01	6.385796e-02	3.298579e-01	1.224369e+01
81	6.586558e-02	2.197374e+00	6.591022e-02	2.500358e+01	-1.123956e-02	1.317457e-01	-1.138462e-02	2.419052e+00	9.388656e-01	6.328438e-02	3.255725e-01	1.229392e+01
82	-8.494202e-04	1.997374e+00	-5.886404e-04	2.310417e+01	-6.671500e-02	-2.000000e-01	-6.649886e-02	-1.899405e+00	9.385929e-01	6.246708e-02	3.075581e-01	1.223992e+01
83	-4.809796e-02	2.016872e+00	-4.791238e-02	2.344469e+01	-4.724854e-02	1.949708e-02	-4.732373e-02	3.405159e-01	9.386870e-01	6.242828e-02	3.049490e-01	1.224099e+01
84	1.517149e-02	2.004088e+00	1.492507e-02	2.303290e+01	6.326945e-02	-1.278384e-02	6.283745e-02	-4.117855e-01	9.388143e-01	6.240256e-02	2.967138e-01	1.224266e+01
85	2.455991e-02	2.071925e+00	2.452227e-02	2.328219e+01	9.388415e-03	6.783688e-02	9.597200e-03	2.492832e-01	9.387989e-01	6.229165e-02	2.941156e-01	1.222388e+01
86	-1.217441e-02	2.134187e+00	-1.203107e-02	2.261273e+01	-3.673432e-02	6.226195e-02	-3.655334e-02	-6.694544e-01	9.389024e-01	6.211627e-02	3.188236e-01	1.218200e+01
87	-1.670410e-02	2.334187e+00	-1.668584e-02	2.469486e+01	-4.529681e-03	2.000000e-01	-4.654774e-03	2.082125e+00	9.389295e-01	6.092179e-02	3.195679e-01	1.214914e+01
88	1.167296e-02	2.222833e+00	1.156218e-02	2.255813e+01	2.837705e-02	-1.113533e-01	2.824802e-02	-2.136723e+00	9.390418e-01	6.048104e-02	3.089498e-01	1.219081e+01
89	8.520600e-03	2.406423e+00	8.532481e-03	2.419452e+01	-3.152357e-03	1.835900e-01	-3.029700e-03	1.636388e+00	9.390582e-01	5.952283e-02	3.098344e-01	1.213929e+01
90	-1.013491e-02	2.355373e+00	-1.006199e-02	2.336324e+01	-1.865551e-02	-5.105060e-02	-1.859447e-02	-8.312788e-01	9.390409e-01	5.947531e-02	3.116553e-01	1.214427e+01
91	-1.853557e-03	2.387990e+00	-1.885621e-03	2.540218e+01	8.281353e-03	3.261781e-02	8.176369e-03	2.038933e+00	9.390348e-01	5.945146e-02	3.181037e-01	1.216967e+01
92	7.519697e-03	2.187990e+00	7.482957e-03	2.188566e+01	9.373254e-03	-2.000000e-01	9.368578e-03	-3.516518e+00	9.390892e-01	5.829129e-02	3.133654e-01	1.227077e+01
93	2.187164e-04	2.387990e+00	2.470924e-04	2.352541e+01	-7.300980e-03	2.000000e-01	-7.235865e-03	1.639757e+00	9.391301e-01	5.717015e-02	3.161265e-01	1.219514e+01
94	-4.937932e-03	2.365874e+00	-4.917678e-03	2.306310e+01	-5.156649e-03	-2.211635e-02	-5.164771e-03	-4.623167e-01	9.391278e-01	5.716025e-02	3.165941e-01	1.219714e+01
95	1.453954e-03	2.366562e+00	1.429065e-03	2.289643e+01	6.391886e-03	6.877323e-04	6.346743e-03	-1.666719e-01	9.391287e-01	5.716035e-02	3.160565e-01	1.219708e+01
96	2.807122e-03	2.354395e+00	2.801739e-03	2.293613e+01	1.353168e-03	-1.216682e-02	1.372674e-03	3.970293e-02	9.391292e-01	5.715574e-02	3.161771e-01	1.219600e+01
97	-1.837292e-03	2.281830e+00	-1.819171e-03	2.310656e+01	-4.644414e-03	-7.256532e-02	-4.620910e-03	1.704319e-01	9.391207e-01	5.702207e-02	3.138516e-01	1.215967e+01
98	-1.425566e-03	2.094570e+00	-1.427103e-03	2.147873e+01	4.117267e-04	-1.872601e-01	3.920680e-04	-1.627832e+00	9.391227e-01	5.608818e-02	3.139764e-01	1.210293e+01
99	1.633012e-03	2.101294e+00	1.621059e-03	2.182383e+01	3.058578e-03	6.724243e-03	3.048162e-03	3.451026e-01	9.391224e-01	5.608753e-02	3.143581e-01	1.210377e+01
100	8.700067e-04	2.026987e+00	8.729405e-04	2.101978e+01	-7.630057e-04	-7.430719e-02	-7.481184e-04	-8.040517e-01	9.391209e-01	5.594195e-02	3.143236e-01	1.210040e+01
101	-1.254544e-03	2.031264e+00	-1.246233e-03	2.098513e+01	-2.124550e-03	4.277005e-03	-2.119174e-03	-3.464922e-02	9.391213e-01	5.594121e-02	3.144101e-01	1.210023e+01
102	-4.421380e-04	1.994456e+00	-4.452790e-04	2.094571e+01	8.124056e-04	-3.680711e-02	8.009542e-04	-3.941662e-02	9.391221e-01	5.590457e-02	3.145665e-01	1.209314e+01
103	9.081025e-04	1.876864e+00	9.028159e-04	2.049500e+01	1.350241e-03	-1.175926e-01	1.348095e-03	-4.507119e-01	9.391264e-01	5.553545e-02	3.151850e-01	1.203928e+01
104	2.400189e-04	1.715083e+00	2.426079e-04	2.009900e+01	-6.680836e-04	-1.617808e-01	-6.602079e-04	-3.960010e-01	9.391236e-01	5.485643e-02	3.146988e-01	1.192156e+01
105	-7.187088e-04	1.515083e+00	-7.149537e-04	1.804172e+01	-9.587277e-04	-2.000000e-01	-9.575616e-04	-2.057282e+00	9.391187e-01	5.383992e-02	3.145527e-01	1.189107e+01
106	-1.850691e-03	1.553158e+00	-1.846255e-03	1.785243e+01	-1.131982e-03	3.807445e-02	-1.131301e-03	-1.892839e-01	9.391198e-01	5.380164e-02	3.148975e-01	1.187948e+01
107	-5.400623e-03	1.581421e+00	-5.386739e-03	1.765900e+01	-3.549932e-03	2.826327e-02	-3.540485e-03	-1.934310e-01	9.391227e-01	5.377846e-02	3.157875e-01	1.187239e+01
108	-1.097605e-02	1.550246e+00	-1.095421e-02	1.700805e+01	-5.575423e-03	-3.117527e-02	-5.567474e-03	-6.509523e-01	9.391192e-01	5.375855e-02	3.165262e-01	1.187652e+01
109	-1.207626e-02	1.494379e+00	-1.207187e-02	1.621314e+01	-1.100209e-03	-5.586674e-02	-1.117660e-03	-7.949135e-01	9.391177e-01	5.368122e-02	3.165946e-01	1.187999e+01
110	-8.313462e-03	1.421730e+00	-8.328144e-03	1.537869e+01	3.762793e-03	-7.264907e-02	3.743729e-03	-8.344496e-01	9.391250e-01	5.353977e-02	3.166435e-01	1.187905e+01
111	-4.167814e-03	1.326566e+00	-4.184066e-03	1.307036e+01	4.145648e-03	-9.516352e-02	4.144078e-03	-2.308326e+00	9.391355e-01	5.329921e-02	3.143320e-01	1.193211e+01
112	-1.704010e-03	1.481961e+00	-1.713697e-03	1.534390e+01	2.463805e-03	1.553952e-01	2.470368e-03	2.273537e+00	9.391261e-01	5.270657e-02	3.148160e-01	1.196264e+01
113	3.384894e-03	1.281961e+00	3.364978e-03	1.249380e+01	5.088904e-03	-2.000000e-01	5.078675e-03	-2.850099e+00	9.391518e-01	5.169690e-02	3.137278e-01	1.200540e+01
114	1.106111e-02	1.242542e+00	1.103104e-02	1.202761e+01	7.676212e-03	-3.941986e-02	7.666065e-03	-4.661875e-01	9.391608e-01	5.165022e-02	3.137448e-01	1.200532e+01
115	1.713118e-02	1.042542e+00	1.710735e-02	1.078338e+01	6.070074e-03	-2.000000e-01	6.076308e-03	-1.244238e+00	9.391911e-01	5.065315e-02	3.170094e-01	1.189775e+01
116	2.176340e-02	8.425416e-01	2.174521e-02	9.904596e+00	4.632219e-03	-2.000000e-01	4.637860e-03	-8.787796e-01	9.392136e-01	4.968286e-02	3.202436e-01	1.175811e+01
117	2.864212e-02	6.425416e-01	2.861518e-02	7.254464e+00	6.878720e-03	-2.000000e-01	6.869967e-03	-2.650131e+00	9.392467e-01	4.871929e-02	3.192804e-01	1.178612e+01
118	3.387684e-02	5.611401e-01	3.385628e-02	4.850688e+00	5.234716e-03	-8.140146e-02	5.241104e-03	-2.403777e+00	9.392573e-01	4.855395e-02	3.156967e-01	1.184185e+01
