#sequence delta(k-1),f(k-1),theta(k),v(k),delta_diff(k-1),f_diff(k-1),theta_diff(k),v_diff(k),phi(1,1;k),phi(1,2;k),phi(2,1;k),phi(2,2;k)
1	-7.341537e-01	0.000000e+00	-7.341397e-01	0.000000e+00	-7.341537e-01	0.000000e+00	-3.589449e-03	-6.872848e-03	7.993175e-01	1.000000e-01	1.000000e+00	7.000000e+00
2	2.403570e-01	2.000000e-01	2.365504e-01	1.047348e+00	9.745108e-01	2.000000e-01	9.706901e-01	1.047348e+00	8.525008e-01	1.109149e-01	5.890292e-01	6.915656e+00
3	-3.837228e-01	4.000000e-01	-3.812999e-01	2.834913e+00	-6.240799e-01	2.000000e-01	-6.178503e-01	1.787565e+00	8.788576e-01	1.024682e-01	4.006261e-01	6.976034e+00
4	-6.051537e-01	6.000000e-01	-6.042793e-01	3.804340e+00	-2.214309e-01	2.000000e-01	-2.229794e-01	9.694271e-01	8.837784e-01	9.802373e-02	4.345679e-01	6.945377e+00
5	-6.021343e-01	8.000000e-01	-6.021427e-01	4.049439e+00	3.019336e-03	2.000000e-01	2.136529e-03	2.450990e-01	8.837501e-01	9.614826e-02	4.329575e-01	6.838709e+00
6	-5.860746e-01	1.000000e+00	-5.861374e-01	5.976276e+00	1.605973e-02	2.000000e-01	1.600535e-02	1.926836e+00	8.836198e-01	9.452629e-02	4.370864e-01	6.890127e+00
7	-6.864490e-01	1.200000e+00	-6.860572e-01	7.133805e+00	-1.003744e-01	2.000000e-01	-9.991980e-02	1.157530e+00	8.850214e-01	9.173365e-02	4.453017e-01	6.873758e+00
8	-7.580797e-01	1.400000e+00	-7.577983e-01	7.335023e+00	-7.163065e-02	2.000000e-01	-7.174116e-02	2.012181e-01	8.859095e-01	8.925375e-02	4.832882e-01	6.767695e+00
9	-7.453267e-01	1.600000e+00	-7.453754e-01	7.092706e+00	1.275295e-02	2.000000e-01	1.242290e-02	-2.423169e-01	8.858102e-01	8.769608e-02	4.737748e-01	6.618500e+00
10	-7.201665e-01	1.800000e+00	-7.202649e-01	8.049310e+00	2.516025e-02	2.000000e-01	2.511049e-02	9.566036e-01	8.856379e-01	8.632590e-02	4.693353e-01	6.583210e+00
11	-7.313093e-01	2.000000e+00	-7.312662e-01	9.382112e+00	-1.114283e-02	2.000000e-01	-1.100122e-02	1.332802e+00	8.857333e-01	8.461248e-02	4.692243e-01	6.585202e+00
12	-7.466637e-01	2.200000e+00	-7.466036e-01	1.112497e+01	-1.535440e-02	2.000000e-01	-1.533740e-02	1.742854e+00	8.858667e-01	8.287474e-02	4.661284e-01	6.625528e+00
13	-7.467934e-01	2.400000e+00	-7.467927e-01	1.424108e+01	-1.297143e-04	2.000000e-01	-1.891193e-04	3.116115e+00	8.858677e-01	8.132408e-02	4.660202e-01	6.792343e+00
14	-7.456850e-01	2.600000e+00	-7.456893e-01	1.530164e+01	1.108407e-03	2.000000e-01	1.103338e-03	1.060560e+00	8.858594e-01	7.982053e-02	4.658662e-01	6.764549e+00
15	-7.532968e-01	2.800000e+00	-7.532671e-01	1.664016e+01	-7.611824e-03	2.000000e-01	-7.577780e-03	1.338522e+00	8.859189e-01	7.825598e-02	4.659046e-01	6.763539e+00
16	-7.631152e-01	3.000000e+00	-7.630768e-01	1.726831e+01	-9.818392e-03	2.000000e-01	-9.809640e-03	6.281440e-01	8.859956e-01	7.669483e-02	4.691965e-01	6.696484e+00
17	-7.692370e-01	3.200000e+00	-7.692129e-01	1.764511e+01	-6.121737e-03	2.000000e-01	-6.136143e-03	3.768007e-01	8.860413e-01	7.519989e-02	4.719321e-01	6.607109e+00
18	-7.750828e-01	3.400000e+00	-7.750599e-01	1.994731e+01	-5.845844e-03	2.000000e-01	-5.846978e-03	2.302204e+00	8.860841e-01	7.373698e-02	4.692547e-01	6.698712e+00
19	-7.845521e-01	3.600000e+00	-7.845150e-01	2.039918e+01	-9.469236e-03	2.000000e-01	-9.455087e-03	4.518702e-01	8.861538e-01	7.226436e-02	4.731501e-01	6.616435e+00
20	-7.957642e-01	3.800000e+00	-7.957203e-01	2.159583e+01	-1.121215e-02	2.000000e-01	-1.120529e-02	1.196650e+00	8.862359e-01	7.080010e-02	4.737836e-01	6.605136e+00
21	-8.046316e-01	4.000000e+00	-8.045968e-01	2.346579e+01	-8.867392e-03	2.000000e-01	-8.876525e-03	1.869959e+00	8.862986e-01	6.938653e-02	4.714996e-01	6.656651e+00
22	-8.135672e-01	4.151013e+00	-8.135321e-01	2.351179e+01	-8.935567e-03	1.510132e-01	-8.935336e-03	4.599412e-02	8.863468e-01	6.857137e-02	4.755073e-01	6.588920e+00
23	-8.242185e-01	4.351013e+00	-8.241768e-01	2.453090e+01	-1.065135e-02	2.000000e-01	-1.064465e-02	1.019116e+00	8.864208e-01	6.718202e-02	4.769635e-01	6.561576e+00
24	-8.325209e-01	4.551013e+00	-8.324883e-01	2.599917e+01	-8.302399e-03	2.000000e-01	-8.311548e-03	1.468269e+00	8.864764e-01	6.584195e-02	4.763453e-01	6.576470e+00
25	-8.375950e-01	4.686140e+00	-8.375750e-01	2.739324e+01	-5.074056e-03	1.351268e-01	-5.086702e-03	1.394073e+00	8.864991e-01	6.523863e-02	4.751324e-01	6.608770e+00
26	-8.425557e-01	4.651657e+00	-8.425362e-01	2.648353e+01	-4.960721e-03	-3.448269e-02	-4.961213e-03	-9.097186e-01	8.864951e-01	6.521103e-02	4.767325e-01	6.619892e+00
27	-8.406500e-01	4.851657e+00	-8.406574e-01	2.652044e+01	1.905654e-03	2.000000e-01	1.878831e-03	3.691525e-02	8.864837e-01	6.401396e-02	4.755895e-01	6.499934e+00
28	-8.339340e-01	5.000000e+00	-8.339603e-01	2.806301e+01	6.716035e-03	1.483427e-01	6.697140e-03	1.542567e+00	8.864561e-01	6.340396e-02	4.774043e-01	6.540019e+00
29	-8.247481e-01	5.000000e+00	-8.247841e-01	2.839586e+01	9.185890e-03	0.000000e+00	9.176168e-03	3.328481e-01	8.864606e-01	6.340396e-02	1.000000e+00	7.000000e+00
30	-8.082725e-01	5.000000e+00	-8.083370e-01	2.988278e+01	1.647564e-02	0.000000e+00	1.644712e-02	1.486924e+00	8.864750e-01	6.340396e-02	1.000000e+00	7.000000e+00
31	-7.936154e-01	4.954921e+00	-7.936729e-01	2.965965e+01	1.465711e-02	-4.507902e-02	1.466411e-02	-2.231291e-01	8.865065e-01	6.330709e-02	1.000541e+00	6.998337e+00
32	-7.763057e-01	5.000000e+00	-7.763736e-01	3.088286e+01	1.730964e-02	4.507902e-02	1.729931e-02	1.223214e+00	8.864991e-01	6.328785e-02	1.007853e+00	7.017381e+00
33	-7.473384e-01	4.805847e+00	-7.474518e-01	2.927914e+01	2.896734e-02	-1.941529e-01	2.892176e-02	-1.603730e+00	8.867088e-01	6.188273e-02	1.004202e+00	7.041853e+00
34	-7.134457e-01	5.000000e+00	-7.135785e-01	3.077509e+01	3.389267e-02	1.941529e-01	3.387325e-02	1.495955e+00	8.865794e-01	6.114142e-02	1.005698e+00	7.050423e+00
35	-6.734810e-01	4.948843e+00	-6.736376e-01	2.985086e+01	3.996474e-02	-5.115728e-02	3.994095e-02	-9.242270e-01	8.867240e-01	6.095623e-02	9.942611e-01	7.065063e+00
36	-6.112633e-01	5.000000e+00	-6.115070e-01	3.200154e+01	6.221763e-02	5.115728e-02	6.213061e-02	2.150681e+00	8.868372e-01	6.104930e-02	1.045146e+00	7.106902e+00
37	-5.210551e-01	4.800000e+00	-5.214084e-01	3.055058e+01	9.020825e-02	-2.000000e-01	9.009857e-02	-1.450969e+00	8.877706e-01	5.897981e-02	1.039963e+00	7.118393e+00
38	-3.342831e-01	4.882854e+00	-3.350141e-01	3.072697e+01	1.867720e-01	8.285441e-02	1.863944e-01	1.763911e-01	8.891348e-01	5.958495e-02	9.871582e-01	7.094968e+00
39	-2.735534e-01	4.950961e+00	-2.737935e-01	3.033602e+01	6.072970e-02	6.810637e-02	6.122058e-02	-3.909450e-01	8.892257e-01	5.968693e-02	9.603241e-01	7.064874e+00
40	-1.615582e-01	5.000000e+00	-1.619967e-01	3.212841e+01	1.119952e-01	4.903922e-02	1.117968e-01	1.792392e+00	8.897157e-01	5.990151e-02	1.030995e+00	7.095819e+00
41	-5.874024e-03	4.800000e+00	-6.483878e-03	3.180541e+01	1.556842e-01	-2.000000e-01	1.555128e-01	-3.230063e-01	8.917920e-01	5.723424e-02	1.098033e+00	7.009698e+00
42	5.891190e-02	4.600000e+00	5.865645e-02	3.084116e+01	6.478593e-02	-2.000000e-01	6.514033e-02	-9.642507e-01	8.923584e-01	5.548577e-02	1.109069e+00	6.975629e+00
43	-2.546036e-05	4.466198e+00	2.037659e-04	3.017174e+01	-5.893736e-02	-1.338021e-01	-5.845269e-02	-6.694117e-01	8.923151e-01	5.538738e-02	1.099947e+00	6.954921e+00
44	5.352474e-02	4.402445e+00	5.331645e-02	2.867561e+01	5.355020e-02	-6.375318e-02	5.311269e-02	-1.496135e+00	8.925396e-01	5.511999e-02	1.071769e+00	6.988468e+00
45	1.227637e-01	4.602445e+00	1.224924e-01	3.002441e+01	6.923893e-02	2.000000e-01	6.917594e-02	1.348805e+00	8.924223e-01	5.478116e-02	1.067809e+00	6.977030e+00
46	8.336135e-02	4.483624e+00	8.351421e-02	3.126003e+01	-3.940231e-02	-1.188203e-01	-3.897818e-02	1.235614e+00	8.923723e-01	5.463027e-02	1.028687e+00	6.859053e+00
47	6.148605e-02	4.283624e+00	6.157210e-02	2.909968e+01	-2.187530e-02	-2.000000e-01	-2.194211e-02	-2.160352e+00	8.922857e-01	5.383834e-02	1.036488e+00	6.930383e+00
48	1.118764e-01	4.326861e+00	1.116799e-01	2.983197e+01	5.039037e-02	4.323612e-02	5.010782e-02	7.322950e-01	8.923530e-01	5.389607e-02	1.045574e+00	6.938179e+00
49	9.731309e-02	4.126861e+00	9.736921e-02	2.862232e+01	-1.456334e-02	-2.000000e-01	-1.431071e-02	-1.209653e+00	8.922888e-01	5.301470e-02	1.044264e+00	6.920185e+00
50	5.568811e-02	3.951997e+00	5.585093e-02	2.700377e+01	-4.162498e-02	-1.748638e-01	-4.151828e-02	-1.618545e+00	8.921936e-01	5.261470e-02	1.051366e+00	6.950019e+00
51	6.853521e-02	3.999646e+00	6.848566e-02	2.697848e+01	1.284710e-02	4.764941e-02	1.263473e-02	-2.528927e-02	8.921854e-01	5.258453e-02	1.049111e+00	6.941656e+00
52	7.328269e-02	3.948536e+00	7.326395e-02	2.799082e+01	4.747484e-03	-5.110990e-02	4.778294e-03	1.012334e+00	8.921927e-01	5.250622e-02	1.052178e+00	6.908631e+00
53	2.833936e-02	3.748536e+00	2.851485e-02	2.684424e+01	-4.494333e-02	-2.000000e-01	-4.474910e-02	-1.146582e+00	8.920704e-01	5.196188e-02	1.046273e+00	6.882352e+00
54	2.634706e-02	3.548536e+00	2.635553e-02	2.770345e+01	-1.992302e-03	-2.000000e-01	-2.159321e-03	8.592118e-01	8.920611e-01	5.102955e-02	1.044197e+00	6.673933e+00
55	3.296239e-02	3.348536e+00	3.293658e-02	2.705507e+01	6.615326e-03	-2.000000e-01	6.581050e-03	-6.483811e-01	8.920946e-01	5.001571e-02	1.046290e+00	6.610647e+00
56	9.798130e-03	3.148536e+00	9.888514e-03	2.625082e+01	-2.316426e-02	-2.000000e-01	-2.304806e-02	-8.042496e-01	8.920125e-01	4.930621e-02	1.040444e+00	6.560169e+00
57	-1.298381e-02	2.948536e+00	-1.289447e-02	2.447811e+01	-2.278194e-02	-2.000000e-01	-2.278298e-02	-1.772706e+00	8.919340e-01	4.861716e-02	1.045078e+00	6.600857e+00
58	1.014578e-03	2.748536e+00	9.602462e-04	2.396938e+01	1.399839e-02	-2.000000e-01	1.385471e-02	-5.087331e-01	8.920063e-01	4.758414e-02	1.050272e+00	6.526652e+00
59	2.762694e-03	2.548536e+00	2.755653e-03	2.227868e+01	1.748115e-03	-2.000000e-01	1.795407e-03	-1.690694e+00	8.920142e-01	4.667578e-02	1.049957e+00	6.562714e+00
60	-1.983116e-02	2.348536e+00	-1.974293e-02	1.962811e+01	-2.259385e-02	-2.000000e-01	-2.249858e-02	-2.650569e+00	8.919407e-01	4.602486e-02	1.063782e+00	6.685094e+00
61	-2.775931e-02	2.511829e+00	-2.772800e-02	1.970890e+01	-7.928152e-03	1.632927e-01	-7.985068e-03	8.078547e-02	8.919720e-01	4.537968e-02	1.067507e+00	6.608369e+00
62	-2.779483e-02	2.472786e+00	-2.779457e-02	2.009987e+01	-3.551833e-05	-3.904333e-02	-6.657126e-05	3.909656e-01	8.919720e-01	4.534749e-02	1.067496e+00	6.596342e+00
63	-4.117411e-02	2.272786e+00	-4.112185e-02	1.732942e+01	-1.337928e-02	-2.000000e-01	-1.332728e-02	-2.770442e+00	8.919242e-01	4.463262e-02	1.076448e+00	6.730158e+00
64	-5.192994e-02	2.386856e+00	-5.188772e-02	1.779861e+01	-1.075583e-02	1.140701e-01	-1.076587e-02	4.691861e-01	8.919560e-01	4.429544e-02	1.077905e+00	6.714712e+00
65	-5.711398e-02	2.186856e+00	-5.709357e-02	1.545261e+01	-5.184039e-03	-2.000000e-01	-5.205843e-03	-2.346002e+00	8.919360e-01	4.352454e-02	1.080313e+00	6.807612e+00
66	-6.752282e-02	2.215504e+00	-6.748208e-02	1.589470e+01	-1.040884e-02	2.864842e-02	-1.038852e-02	4.420875e-01	8.919476e-01	4.349255e-02	1.079036e+00	6.811126e+00
67	-7.369007e-02	2.015504e+00	-7.366582e-02	1.363017e+01	-6.167252e-03	-2.000000e-01	-6.183741e-03	-2.264525e+00	8.919246e-01	4.274601e-02	1.081608e+00	6.894542e+00
68	-7.741177e-02	1.996029e+00	-7.739714e-02	1.324437e+01	-3.721695e-03	-1.947529e-02	-3.731313e-03	-3.858044e-01	8.919238e-01	4.274212e-02	1.082046e+00	6.896831e+00
69	-8.284188e-02	1.796029e+00	-8.282061e-02	1.338258e+01	-5.430114e-03	-2.000000e-01	-5.423478e-03	1.382107e-01	8.919037e-01	4.200000e-02	1.078194e+00	6.754943e+00
70	-8.502135e-02	1.596029e+00	-8.501276e-02	1.118522e+01	-2.179469e-03	-2.000000e-01	-2.192141e-03	-2.197354e+00	8.918954e-01	4.124077e-02	1.079050e+00	6.833552e+00
71	-8.603442e-02	1.459699e+00	-8.603042e-02	1.004928e+01	-1.013062e-03	-1.363297e-01	-1.017668e-03	-1.135944e+00	8.918928e-01	4.088736e-02	1.079147e+00	6.846592e+00
72	-8.596719e-02	1.259699e+00	-8.596743e-02	8.064239e+00	6.722832e-05	-2.000000e-01	6.299044e-05	-1.985041e+00	8.918930e-01	4.012545e-02	1.079128e+00	6.903945e+00
73	-8.632223e-02	1.208618e+00	-8.632084e-02	7.803501e+00	-3.550400e-04	-5.108135e-02	-3.534071e-04	-2.607379e-01	8.918927e-01	4.007667e-02	1.079112e+00	6.901708e+00
74	-8.772294e-02	1.008618e+00	-8.771746e-02	5.762712e+00	-1.400708e-03	-2.000000e-01	-1.396617e-03	-2.040789e+00	8.918876e-01	3.934387e-02	1.079542e+00	6.963080e+00
75	-8.836994e-02	9.736879e-01	-8.836739e-02	5.763841e+00	-6.470022e-04	-3.492977e-02	-6.499304e-04	1.129740e-03	8.918872e-01	3.932229e-02	1.079467e+00	6.959017e+00
76	-8.843432e-02	7.736879e-01	-8.843406e-02	4.565847e+00	-6.438591e-05	-2.000000e-01	-6.667319e-05	-1.197994e+00	8.918869e-01	3.859068e-02	1.079461e+00	6.940959e+00
77	-8.879259e-02	5.736879e-01	-8.879119e-02	3.999659e+00	-3.582636e-04	-2.000000e-01	-3.571246e-04	-5.661885e-01	8.918856e-01	3.787533e-02	1.079324e+00	6.864364e+00
78	-8.932439e-02	3.736879e-01	-8.932231e-02	2.008533e+00	-5.318012e-04	-2.000000e-01	-5.311189e-04	-1.991126e+00	8.918838e-01	3.717510e-02	1.079477e+00	6.921893e+00
79	-8.948951e-02	2.327228e-01	-8.948886e-02	1.780768e+00	-1.651230e-04	-1.409651e-01	-1.665527e-04	-2.277648e-01	8.918834e-01	3.682895e-02	1.079419e+00	6.872290e+00
80	-8.947793e-02	3.272282e-02	-8.947797e-02	0.000000e+00	1.158035e-05	-2.000000e-01	1.088452e-05	-1.780768e+00	8.918834e-01	3.614287e-02	1.079416e+00	6.910134e+00
81	-8.957702e-02	7.255590e-02	-8.957664e-02	1.120037e+00	-9.909240e-05	3.983307e-02	-9.866280e-05	1.120037e+00	8.918835e-01	3.611545e-02	1.079377e+00	6.926107e+00
82	-8.958012e-02	0.000000e+00	-8.958010e-02	0.000000e+00	-3.094276e-06	-7.255590e-02	-3.467590e-06	-1.120037e+00	1.000000e+00	1.000000e-01	1.079378e+00	6.947333e+00
83	-8.969345e-02	0.000000e+00	-8.969301e-02	5.470376e-01	-1.133317e-04	0.000000e+00	-1.129026e-04	5.470376e-01	1.000000e+00	1.000000e-01	1.000000e+00	7.000000e+00
84	-8.971556e-02	0.000000e+00	-8.971547e-02	0.000000e+00	-2.211332e-05	0.000000e+00	-2.246797e-05	-5.470376e-01	1.000000e+00	1.000000e-01	1.000000e+00	7.000000e+00
85	-8.966813e-02	0.000000e+00	-8.966831e-02	0.000000e+00	4.743621e-05	0.000000e+00	4.716314e-05	0.000000e+00	1.000000e+00	1.000000e-01	1.000000e+00	7.000000e+00
86	-8.966128e-02	0.000000e+00	-8.966131e-02	0.000000e+00	6.847304e-06	0.000000e+00	7.004787e-06	0.000000e+00	1.000000e+00	1.000000e-01	1.000000e+00	7.000000e+00
87	-8.967461e-02	0.000000e+00	-8.967456e-02	6.546826e-01	-1.333201e-05	0.000000e+00	-1.325257e-05	6.546826e-01	1.000000e+00	1.000000e-01	1.000000e+00	7.000000e+00
88	-8.969721e-02	0.000000e+00	-8.969712e-02	0.000000e+00	-2.260129e-05	0.000000e+00	-2.256477e-05	-6.546826e-01	1.000000e+00	1.000000e-01	1.000000e+00	7.000000e+00
89	-8.967627e-02	0.000000e+00	-8.967635e-02	1.179998e-01	2.094565e-05	0.000000e+00	2.077569e-05	1.179998e-01	1.000000e+00	1.000000e-01	1.000000e+00	7.000000e+00
90	-8.966899e-02	0.000000e+00	-8.966901e-02	0.000000e+00	7.281399e-06	0.000000e+00	7.334111e-06	-1.179998e-01	1.000000e+00	1.000000e-01	9.999996e-01	7.000000e+00
91	-8.984219e-02	0.000000e+00	-8.984151e-02	0.000000e+00	-1.732056e-04	0.000000e+00	-1.725004e-04	0.000000e+00	1.000000e+00	1.000000e-01	1.000000e+00	7.000000e+00
92	-8.968166e-02	0.000000e+00	-8.968228e-02	0.000000e+00	1.605311e-04	0.000000e+00	1.592302e-04	0.000000e+00	1.000000e+00	1.000000e-01	1.000000e+00	7.000000e+00
93	-8.964461e-02	0.000000e+00	-8.964476e-02	5.690610e-01	3.705171e-05	0.000000e+00	3.752897e-05	5.690610e-01	1.000000e+00	1.000000e-01	1.000000e+00	7.000000e+00
94	-8.953112e-02	0.000000e+00	-8.953156e-02	0.000000e+00	1.134910e-04	0.000000e+00	1.131943e-04	-5.690610e-01	1.000000e+00	1.000000e-01	1.000000e+00	7.000000e+00
95	-9.002921e-02	0.000000e+00	-9.002727e-02	0.000000e+00	-4.980942e-04	0.000000e+00	-4.957063e-04	0.000000e+00	1.000000e+00	1.000000e-01	1.000000e+00	7.000000e+00
96	-8.980600e-02	0.000000e+00	-8.980686e-02	0.000000e+00	2.232117e-04	0.000000e+00	2.204034e-04	0.000000e+00	1.000000e+00	1.000000e-01	1.000000e+00	7.000000e+00
97	-8.977645e-02	0.000000e+00	-8.977657e-02	0.000000e+00	2.954864e-05	0.000000e+00	3.029417e-05	0.000000e+00	1.000000e+00	1.000000e-01	1.000000e+00	7.000000e+00
98	-8.984346e-02	0.000000e+00	-8.984319e-02	0.000000e+00	-6.700461e-05	0.000000e+00	-6.662453e-05	0.000000e+00	1.000000e+00	1.000000e-01	1.000000e+00	7.000000e+00
99	-8.976818e-02	0.000000e+00	-8.976847e-02	2.975596e-01	7.527721e-05	0.000000e+00	7.472290e-05	2.975596e-01	1.000000e+00	1.000000e-01	1.000000e+00	7.000000e+00
100	-8.966327e-02	0.000000e+00	-8.966368e-02	0.000000e+00	1.049126e-04	0.000000e+00	1.047947e-04	-2.975596e-01	1.000000e+00	1.000000e-01	1.000000e+00	7.000000e+00
101	-8.989115e-02	0.000000e+00	-8.989026e-02	0.000000e+00	-2.278852e-04	0.000000e+00	-2.265857e-04	0.000000e+00	1.000000e+00	1.000000e-01	1.000000e+00	7.000000e+00
102	-8.981287e-02	0.000000e+00	-8.981317e-02	0.000000e+00	7.827894e-05	0.000000e+00	7.708806e-05	0.000000e+00	1.000000e+00	1.000000e-01	1.000000e+00	7.000000e+00
103	-8.972008e-02	0.000000e+00	-8.972044e-02	0.000000e+00	9.279348e-05	0.000000e+00	9.273213e-05	0.000000e+00	1.000000e+00	1.000000e-01	1.000000e+00	7.000000e+00
104	-8.974420e-02	0.000000e+00	-8.974411e-02	0.000000e+00	-2.412186e-05	0.000000e+00	-2.366539e-05	0.000000e+00	1.000000e+00	1.000000e-01	1.000000e+00	7.000000e+00
105	-8.976219e-02	0.000000e+00	-8.976212e-02	0.000000e+00	-1.799198e-05	0.000000e+00	-1.801414e-05	0.000000e+00	1.000000e+00	1.000000e-01	1.000000e+00	7.000000e+00
106	-8.975585e-02	0.000000e+00	-8.975587e-02	1.501076e-01	6.343195e-06	0.000000e+00	6.248049e-06	1.501076e-01	1.000000e+00	1.000000e-01	1.000000e+00	7.000000e+00
107	-8.967443e-02	0.000000e+00	-8.967475e-02	0.000000e+00	8.141879e-05	0.000000e+00	8.112516e-05	-1.501076e-01	1.000000e+00	1.000000e-01	1.000000e+00	7.000000e+00
108	-8.986625e-02	0.000000e+00	-8.986550e-02	0.000000e+00	-1.918220e-04	0.000000e+00	-1.907558e-04	0.000000e+00	1.000000e+00	1.000000e-01	1.000000e+00	7.000000e+00
109	-8.989518e-02	0.000000e+00	-8.989507e-02	0.000000e+00	-2.893013e-05	0.000000e+00	-2.956226e-05	0.000000e+00	1.000000e+00	1.000000e-01	1.000000e+00	7.000000e+00
110	-8.983770e-02	0.000000e+00	-8.983792e-02	0.000000e+00	5.748364e-05	0.000000e+00	5.714362e-05	0.000000e+00	1.000000e+00	1.000000e-01	1.000000e+00	7.000000e+00
111	-8.985190e-02	0.000000e+00	-8.985185e-02	0.000000e+00	-1.420111e-05	0.000000e+00	-1.392242e-05	0.000000e+00	1.000000e+00	1.000000e-01	1.000000e+00	7.000000e+00
112	-8.981842e-02	0.000000e+00	-8.981855e-02	0.000000e+00	3.347690e-05	0.000000e+00	3.329174e-05	0.000000e+00	1.000000e+00	1.000000e-01	1.000000e+00	7.000000e+00
113	-8.981237e-02	0.000000e+00	-8.981240e-02	0.000000e+00	6.049428e-06	0.000000e+00	6.155844e-06	0.000000e+00	1.000000e+00	1.000000e-01	1.000000e+00	7.000000e+00
114	-8.982065e-02	0.000000e+00	-8.982062e-02	0.000000e+00	-8.280154e-06	0.000000e+00	-8.223764e-06	0.000000e+00	1.000000e+00	1.000000e-01	1.000000e+00	7.000000e+00
115	-8.988812e-02	0.000000e+00	-8.988786e-02	0.000000e+00	-6.746494e-05	0.000000e+00	-6.723353e-05	0.000000e+00	1.000000e+00	1.000000e-01	1.000000e+00	7.000000e+00
116	-8.983042e-02	0.000000e+00	-8.983065e-02	0.000000e+00	5.769721e-05	0.000000e+00	5.720920e-05	0.000000e+00	1.000000e+00	1.000000e-01	1.000000e+00	7.000000e+00
117	-8.983542e-02	0.000000e+00	-8.983540e-02	0.000000e+00	-4.998707e-06	0.000000e+00	-4.755708e-06	0.000000e+00	1.000000e+00	1.000000e-01	1.000000e+00	7.000000e+00
118	-8.984741e-02	0.000000e+00	-8.984736e-02	0.000000e+00	-1.198512e-05	0.000000e+00	-1.195688e-05	0.000000e+00	1.000000e+00	1.000000e-01	1.000000e+00	7.000000e+00
119	-8.984070e-02	0.000000e+00	-8.984073e-02	0.000000e+00	6.704024e-06	0.000000e+00	6.631130e-06	0.000000e+00	1.000000e+00	1.000000e-01	1.000000e+00	7.000000e+00
120	-8.984043e-02	0.000000e+00	-8.984043e-02	0.000000e+00	2.731307e-07	0.000000e+00	2.979666e-07	0.000000e+00	1.000000e+00	1.000000e-01	1.000000e+00	7.000000e+00
121	-8.989979e-02	0.000000e+00	-8.989956e-02	0.000000e+00	-5.936299e-05	0.000000e+00	-5.912994e-05	0.000000e+00	1.000000e+00	1.000000e-01	1.000000e+00	7.000000e+00
122	-8.990850e-02	0.000000e+00	-8.990847e-02	0.000000e+00	-8.711961e-06	0.000000e+00	-8.908907e-06	0.000000e+00	1.000000e+00	1.000000e-01	1.000000e+00	7.000000e+00
123	-8.978777e-02	0.000000e+00	-8.978824e-02	0.000000e+00	1.207296e-04	0.000000e+00	1.202232e-04	0.000000e+00	1.000000e+00	1.000000e-01	1.000000e+00	7.000000e+00
124	-8.981322e-02	0.000000e+00	-8.981312e-02	0.000000e+00	-2.544902e-05	0.000000e+00	-2.487999e-05	0.000000e+00	1.000000e+00	1.000000e-01	1.000000e+00	7.000000e+00
125	-8.983898e-02	0.000000e+00	-8.983888e-02	0.000000e+00	-2.576082e-05	0.000000e+00	-2.575738e-05	0.000000e+00	1.000000e+00	1.000000e-01	1.000000e+00	7.000000e+00
126	-8.983351e-02	0.000000e+00	-8.983353e-02	0.000000e+00	5.477812e-06	0.000000e+00	5.355800e-06	0.000000e+00	1.000000e+00	1.000000e-01	1.000000e+00	7.000000e+00
127	-8.982713e-02	0.000000e+00	-8.982715e-02	1.635192e-01	6.379619e-06	0.000000e+00	6.375620e-06	1.635192e-01	1.000000e+00	1.000000e-01	1.000000e+00	7.000000e+00
128	-8.967590e-02	0.000000e+00	-8.967649e-02	0.000000e+00	1.512244e-04	0.000000e+00	1.506586e-04	-1.635192e-01	1.000000e+00	1.000000e-01	1.000000e+00	7.000000e+00
129	-8.980246e-02	0.000000e+00	-8.980197e-02	0.000000e+00	-1.265578e-04	0.000000e+00	-1.254749e-04	0.000000e+00	1.000000e+00	1.000000e-01	1.000000e+00	7.000000e+00
130	-8.994046e-02	0.000000e+00	-8.993992e-02	0.000000e+00	-1.379997e-04	0.000000e+00	-1.379508e-04	0.000000e+00	1.000000e+00	1.000000e-01	1.000000e+00	7.000000e+00
131	-8.986826e-02	0.000000e+00	-8.986854e-02	0.000000e+00	7.219620e-05	0.000000e+00	7.137531e-05	0.000000e+00	1.000000e+00	1.000000e-01	1.000000e+00	7.000000e+00
132	-8.985173e-02	0.000000e+00	-8.985179e-02	0.000000e+00	1.653762e-05	0.000000e+00	1.675183e-05	0.000000e+00	1.000000e+00	1.000000e-01	1.000000e+00	7.000000e+00
133	-8.987590e-02	0.000000e+00	-8.987581e-02	0.000000e+00	-2.417631e-05	0.000000e+00	-2.401643e-05	0.000000e+00	1.000000e+00	1.000000e-01	1.000000e+00	7.000000e+00
134	-8.984511e-02	0.000000e+00	-8.984523e-02	0.000000e+00	3.079197e-05	0.000000e+00	3.057787e-05	0.000000e+00	1.000000e+00	1.000000e-01	1.000000e+00	7.000000e+00
135	-8.984160e-02	0.000000e+00	-8.984161e-02	0.000000e+00	3.511485e-06	0.000000e+00	3.617213e-06	0.000000e+00	1.000000e+00	1.000000e-01	1.000000e+00	7.000000e+00
136	-8.985030e-02	0.000000e+00	-8.985026e-02	0.000000e+00	-8.698389e-06	0.000000e+00	-8.650281e-06	0.000000e+00	1.000000e+00	1.000000e-01	1.000000e+00	7.000000e+00
137	-8.991136e-02	0.000000e+00	-8.991112e-02	0.000000e+00	-6.106059e-05	0.000000e+00	-6.085586e-05	0.000000e+00	1.000000e+00	1.000000e-01	1.000000e+00	7.000000e+00
138	-8.991398e-02	0.000000e+00	-8.991397e-02	0.000000e+00	-2.623078e-06	0.000000e+00	-2.850550e-06	0.000000e+00	1.000000e+00	1.000000e-01	1.000000e+00	7.000000e+00
139	-8.989850e-02	0.000000e+00	-8.989856e-02	0.000000e+00	1.547961e-05	0.000000e+00	1.540801e-05	0.000000e+00	1.000000e+00	1.000000e-01	1.000000e+00	7.000000e+00
140	-9.014741e-02	0.000000e+00	-9.014644e-02	0.000000e+00	-2.489115e-04	0.000000e+00	-2.478790e-04	0.000000e+00	1.000000e+00	1.000000e-01	1.000000e+00	7.000000e+00
141	-8.977168e-02	0.000000e+00	-8.977315e-02	0.000000e+00	3.757292e-04	0.000000e+00	3.732932e-04	0.000000e+00	1.000000e+00	1.000000e-01	1.000000e+00	7.000000e+00
142	-9.002243e-02	0.000000e+00	-9.002146e-02	0.000000e+00	-2.507476e-04	0.000000e+00	-2.483099e-04	0.000000e+00	1.000000e+00	1.000000e-01	1.000000e+00	7.000000e+00
143	-9.014075e-02	0.000000e+00	-9.014028e-02	0.000000e+00	-1.183166e-04	0.000000e+00	-1.188244e-04	0.000000e+00	1.000000e+00	1.000000e-01	1.000000e+00	7.000000e+00
144	-8.966701e-02	0.000000e+00	-8.966886e-02	0.000000e+00	4.737380e-04	0.000000e+00	4.714233e-04	0.000000e+00	1.000000e+00	1.000000e-01	1.000000e+00	7.000000e+00
145	-8.985870e-02	0.000000e+00	-8.985796e-02	0.000000e+00	-1.916886e-04	0.000000e+00	-1.890983e-04	0.000000e+00	1.000000e+00	1.000000e-01	1.000000e+00	7.000000e+00
146	-8.992265e-02	0.000000e+00	-8.992240e-02	0.000000e+00	-6.395518e-05	0.000000e+00	-6.444402e-05	0.000000e+00	1.000000e+00	1.000000e-01	1.000000e+00	7.000000e+00
147	-8.986584e-02	0.000000e+00	-8.986606e-02	0.000000e+00	5.681357e-05	0.000000e+00	5.633991e-05	0.000000e+00	1.000000e+00	1.000000e-01	1.000000e+00	7.000000e+00
148	-8.986081e-02	0.000000e+00	-8.986083e-02	0.000000e+00	5.030356e-06	0.000000e+00	5.230784e-06	0.000000e+00	1.000000e+00	1.000000e-01	1.000000e+00	7.000000e+00
149	-8.987534e-02	0.000000e+00	-8.987528e-02	0.000000e+00	-1.452946e-05	0.000000e+00	-1.445227e-05	0.000000e+00	1.000000e+00	1.000000e-01	1.000000e+00	7.000000e+00
150	-8.987505e-02	0.000000e+00	-8.987505e-02	0.000000e+00	2.923751e-07	0.000000e+00	2.347789e-07	0.000000e+00	1.000000e+00	1.000000e-01	1.000000e+00	7.000000e+00
151	-8.987149e-02	0.000000e+00	-8.987151e-02	0.000000e+00	3.553920e-06	0.000000e+00	3.540955e-06	0.000000e+00	1.000000e+00	1.000000e-01	1.000000e+00	7.000000e+00
152	-8.987212e-02	0.000000e+00	-8.987212e-02	0.000000e+00	-6.255926e-07	0.000000e+00	-6.093170e-07	0.000000e+00	1.000000e+00	1.000000e-01	1.000000e+00	7.000000e+00
153	-8.987291e-02	0.000000e+00	-8.987291e-02	0.000000e+00	-7.958693e-07	0.000000e+00	-7.951405e-07	0.000000e+00	1.000000e+00	1.000000e-01	1.000000e+00	7.000000e+00
154	-8.987273e-02	0.000000e+00	-8.987273e-02	0.000000e+00	1.883572e-07	0.000000e+00	1.845154e-07	0.000000e+00	1.000000e+00	1.000000e-01	1.000000e+00	7.000000e+00
155	-8.987259e-02	0.000000e+00	-8.987259e-02	5.310247e-01	1.396351e-07	0.000000e+00	1.398104e-07	5.310247e-01	1.000000e+00	1.000000e-01	1.000000e+00	7.000000e+00
156	-8.954076e-02	0.000000e+00	-8.954205e-02	0.000000e+00	3.318284e-04	0.000000e+00	3.305327e-04	-5.310247e-01	1.000000e+00	1.000000e-01	1.000000e+00	7.000000e+00
157	-9.008571e-02	0.000000e+00	-9.008358e-02	0.000000e+00	-5.449507e-04	0.000000e+00	-5.415308e-04	0.000000e+00	1.000000e+00	1.000000e-01	1.000000e+00	7.000000e+00
158	-8.992006e-02	0.000000e+00	-8.992070e-02	0.000000e+00	1.656453e-04	0.000000e+00	1.628829e-04	0.000000e+00	1.000000e+00	1.000000e-01	1.000000e+00	7.000000e+00
159	-8.982814e-02	0.000000e+00	-8.982850e-02	3.921307e-01	9.192707e-05	0.000000e+00	9.220424e-05	3.921307e-01	1.000000e+00	1.000000e-01	1.000000e+00	7.000000e+00
160	-8.980678e-02	0.000000e+00	-8.980686e-02	6.070768e-01	2.135601e-05	0.000000e+00	2.163276e-05	2.149461e-01	1.000000e+00	1.000000e-01	1.000000e+00	7.000000e+00
161	-8.998040e-02	0.000000e+00	-8.997972e-02	0.000000e+00	-1.736157e-04	0.000000e+00	-1.728530e-04	-6.070768e-01	1.000000e+00	1.000000e-01	1.000000e+00	7.000000e+00
162	-9.024535e-02	0.000000e+00	-9.024431e-02	0.000000e+00	-2.649569e-04	0.000000e+00	-2.645972e-04	0.000000e+00	1.000000e+00	1.000000e-01	1.000000e+00	7.000000e+00
163	-9.015124e-02	0.000000e+00	-9.015161e-02	1.839061e-01	9.411054e-05	0.000000e+00	9.270934e-05	1.839061e-01	1.000000e+00	1.000000e-01	1.000000e+00	7.000000e+00
164	-9.004554e-02	0.000000e+00	-9.004596e-02	0.000000e+00	1.056977e-04	0.000000e+00	1.056470e-04	-1.839061e-01	1.000000e+00	1.000000e-01	1.000000e+00	7.000000e+00
165	-9.011025e-02	0.000000e+00	-9.011000e-02	0.000000e+00	-6.470228e-05	0.000000e+00	-6.403685e-05	0.000000e+00	1.000000e+00	1.000000e-01	1.000000e+00	7.000000e+00
166	-9.012155e-02	0.000000e+00	-9.012150e-02	0.000000e+00	-1.130146e-05	0.000000e+00	-1.150746e-05	0.000000e+00	1.000000e+00	1.000000e-01	1.000000e+00	7.000000e+00
167	-9.008225e-02	0.000000e+00	-9.008241e-02	0.000000e+00	3.929268e-05	0.000000e+00	3.909424e-05	0.000000e+00	1.000000e+00	1.000000e-01	1.000000e+00	7.000000e+00
168	-9.012244e-02	0.000000e+00	-9.012229e-02	0.000000e+00	-4.018657e-05	0.000000e+00	-3.987688e-05	0.000000e+00	1.000000e+00	1.000000e-01	1.000000e+00	7.000000e+00
169	-9.009379e-02	0.000000e+00	-9.009390e-02	0.000000e+00	2.865440e-05	0.000000e+00	2.838670e-05	0.000000e+00	1.000000e+00	1.000000e-01	1.000000e+00	7.000000e+00
170	-9.008697e-02	0.000000e+00	-9.008699e-02	0.000000e+00	6.820143e-06	0.000000e+00	6.904387e-06	0.000000e+00	1.000000e+00	1.000000e-01	1.000000e+00	7.000000e+00
171	-9.009498e-02	0.000000e+00	-9.009495e-02	0.000000e+00	-8.010990e-06	0.000000e+00	-7.952727e-06	0.000000e+00	1.000000e+00	1.000000e-01	1.000000e+00	7.000000e+00
172	-9.009438e-02	0.000000e+00	-9.009439e-02	0.000000e+00	5.950329e-07	0.000000e+00	5.616432e-07	0.000000e+00	1.000000e+00	1.000000e-01	1.000000e+00	7.000000e+00
173	-9.013724e-02	0.000000e+00	-9.013707e-02	0.000000e+00	-4.285832e-05	0.000000e+00	-4.268871e-05	0.000000e+00	1.000000e+00	1.000000e-01	1.000000e+00	7.000000e+00
174	-9.013190e-02	0.000000e+00	-9.013193e-02	0.000000e+00	5.336414e-06	0.000000e+00	5.148816e-06	0.000000e+00	1.000000e+00	1.000000e-01	1.000000e+00	7.000000e+00
175	-9.012318e-02	0.000000e+00	-9.012321e-02	3.457084e-02	8.727826e-06	0.000000e+00	8.713846e-06	3.457084e-02	1.000000e+00	1.000000e-01	1.000000e+00	7.000000e+00
176	-8.981102e-02	0.000000e+00	-8.981224e-02	0.000000e+00	3.121608e-04	0.000000e+00	3.109754e-04	-3.457084e-02	1.000000e+00	1.000000e-01	1.000000e+00	7.000000e+00
177	-9.009792e-02	0.000000e+00	-9.009680e-02	0.000000e+00	-2.869003e-04	0.000000e+00	-2.845648e-04	0.000000e+00	1.000000e+00	1.000000e-01	1.000000e+00	7.000000e+00
178	-9.011820e-02	0.000000e+00	-9.011812e-02	0.000000e+00	-2.028632e-05	0.000000e+00	-2.131866e-05	0.000000e+00	1.000000e+00	1.000000e-01	1.000000e+00	7.000000e+00
179	-9.004434e-02	0.000000e+00	-9.004463e-02	0.000000e+00	7.386525e-05	0.000000e+00	7.349344e-05	0.000000e+00	1.000000e+00	1.000000e-01	1.000000e+00	7.000000e+00
180	-9.006669e-02	0.000000e+00	-9.006661e-02	9.215533e-02	-2.235376e-05	0.000000e+00	-2.197936e-05	9.215533e-02	1.000000e+00	1.000000e-01	1.000000e+00	7.000000e+00
181	-8.968308e-02	0.000000e+00	-8.968458e-02	0.000000e+00	3.836081e-04	0.000000e+00	3.820238e-04	-9.215533e-02	1.000000e+00	1.000000e-01	1.000000e+00	7.000000e+00
182	-9.012606e-02	0.000000e+00	-9.012433e-02	0.000000e+00	-4.429725e-04	0.000000e+00	-4.397499e-04	0.000000e+00	1.000000e+00	1.000000e-01	1.000000e+00	7.000000e+00
183	-9.015642e-02	0.000000e+00	-9.015629e-02	0.000000e+00	-3.036188e-05	0.000000e+00	-3.196105e-05	0.000000e+00	1.000000e+00	1.000000e-01	1.000000e+00	7.000000e+00
184	-9.003938e-02	0.000000e+00	-9.003984e-02	0.000000e+00	1.170364e-04	0.000000e+00	1.164544e-04	0.000000e+00	1.000000e+00	1.000000e-01	1.000000e+00	7.000000e+00
185	-9.005149e-02	0.000000e+00	-9.005144e-02	0.000000e+00	-1.210439e-05	0.000000e+00	-1.160221e-05	0.000000e+00	1.000000e+00	1.000000e-01	1.000000e+00	7.000000e+00
186	-9.008039e-02	0.000000e+00	-9.008027e-02	0.000000e+00	-2.890237e-05	0.000000e+00	-2.883480e-05	0.000000e+00	1.000000e+00	1.000000e-01	1.000000e+00	7.000000e+00
187	-8.996383e-02	0.000000e+00	-8.996429e-02	8.454875e-02	1.165539e-04	0.000000e+00	1.159860e-04	8.454875e-02	1.000000e+00	1.000000e-01	1.000000e+00	7.000000e+00
188	-8.978640e-02	0.000000e+00	-8.978709e-02	7.189492e-01	1.774354e-04	0.000000e+00	1.771953e-04	6.344005e-01	1.000000e+00	1.000000e-01	1.000000e+00	7.000000e+00
189	-8.996592e-02	0.000000e+00	-8.996523e-02	0.000000e+00	-1.795258e-04	0.000000e+00	-1.781324e-04	-7.189492e-01	1.000000e+00	1.000000e-01	1.000000e+00	7.000000e+00
190	-9.033609e-02	0.000000e+00	-9.033464e-02	0.000000e+00	-3.701614e-04	0.000000e+00	-3.694113e-04	0.000000e+00	1.000000e+00	1.000000e-01	1.000000e+00	7.000000e+00
191	-9.022483e-02	0.000000e+00	-9.022526e-02	3.504341e-01	1.112512e-04	0.000000e+00	1.093736e-04	3.504341e-01	1.000000e+00	1.000000e-01	1.000000e+00	7.000000e+00
192	-9.004630e-02	0.000000e+00	-9.004700e-02	0.000000e+00	1.785298e-04	0.000000e+00	1.782597e-04	-3.504341e-01	1.000000e+00	1.000000e-01	1.000000e+00	7.000000e+00
193	-9.026378e-02	0.000000e+00	-9.026293e-02	0.000000e+00	-2.174726e-04	0.000000e+00	-2.159268e-04	0.000000e+00	1.000000e+00	1.000000e-01	1.000000e+00	7.000000e+00
194	-9.024150e-02	0.000000e+00	-9.024158e-02	0.000000e+00	2.227637e-05	0.000000e+00	2.134589e-05	0.000000e+00	1.000000e+00	1.000000e-01	1.000000e+00	7.000000e+00
195	-9.019548e-02	0.000000e+00	-9.019566e-02	0.000000e+00	4.602527e-05	0.000000e+00	4.592887e-05	0.000000e+00	1.000000e+00	1.000000e-01	1.000000e+00	7.000000e+00
196	-9.017392e-02	0.000000e+00	-9.017400e-02	0.000000e+00	2.155731e-05	0.000000e+00	2.165252e-05	0.000000e+00	1.000000e+00	1.000000e-01	1.000000e+00	7.000000e+00
197	-9.023924e-02	0.000000e+00	-9.023898e-02	0.000000e+00	-6.531739e-05	0.000000e+00	-6.497766e-05	0.000000e+00	1.000000e+00	1.000000e-01	1.000000e+00	7.000000e+00
198	-9.022707e-02	0.000000e+00	-9.022712e-02	0.000000e+00	1.216368e-05	0.000000e+00	1.186235e-05	0.000000e+00	1.000000e+00	1.000000e-01	1.000000e+00	7.000000e+00
199	-9.021335e-02	0.000000e+00	-9.021340e-02	0.000000e+00	1.372663e-05	0.000000e+00	1.371935e-05	0.000000e+00	1.000000e+00	1.000000e-01	1.000000e+00	7.000000e+00
200	-9.021718e-02	0.000000e+00	-9.021716e-02	0.000000e+00	-3.831733e-06	0.000000e+00	-3.763174e-06	0.000000e+00	1.000000e+00	1.000000e-01	1.000000e+00	7.000000e+00
201	-9.018962e-02	0.000000e+00	-9.018972e-02	3.434007e-01	2.756081e-05	0.000000e+00	2.743845e-05	3.434007e-01	1.000000e+00	1.000000e-01	1.000000e+00	7.000000e+00
202	-9.006958e-02	0.000000e+00	-9.007005e-02	0.000000e+00	1.200395e-04	0.000000e+00	1.196778e-04	-3.434007e-01	1.000000e+00	1.000000e-01	1.000000e+00	7.000000e+00
203	-9.024305e-02	0.000000e+00	-9.024238e-02	0.000000e+00	-1.734759e-04	0.000000e+00	-1.723308e-04	0.000000e+00	1.000000e+00	1.000000e-01	1.000000e+00	7.000000e+00
204	-9.027313e-02	0.000000e+00	-9.027301e-02	0.000000e+00	-3.007511e-05	0.000000e+00	-3.063080e-05	0.000000e+00	1.000000e+00	1.000000e-01	1.000000e+00	7.000000e+00
205	-9.023149e-02	0.000000e+00	-9.023165e-02	0.000000e+00	4.163768e-05	0.000000e+00	4.135538e-05	0.000000e+00	1.000000e+00	1.000000e-01	1.000000e+00	7.000000e+00
206	-9.022289e-02	0.000000e+00	-9.022292e-02	0.000000e+00	8.603920e-06	0.000000e+00	8.731855e-06	0.000000e+00	1.000000e+00	1.000000e-01	1.000000e+00	7.000000e+00
207	-9.031960e-02	0.000000e+00	-9.031922e-02	0.000000e+00	-9.671502e-05	0.000000e+00	-9.630312e-05	0.000000e+00	1.000000e+00	1.000000e-01	1.000000e+00	7.000000e+00
208	-9.030853e-02	0.000000e+00	-9.030858e-02	0.000000e+00	1.106752e-05	0.000000e+00	1.064811e-05	0.000000e+00	1.000000e+00	1.000000e-01	1.000000e+00	7.000000e+00
209	-9.028448e-02	0.000000e+00	-9.028457e-02	0.000000e+00	2.405856e-05	0.000000e+00	2.400617e-05	0.000000e+00	1.000000e+00	1.000000e-01	1.000000e+00	7.000000e+00
210	-9.029436e-02	0.000000e+00	-9.029433e-02	8.655510e-02	-9.889132e-06	0.000000e+00	-9.756728e-06	8.655510e-02	1.000000e+00	1.000000e-01	9.999996e-01	7.000000e+00
211	-9.028158e-02	0.000000e+00	-9.028163e-02	0.000000e+00	1.278741e-05	0.000000e+00	1.269935e-05	-8.655510e-02	1.000000e+00	1.000000e-01	1.000000e+00	7.000000e+00
212	-9.029423e-02	0.000000e+00	-9.029418e-02	0.000000e+00	-1.264897e-05	0.000000e+00	-1.254996e-05	0.000000e+00	1.000000e+00	1.000000e-01	1.000000e+00	7.000000e+00
213	-9.029836e-02	0.000000e+00	-9.029835e-02	0.000000e+00	-4.137893e-06	0.000000e+00	-4.170753e-06	0.000000e+00	1.000000e+00	1.000000e-01	1.000000e+00	7.000000e+00
214	-9.025337e-02	0.000000e+00	-9.025354e-02	0.000000e+00	4.499685e-05	0.000000e+00	4.480479e-05	0.000000e+00	1.000000e+00	1.000000e-01	1.000000e+00	7.000000e+00
215	-9.024985e-02	0.000000e+00	-9.024986e-02	0.000000e+00	3.520307e-06	0.000000e+00	3.681574e-06	0.000000e+00	1.000000e+00	1.000000e-01	1.000000e+00	7.000000e+00
216	-9.033230e-02	0.000000e+00	-9.033197e-02	0.000000e+00	-8.244933e-05	0.000000e+00	-8.211288e-05	0.000000e+00	1.000000e+00	1.000000e-01	1.000000e+00	7.000000e+00
217	-9.028442e-02	0.000000e+00	-9.028460e-02	0.000000e+00	4.788000e-05	0.000000e+00	4.737221e-05	0.000000e+00	1.000000e+00	1.000000e-01	1.000000e+00	7.000000e+00
218	-9.026650e-02	0.000000e+00	-9.026657e-02	0.000000e+00	1.791620e-05	0.000000e+00	1.803127e-05	0.000000e+00	1.000000e+00	1.000000e-01	1.000000e+00	7.000000e+00
219	-9.028067e-02	0.000000e+00	-9.028062e-02	0.000000e+00	-1.417419e-05	0.000000e+00	-1.404839e-05	0.000000e+00	1.000000e+00	1.000000e-01	1.000000e+00	7.000000e+00
220	-9.028019e-02	0.000000e+00	-9.028019e-02	0.000000e+00	4.873025e-07	0.000000e+00	4.305224e-07	0.000000e+00	1.000000e+00	1.000000e-01	1.000000e+00	7.000000e+00
221	-9.027678e-02	0.000000e+00	-9.027679e-02	0.000000e+00	3.406506e-06	0.000000e+00	3.394881e-06	0.000000e+00	1.000000e+00	1.000000e-01	1.000000e+00	7.000000e+00
222	-9.027667e-02	0.000000e+00	-9.027667e-02	1.420072e-01	1.103179e-07	0.000000e+00	1.231482e-07	1.420072e-01	1.000000e+00	1.000000e-01	1.000000e+00	7.000000e+00
223	-9.017983e-02	0.000000e+00	-9.018021e-02	0.000000e+00	9.683989e-05	0.000000e+00	9.646210e-05	-1.420072e-01	1.000000e+00	1.000000e-01	1.000000e+00	7.000000e+00
224	-9.033245e-02	0.000000e+00	-9.033185e-02	0.000000e+00	-1.526181e-04	0.000000e+00	-1.516452e-04	0.000000e+00	1.000000e+00	1.000000e-01	1.000000e+00	7.000000e+00
225	-9.032176e-02	0.000000e+00	-9.032180e-02	0.000000e+00	1.068663e-05	0.000000e+00	1.005252e-05	0.000000e+00	1.000000e+00	1.000000e-01	1.000000e+00	7.000000e+00
226	-9.025988e-02	0.000000e+00	-9.026012e-02	0.000000e+00	6.188597e-05	0.000000e+00	6.168350e-05	0.000000e+00	1.000000e+00	1.000000e-01	1.000000e+00	7.000000e+00
227	-9.031699e-02	0.000000e+00	-9.031677e-02	0.000000e+00	-5.711650e-05	0.000000e+00	-5.665244e-05	0.000000e+00	1.000000e+00	1.000000e-01	1.000000e+00	7.000000e+00
228	-9.031247e-02	0.000000e+00	-9.031249e-02	0.000000e+00	4.517206e-06	0.000000e+00	4.278262e-06	0.000000e+00	1.000000e+00	1.000000e-01	1.000000e+00	7.000000e+00
229	-9.029969e-02	0.000000e+00	-9.029974e-02	0.000000e+00	1.278852e-05	0.000000e+00	1.275528e-05	0.000000e+00	1.000000e+00	1.000000e-01	1.000000e+00	7.000000e+00
230	-9.030498e-02	0.000000e+00	-9.030496e-02	0.000000e+00	-5.298471e-06	0.000000e+00	-5.227948e-06	0.000000e+00	1.000000e+00	1.000000e-01	1.000000e+00	7.000000e+00
231	-9.030737e-02	0.000000e+00	-9.030736e-02	0.000000e+00	-2.387842e-06	0.000000e+00	-2.398937e-06	0.000000e+00	1.000000e+00	1.000000e-01	1.000000e+00	7.000000e+00
232	-9.039577e-02	0.000000e+00	-9.039542e-02	0.000000e+00	-8.839612e-05	0.000000e+00	-8.806020e-05	0.000000e+00	1.000000e+00	1.000000e-01	1.000000e+00	7.000000e+00
233	-9.036225e-02	0.000000e+00	-9.036237e-02	4.925235e-02	3.352357e-05	0.000000e+00	3.304864e-05	4.925235e-02	1.000000e+00	1.000000e-01	1.000000e+00	7.000000e+00
234	-9.026963e-02	0.000000e+00	-9.026999e-02	0.000000e+00	9.261370e-05	0.000000e+00	9.238102e-05	-4.925235e-02	1.000000e+00	1.000000e-01	1.000000e+00	7.000000e+00
235	-9.025078e-02	0.000000e+00	-9.025085e-02	0.000000e+00	1.885214e-05	0.000000e+00	1.913936e-05	0.000000e+00	1.000000e+00	1.000000e-01	1.000000e+00	7.000000e+00
236	-9.027306e-02	0.000000e+00	-9.027298e-02	0.000000e+00	-2.228465e-05	0.000000e+00	-2.212284e-05	0.000000e+00	1.000000e+00	1.000000e-01	1.000000e+00	7.000000e+00
237	-9.021650e-02	0.000000e+00	-9.021672e-02	0.000000e+00	5.656482e-05	0.000000e+00	5.625744e-05	0.000000e+00	1.000000e+00	1.000000e-01	1.000000e+00	7.000000e+00
238	-9.022998e-02	0.000000e+00	-9.022993e-02	0.000000e+00	-1.348233e-05	0.000000e+00	-1.320991e-05	0.000000e+00	1.000000e+00	1.000000e-01	1.000000e+00	7.000000e+00
239	-9.021660e-02	0.000000e+00	-9.021665e-02	0.000000e+00	1.337942e-05	0.000000e+00	1.327556e-05	0.000000e+00	1.000000e+00	1.000000e-01	1.000000e+00	7.000000e+00
240	-9.021285e-02	0.000000e+00	-9.021286e-02	0.000000e+00	3.753028e-06	0.000000e+00	3.790226e-06	0.000000e+00	1.000000e+00	1.000000e-01	1.000000e+00	7.000000e+00
241	-9.021745e-02	0.000000e+00	-9.021743e-02	0.000000e+00	-4.599030e-06	0.000000e+00	-4.566259e-06	0.000000e+00	1.000000e+00	1.000000e-01	1.000000e+00	7.000000e+00
242	-9.026015e-02	0.000000e+00	-9.025998e-02	0.000000e+00	-4.270214e-05	0.000000e+00	-4.255317e-05	0.000000e+00	1.000000e+00	1.000000e-01	1.000000e+00	7.000000e+00
243	-9.026255e-02	0.000000e+00	-9.026254e-02	0.000000e+00	-2.402786e-06	0.000000e+00	-2.559623e-06	0.000000e+00	1.000000e+00	1.000000e-01	1.000000e+00	7.000000e+00
244	-9.025195e-02	0.000000e+00	-9.025199e-02	0.000000e+00	1.060324e-05	0.000000e+00	1.055183e-05	0.000000e+00	1.000000e+00	1.000000e-01	1.000000e+00	7.000000e+00
245	-9.025274e-02	0.000000e+00	-9.025274e-02	0.000000e+00	-7.926873e-07	0.000000e+00	-7.483728e-07	0.000000e+00	1.000000e+00	1.000000e-01	1.000000e+00	7.000000e+00
246	-9.025530e-02	0.000000e+00	-9.025529e-02	0.000000e+00	-2.553192e-06	0.000000e+00	-2.546142e-06	0.000000e+00	1.000000e+00	1.000000e-01	1.000000e+00	7.000000e+00
247	-9.025501e-02	0.000000e+00	-9.025501e-02	0.000000e+00	2.904041e-07	0.000000e+00	2.793238e-07	0.000000e+00	1.000000e+00	1.000000e-01	1.000000e+00	7.000000e+00
248	-9.025440e-02	0.000000e+00	-9.025441e-02	0.000000e+00	6.016419e-07	0.000000e+00	6.003828e-07	0.000000e+00	1.000000e+00	1.000000e-01	1.000000e+00	7.000000e+00
249	-9.025459e-02	0.000000e+00	-9.025459e-02	0.000000e+00	-1.832834e-07	0.000000e+00	-1.802222e-07	0.000000e+00	1.000000e+00	1.000000e-01	1.000000e+00	7.000000e+00
250	-9.025473e-02	0.000000e+00	-9.025473e-02	0.000000e+00	-1.455899e-07	0.000000e+00	-1.457252e-07	0.000000e+00	1.000000e+00	1.000000e-01	1.000000e+00	7.000000e+00
251	-9.040993e-02	0.000000e+00	-9.040933e-02	0.000000e+00	-1.552020e-04	0.000000e+00	-1.545963e-04	0.000000e+00	1.000000e+00	1.000000e-01	1.000000e+00	7.000000e+00
252	-9.018800e-02	0.000000e+00	-9.018887e-02	0.000000e+00	2.219320e-04	0.000000e+00	2.204612e-04	0.000000e+00	1.000000e+00	1.000000e-01	1.000000e+00	7.000000e+00
253	-9.017220e-02	0.000000e+00	-9.017227e-02	0.000000e+00	1.580110e-05	0.000000e+00	1.660056e-05	0.000000e+00	1.000000e+00	1.000000e-01	1.000000e+00	7.000000e+00
254	-9.022932e-02	0.000000e+00	-9.022910e-02	0.000000e+00	-5.712305e-05	0.000000e+00	-5.683507e-05	0.000000e+00	1.000000e+00	1.000000e-01	1.000000e+00	7.000000e+00
255	-9.020734e-02	0.000000e+00	-9.020742e-02	3.635740e-01	2.198789e-05	0.000000e+00	2.167999e-05	3.635740e-01	1.000000e+00	1.000000e-01	1.000000e+00	7.000000e+00
256	-8.995431e-02	0.000000e+00	-8.995530e-02	0.000000e+00	2.530223e-04	0.000000e+00	2.521186e-04	-3.635740e-01	1.000000e+00	1.000000e-01	1.000000e+00	7.000000e+00
257	-9.025904e-02	0.000000e+00	-9.025786e-02	0.000000e+00	-3.047304e-04	0.000000e+00	-3.025552e-04	0.000000e+00	1.000000e+00	1.000000e-01	1.000000e+00	7.000000e+00
258	-9.024669e-02	0.000000e+00	-9.024673e-02	0.000000e+00	1.235740e-05	0.000000e+00	1.112727e-05	0.000000e+00	1.000000e+00	1.000000e-01	1.000000e+00	7.000000e+00
259	-9.017292e-02	0.000000e+00	-9.017321e-02	0.000000e+00	7.376989e-05	0.000000e+00	7.352519e-05	0.000000e+00	1.000000e+00	1.000000e-01	1.000000e+00	7.000000e+00
260	-9.029122e-02	0.000000e+00	-9.029076e-02	0.000000e+00	-1.183067e-04	0.000000e+00	-1.175574e-04	0.000000e+00	1.000000e+00	1.000000e-01	1.000000e+00	7.000000e+00
261	-9.032795e-02	0.000000e+00	-9.032781e-02	0.000000e+00	-3.672998e-05	0.000000e+00	-3.704571e-05	0.000000e+00	1.000000e+00	1.000000e-01	1.000000e+00	7.000000e+00
262	-9.030188e-02	0.000000e+00	-9.030198e-02	0.000000e+00	2.607530e-05	0.000000e+00	2.582873e-05	0.000000e+00	1.000000e+00	1.000000e-01	1.000000e+00	7.000000e+00
263	-9.029624e-02	0.000000e+00	-9.029626e-02	0.000000e+00	5.636860e-06	0.000000e+00	5.715735e-06	0.000000e+00	1.000000e+00	1.000000e-01	1.000000e+00	7.000000e+00
264	-9.057972e-02	0.000000e+00	-9.057861e-02	0.000000e+00	-2.834775e-04	0.000000e+00	-2.823479e-04	0.000000e+00	1.000000e+00	1.000000e-01	1.000000e+00	7.000000e+00
265	-9.014354e-02	0.000000e+00	-9.014524e-02	0.000000e+00	4.361828e-04	0.000000e+00	4.333760e-04	0.000000e+00	1.000000e+00	1.000000e-01	1.000000e+00	7.000000e+00
266	-9.022868e-02	0.000000e+00	-9.022836e-02	0.000000e+00	-8.514668e-05	0.000000e+00	-8.312120e-05	0.000000e+00	1.000000e+00	1.000000e-01	1.000000e+00	7.000000e+00
267	-9.052676e-02	0.000000e+00	-9.052560e-02	0.000000e+00	-2.980807e-04	0.000000e+00	-2.972410e-04	0.000000e+00	1.000000e+00	1.000000e-01	1.000000e+00	7.000000e+00
268	-9.052300e-02	0.000000e+00	-9.052301e-02	0.000000e+00	3.763335e-06	0.000000e+00	2.587537e-06	0.000000e+00	1.000000e+00	1.000000e-01	1.000000e+00	7.000000e+00
269	-9.100850e-02	0.000000e+00	-9.100660e-02	0.000000e+00	-4.854980e-04	0.000000e+00	-4.835915e-04	0.000000e+00	1.000000e+00	1.000000e-01	1.000000e+00	7.000000e+00
270	-9.093914e-02	0.000000e+00	-9.093940e-02	0.000000e+00	6.936136e-05	0.000000e+00	6.720139e-05	0.000000e+00	1.000000e+00	1.000000e-01	1.000000e+00	7.000000e+00
271	-9.082222e-02	0.000000e+00	-9.082268e-02	0.000000e+00	1.169152e-04	0.000000e+00	1.167210e-04	0.000000e+00	1.000000e+00	1.000000e-01	1.000000e+00	7.000000e+00
272	-9.088070e-02	0.000000e+00	-9.088047e-02	0.000000e+00	-5.847626e-05	0.000000e+00	-5.779189e-05	0.000000e+00	1.000000e+00	1.000000e-01	1.000000e+00	7.000000e+00
273	-9.186536e-02	0.000000e+00	-9.186151e-02	0.000000e+00	-9.846567e-04	0.000000e+00	-9.810362e-04	0.000000e+00	1.000000e+00	1.000000e-01	1.000000e+00	7.000000e+00
274	-9.360480e-02	0.000000e+00	-9.359799e-02	0.000000e+00	-1.739449e-03	0.000000e+00	-1.736486e-03	0.000000e+00	1.000000e+00	1.000000e-01	1.000000e+00	7.000000e+00
275	-9.343015e-02	0.000000e+00	-9.343081e-02	0.000000e+00	1.746495e-04	0.000000e+00	1.671841e-04	0.000000e+00	1.000000e+00	1.000000e-01	1.000000e+00	7.000000e+00
276	-9.299875e-02	0.000000e+00	-9.300044e-02	0.000000e+00	4.314000e-04	0.000000e+00	4.303679e-04	0.000000e+00	1.000000e+00	1.000000e-01	1.000000e+00	7.000000e+00
277	-9.311168e-02	0.000000e+00	-9.311125e-02	0.000000e+00	-1.129277e-04	0.000000e+00	-1.108054e-04	0.000000e+00	1.000000e+00	1.000000e-01	1.000000e+00	7.000000e+00
278	-9.319398e-02	0.000000e+00	-9.319365e-02	0.000000e+00	-8.229429e-05	0.000000e+00	-8.240566e-05	0.000000e+00	1.000000e+00	1.000000e-01	1.000000e+00	7.000000e+00
279	-9.627881e-02	0.000000e+00	-9.626676e-02	0.000000e+00	-3.084831e-03	0.000000e+00	-3.073103e-03	0.000000e+00	1.000000e+00	1.000000e-01	1.000000e+00	7.000000e+00
280	-9.618167e-02	0.000000e+00	-9.618200e-02	5.071722e-01	9.714230e-05	0.000000e+00	8.475853e-05	5.071722e-01	1.000000e+00	1.000000e-01	1.000000e+00	7.000000e+00
281	-8.905465e-02	0.000000e+00	-8.908249e-02	0.000000e+00	7.127019e-03	0.000000e+00	7.099510e-03	-5.071722e-01	9.999999e-01	1.000000e-01	1.000000e+00	7.000000e+00
282	-9.006761e-02	0.000000e+00	-9.006376e-02	0.000000e+00	-1.012961e-03	0.000000e+00	-9.812716e-04	0.000000e+00	9.999999e-01	1.000000e-01	1.000000e+00	7.000000e+00
283	-9.146303e-02	0.000000e+00	-9.145756e-02	7.166478e-02	-1.395419e-03	0.000000e+00	-1.393801e-03	7.166478e-02	9.999999e-01	1.000000e-01	1.000000e+00	7.000000e+00
284	-8.953232e-02	0.000000e+00	-8.953984e-02	0.000000e+00	1.930705e-03	0.000000e+00	1.917718e-03	-7.166478e-02	9.999999e-01	1.000000e-01	1.000000e+00	7.000000e+00
285	-9.058486e-02	0.000000e+00	-9.058078e-02	0.000000e+00	-1.052538e-03	0.000000e+00	-1.040936e-03	0.000000e+00	9.999998e-01	1.000000e-01	1.000000e+00	7.000000e+00
286	-9.076341e-02	0.000000e+00	-9.076270e-02	0.000000e+00	-1.785548e-04	0.000000e+00	-1.819235e-04	0.000000e+00	9.999998e-01	1.000000e-01	1.000000e+00	7.000000e+00
287	-9.145973e-02	0.000000e+00	-9.145700e-02	0.000000e+00	-6.963118e-04	0.000000e+00	-6.943024e-04	0.000000e+00	9.999998e-01	1.000000e-01	1.000000e+00	7.000000e+00
288	-8.994668e-02	0.000000e+00	-8.995258e-02	0.000000e+00	1.513045e-03	0.000000e+00	1.504422e-03	0.000000e+00	9.999998e-01	1.000000e-01	1.000000e+00	7.000000e+00
289	-9.102028e-02	0.000000e+00	-9.101611e-02	0.000000e+00	-1.073600e-03	0.000000e+00	-1.063530e-03	0.000000e+00	9.999998e-01	1.000000e-01	1.000000e+00	7.000000e+00
290	-9.138467e-02	0.000000e+00	-9.138323e-02	0.000000e+00	-3.643843e-04	0.000000e+00	-3.671153e-04	0.000000e+00	9.999998e-01	1.000000e-01	1.000000e+00	7.000000e+00
291	-9.111818e-02	0.000000e+00	-9.111922e-02	0.000000e+00	2.664824e-04	0.000000e+00	2.640074e-04	0.000000e+00	9.999998e-01	1.000000e-01	1.000000e+00	7.000000e+00
292	-9.113292e-02	0.000000e+00	-9.113287e-02	0.000000e+00	-1.474056e-05	0.000000e+00	-1.365170e-05	0.000000e+00	9.999998e-01	1.000000e-01	1.000000e+00	7.000000e+00
293	-9.119306e-02	0.000000e+00	-9.119282e-02	2.243411e-01	-6.013148e-05	0.000000e+00	-5.994992e-05	2.243411e-01	9.999998e-01	1.000000e-01	1.000000e+00	7.000000e+00
294	-8.909505e-02	0.000000e+00	-8.910325e-02	0.000000e+00	2.098003e-03	0.000000e+00	2.089574e-03	-2.243411e-01	9.999998e-01	1.000000e-01	1.000000e+00	7.000000e+00
295	-9.103973e-02	0.000000e+00	-9.103217e-02	3.377735e-01	-1.944679e-03	0.000000e+00	-1.928920e-03	3.377735e-01	9.999998e-01	1.000000e-01	1.000000e+00	7.000000e+00
296	-8.970184e-02	0.000000e+00	-8.970703e-02	0.000000e+00	1.337893e-03	0.000000e+00	1.325132e-03	-3.377735e-01	9.999998e-01	1.000000e-01	1.000000e+00	7.000000e+00
297	-9.018602e-02	0.000000e+00	-9.018415e-02	0.000000e+00	-4.841834e-04	0.000000e+00	-4.771158e-04	0.000000e+00	9.999998e-01	1.000000e-01	1.000000e+00	7.000000e+00
298	-9.045291e-02	0.000000e+00	-9.045186e-02	0.000000e+00	-2.668924e-04	0.000000e+00	-2.677136e-04	0.000000e+00	9.999998e-01	1.000000e-01	1.000000e+00	7.000000e+00
299	-9.102693e-02	0.000000e+00	-9.102468e-02	0.000000e+00	-5.740161e-04	0.000000e+00	-5.728196e-04	0.000000e+00	9.999998e-01	1.000000e-01	1.000000e+00	7.000000e+00
300	-9.100177e-02	0.000000e+00	-9.100186e-02	0.000000e+00	2.516308e-05	0.000000e+00	2.282721e-05	0.000000e+00	9.999998e-01	1.000000e-01	1.000000e+00	7.000000e+00
301	-9.085635e-02	0.000000e+00	-9.085692e-02	0.000000e+00	1.454157e-04	0.000000e+00	1.449368e-04	0.000000e+00	9.999998e-01	1.000000e-01	1.000000e+00	7.000000e+00
302	-8.974489e-02	0.000000e+00	-8.974923e-02	0.000000e+00	1.111466e-03	0.000000e+00	1.107690e-03	0.000000e+00	9.999998e-01	1.000000e-01	1.000000e+00	7.000000e+00
303	-9.040036e-02	0.000000e+00	-9.039781e-02	0.000000e+00	-6.554722e-04	0.000000e+00	-6.485848e-04	0.000000e+00	9.999998e-01	1.000000e-01	1.000000e+00	7.000000e+00
304	-9.035360e-02	0.000000e+00	-9.035378e-02	0.000000e+00	4.675434e-05	0.000000e+00	4.403817e-05	0.000000e+00	9.999998e-01	1.000000e-01	1.000000e+00	7.000000e+00
305	-9.094596e-02	0.000000e+00	-9.094364e-02	0.000000e+00	-5.923538e-04	0.000000e+00	-5.898679e-04	0.000000e+00	9.999998e-01	1.000000e-01	1.000000e+00	7.000000e+00
306	-9.086365e-02	0.000000e+00	-9.086396e-02	0.000000e+00	8.230889e-05	0.000000e+00	7.968320e-05	0.000000e+00	9.999998e-01	1.000000e-01	1.000000e+00	7.000000e+00
307	-9.071448e-02	0.000000e+00	-9.071506e-02	0.000000e+00	1.491684e-04	0.000000e+00	1.488969e-04	0.000000e+00	9.999998e-01	1.000000e-01	1.000000e+00	7.000000e+00
308	-9.072587e-02	0.000000e+00	-9.072582e-02	0.000000e+00	-1.138496e-05	0.000000e+00	-1.075886e-05	0.000000e+00	9.999998e-01	1.000000e-01	1.000000e+00	7.000000e+00
309	-9.076187e-02	0.000000e+00	-9.076173e-02	0.000000e+00	-3.600470e-05	0.000000e+00	-3.590608e-05	0.000000e+00	9.999998e-01	1.000000e-01	1.000000e+00	7.000000e+00
310	-9.074693e-02	0.000000e+00	-9.074698e-02	0.000000e+00	1.494352e-05	0.000000e+00	1.474489e-05	0.000000e+00	9.999998e-01	1.000000e-01	1.000000e+00	7.000000e+00
311	-9.074512e-02	0.000000e+00	-9.074513e-02	2.198790e-01	1.802997e-06	0.000000e+00	1.853551e-06	2.198790e-01	1.000000e+00	1.000000e-01	1.000000e+00	7.000000e+00
312	-8.905912e-02	0.000000e+00	-8.906571e-02	0.000000e+00	1.686005e-03	0.000000e+00	1.679426e-03	-2.198790e-01	1.000000e+00	1.000000e-01	1.000000e+00	7.000000e+00
313	-9.088413e-02	0.000000e+00	-9.087702e-02	0.000000e+00	-1.825009e-03	0.000000e+00	-1.811320e-03	0.000000e+00	1.000000e+00	1.000000e-01	1.000000e+00	7.000000e+00
314	-9.150079e-02	0.000000e+00	-9.149835e-02	0.000000e+00	-6.166633e-04	0.000000e+00	-6.213299e-04	0.000000e+00	1.000000e+00	1.000000e-01	1.000000e+00	7.000000e+00
315	-9.094648e-02	0.000000e+00	-9.094864e-02	0.000000e+00	5.543104e-04	0.000000e+00	5.497180e-04	0.000000e+00	1.000000e+00	1.000000e-01	1.000000e+00	7.000000e+00
316	-9.088628e-02	0.000000e+00	-9.088652e-02	0.000000e+00	6.020220e-05	0.000000e+00	6.211437e-05	0.000000e+00	1.000000e+00	1.000000e-01	1.000000e+00	7.000000e+00
317	-9.103930e-02	0.000000e+00	-9.103870e-02	0.000000e+00	-1.530221e-04	0.000000e+00	-1.521817e-04	0.000000e+00	1.000000e+00	1.000000e-01	1.000000e+00	7.000000e+00
318	-9.256212e-02	0.000000e+00	-9.255617e-02	0.000000e+00	-1.522821e-03	0.000000e+00	-1.517467e-03	0.000000e+00	1.000000e+00	1.000000e-01	1.000000e+00	7.000000e+00
319	-9.447658e-02	0.000000e+00	-9.446908e-02	0.000000e+00	-1.914457e-03	0.000000e+00	-1.912906e-03	0.000000e+00	1.000000e+00	1.000000e-01	1.000000e+00	7.000000e+00
320	-9.361981e-02	0.000000e+00	-9.362312e-02	0.000000e+00	8.567733e-04	0.000000e+00	8.459542e-04	0.000000e+00	1.000000e+00	1.000000e-01	1.000000e+00	7.000000e+00
321	-9.333863e-02	0.000000e+00	-9.333974e-02	0.000000e+00	2.811765e-04	0.000000e+00	2.833827e-04	0.000000e+00	1.000000e+00	1.000000e-01	1.000000e+00	7.000000e+00
322	-9.363473e-02	0.000000e+00	-9.363358e-02	0.000000e+00	-2.960998e-04	0.000000e+00	-2.938362e-04	0.000000e+00	1.000000e+00	1.000000e-01	1.000000e+00	7.000000e+00
323	-9.782221e-02	0.000000e+00	-9.780585e-02	0.000000e+00	-4.187486e-03	0.000000e+00	-4.172277e-03	0.000000e+00	9.999999e-01	1.000000e-01	1.000000e+00	7.000000e+00
324	-9.757742e-02	0.000000e+00	-9.757831e-02	0.000000e+00	2.447931e-04	0.000000e+00	2.275389e-04	0.000000e+00	9.999999e-01	1.000000e-01	1.000000e+00	7.000000e+00
325	-8.880429e-02	0.000000e+00	-8.883857e-02	0.000000e+00	8.773127e-03	0.000000e+00	8.739746e-03	0.000000e+00	9.999998e-01	1.000000e-01	1.000000e+00	7.000000e+00
326	-9.563653e-02	0.000000e+00	-9.560997e-02	0.000000e+00	-6.832233e-03	0.000000e+00	-6.771405e-03	0.000000e+00	9.999996e-01	1.000000e-01	1.000000e+00	7.000000e+00
327	-9.504459e-02	0.000000e+00	-9.504680e-02	1.208535e-01	5.919371e-04	0.000000e+00	5.631740e-04	1.208535e-01	9.999996e-01	1.000000e-01	1.000000e+00	7.000000e+00
328	-8.811323e-02	0.000000e+00	-8.814032e-02	0.000000e+00	6.931357e-03	0.000000e+00	6.906481e-03	-1.208535e-01	9.999995e-01	1.000000e-01	1.000000e+00	7.000000e+00
329	-9.368903e-02	0.000000e+00	-9.366735e-02	0.000000e+00	-5.575793e-03	0.000000e+00	-5.527034e-03	0.000000e+00	9.999994e-01	1.000000e-01	1.000000e+00	7.000000e+00
330	-9.210782e-02	0.000000e+00	-9.211391e-02	0.000000e+00	1.581206e-03	0.000000e+00	1.553439e-03	0.000000e+00	9.999994e-01	1.000000e-01	1.000000e+00	7.000000e+00
331	-9.122453e-02	0.000000e+00	-9.122800e-02	7.818427e-01	8.832913e-04	0.000000e+00	8.859091e-04	7.818427e-01	9.999994e-01	1.000000e-01	1.000000e+00	7.000000e+00
332	-8.854818e-02	0.000000e+00	-8.855865e-02	0.000000e+00	2.676351e-03	0.000000e+00	2.669357e-03	-7.818427e-01	9.999994e-01	1.000000e-01	1.000000e+00	7.000000e+00
333	-8.958090e-02	0.000000e+00	-8.957691e-02	0.000000e+00	-1.032724e-03	0.000000e+00	-1.018262e-03	0.000000e+00	9.999993e-01	1.000000e-01	1.000000e+00	7.000000e+00
334	-9.030957e-02	0.000000e+00	-9.030671e-02	1.759416e+00	-7.286671e-04	0.000000e+00	-7.297983e-04	1.759416e+00	9.999994e-01	1.000000e-01	1.000000e+00	7.000000e+00
335	-8.881590e-02	0.000000e+00	-8.882172e-02	0.000000e+00	1.493673e-03	0.000000e+00	1.484988e-03	-1.759416e+00	9.999993e-01	1.000000e-01	1.000000e+00	7.000000e+00
336	-8.875078e-02	7.401025e-02	-8.875105e-02	1.142207e+00	6.511803e-05	7.401025e-02	7.066440e-05	1.142207e+00	9.999991e-01	9.974072e-02	1.000019e+00	7.021879e+00
337	-8.900788e-02	0.000000e+00	-8.900688e-02	0.000000e+00	-2.571040e-04	-7.401025e-02	-2.558237e-04	-1.142207e+00	9.999982e-01	9.948188e-02	1.000095e+00	7.043695e+00
338	-8.918401e-02	0.000000e+00	-8.918332e-02	0.000000e+00	-1.761315e-04	0.000000e+00	-1.764428e-04	0.000000e+00	9.999982e-01	9.948188e-02	1.000000e+00	7.000000e+00
339	-8.912098e-02	0.000000e+00	-8.912123e-02	1.013415e+00	6.302946e-05	0.000000e+00	6.209402e-05	1.013415e+00	9.999982e-01	9.948188e-02	1.000000e+00	7.000000e+00
340	-8.918545e-02	0.000000e+00	-8.918520e-02	0.000000e+00	-6.446474e-05	0.000000e+00	-6.397037e-05	-1.013415e+00	9.999982e-01	9.948188e-02	1.000000e+00	7.000000e+00
341	-8.931027e-02	0.000000e+00	-8.930978e-02	0.000000e+00	-1.248244e-04	0.000000e+00	-1.245867e-04	0.000000e+00	9.999982e-01	9.948188e-02	1.000000e+00	7.000000e+00
342	-8.926255e-02	0.000000e+00	-8.926274e-02	0.000000e+00	4.772090e-05	0.000000e+00	4.704783e-05	0.000000e+00	9.999982e-01	9.948188e-02	1.000000e+00	7.000000e+00
343	-8.924991e-02	0.000000e+00	-8.924996e-02	0.000000e+00	1.263893e-05	0.000000e+00	1.277334e-05	0.000000e+00	9.999982e-01	9.948188e-02	1.000000e+00	7.000000e+00
344	-8.926724e-02	0.000000e+00	-8.926717e-02	0.000000e+00	-1.732802e-05	0.000000e+00	-1.721044e-05	0.000000e+00	9.999982e-01	9.948188e-02	1.000000e+00	7.000000e+00
345	-8.926128e-02	0.000000e+00	-8.926130e-02	0.000000e+00	5.962907e-06	0.000000e+00	5.872386e-06	0.000000e+00	1.000000e+00	1.000000e-01	1.000000e+00	7.000000e+00
346	-8.925956e-02	0.000000e+00	-8.925957e-02	2.450454e-01	1.716718e-06	0.000000e+00	1.732951e-06	2.450454e-01	1.000000e+00	1.000000e-01	1.000000e+00	7.000000e+00
347	-8.917016e-02	0.000000e+00	-8.917051e-02	0.000000e+00	8.940327e-05	0.000000e+00	8.906080e-05	-2.450454e-01	1.000000e+00	1.000000e-01	1.000000e+00	7.000000e+00
348	-8.926670e-02	0.000000e+00	-8.926632e-02	0.000000e+00	-9.653737e-05	0.000000e+00	-9.581238e-05	0.000000e+00	1.000000e+00	1.000000e-01	1.000000e+00	7.000000e+00
349	-8.929956e-02	0.000000e+00	-8.929943e-02	0.000000e+00	-3.286591e-05	0.000000e+00	-3.311180e-05	0.000000e+00	1.000000e+00	1.000000e-01	1.000000e+00	7.000000e+00
350	-8.949186e-02	0.000000e+00	-8.949111e-02	1.993634e-01	-1.922964e-04	0.000000e+00	-1.916746e-04	1.993634e-01	1.000000e+00	1.000000e-01	1.000000e+00	7.000000e+00
351	-8.938417e-02	0.000000e+00	-8.938459e-02	0.000000e+00	1.076901e-04	0.000000e+00	1.065208e-04	-1.993634e-01	1.000000e+00	1.000000e-01	1.000000e+00	7.000000e+00
352	-8.937544e-02	0.000000e+00	-8.937547e-02	0.000000e+00	8.731453e-06	0.000000e+00	9.113442e-06	0.000000e+00	1.000000e+00	1.000000e-01	1.000000e+00	7.000000e+00
353	-8.940679e-02	0.000000e+00	-8.940667e-02	0.000000e+00	-3.135428e-05	0.000000e+00	-3.119620e-05	0.000000e+00	1.000000e+00	1.000000e-01	1.000000e+00	7.000000e+00
354	-8.926002e-02	0.000000e+00	-8.926060e-02	0.000000e+00	1.467669e-04	0.000000e+00	1.460717e-04	0.000000e+00	1.000000e+00	1.000000e-01	1.000000e+00	7.000000e+00
355	-8.929053e-02	0.000000e+00	-8.929041e-02	0.000000e+00	-3.050525e-05	0.000000e+00	-2.981550e-05	0.000000e+00	1.000000e+00	1.000000e-01	1.000000e+00	7.000000e+00
356	-8.921736e-02	0.000000e+00	-8.921765e-02	0.000000e+00	7.316679e-05	0.000000e+00	7.276451e-05	0.000000e+00	1.000000e+00	1.000000e-01	1.000000e+00	7.000000e+00
357	-8.920320e-02	0.000000e+00	-8.920325e-02	0.000000e+00	1.416466e-05	0.000000e+00	1.439356e-05	0.000000e+00	1.000000e+00	1.000000e-01	1.000000e+00	7.000000e+00
358	-8.939079e-02	0.000000e+00	-8.939005e-02	0.000000e+00	-1.875904e-04	0.000000e+00	-1.868014e-04	0.000000e+00	1.000000e+00	1.000000e-01	1.000000e+00	7.000000e+00
359	-8.925028e-02	0.000000e+00	-8.925083e-02	0.000000e+00	1.405083e-04	0.000000e+00	1.392298e-04	0.000000e+00	1.000000e+00	1.000000e-01	1.000000e+00	7.000000e+00
360	-8.923563e-02	0.000000e+00	-8.923569e-02	1.526404e-01	1.464558e-05	0.000000e+00	1.513224e-05	1.526404e-01	1.000000e+00	1.000000e-01	1.000000e+00	7.000000e+00
361	-8.898528e-02	0.000000e+00	-8.898626e-02	0.000000e+00	2.503532e-04	0.000000e+00	2.494344e-04	-1.526404e-01	1.000000e+00	1.000000e-01	1.000000e+00	7.000000e+00
362	-8.917005e-02	0.000000e+00	-8.916933e-02	0.000000e+00	-1.847723e-04	0.000000e+00	-1.830762e-04	0.000000e+00	1.000000e+00	1.000000e-01	1.000000e+00	7.000000e+00
363	-8.922782e-02	0.000000e+00	-8.922759e-02	0.000000e+00	-5.776950e-05	0.000000e+00	-5.825898e-05	0.000000e+00	1.000000e+00	1.000000e-01	1.000000e+00	7.000000e+00
364	-8.917869e-02	0.000000e+00	-8.917888e-02	0.000000e+00	4.913382e-05	0.000000e+00	4.871432e-05	0.000000e+00	1.000000e+00	1.000000e-01	1.000000e+00	7.000000e+00
365	-8.916538e-02	0.000000e+00	-8.916543e-02	0.000000e+00	1.331234e-05	0.000000e+00	1.345063e-05	0.000000e+00	1.000000e+00	1.000000e-01	1.000000e+00	7.000000e+00
366	-8.917954e-02	0.000000e+00	-8.917949e-02	3.276874e-01	-1.416427e-05	0.000000e+00	-1.405640e-05	3.276874e-01	1.000000e+00	1.000000e-01	1.000000e+00	7.000000e+00
367	-8.900059e-02	0.000000e+00	-8.900129e-02	0.000000e+00	1.789483e-04	0.000000e+00	1.781943e-04	-3.276874e-01	1.000000e+00	1.000000e-01	1.000000e+00	7.000000e+00
368	-8.915015e-02	0.000000e+00	-8.914957e-02	0.000000e+00	-1.495546e-04	0.000000e+00	-1.482743e-04	0.000000e+00	1.000000e+00	1.000000e-01	1.000000e+00	7.000000e+00
369	-8.914536e-02	0.000000e+00	-8.914537e-02	0.000000e+00	4.789828e-06	0.000000e+00	4.191922e-06	0.000000e+00	1.000000e+00	1.000000e-01	1.000000e+00	7.000000e+00
370	-8.911070e-02	0.000000e+00	-8.911083e-02	3.538145e-01	3.466056e-05	0.000000e+00	3.454154e-05	3.538145e-01	1.000000e+00	1.000000e-01	1.000000e+00	7.000000e+00
371	-8.899045e-02	0.000000e+00	-8.899092e-02	0.000000e+00	1.202496e-04	0.000000e+00	1.199148e-04	-3.538145e-01	1.000000e+00	1.000000e-01	1.000000e+00	7.000000e+00
372	-8.931312e-02	0.000000e+00	-8.931186e-02	0.000000e+00	-3.226685e-04	0.000000e+00	-3.209396e-04	0.000000e+00	1.000000e+00	1.000000e-01	1.000000e+00	7.000000e+00
373	-8.917965e-02	0.000000e+00	-8.918017e-02	5.880323e-02	1.334619e-04	0.000000e+00	1.316869e-04	5.880323e-02	1.000000e+00	1.000000e-01	1.000000e+00	7.000000e+00
374	-8.874969e-02	0.000000e+00	-8.875137e-02	0.000000e+00	4.299607e-04	0.000000e+00	4.287955e-04	-5.880323e-02	1.000000e+00	1.000000e-01	1.000000e+00	7.000000e+00
375	-8.947079e-02	0.000000e+00	-8.946798e-02	0.000000e+00	-7.211010e-04	0.000000e+00	-7.166092e-04	0.000000e+00	1.000000e+00	1.000000e-01	1.000000e+00	7.000000e+00
376	-8.931823e-02	0.000000e+00	-8.931882e-02	0.000000e+00	1.525614e-04	0.000000e+00	1.491662e-04	0.000000e+00	1.000000e+00	1.000000e-01	1.000000e+00	7.000000e+00
377	-8.916169e-02	0.000000e+00	-8.916230e-02	0.000000e+00	1.565409e-04	0.000000e+00	1.565121e-04	0.000000e+00	1.000000e+00	1.000000e-01	1.000000e+00	7.000000e+00
378	-8.921618e-02	0.000000e+00	-8.921597e-02	0.000000e+00	-5.448598e-05	0.000000e+00	-5.366177e-05	0.000000e+00	1.000000e+00	1.000000e-01	1.000000e+00	7.000000e+00
379	-8.924733e-02	0.000000e+00	-8.924721e-02	0.000000e+00	-3.115355e-05	0.000000e+00	-3.124147e-05	0.000000e+00	1.000000e+00	1.000000e-01	1.000000e+00	7.000000e+00
380	-8.923601e-02	0.000000e+00	-8.923606e-02	0.000000e+00	1.131574e-05	0.000000e+00	1.114950e-05	0.000000e+00	1.000000e+00	1.000000e-01	1.000000e+00	7.000000e+00
381	-8.922840e-02	0.000000e+00	-8.922843e-02	0.000000e+00	7.614007e-06	0.000000e+00	7.627818e-06	0.000000e+00	1.000000e+00	1.000000e-01	1.000000e+00	7.000000e+00
382	-8.923013e-02	0.000000e+00	-8.923012e-02	0.000000e+00	-1.729706e-06	0.000000e+00	-1.693153e-06	0.000000e+00	1.000000e+00	1.000000e-01	1.000000e+00	7.000000e+00
383	-8.938164e-02	0.000000e+00	-8.938105e-02	0.000000e+00	-1.515109e-04	0.000000e+00	-1.509257e-04	0.000000e+00	1.000000e+00	1.000000e-01	1.000000e+00	7.000000e+00
384	-8.933464e-02	0.000000e+00	-8.933482e-02	0.000000e+00	4.700171e-05	0.000000e+00	4.622856e-05	0.000000e+00	1.000000e+00	1.000000e-01	1.000000e+00	7.000000e+00
385	-8.930418e-02	0.000000e+00	-8.930430e-02	0.000000e+00	3.046179e-05	0.000000e+00	3.052337e-05	0.000000e+00	1.000000e+00	1.000000e-01	1.000000e+00	7.000000e+00
386	-8.923261e-02	0.000000e+00	-8.923289e-02	0.000000e+00	7.156918e-05	0.000000e+00	7.140884e-05	0.000000e+00	1.000000e+00	1.000000e-01	1.000000e+00	7.000000e+00
387	-8.923662e-02	0.000000e+00	-8.923660e-02	0.000000e+00	-4.007028e-06	0.000000e+00	-3.712435e-06	0.000000e+00	1.000000e+00	1.000000e-01	1.000000e+00	7.000000e+00
388	-8.925455e-02	0.000000e+00	-8.925448e-02	0.000000e+00	-1.793117e-05	0.000000e+00	-1.787563e-05	0.000000e+00	1.000000e+00	1.000000e-01	1.000000e+00	7.000000e+00
389	-8.925411e-02	0.000000e+00	-8.925412e-02	0.000000e+00	4.320653e-07	0.000000e+00	3.605509e-07	0.000000e+00	1.000000e+00	1.000000e-01	1.000000e+00	7.000000e+00
390	-8.924962e-02	0.000000e+00	-8.924963e-02	0.000000e+00	4.498737e-06	0.000000e+00	4.482573e-06	0.000000e+00	1.000000e+00	1.000000e-01	1.000000e+00	7.000000e+00
391	-8.925086e-02	0.000000e+00	-8.925085e-02	0.000000e+00	-1.240803e-06	0.000000e+00	-1.218446e-06	0.000000e+00	1.000000e+00	1.000000e-01	1.000000e+00	7.000000e+00
392	-8.925146e-02	0.000000e+00	-8.925145e-02	0.000000e+00	-5.998150e-07	0.000000e+00	-6.022316e-07	0.000000e+00	1.000000e+00	1.000000e-01	1.000000e+00	7.000000e+00
393	-8.925098e-02	0.000000e+00	-8.925098e-02	0.000000e+00	4.750885e-07	0.000000e+00	4.708802e-07	0.000000e+00	1.000000e+00	1.000000e-01	1.000000e+00	7.000000e+00
394	-8.925103e-02	0.000000e+00	-8.925103e-02	0.000000e+00	-4.536952e-08	0.000000e+00	-4.335292e-08	0.000000e+00	1.000000e+00	1.000000e-01	1.000000e+00	7.000000e+00
395	-8.925049e-02	0.000000e+00	-8.925050e-02	0.000000e+00	5.337855e-07	0.000000e+00	5.315311e-07	0.000000e+00	1.000000e+00	1.000000e-01	1.000000e+00	7.000000e+00
396	-8.925076e-02	0.000000e+00	-8.925076e-02	0.000000e+00	-2.640220e-07	0.000000e+00	-2.609143e-07	0.000000e+00	1.000000e+00	1.000000e-01	1.000000e+00	7.000000e+00
397	-8.925072e-02	0.000000e+00	-8.925072e-02	0.000000e+00	3.522290e-08	0.000000e+00	3.406612e-08	0.000000e+00	1.000000e+00	1.000000e-01	1.000000e+00	7.000000e+00
398	-8.925068e-02	0.000000e+00	-8.925068e-02	0.000000e+00	4.504044e-08	0.000000e+00	4.499757e-08	0.000000e+00	1.000000e+00	1.000000e-01	1.000000e+00	7.000000e+00
399	-8.925070e-02	0.000000e+00	-8.925070e-02	0.000000e+00	-2.654179e-08	0.000000e+00	-2.626234e-08	0.000000e+00	1.000000e+00	1.000000e-01	1.000000e+00	7.000000e+00
400	-8.925071e-02	0.000000e+00	-8.925071e-02	0.000000e+00	-4.334698e-09	0.000000e+00	-4.420353e-09	0.000000e+00	1.000000e+00	1.000000e-01	1.000000e+00	7.000000e+00
401	-8.941809e-02	0.000000e+00	-8.941744e-02	0.000000e+00	-1.673863e-04	0.000000e+00	-1.667324e-04	0.000000e+00	1.000000e+00	1.000000e-01	1.000000e+00	7.000000e+00
402	-8.914280e-02	0.000000e+00	-8.914387e-02	3.037104e-01	2.752974e-04	0.000000e+00	2.735707e-04	3.037104e-01	1.000000e+00	1.000000e-01	1.000000e+00	7.000000e+00
403	-8.874243e-02	0.000000e+00	-8.874400e-02	0.000000e+00	4.003663e-04	0.000000e+00	3.998710e-04	-3.037104e-01	1.000000e+00	1.000000e-01	1.000000e+00	7.000000e+00
404	-8.932998e-02	0.000000e+00	-8.932769e-02	0.000000e+00	-5.875457e-04	0.000000e+00	-5.836886e-04	0.000000e+00	1.000000e+00	1.000000e-01	1.000000e+00	7.000000e+00
405	-8.926606e-02	0.000000e+00	-8.926630e-02	0.000000e+00	6.391547e-05	0.000000e+00	6.138576e-05	0.000000e+00	1.000000e+00	1.000000e-01	1.000000e+00	7.000000e+00
406	-8.913074e-02	0.000000e+00	-8.913127e-02	0.000000e+00	1.353207e-04	0.000000e+00	1.350319e-04	0.000000e+00	1.000000e+00	1.000000e-01	1.000000e+00	7.000000e+00
407	-8.917978e-02	0.000000e+00	-8.917959e-02	0.000000e+00	-4.904301e-05	0.000000e+00	-4.832396e-05	0.000000e+00	1.000000e+00	1.000000e-01	1.000000e+00	7.000000e+00
408	-8.929661e-02	0.000000e+00	-8.929616e-02	0.000000e+00	-1.168300e-04	0.000000e+00	-1.165624e-04	0.000000e+00	1.000000e+00	1.000000e-01	1.000000e+00	7.000000e+00
409	-8.927443e-02	0.000000e+00	-8.927452e-02	0.000000e+00	2.217917e-05	0.000000e+00	2.163721e-05	0.000000e+00	1.000000e+00	1.000000e-01	1.000000e+00	7.000000e+00
410	-8.925232e-02	0.000000e+00	-8.925241e-02	0.000000e+00	2.211011e-05	0.000000e+00	2.210826e-05	0.000000e+00	1.000000e+00	1.000000e-01	1.000000e+00	7.000000e+00
411	-8.925986e-02	0.000000e+00	-8.925983e-02	0.000000e+00	-7.534439e-06	0.000000e+00	-7.418647e-06	0.000000e+00	1.000000e+00	1.000000e-01	1.000000e+00	7.000000e+00
412	-8.926484e-02	0.000000e+00	-8.926482e-02	1.647193e-01	-4.984577e-06	0.000000e+00	-4.994085e-06	1.647193e-01	1.000000e+00	1.000000e-01	9.999996e-01	7.000000e+00
413	-8.878965e-02	0.000000e+00	-8.879151e-02	0.000000e+00	4.751920e-04	0.000000e+00	4.733163e-04	-1.647193e-01	1.000000e+00	1.000000e-01	1.000000e+00	7.000000e+00
414	-8.921298e-02	0.000000e+00	-8.921133e-02	0.000000e+00	-4.233277e-04	0.000000e+00	-4.198251e-04	0.000000e+00	1.000000e+00	1.000000e-01	1.000000e+00	7.000000e+00
415	-8.911471e-02	0.000000e+00	-8.911509e-02	0.000000e+00	9.826920e-05	0.000000e+00	9.624539e-05	0.000000e+00	1.000000e+00	1.000000e-01	1.000000e+00	7.000000e+00
416	-8.905400e-02	0.000000e+00	-8.905424e-02	0.000000e+00	6.071112e-05	0.000000e+00	6.084992e-05	0.000000e+00	1.000000e+00	1.000000e-01	1.000000e+00	7.000000e+00
417	-8.911422e-02	0.000000e+00	-8.911399e-02	0.000000e+00	-6.022565e-05	0.000000e+00	-5.975270e-05	0.000000e+00	1.000000e+00	1.000000e-01	1.000000e+00	7.000000e+00
418	-8.909517e-02	0.000000e+00	-8.909525e-02	0.000000e+00	1.905167e-05	0.000000e+00	1.874384e-05	0.000000e+00	1.000000e+00	1.000000e-01	1.000000e+00	7.000000e+00
419	-8.912909e-02	0.000000e+00	-8.912895e-02	0.000000e+00	-3.391295e-05	0.000000e+00	-3.370726e-05	0.000000e+00	1.000000e+00	1.000000e-01	1.000000e+00	7.000000e+00
420	-8.906977e-02	0.000000e+00	-8.907000e-02	0.000000e+00	5.931319e-05	0.000000e+00	5.894983e-05	0.000000e+00	1.000000e+00	1.000000e-01	1.000000e+00	7.000000e+00
421	-8.908812e-02	0.000000e+00	-8.908805e-02	0.000000e+00	-1.834688e-05	0.000000e+00	-1.804494e-05	0.000000e+00	1.000000e+00	1.000000e-01	1.000000e+00	7.000000e+00
422	-8.910032e-02	0.000000e+00	-8.910028e-02	0.000000e+00	-1.220479e-05	0.000000e+00	-1.222760e-05	0.000000e+00	1.000000e+00	1.000000e-01	1.000000e+00	7.000000e+00
423	-8.909261e-02	0.000000e+00	-8.909264e-02	0.000000e+00	7.713437e-06	0.000000e+00	7.635543e-06	0.000000e+00	1.000000e+00	1.000000e-01	1.000000e+00	7.000000e+00
424	-8.909316e-02	0.000000e+00	-8.909316e-02	0.000000e+00	-5.509350e-07	0.000000e+00	-5.189565e-07	0.000000e+00	1.000000e+00	1.000000e-01	1.000000e+00	7.000000e+00
425	-8.913272e-02	0.000000e+00	-8.913256e-02	0.000000e+00	-3.955823e-05	0.000000e+00	-3.940573e-05	0.000000e+00	1.000000e+00	1.000000e-01	1.000000e+00	7.000000e+00
426	-8.913599e-02	0.000000e+00	-8.913598e-02	0.000000e+00	-3.270037e-06	0.000000e+00	-3.411192e-06	0.000000e+00	1.000000e+00	1.000000e-01	1.000000e+00	7.000000e+00
427	-8.905365e-02	0.000000e+00	-8.905397e-02	0.000000e+00	8.234349e-05	0.000000e+00	8.200851e-05	0.000000e+00	1.000000e+00	1.000000e-01	1.000000e+00	7.000000e+00
428	-8.909463e-02	0.000000e+00	-8.909447e-02	0.000000e+00	-4.098107e-05	0.000000e+00	-4.050065e-05	0.000000e+00	1.000000e+00	1.000000e-01	1.000000e+00	7.000000e+00
429	-8.910169e-02	0.000000e+00	-8.910166e-02	0.000000e+00	-7.065618e-06	0.000000e+00	-7.196223e-06	0.000000e+00	1.000000e+00	1.000000e-01	1.000000e+00	7.000000e+00
430	-8.909033e-02	0.000000e+00	-8.909037e-02	0.000000e+00	1.136398e-05	0.000000e+00	1.129147e-05	0.000000e+00	1.000000e+00	1.000000e-01	1.000000e+00	7.000000e+00
431	-8.908976e-02	0.000000e+00	-8.908976e-02	0.000000e+00	5.725261e-07	0.000000e+00	6.143969e-07	0.000000e+00	1.000000e+00	1.000000e-01	1.000000e+00	7.000000e+00
432	-8.909264e-02	0.000000e+00	-8.909263e-02	0.000000e+00	-2.885929e-06	0.000000e+00	-2.872255e-06	0.000000e+00	1.000000e+00	1.000000e-01	1.000000e+00	7.000000e+00
433	-8.922006e-02	0.000000e+00	-8.921956e-02	0.000000e+00	-1.274167e-04	0.000000e+00	-1.269302e-04	0.000000e+00	1.000000e+00	1.000000e-01	1.000000e+00	7.000000e+00
434	-8.916450e-02	0.000000e+00	-8.916471e-02	0.000000e+00	5.556123e-05	0.000000e+00	5.484837e-05	0.000000e+00	1.000000e+00	1.000000e-01	1.000000e+00	7.000000e+00
435	-8.914651e-02	0.000000e+00	-8.914658e-02	0.000000e+00	1.798775e-05	0.000000e+00	1.813173e-05	0.000000e+00	1.000000e+00	1.000000e-01	1.000000e+00	7.000000e+00
436	-8.908136e-02	0.000000e+00	-8.908161e-02	0.000000e+00	6.515415e-05	0.000000e+00	6.497047e-05	0.000000e+00	1.000000e+00	1.000000e-01	1.000000e+00	7.000000e+00
437	-8.921105e-02	0.000000e+00	-8.921054e-02	1.624026e-01	-1.296951e-04	0.000000e+00	-1.289346e-04	1.624026e-01	1.000000e+00	1.000000e-01	1.000000e+00	7.000000e+00
438	-8.920346e-02	0.000000e+00	-8.920349e-02	0.000000e+00	7.588910e-06	0.000000e+00	7.055615e-06	-1.624026e-01	1.000000e+00	1.000000e-01	9.999994e-01	7.000000e+00
439	-8.916606e-02	0.000000e+00	-8.916621e-02	0.000000e+00	3.740183e-05	0.000000e+00	3.728329e-05	0.000000e+00	1.000000e+00	1.000000e-01	1.000000e+00	7.000000e+00
440	-8.917001e-02	0.000000e+00	-8.917000e-02	0.000000e+00	-3.951909e-06	0.000000e+00	-3.790834e-06	0.000000e+00	1.000000e+00	1.000000e-01	1.000000e+00	7.000000e+00
441	-8.917934e-02	0.000000e+00	-8.917930e-02	0.000000e+00	-9.323648e-06	0.000000e+00	-9.302036e-06	0.000000e+00	1.000000e+00	1.000000e-01	1.000000e+00	7.000000e+00
442	-8.917747e-02	0.000000e+00	-8.917747e-02	0.000000e+00	1.868229e-06	0.000000e+00	1.824596e-06	0.000000e+00	1.000000e+00	1.000000e-01	1.000000e+00	7.000000e+00
443	-8.917521e-02	0.000000e+00	-8.917522e-02	3.570297e-01	2.260774e-06	0.000000e+00	2.259070e-06	3.570297e-01	1.000000e+00	1.000000e-01	1.000000e+00	7.000000e+00
444	-8.918022e-02	0.000000e+00	-8.918020e-02	0.000000e+00	-5.016904e-06	0.000000e+00	-4.988482e-06	-3.570297e-01	1.000000e+00	1.000000e-01	1.000001e+00	7.000000e+00
445	-8.936752e-02	0.000000e+00	-8.936679e-02	0.000000e+00	-1.872972e-04	0.000000e+00	-1.865851e-04	0.000000e+00	1.000000e+00	1.000000e-01	1.000000e+00	7.000000e+00
446	-8.953170e-02	0.000000e+00	-8.953106e-02	0.000000e+00	-1.641839e-04	0.000000e+00	-1.642714e-04	0.000000e+00	1.000000e+00	1.000000e-01	1.000000e+00	7.000000e+00
447	-8.935005e-02	0.000000e+00	-8.935076e-02	0.000000e+00	1.816539e-04	0.000000e+00	1.803026e-04	0.000000e+00	1.000000e+00	1.000000e-01	1.000000e+00	7.000000e+00
448	-8.931420e-02	0.000000e+00	-8.931435e-02	0.000000e+00	3.584698e-05	0.000000e+00	3.641126e-05	0.000000e+00	1.000000e+00	1.000000e-01	1.000000e+00	7.000000e+00
449	-8.936636e-02	0.000000e+00	-8.936615e-02	0.000000e+00	-5.215447e-05	0.000000e+00	-5.180851e-05	0.000000e+00	1.000000e+00	1.000000e-01	1.000000e+00	7.000000e+00
450	-8.936978e-02	0.000000e+00	-8.936977e-02	0.000000e+00	-3.425267e-06	0.000000e+00	-3.614264e-06	0.000000e+00	1.000000e+00	1.000000e-01	1.000000e+00	7.000000e+00
451	-8.935610e-02	0.000000e+00	-8.935616e-02	0.000000e+00	1.367826e-05	0.000000e+00	1.361071e-05	0.000000e+00	1.000000e+00	1.000000e-01	1.000000e+00	7.000000e+00
452	-8.936186e-02	0.000000e+00	-8.936184e-02	0.000000e+00	-5.752833e-06	0.000000e+00	-5.677194e-06	0.000000e+00	1.000000e+00	1.000000e-01	1.000000e+00	7.000000e+00
453	-8.931488e-02	0.000000e+00	-8.931506e-02	0.000000e+00	4.698263e-05	0.000000e+00	4.677693e-05	0.000000e+00	1.000000e+00	1.000000e-01	1.000000e+00	7.000000e+00
454	-8.931809e-02	0.000000e+00	-8.931808e-02	0.000000e+00	-3.212987e-06	0.000000e+00	-3.017714e-06	0.000000e+00	1.000000e+00	1.000000e-01	1.000000e+00	7.000000e+00
455	-8.932932e-02	0.000000e+00	-8.932927e-02	0.000000e+00	-1.122765e-05	0.000000e+00	-1.119558e-05	0.000000e+00	1.000000e+00	1.000000e-01	1.000000e+00	7.000000e+00
456	-8.932727e-02	0.000000e+00	-8.932728e-02	0.000000e+00	2.043272e-06	0.000000e+00	1.991557e-06	0.000000e+00	1.000000e+00	1.000000e-01	1.000000e+00	7.000000e+00
457	-8.939791e-02	0.000000e+00	-8.939764e-02	0.000000e+00	-7.063975e-05	0.000000e+00	-7.035603e-05	0.000000e+00	1.000000e+00	1.000000e-01	1.000000e+00	7.000000e+00
458	-8.936622e-02	0.000000e+00	-8.936635e-02	0.000000e+00	3.168767e-05	0.000000e+00	3.128907e-05	0.000000e+00	1.000000e+00	1.000000e-01	1.000000e+00	7.000000e+00
459	-8.936497e-02	0.000000e+00	-8.936498e-02	0.000000e+00	1.254818e-06	0.000000e+00	1.372140e-06	0.000000e+00	1.000000e+00	1.000000e-01	1.000000e+00	7.000000e+00
460	-8.932918e-02	0.000000e+00	-8.932932e-02	0.000000e+00	3.579055e-05	0.000000e+00	3.565611e-05	0.000000e+00	1.000000e+00	1.000000e-01	1.000000e+00	7.000000e+00
461	-8.932830e-02	0.000000e+00	-8.932831e-02	1.277981e+00	8.757275e-07	0.000000e+00	1.011588e-06	1.277981e+00	1.000000e+00	1.000000e-01	1.000001e+00	7.000000e+00
462	-8.941210e-02	0.000000e+00	-8.941178e-02	3.992039e-01	-8.380085e-05	0.000000e+00	-8.346955e-05	-8.787770e-01	1.000000e+00	1.000000e-01	1.000000e+00	7.000000e+00
463	-8.937438e-02	0.000000e+00	-8.937453e-02	2.578459e-01	3.772351e-05	0.000000e+00	3.725010e-05	-1.413580e-01	1.000000e+00	1.000000e-01	1.000000e+00	7.000000e+00
464	-8.951707e-02	0.000000e+00	-8.951651e-02	3.749823e-01	-1.426853e-04	0.000000e+00	-1.419825e-04	1.171364e-01	1.000000e+00	1.000000e-01	1.000000e+00	7.000000e+00
465	-8.956416e-02	0.000000e+00	-8.956397e-02	0.000000e+00	-4.709350e-05	0.000000e+00	-4.746416e-05	-3.749823e-01	1.000000e+00	1.000000e-01	1.000000e+00	7.000000e+00
466	-8.976613e-02	0.000000e+00	-8.976534e-02	0.000000e+00	-2.019675e-04	0.000000e+00	-2.013640e-04	0.000000e+00	1.000000e+00	1.000000e-01	1.000000e+00	7.000000e+00
467	-8.975815e-02	0.000000e+00	-8.975818e-02	0.000000e+00	7.975632e-06	0.000000e+00	7.157899e-06	0.000000e+00	1.000000e+00	1.000000e-01	1.000000e+00	7.000000e+00
468	-8.970997e-02	0.000000e+00	-8.971016e-02	0.000000e+00	4.818286e-05	0.000000e+00	4.802260e-05	0.000000e+00	1.000000e+00	1.000000e-01	1.000000e+00	7.000000e+00
469	-8.972913e-02	0.000000e+00	-8.972905e-02	0.000000e+00	-1.915832e-05	0.000000e+00	-1.889590e-05	0.000000e+00	1.000000e+00	1.000000e-01	1.000000e+00	7.000000e+00
470	-8.973661e-02	0.000000e+00	-8.973658e-02	0.000000e+00	-7.483308e-06	0.000000e+00	-7.527889e-06	0.000000e+00	1.000000e+00	1.000000e-01	1.000000e+00	7.000000e+00
471	-8.973026e-02	0.000000e+00	-8.973028e-02	3.566034e-01	6.351932e-06	0.000000e+00	6.297714e-06	3.566034e-01	1.000000e+00	1.000000e-01	1.000001e+00	7.000000e+00
472	-8.968259e-02	0.000000e+00	-8.968278e-02	0.000000e+00	4.766376e-05	0.000000e+00	4.750217e-05	-3.566034e-01	1.000000e+00	1.000000e-01	1.000000e+00	7.000000e+00
473	-8.987492e-02	0.000000e+00	-8.987417e-02	0.000000e+00	-1.923254e-04	0.000000e+00	-1.913885e-04	0.000000e+00	1.000000e+00	1.000000e-01	1.000000e+00	7.000000e+00
474	-8.981022e-02	0.000000e+00	-8.981047e-02	0.000000e+00	6.469855e-05	0.000000e+00	6.369821e-05	0.000000e+00	1.000000e+00	1.000000e-01	1.000000e+00	7.000000e+00
475	-8.978462e-02	0.000000e+00	-8.978472e-02	0.000000e+00	2.560148e-05	0.000000e+00	2.575030e-05	0.000000e+00	1.000000e+00	1.000000e-01	1.000000e+00	7.000000e+00
476	-8.972430e-02	0.000000e+00	-8.972454e-02	0.000000e+00	6.031946e-05	0.000000e+00	6.018442e-05	0.000000e+00	1.000000e+00	1.000000e-01	1.000000e+00	7.000000e+00
477	-8.973464e-02	0.000000e+00	-8.973460e-02	0.000000e+00	-1.033770e-05	0.000000e+00	-1.006222e-05	0.000000e+00	1.000000e+00	1.000000e-01	1.000000e+00	7.000000e+00
478	-8.974888e-02	0.000000e+00	-8.974883e-02	0.000000e+00	-1.424570e-05	0.000000e+00	-1.422936e-05	0.000000e+00	1.000000e+00	1.000000e-01	1.000000e+00	7.000000e+00
479	-8.972953e-02	0.000000e+00	-8.972961e-02	0.000000e+00	1.934956e-05	0.000000e+00	1.921840e-05	0.000000e+00	1.000000e+00	1.000000e-01	1.000000e+00	7.000000e+00
480	-8.972304e-02	0.000000e+00	-8.972307e-02	0.000000e+00	6.493769e-06	0.000000e+00	6.543475e-06	0.000000e+00	1.000000e+00	1.000000e-01	1.000000e+00	7.000000e+00
481	-8.972717e-02	0.000000e+00	-8.972715e-02	0.000000e+00	-4.125264e-06	0.000000e+00	-4.083589e-06	0.000000e+00	1.000000e+00	1.000000e-01	1.000000e+00	7.000000e+00
482	-8.972818e-02	0.000000e+00	-8.972818e-02	0.000000e+00	-1.014287e-06	0.000000e+00	-1.026276e-06	0.000000e+00	1.000000e+00	1.000000e-01	1.000000e+00	7.000000e+00
483	-8.984007e-02	0.000000e+00	-8.983963e-02	0.000000e+00	-1.118897e-04	0.000000e+00	-1.114567e-04	0.000000e+00	1.000000e+00	1.000000e-01	1.000000e+00	7.000000e+00
484	-8.982047e-02	0.000000e+00	-8.982055e-02	0.000000e+00	1.959764e-05	0.000000e+00	1.908571e-05	0.000000e+00	1.000000e+00	1.000000e-01	1.000000e+00	7.000000e+00
485	-8.979604e-02	0.000000e+00	-8.979613e-02	0.000000e+00	2.443320e-05	0.000000e+00	2.441231e-05	0.000000e+00	1.000000e+00	1.000000e-01	1.000000e+00	7.000000e+00
486	-8.980445e-02	0.000000e+00	-8.980441e-02	0.000000e+00	-8.406872e-06	0.000000e+00	-8.278672e-06	0.000000e+00	1.000000e+00	1.000000e-01	1.000000e+00	7.000000e+00
487	-8.980790e-02	0.000000e+00	-8.980789e-02	0.000000e+00	-3.455440e-06	0.000000e+00	-3.474280e-06	0.000000e+00	1.000000e+00	1.000000e-01	1.000000e+00	7.000000e+00
488	-8.980461e-02	0.000000e+00	-8.980462e-02	0.000000e+00	3.289636e-06	0.000000e+00	3.263215e-06	0.000000e+00	1.000000e+00	1.000000e-01	1.000000e+00	7.000000e+00
489	-9.010309e-02	0.000000e+00	-9.010192e-02	4.220171e-01	-2.984766e-04	0.000000e+00	-2.972980e-04	4.220171e-01	1.000000e+00	1.000000e-01	1.000000e+00	7.000000e+00
490	-8.927718e-02	0.000000e+00	-8.928040e-02	0.000000e+00	8.259105e-04	0.000000e+00	8.215230e-04	-4.220171e-01	1.000000e+00	1.000000e-01	1.000000e+00	7.000000e+00
491	-8.974576e-02	0.000000e+00	-8.974394e-02	0.000000e+00	-4.685785e-04	0.000000e+00	-4.635390e-04	0.000000e+00	1.000000e+00	1.000000e-01	1.000000e+00	7.000000e+00
492	-8.977381e-02	0.000000e+00	-8.977369e-02	0.000000e+00	-2.805058e-05	0.000000e+00	-2.975170e-05	0.000000e+00	1.000000e+00	1.000000e-01	1.000000e+00	7.000000e+00
493	-8.965540e-02	0.000000e+00	-8.965586e-02	0.000000e+00	1.184047e-04	0.000000e+00	1.178260e-04	0.000000e+00	1.000000e+00	1.000000e-01	1.000000e+00	7.000000e+00
494	-8.965486e-02	0.000000e+00	-8.965486e-02	0.000000e+00	5.417609e-07	0.000000e+00	9.999024e-07	0.000000e+00	1.000000e+00	1.000000e-01	1.000000e+00	7.000000e+00
495	-8.968454e-02	0.000000e+00	-8.968443e-02	0.000000e+00	-2.968095e-05	0.000000e+00	-2.956111e-05	0.000000e+00	1.000000e+00	1.000000e-01	1.000000e+00	7.000000e+00
496	-8.967618e-02	0.000000e+00	-8.967621e-02	0.000000e+00	8.365603e-06	0.000000e+00	8.217452e-06	0.000000e+00	1.000000e+00	1.000000e-01	1.000000e+00	7.000000e+00
497	-8.967119e-02	0.000000e+00	-8.967121e-02	0.000000e+00	4.981069e-06	0.000000e+00	4.993711e-06	0.000000e+00	1.000000e+00	1.000000e-01	1.000000e+00	7.000000e+00
498	-8.967371e-02	0.000000e+00	-8.967370e-02	0.000000e+00	-2.511068e-06	0.000000e+00	-2.481753e-06	0.000000e+00	1.000000e+00	1.000000e-01	1.000000e+00	7.000000e+00
499	-8.967507e-02	0.000000e+00	-8.967507e-02	0.000000e+00	-1.364783e-06	0.000000e+00	-1.369146e-06	0.000000e+00	1.000000e+00	1.000000e-01	1.000000e+00	7.000000e+00
