#sequence delta(k-1),f(k-1),theta(k),v(k),delta_diff(k-1),f_diff(k-1),theta_diff(k),v_diff(k),phi(1,1;k),phi(1,2;k),phi(2,1;k),phi(2,2;k)
1	-2.488287e+00	0.000000e+00	-2.488095e+00	3.613053e-01	-2.488287e+00	0.000000e+00	-4.903880e-02	3.567225e-01	2.960970e-01	1.000000e-01	1.000000e+00	1.100000e+01
2	-2.434403e+00	2.000000e-01	-2.434613e+00	3.370316e+00	5.388449e-02	2.000000e-01	5.348244e-02	3.009010e+00	2.965362e-01	1.016301e-01	1.018922e+00	1.107023e+01
3	-2.115789e+00	2.120937e-01	-2.117034e+00	2.620172e+00	3.186143e-01	1.209368e-02	3.175787e-01	-7.501434e-01	3.284900e-01	1.028430e-01	8.448482e-01	1.106362e+01
4	-2.089870e+00	3.822931e-01	-2.089976e+00	3.828444e+00	2.591813e-02	1.701994e-01	2.705743e-02	1.208272e+00	3.285026e-01	1.029258e-01	8.363969e-01	1.100813e+01
5	-2.356665e+00	5.530684e-01	-2.355623e+00	5.617672e+00	-2.667947e-01	1.707752e-01	-2.656468e-01	1.789228e+00	3.521040e-01	8.781859e-02	8.204127e-01	1.101836e+01
6	-2.520803e+00	5.937633e-01	-2.520158e+00	5.404617e+00	-1.641377e-01	4.069497e-02	-1.645342e-01	-2.130546e-01	3.605834e-01	8.571626e-02	8.609048e-01	1.100832e+01
7	-2.495779e+00	7.937633e-01	-2.495874e+00	8.335319e+00	2.502416e-02	2.000000e-01	2.428370e-02	2.930702e+00	3.605615e-01	8.554095e-02	8.691470e-01	1.107419e+01
8	-2.471960e+00	6.663486e-01	-2.472053e+00	6.498219e+00	2.381893e-02	-1.274147e-01	2.382074e-02	-1.837100e+00	3.608547e-01	8.397258e-02	8.641341e-01	1.110101e+01
9	-2.506361e+00	8.663486e-01	-2.506227e+00	7.671036e+00	-3.440095e-02	2.000000e-01	-3.417352e-02	1.172817e+00	3.614720e-01	8.038382e-02	8.804276e-01	1.100628e+01
10	-2.551345e+00	1.066349e+00	-2.551169e+00	1.026412e+01	-4.498435e-02	2.000000e-01	-4.494212e-02	2.593083e+00	3.624087e-01	7.621929e-02	8.713987e-01	1.104642e+01
11	-2.601276e+00	1.018403e+00	-2.601080e+00	9.198578e+00	-4.993078e-02	-4.794553e-02	-4.991129e-02	-1.065541e+00	3.630750e-01	7.685911e-02	8.830492e-01	1.105761e+01
12	-2.653246e+00	1.218403e+00	-2.653042e+00	1.069403e+01	-5.197007e-02	2.000000e-01	-5.196203e-02	1.495452e+00	3.642464e-01	7.235120e-02	8.992472e-01	1.099527e+01
13	-2.707743e+00	1.396408e+00	-2.707529e+00	1.231537e+01	-5.449722e-02	1.780053e-01	-5.448732e-02	1.621337e+00	3.654554e-01	6.840205e-02	9.065468e-01	1.097143e+01
14	-2.844018e+00	1.456184e+00	-2.843485e+00	1.326834e+01	-1.362751e-01	5.977615e-02	-1.359556e-01	9.529716e-01	3.712329e-01	6.586781e-02	8.796140e-01	1.098324e+01
15	-3.013529e+00	1.455854e+00	-3.012865e+00	1.323467e+01	-1.695111e-01	-3.307063e-04	-1.693800e-01	-3.366658e-02	3.796810e-01	6.588429e-02	8.701625e-01	1.098323e+01
16	-3.028762e+00	1.580718e+00	-3.028700e+00	1.610248e+01	-1.523243e-02	1.248643e-01	-1.583457e-02	2.867811e+00	3.798122e-01	6.480874e-02	8.593253e-01	1.107206e+01
17	-2.983618e+00	1.380718e+00	-2.983795e+00	1.297853e+01	4.514320e-02	-2.000000e-01	4.490500e-02	-3.123956e+00	3.806674e-01	6.101990e-02	8.394088e-01	1.116030e+01
18	-2.955807e+00	1.580718e+00	-2.955916e+00	1.420184e+01	2.781148e-02	2.000000e-01	2.787825e-02	1.223313e+00	3.807333e-01	6.149354e-02	8.260468e-01	1.106421e+01
19	-2.902841e+00	1.780718e+00	-2.903048e+00	1.482953e+01	5.296633e-02	2.000000e-01	5.286833e-02	6.276866e-01	3.812359e-01	6.339127e-02	7.859238e-01	1.091271e+01
20	-2.811093e+00	1.980718e+00	-2.811453e+00	1.579859e+01	9.174717e-02	2.000000e-01	9.159530e-02	9.690642e-01	3.831055e-01	6.746687e-02	7.312225e-01	1.079346e+01
21	-2.756594e+00	2.180718e+00	-2.756808e+00	1.988477e+01	5.449933e-02	2.000000e-01	5.464424e-02	4.086182e+00	3.836192e-01	6.935220e-02	7.790603e-01	1.096902e+01
22	-2.715082e+00	1.980718e+00	-2.715245e+00	1.869810e+01	4.151237e-02	-2.000000e-01	4.156367e-02	-1.186671e+00	3.843824e-01	6.567553e-02	7.978888e-01	1.087830e+01
23	-2.687369e+00	1.930978e+00	-2.687478e+00	1.781575e+01	2.771307e-02	-4.974046e-02	2.776718e-02	-8.823494e-01	3.846502e-01	6.519476e-02	7.931133e-01	1.088687e+01
24	-2.697279e+00	2.126877e+00	-2.697241e+00	1.872806e+01	-9.910188e-03	1.958997e-01	-9.763011e-03	9.123102e-01	3.847367e-01	6.348545e-02	7.987135e-01	1.077617e+01
25	-2.724653e+00	2.322577e+00	-2.724546e+00	1.923701e+01	-2.737453e-02	1.956994e-01	-2.730574e-02	5.089470e-01	3.851091e-01	6.082328e-02	8.188401e-01	1.063229e+01
26	-2.743520e+00	2.522577e+00	-2.743446e+00	2.231839e+01	-1.886683e-02	2.000000e-01	-1.889980e-02	3.081379e+00	3.853182e-01	5.860712e-02	8.103159e-01	1.072265e+01
27	-2.833997e+00	2.322577e+00	-2.833644e+00	1.976856e+01	-9.047708e-02	-2.000000e-01	-9.019748e-02	-2.549826e+00	3.871484e-01	6.265294e-02	8.242477e-01	1.075345e+01
28	-2.930456e+00	2.522577e+00	-2.930077e+00	2.116651e+01	-9.645828e-02	2.000000e-01	-9.643382e-02	1.397946e+00	3.903510e-01	5.601267e-02	8.543517e-01	1.069103e+01
29	-2.934987e+00	2.591708e+00	-2.934968e+00	2.105208e+01	-4.531868e-03	6.913169e-02	-4.890860e-03	-1.144251e-01	3.903660e-01	5.578355e-02	8.561763e-01	1.066319e+01
30	-2.922161e+00	2.755287e+00	-2.922211e+00	2.249629e+01	1.282616e-02	1.635791e-01	1.275696e-02	1.444205e+00	3.903577e-01	5.567813e-02	8.543064e-01	1.063935e+01
31	-2.932521e+00	2.715137e+00	-2.932481e+00	2.144955e+01	-1.036004e-02	-4.015000e-02	-1.026974e-02	-1.046737e+00	3.903773e-01	5.575416e-02	8.573092e-01	1.065098e+01
32	-2.899735e+00	2.908709e+00	-2.899863e+00	2.287354e+01	3.278669e-02	1.935711e-01	3.261850e-02	1.423993e+00	3.905153e-01	5.656846e-02	8.471357e-01	1.059092e+01
33	-2.794530e+00	2.915480e+00	-2.794941e+00	2.354535e+01	1.052047e-01	6.771451e-03	1.049212e-01	6.718108e-01	3.936687e-01	5.677143e-02	8.725290e-01	1.059255e+01
34	-2.666192e+00	2.784622e+00	-2.666695e+00	2.247172e+01	1.283375e-01	-1.308578e-01	1.282460e-01	-1.073632e+00	3.987739e-01	5.156600e-02	8.845502e-01	1.058030e+01
35	-2.461580e+00	2.867161e+00	-2.462381e+00	2.350847e+01	2.046124e-01	8.253873e-02	2.043141e-01	1.036752e+00	4.100139e-01	5.610012e-02	8.828876e-01	1.057963e+01
36	-2.373767e+00	2.811101e+00	-2.374113e+00	2.374249e+01	8.781306e-02	-5.605969e-02	8.826815e-02	2.340108e-01	4.123126e-01	5.463265e-02	9.139844e-01	1.055977e+01
37	-2.272553e+00	2.710311e+00	-2.272950e+00	2.237118e+01	1.012136e-01	-1.007902e-01	1.011630e-01	-1.371304e+00	4.154030e-01	5.155512e-02	8.949723e-01	1.057871e+01
38	-2.083512e+00	2.910311e+00	-2.084252e+00	2.468298e+01	1.890411e-01	2.000000e-01	1.886978e-01	2.311796e+00	4.240426e-01	6.069555e-02	8.972969e-01	1.058117e+01
39	-1.927837e+00	2.733684e+00	-1.928448e+00	2.263748e+01	1.556750e-01	-1.766275e-01	1.558040e-01	-2.045502e+00	4.312746e-01	5.249024e-02	8.745412e-01	1.060698e+01
40	-1.783924e+00	2.933684e+00	-1.784488e+00	2.661794e+01	1.439134e-01	2.000000e-01	1.439598e-01	3.980468e+00	4.360113e-01	5.907299e-02	9.895311e-01	1.076679e+01
41	-1.622094e+00	2.733684e+00	-1.622728e+00	2.581429e+01	1.618300e-01	-2.000000e-01	1.617602e-01	-8.036552e-01	4.436763e-01	4.960006e-02	1.078043e+00	1.065740e+01
42	-1.419439e+00	2.533684e+00	-1.420233e+00	2.513564e+01	2.026549e-01	-2.000000e-01	2.024952e-01	-6.786454e-01	4.550091e-01	3.841573e-02	1.192235e+00	1.054470e+01
43	-1.362037e+00	2.333684e+00	-1.362265e+00	2.332837e+01	5.740157e-02	-2.000000e-01	5.796834e-02	-1.807274e+00	4.560642e-01	3.473965e-02	1.198460e+00	1.052302e+01
44	-1.319752e+00	2.419895e+00	-1.319918e+00	2.295356e+01	4.228527e-02	8.621175e-02	4.234653e-02	-3.748089e-01	4.564654e-01	3.555762e-02	1.171815e+00	1.046869e+01
45	-1.215842e+00	2.619895e+00	-1.216248e+00	2.397865e+01	1.039103e-01	2.000000e-01	1.036698e-01	1.025095e+00	4.588301e-01	4.010907e-02	1.114515e+00	1.035840e+01
46	-1.186901e+00	2.686099e+00	-1.187016e+00	2.528750e+01	2.894060e-02	6.620388e-02	2.923251e-02	1.308847e+00	4.590124e-01	4.052617e-02	1.122616e+00	1.037693e+01
47	-1.248838e+00	2.486099e+00	-1.248597e+00	2.313099e+01	-6.193681e-02	-2.000000e-01	-6.158068e-02	-2.156508e+00	4.597335e-01	4.285448e-02	1.122949e+00	1.037801e+01
48	-1.320114e+00	2.595207e+00	-1.319835e+00	2.523188e+01	-7.127594e-02	1.091079e-01	-7.123807e-02	2.100886e+00	4.611819e-01	4.063722e-02	1.087747e+00	1.043190e+01
49	-1.363825e+00	2.395207e+00	-1.363653e+00	2.348672e+01	-4.371066e-02	-2.000000e-01	-4.381819e-02	-1.745158e+00	4.614978e-01	4.208249e-02	1.079841e+00	1.039572e+01
50	-1.409850e+00	2.386808e+00	-1.409669e+00	2.269850e+01	-4.602494e-02	-8.398881e-03	-4.601632e-02	-7.882190e-01	4.620311e-01	4.217981e-02	1.094062e+00	1.039832e+01
51	-1.466931e+00	2.513448e+00	-1.466707e+00	2.319591e+01	-5.708124e-02	1.266395e-01	-5.703801e-02	4.974046e-01	4.629981e-01	4.003459e-02	1.114390e+00	1.035322e+01
52	-1.503796e+00	2.553686e+00	-1.503651e+00	2.315368e+01	-3.686497e-02	4.023781e-02	-3.694377e-02	-4.222388e-02	4.633737e-01	3.962454e-02	1.121694e+00	1.034525e+01
53	-1.521747e+00	2.551492e+00	-1.521677e+00	2.339022e+01	-1.795136e-02	-2.193727e-03	-1.802555e-02	2.365342e-01	4.634558e-01	3.963456e-02	1.119312e+00	1.034496e+01
54	-1.545775e+00	2.425372e+00	-1.545681e+00	2.170938e+01	-2.402806e-02	-1.261194e-01	-2.400461e-02	-1.680832e+00	4.635449e-01	4.010217e-02	1.123266e+00	1.036571e+01
55	-1.568959e+00	2.534207e+00	-1.568868e+00	2.307394e+01	-2.318352e-02	1.088343e-01	-2.318672e-02	1.364558e+00	4.637288e-01	3.923878e-02	1.120393e+00	1.037919e+01
56	-1.573080e+00	2.358628e+00	-1.573064e+00	2.175608e+01	-4.121406e-03	-1.755790e-01	-4.195880e-03	-1.317859e+00	4.637199e-01	3.886057e-02	1.119412e+00	1.033738e+01
57	-1.570206e+00	2.307485e+00	-1.570217e+00	1.976395e+01	2.874142e-03	-5.114254e-02	2.846525e-03	-1.992134e+00	4.637247e-01	3.877563e-02	1.117412e+00	1.037296e+01
58	-1.569627e+00	2.507485e+00	-1.569629e+00	2.156771e+01	5.789443e-04	2.000000e-01	5.878020e-04	1.803758e+00	4.637227e-01	3.808308e-02	1.117339e+00	1.034767e+01
59	-1.572996e+00	2.411973e+00	-1.572983e+00	1.976749e+01	-3.369020e-03	-9.551209e-02	-3.353564e-03	-1.800216e+00	4.637197e-01	3.799970e-02	1.118626e+00	1.038417e+01
60	-1.576713e+00	2.578903e+00	-1.576699e+00	2.259105e+01	-3.717032e-03	1.669302e-01	-3.715612e-03	2.823556e+00	4.637342e-01	3.734787e-02	1.116721e+00	1.046974e+01
61	-1.578269e+00	2.378903e+00	-1.578263e+00	1.964536e+01	-1.555561e-03	-2.000000e-01	-1.563999e-03	-2.945688e+00	4.637294e-01	3.673066e-02	1.117336e+00	1.054891e+01
62	-1.581015e+00	2.504507e+00	-1.581005e+00	2.091922e+01	-2.746737e-03	1.256038e-01	-2.742117e-03	1.273864e+00	4.637373e-01	3.637064e-02	1.117399e+00	1.054607e+01
63	-1.585705e+00	2.304507e+00	-1.585687e+00	1.932340e+01	-4.689762e-03	-2.000000e-01	-4.682154e-03	-1.595824e+00	4.637269e-01	3.592668e-02	1.116266e+00	1.049776e+01
64	-1.591694e+00	2.210601e+00	-1.591670e+00	1.756067e+01	-5.988360e-03	-9.390640e-02	-5.983257e-03	-1.762727e+00	4.637264e-01	3.591925e-02	1.118447e+00	1.053197e+01
65	-1.593079e+00	2.364369e+00	-1.593073e+00	1.773973e+01	-1.385371e-03	1.537687e-01	-1.403331e-03	1.790555e-01	4.637305e-01	3.546561e-02	1.119383e+00	1.042810e+01
66	-1.595600e+00	2.468190e+00	-1.595590e+00	1.839521e+01	-2.521378e-03	1.038206e-01	-2.517011e-03	6.554846e-01	4.637365e-01	3.521890e-02	1.119888e+00	1.040729e+01
67	-1.600540e+00	2.348690e+00	-1.600521e+00	1.821660e+01	-4.939675e-03	-1.195003e-01	-4.930212e-03	-1.786122e-01	4.637328e-01	3.513046e-02	1.117394e+00	1.034695e+01
68	-1.604220e+00	2.148690e+00	-1.604206e+00	1.586192e+01	-3.680363e-03	-2.000000e-01	-3.685245e-03	-2.354680e+00	4.637242e-01	3.466035e-02	1.117876e+00	1.037314e+01
69	-1.606701e+00	2.220753e+00	-1.606692e+00	1.700551e+01	-2.481037e-03	7.206349e-02	-2.485741e-03	1.143594e+00	4.637287e-01	3.452949e-02	1.117407e+00	1.038675e+01
70	-1.609041e+00	2.020753e+00	-1.609031e+00	1.589780e+01	-2.339153e-03	-2.000000e-01	-2.339726e-03	-1.107712e+00	4.637225e-01	3.400318e-02	1.116348e+00	1.029620e+01
71	-1.612567e+00	1.823485e+00	-1.612553e+00	1.357601e+01	-3.526139e-03	-1.972679e-01	-3.521505e-03	-2.321793e+00	4.637146e-01	3.356003e-02	1.116819e+00	1.032256e+01
72	-1.613637e+00	1.939771e+00	-1.613633e+00	1.467853e+01	-1.070140e-03	1.162861e-01	-1.079715e-03	1.102526e+00	4.637169e-01	3.331390e-02	1.116868e+00	1.031725e+01
73	-1.614437e+00	1.791410e+00	-1.614434e+00	1.379899e+01	-8.004866e-04	-1.483611e-01	-8.015773e-04	-8.795472e-01	4.637152e-01	3.299939e-02	1.116623e+00	1.027180e+01
74	-1.616175e+00	1.637174e+00	-1.616169e+00	1.305207e+01	-1.738110e-03	-1.542360e-01	-1.734452e-03	-7.469128e-01	4.637118e-01	3.269811e-02	1.115938e+00	1.021104e+01
75	-1.618158e+00	1.469450e+00	-1.618150e+00	1.261279e+01	-1.982428e-03	-1.677247e-01	-1.981459e-03	-4.392871e-01	4.637077e-01	3.235070e-02	1.114754e+00	1.011082e+01
76	-1.618493e+00	1.269450e+00	-1.618491e+00	9.174241e+00	-3.348858e-04	-2.000000e-01	-3.413177e-04	-3.438546e+00	4.637067e-01	3.176541e-02	1.114975e+00	1.024271e+01
77	-1.618337e+00	1.469450e+00	-1.618338e+00	9.572850e+00	1.557314e-04	2.000000e-01	1.537898e-04	3.986088e-01	4.637063e-01	3.118130e-02	1.114855e+00	1.008902e+01
78	-1.618639e+00	1.657830e+00	-1.618638e+00	9.673278e+00	-3.024512e-04	1.883803e-01	-3.006690e-04	1.004287e-01	4.637071e-01	3.065076e-02	1.115109e+00	9.930781e+00
79	-1.618995e+00	1.791950e+00	-1.618994e+00	1.018491e+01	-3.556467e-04	1.341198e-01	-3.554319e-04	5.116290e-01	4.637078e-01	3.037917e-02	1.115246e+00	9.879014e+00
80	-1.619363e+00	1.706055e+00	-1.619362e+00	8.085038e+00	-3.683319e-04	-8.589443e-02	-3.682816e-04	-2.099869e+00	4.637074e-01	3.028113e-02	1.115464e+00	9.929863e+00
81	-1.619451e+00	1.836295e+00	-1.619451e+00	9.750978e+00	-8.751537e-05	1.302402e-01	-8.861212e-05	1.665939e+00	4.637076e-01	3.003625e-02	1.115449e+00	9.952730e+00
82	-1.619422e+00	1.636295e+00	-1.619422e+00	8.165591e+00	2.937069e-05	-2.000000e-01	2.890982e-05	-1.585387e+00	4.637077e-01	2.947533e-02	1.115454e+00	9.914998e+00
83	-1.619421e+00	1.443992e+00	-1.619421e+00	6.587701e+00	8.448498e-07	-1.923033e-01	9.544786e-07	-1.577890e+00	1.000000e+00	1.000000e-01	1.115455e+00	9.885510e+00
84	-1.619381e+00	1.336368e+00	-1.619381e+00	4.648704e+00	3.958116e-05	-1.076239e-01	3.943028e-05	-1.938997e+00	1.000000e+00	9.945299e-02	1.115438e+00	9.929989e+00
85	-1.619286e+00	1.463780e+00	-1.619287e+00	5.853319e+00	9.475251e-05	1.274120e-01	9.453641e-05	1.204615e+00	9.999996e-01	9.869226e-02	1.115436e+00	9.926346e+00
86	-1.619228e+00	1.288770e+00	-1.619228e+00	4.189526e+00	5.825915e-05	-1.750099e-01	5.840086e-05	-1.663793e+00	1.000000e+00	9.727808e-02	1.115438e+00	9.920340e+00
87	-1.619066e+00	1.216944e+00	-1.619067e+00	1.405750e+00	1.617086e-04	-7.182654e-02	1.613050e-04	-2.783776e+00	1.000001e+00	9.704032e-02	1.115279e+00	9.990830e+00
88	-1.619064e+00	1.416944e+00	-1.619064e+00	3.075247e+00	2.722663e-06	2.000000e-01	3.342126e-06	1.669497e+00	1.000000e+00	1.000000e-01	1.115278e+00	9.960219e+00
89	-1.619068e+00	1.316935e+00	-1.619068e+00	4.105704e+00	-4.274619e-06	-1.000092e-01	-4.244866e-06	1.030457e+00	1.000000e+00	1.000000e-01	1.115274e+00	9.864426e+00
90	-1.618830e+00	1.116935e+00	-1.618831e+00	3.513352e-01	2.378250e-04	-2.000000e-01	2.368794e-04	-3.754369e+00	1.000002e+00	9.813734e-02	1.115077e+00	1.003037e+01
91	-1.618846e+00	1.305080e+00	-1.618846e+00	2.312577e+00	-1.575346e-05	1.881454e-01	-1.476662e-05	1.961242e+00	1.000002e+00	9.651601e-02	1.115076e+00	1.003688e+01
92	-1.618799e+00	1.105080e+00	-1.618800e+00	3.893904e-01	4.651387e-05	-2.000000e-01	4.627450e-05	-1.923187e+00	1.000003e+00	9.471818e-02	1.115078e+00	1.002904e+01
93	-1.618822e+00	1.032300e+00	-1.618822e+00	0.000000e+00	-2.227374e-05	-7.278028e-02	-2.200598e-05	-3.893904e-01	1.000003e+00	9.448049e-02	1.115075e+00	1.001730e+01
94	-1.618705e+00	9.996177e-01	-1.618706e+00	0.000000e+00	1.166177e-04	-3.268212e-02	1.160762e-04	0.000000e+00	1.000003e+00	9.443259e-02	1.115093e+00	1.001222e+01
95	-1.618705e+00	9.669595e-01	-1.618705e+00	0.000000e+00	1.108462e-07	-3.265827e-02	5.638359e-07	0.000000e+00	1.000000e+00	1.000000e-01	1.115093e+00	1.000715e+01
96	-1.618734e+00	9.343248e-01	-1.618734e+00	0.000000e+00	-2.895849e-05	-3.263466e-02	-2.884316e-05	0.000000e+00	1.000000e+00	9.994944e-02	1.115088e+00	1.000209e+01
97	-1.618735e+00	9.017135e-01	-1.618735e+00	0.000000e+00	-1.539432e-06	-3.261129e-02	-1.646088e-06	0.000000e+00	1.000000e+00	1.000000e-01	1.115088e+00	9.997044e+00
98	-1.618704e+00	8.691254e-01	-1.618704e+00	0.000000e+00	3.168872e-05	-3.258813e-02	3.155851e-05	0.000000e+00	1.000000e+00	9.994958e-02	1.115093e+00	9.992004e+00
99	-1.618734e+00	8.365602e-01	-1.618734e+00	1.239176e+00	-3.000044e-05	-3.256515e-02	-2.975997e-05	1.239176e+00	1.000000e+00	9.989926e-02	1.115071e+00	9.967815e+00
100	-1.618795e+00	6.365602e-01	-1.618794e+00	0.000000e+00	-6.072234e-05	-2.000000e-01	-6.060140e-05	-1.239176e+00	9.999994e-01	9.803838e-02	1.115049e+00	9.897547e+00
101	-1.618729e+00	5.569148e-01	-1.618729e+00	0.000000e+00	6.563287e-05	-7.964540e-02	6.513977e-05	0.000000e+00	9.999997e-01	9.774393e-02	1.115074e+00	9.867822e+00
102	-1.618717e+00	4.772921e-01	-1.618717e+00	0.000000e+00	1.149402e-05	-7.962268e-02	1.170357e-05	0.000000e+00	9.999997e-01	9.745051e-02	1.115078e+00	9.838200e+00
103	-1.618734e+00	3.976922e-01	-1.618734e+00	0.000000e+00	-1.685843e-05	-7.959999e-02	-1.674686e-05	0.000000e+00	9.999997e-01	9.715814e-02	1.115072e+00	9.808684e+00
104	-1.618744e+00	3.181149e-01	-1.618744e+00	0.000000e+00	-9.375932e-06	-7.957726e-02	-9.404725e-06	0.000000e+00	1.000000e+00	1.000000e-01	1.115068e+00	9.779272e+00
105	-1.618741e+00	2.385604e-01	-1.618741e+00	0.000000e+00	2.851173e-06	-7.955448e-02	2.803298e-06	0.000000e+00	1.000000e+00	1.000000e-01	1.115069e+00	9.749966e+00
106	-1.618738e+00	1.590288e-01	-1.618738e+00	0.000000e+00	2.481936e-06	-7.953159e-02	2.483191e-06	0.000000e+00	1.000000e+00	1.000000e-01	1.115070e+00	9.720765e+00
107	-1.618739e+00	7.952027e-02	-1.618739e+00	0.000000e+00	-3.512299e-07	-7.950856e-02	-3.401580e-07	0.000000e+00	1.000000e+00	1.000000e-01	1.115070e+00	9.691668e+00
108	-1.618739e+00	3.491734e-05	-1.618739e+00	0.000000e+00	-6.413261e-07	-7.948535e-02	-6.401497e-07	0.000000e+00	1.000000e+00	1.000000e-01	1.115070e+00	9.662674e+00
109	-1.618739e+00	0.000000e+00	-1.618739e+00	0.000000e+00	1.045762e-07	-3.491734e-05	1.016671e-07	0.000000e+00	1.000000e+00	1.000000e-01	1.115070e+00	9.662674e+00
110	-1.618729e+00	0.000000e+00	-1.618729e+00	6.564510e-02	9.800945e-06	0.000000e+00	9.763057e-06	6.564510e-02	1.000000e+00	1.000000e-01	1.115070e+00	9.662674e+00
111	-1.618769e+00	0.000000e+00	-1.618769e+00	0.000000e+00	-3.950040e-05	0.000000e+00	-3.930797e-05	-6.564510e-02	1.000000e+00	1.000000e-01	1.000000e+00	1.100000e+01
112	-1.618743e+00	0.000000e+00	-1.618743e+00	0.000000e+00	2.563562e-05	0.000000e+00	2.538194e-05	0.000000e+00	1.000000e+00	1.000000e-01	1.000000e+00	1.100000e+01
113	-1.618730e+00	0.000000e+00	-1.618730e+00	0.000000e+00	1.303292e-05	0.000000e+00	1.308116e-05	0.000000e+00	1.000000e+00	1.000000e-01	1.000000e+00	1.100000e+01
114	-1.618744e+00	0.000000e+00	-1.618744e+00	0.000000e+00	-1.424601e-05	0.000000e+00	-1.413926e-05	0.000000e+00	1.000000e+00	1.000000e-01	1.000000e+00	1.100000e+01
115	-1.618738e+00	0.000000e+00	-1.618738e+00	0.000000e+00	6.897338e-06	0.000000e+00	6.815164e-06	0.000000e+00	1.000000e+00	1.000000e-01	1.000000e+00	1.100000e+01
116	-1.618744e+00	0.000000e+00	-1.618744e+00	0.000000e+00	-6.072810e-06	0.000000e+00	-6.022467e-06	0.000000e+00	1.000000e+00	1.000000e-01	1.000000e+00	1.100000e+01
117	-1.618746e+00	0.000000e+00	-1.618746e+00	6.616403e-02	-2.335809e-06	0.000000e+00	-2.350210e-06	6.616403e-02	1.000000e+00	1.000000e-01	9.999999e-01	1.100000e+01
118	-1.618810e+00	0.000000e+00	-1.618810e+00	0.000000e+00	-6.422508e-05	0.000000e+00	-6.398338e-05	-6.616403e-02	1.000000e+00	1.000000e-01	1.000000e+00	1.100000e+01
119	-1.618741e+00	0.000000e+00	-1.618741e+00	0.000000e+00	6.910994e-05	0.000000e+00	6.859004e-05	0.000000e+00	1.000000e+00	1.000000e-01	1.000000e+00	1.100000e+01
120	-1.618737e+00	0.000000e+00	-1.618737e+00	0.000000e+00	3.943847e-06	0.000000e+00	4.196371e-06	0.000000e+00	1.000000e+00	1.000000e-01	1.000000e+00	1.100000e+01
121	-1.618754e+00	0.000000e+00	-1.618754e+00	0.000000e+00	-1.699757e-05	0.000000e+00	-1.691478e-05	0.000000e+00	1.000000e+00	1.000000e-01	1.000000e+00	1.100000e+01
