#sequence delta(k-1),f(k-1),theta(k),v(k),delta_diff(k-1),f_diff(k-1),theta_diff(k),v_diff(k),phi(1,1;k),phi(1,2;k),phi(2,1;k),phi(2,2;k)
1	-6.788579e-01	0.000000e+00	-6.788808e-01	0.000000e+00	-6.788579e-01	0.000000e+00	5.842435e-03	-1.007426e-03	8.205604e-01	1.000000e-01	1.000000e+00	1.200000e+01
2	8.083561e-01	2.000000e-01	8.025466e-01	2.134270e+00	1.487214e+00	2.000000e-01	1.481427e+00	2.134270e+00	9.006696e-01	1.107730e-01	4.175057e-01	1.192167e+01
3	-3.148546e-01	3.688253e-01	-3.104897e-01	4.428333e+00	-1.123211e+00	1.688253e-01	-1.113036e+00	2.294063e+00	9.396192e-01	1.049187e-01	1.741575e-01	1.195824e+01
4	-6.771487e-01	4.245493e-01	-6.757164e-01	6.046494e+00	-3.622941e-01	5.572395e-02	-3.652267e-01	1.618161e+00	9.445625e-01	1.041584e-01	1.049896e-02	1.198342e+01
5	-5.495976e-01	4.052238e-01	-5.500903e-01	5.312353e+00	1.275511e-01	-1.932550e-02	1.256261e-01	-7.341415e-01	9.449926e-01	1.040932e-01	-1.977847e-02	1.198800e+01
6	-4.626825e-01	6.003875e-01	-4.630239e-01	8.207792e+00	8.691516e-02	1.951638e-01	8.706638e-02	2.895440e+00	9.443717e-01	1.026990e-01	2.725623e-03	1.203853e+01
7	-6.235584e-01	6.385325e-01	-6.229313e-01	8.114769e+00	-1.608759e-01	3.814497e-02	-1.599074e-01	-9.302362e-02	9.452687e-01	1.024863e-01	4.432304e-02	1.202867e+01
8	-7.449191e-01	8.094088e-01	-7.444425e-01	1.060508e+01	-1.213607e-01	1.708763e-01	-1.215112e-01	2.490310e+00	9.466397e-01	1.005559e-01	1.948833e-02	1.206364e+01
9	-7.083840e-01	8.343200e-01	-7.085249e-01	1.072698e+01	3.653504e-02	2.491115e-02	3.591767e-02	1.218972e-01	9.466193e-01	1.005421e-01	1.637918e-02	1.206152e+01
10	-6.538741e-01	9.454283e-01	-6.540875e-01	1.161727e+01	5.450995e-02	1.111084e-01	5.443733e-02	8.902930e-01	9.464052e-01	1.001056e-01	4.797325e-03	1.203791e+01
11	-6.781348e-01	1.092050e+00	-6.780408e-01	1.305742e+01	-2.426069e-02	1.466212e-01	-2.395328e-02	1.440149e+00	9.465838e-01	9.902611e-02	8.498783e-03	1.201554e+01
12	-7.250583e-01	1.200004e+00	-7.248747e-01	1.429343e+01	-4.692357e-02	1.079541e-01	-4.683385e-02	1.236016e+00	9.468739e-01	9.835863e-02	9.842657e-03	1.201245e+01
13	-7.290119e-01	1.264099e+00	-7.289957e-01	1.501370e+01	-3.953556e-03	6.409525e-02	-4.121057e-03	7.202701e-01	9.468865e-01	9.815562e-02	9.935671e-03	1.201094e+01
14	-7.184052e-01	1.337485e+00	-7.184466e-01	1.489067e+01	1.060664e-02	7.338654e-02	1.054911e-02	-1.230325e-01	9.468528e-01	9.792279e-02	4.888322e-03	1.197602e+01
15	-7.341250e-01	1.537485e+00	-7.340638e-01	1.658162e+01	-1.571975e-02	2.000000e-01	-1.561714e-02	1.690950e+00	9.470015e-01	9.603072e-02	1.004260e-02	1.191044e+01
16	-7.600771e-01	1.669472e+00	-7.599755e-01	1.836429e+01	-2.595211e-02	1.319869e-01	-2.591174e-02	1.782672e+00	9.471727e-01	9.516026e-02	7.465969e-03	1.192355e+01
17	-7.706254e-01	1.650737e+00	-7.705838e-01	1.694737e+01	-1.054826e-02	-1.873574e-02	-1.060828e-02	-1.416922e+00	9.471668e-01	9.514989e-02	1.344426e-02	1.193416e+01
18	-7.756636e-01	1.850737e+00	-7.756438e-01	1.776167e+01	-5.038257e-03	2.000000e-01	-5.060015e-03	8.142990e-01	9.472122e-01	9.335069e-02	1.713361e-02	1.178771e+01
19	-7.960935e-01	2.050737e+00	-7.960136e-01	2.048930e+01	-2.042982e-02	2.000000e-01	-2.036978e-02	2.727631e+00	9.473994e-01	9.151733e-02	1.361001e-02	1.182221e+01
20	-8.169200e-01	1.993834e+00	-8.168383e-01	1.971229e+01	-2.082655e-02	-5.690252e-02	-2.082477e-02	-7.770159e-01	9.473588e-01	9.140634e-02	1.463715e-02	1.182501e+01
21	-8.302798e-01	2.148601e+00	-8.302273e-01	2.327534e+01	-1.335976e-02	1.547665e-01	-1.338892e-02	3.563051e+00	9.474521e-01	9.032556e-02	3.770014e-03	1.195090e+01
22	-8.444615e-01	1.948601e+00	-8.444059e-01	2.041505e+01	-1.418175e-02	-2.000000e-01	-1.417866e-02	-2.860289e+00	9.473377e-01	8.871231e-02	6.874064e-03	1.199468e+01
23	-8.719855e-01	2.148601e+00	-8.718778e-01	2.388035e+01	-2.752400e-02	2.000000e-01	-2.747187e-02	3.465298e+00	9.475830e-01	8.693034e-02	-6.791435e-03	1.209398e+01
24	-8.790867e-01	1.948601e+00	-8.790585e-01	2.103715e+01	-7.101128e-03	-2.000000e-01	-7.180701e-03	-2.843193e+00	9.475270e-01	8.535316e-02	-5.387870e-03	1.213351e+01
25	-8.846640e-01	2.148601e+00	-8.846421e-01	2.275413e+01	-5.577317e-03	2.000000e-01	-5.583580e-03	1.716979e+00	9.475721e-01	8.373544e-02	-3.544473e-03	1.206740e+01
26	-8.943879e-01	2.293076e+00	-8.943499e-01	2.393639e+01	-9.723971e-03	1.444756e-01	-9.707797e-03	1.182252e+00	9.476296e-01	8.288031e-02	-9.791174e-04	1.202929e+01
27	-9.060970e-01	2.378069e+00	-9.060511e-01	2.397387e+01	-1.170909e-02	8.499323e-02	-1.170128e-02	3.748242e-02	9.476720e-01	8.257261e-02	4.478838e-03	1.198967e+01
28	-9.063176e-01	2.551552e+00	-9.063166e-01	2.612476e+01	-2.206133e-04	1.734824e-01	-2.654597e-04	2.150896e+00	9.476735e-01	8.140510e-02	4.471518e-03	1.199543e+01
29	-8.993491e-01	2.460128e+00	-8.993763e-01	2.499948e+01	6.968551e-03	-9.142419e-02	6.940293e-03	-1.125288e+00	9.476991e-01	8.106871e-02	4.377093e-03	1.199667e+01
30	-8.931578e-01	2.558314e+00	-8.931821e-01	2.639002e+01	6.191273e-03	9.818677e-02	6.194199e-03	1.390546e+00	9.476768e-01	8.071442e-02	4.999323e-03	1.200653e+01
31	-8.810253e-01	2.508413e+00	-8.810728e-01	2.572966e+01	1.213253e-02	-4.990114e-02	1.210934e-02	-6.603660e-01	9.477035e-01	8.060460e-02	4.646594e-03	1.200798e+01
32	-8.570509e-01	2.600382e+00	-8.571447e-01	2.504419e+01	2.397439e-02	9.196845e-02	2.392804e-02	-6.854657e-01	9.476331e-01	8.033473e-02	-1.564522e-02	1.193014e+01
33	-8.256126e-01	2.800382e+00	-8.257357e-01	2.674598e+01	3.143833e-02	2.000000e-01	3.140899e-02	1.701786e+00	9.474217e-01	7.898955e-02	-2.565076e-02	1.186649e+01
34	-8.300918e-01	2.867213e+00	-8.300747e-01	2.765785e+01	-4.479192e-03	6.683133e-02	-4.339004e-03	9.118766e-01	9.474331e-01	7.881933e-02	-2.590276e-02	1.187025e+01
35	-8.386482e-01	2.827018e+00	-8.386147e-01	2.604425e+01	-8.556447e-03	-4.019463e-02	-8.539973e-03	-1.613608e+00	9.474220e-01	7.876716e-02	-2.128671e-02	1.189194e+01
36	-8.358754e-01	3.027018e+00	-8.358861e-01	2.956877e+01	2.772792e-03	2.000000e-01	2.728601e-03	3.524526e+00	9.474018e-01	7.730939e-02	-1.980669e-02	1.199869e+01
37	-8.783953e-01	2.827018e+00	-8.782292e-01	2.681959e+01	-4.251987e-02	-2.000000e-01	-4.234311e-02	-2.749181e+00	9.471366e-01	7.606226e-02	-1.287686e-02	1.203128e+01
38	-1.031072e+00	3.027018e+00	-1.030475e+00	2.933560e+01	-1.526767e-01	2.000000e-01	-1.522457e-01	2.516006e+00	9.487431e-01	7.395789e-02	-2.045358e-02	1.204121e+01
39	-1.288226e+00	2.871041e+00	-1.287219e+00	2.928699e+01	-2.571542e-01	-1.559769e-01	-2.567444e-01	-4.860699e-02	9.488875e-01	7.404546e-02	-2.336443e-01	1.191190e+01
40	-1.793769e+00	2.671041e+00	-1.791790e+00	2.650988e+01	-5.055427e-01	-2.000000e-01	-5.045708e-01	-2.777110e+00	9.509919e-01	7.487799e-02	-1.263496e-01	1.195435e+01
41	-2.189054e+00	2.871041e+00	-2.187502e+00	2.990671e+01	-3.952851e-01	2.000000e-01	-3.957120e-01	3.396830e+00	9.569377e-01	7.186959e-02	-2.898118e-01	1.203705e+01
42	-1.904603e+00	2.671041e+00	-1.905708e+00	2.646580e+01	2.844511e-01	-2.000000e-01	2.817942e-01	-3.440912e+00	9.599913e-01	6.972261e-02	-4.109883e-01	1.212225e+01
43	-1.696480e+00	2.871041e+00	-1.697298e+00	2.928574e+01	2.081225e-01	2.000000e-01	2.084103e-01	2.819943e+00	9.594854e-01	6.923650e-02	-3.653364e-01	1.216612e+01
44	-1.775898e+00	2.733064e+00	-1.775591e+00	2.774523e+01	-7.941742e-02	-1.379774e-01	-7.829309e-02	-1.540512e+00	9.592076e-01	6.875371e-02	-3.694014e-01	1.215906e+01
45	-1.725010e+00	2.855608e+00	-1.725207e+00	2.903651e+01	5.088820e-02	1.225444e-01	5.038359e-02	1.291285e+00	9.590433e-01	6.835822e-02	-3.737130e-01	1.214868e+01
46	-1.434842e+00	2.828285e+00	-1.435977e+00	2.850330e+01	2.901672e-01	-2.732339e-02	2.892306e-01	-5.332147e-01	9.607377e-01	6.819867e-02	-3.859867e-01	1.214983e+01
47	-1.152871e+00	2.889581e+00	-1.153977e+00	2.999693e+01	2.819714e-01	6.129606e-02	2.819998e-01	1.493634e+00	9.616274e-01	6.839207e-02	-2.756965e-01	1.217381e+01
48	-9.716644e-01	2.694375e+00	-9.723766e-01	2.852343e+01	1.812064e-01	-1.952065e-01	1.816002e-01	-1.473499e+00	9.633478e-01	6.653866e-02	-1.964899e-01	1.208848e+01
49	-9.123118e-01	2.678124e+00	-9.125465e-01	2.850738e+01	5.935261e-02	-1.625032e-02	5.983014e-02	-1.605288e-02	9.634529e-01	6.650989e-02	-1.910857e-01	1.208700e+01
50	-8.656207e-01	2.683232e+00	-8.658041e-01	2.710538e+01	4.669108e-02	5.108198e-03	4.674240e-02	-1.401997e+00	9.634843e-01	6.651333e-02	-2.233155e-01	1.208348e+01
51	-7.993158e-01	2.883232e+00	-7.995755e-01	2.859351e+01	6.630493e-02	2.000000e-01	6.622852e-02	1.488123e+00	9.631467e-01	6.549493e-02	-2.514695e-01	1.199855e+01
52	-7.898675e-01	2.923187e+00	-7.899054e-01	2.819512e+01	9.448350e-03	3.995442e-02	9.670147e-03	-3.983880e-01	9.631375e-01	6.545612e-02	-2.553949e-01	1.198195e+01
53	-8.033702e-01	3.025095e+00	-8.033176e-01	2.974052e+01	-1.350271e-02	1.019076e-01	-1.341219e-02	1.545398e+00	9.631827e-01	6.511531e-02	-2.574423e-01	1.199741e+01
54	-7.874977e-01	2.838977e+00	-7.875595e-01	2.919177e+01	1.587251e-02	-1.861173e-01	1.575812e-02	-5.487513e-01	9.632760e-01	6.402145e-02	-2.449320e-01	1.185071e+01
55	-8.011762e-01	2.638977e+00	-8.011230e-01	2.718810e+01	-1.367855e-02	-2.000000e-01	-1.356356e-02	-2.003667e+00	9.631969e-01	6.286508e-02	-2.472449e-01	1.181690e+01
56	-8.489962e-01	2.716147e+00	-8.488092e-01	2.929241e+01	-4.782002e-02	7.716988e-02	-4.768620e-02	2.104307e+00	9.633434e-01	6.262862e-02	-2.739510e-01	1.185999e+01
57	-8.927306e-01	2.516147e+00	-8.925590e-01	2.762488e+01	-4.373433e-02	-2.000000e-01	-4.374977e-02	-1.667523e+00	9.631215e-01	6.161371e-02	-2.880415e-01	1.179556e+01
58	-9.547127e-01	2.485602e+00	-9.544699e-01	2.725679e+01	-6.198209e-02	-3.054530e-02	-6.191087e-02	-3.680977e-01	9.631313e-01	6.161852e-02	-2.872880e-01	1.179593e+01
59	-1.068625e+00	2.501058e+00	-1.068180e+00	2.660230e+01	-1.139128e-01	1.545645e-02	-1.137096e-01	-6.544872e-01	9.633973e-01	6.158243e-02	-2.405475e-01	1.178959e+01
60	-1.240383e+00	2.628100e+00	-1.239711e+00	2.827137e+01	-1.717578e-01	1.270416e-01	-1.715310e-01	1.669070e+00	9.645047e-01	6.076332e-02	-2.509158e-01	1.179725e+01
61	-1.310590e+00	2.460896e+00	-1.310313e+00	2.491208e+01	-7.020675e-02	-1.672038e-01	-7.060255e-02	-3.359286e+00	9.642661e-01	6.019510e-02	-2.048406e-01	1.190699e+01
62	-1.170165e+00	2.660896e+00	-1.170712e+00	2.589873e+01	1.404254e-01	2.000000e-01	1.396010e-01	9.866496e-01	9.637580e-01	5.947140e-02	-2.933128e-01	1.178098e+01
63	-1.011941e+00	2.793492e+00	-1.012561e+00	2.611488e+01	1.582233e-01	1.325957e-01	1.581506e-01	2.161478e-01	9.635943e-01	5.933424e-02	-3.889441e-01	1.170084e+01
64	-8.464884e-01	2.895573e+00	-8.471371e-01	2.623121e+01	1.654528e-01	1.020811e-01	1.654243e-01	1.163311e-01	9.635895e-01	5.933129e-02	-4.671373e-01	1.165260e+01
65	-6.195143e-01	2.941194e+00	-6.204034e-01	2.745941e+01	2.269741e-01	4.562084e-02	2.267337e-01	1.228196e+00	9.641478e-01	5.944350e-02	-3.828628e-01	1.166953e+01
66	-3.968183e-01	2.741194e+00	-3.976917e-01	2.453406e+01	2.226960e-01	-2.000000e-01	2.227118e-01	-2.925347e+00	9.661614e-01	5.763510e-02	-4.341109e-01	1.171556e+01
67	-1.874838e-01	2.897643e+00	-1.883049e-01	2.668327e+01	2.093345e-01	1.564489e-01	2.093867e-01	2.149215e+00	9.659806e-01	5.749992e-02	-3.949581e-01	1.174482e+01
68	-1.464665e-02	2.697643e+00	-1.532501e-02	2.447038e+01	1.728371e-01	-2.000000e-01	1.729799e-01	-2.212893e+00	9.673706e-01	5.589147e-02	-3.787490e-01	1.172606e+01
69	5.560069e-02	2.725269e+00	5.532363e-02	2.427376e+01	7.024734e-02	2.762666e-02	7.064864e-02	-1.966195e-01	9.674088e-01	5.590651e-02	-3.951846e-01	1.171960e+01
70	6.104387e-02	2.750732e+00	6.102152e-02	2.350607e+01	5.443181e-03	2.546314e-02	5.697890e-03	-7.676916e-01	9.674063e-01	5.589452e-02	-3.979345e-01	1.170674e+01
71	9.883354e-02	2.870002e+00	9.868584e-02	2.470630e+01	3.778967e-02	1.192693e-01	3.766431e-02	1.200226e+00	9.673072e-01	5.558197e-02	-4.011581e-01	1.169656e+01
72	9.906038e-02	2.730428e+00	9.905892e-02	2.362183e+01	2.268388e-04	-1.395739e-01	3.730789e-04	-1.084468e+00	9.673081e-01	5.506252e-02	-4.010996e-01	1.166057e+01
73	1.936270e-02	2.640299e+00	1.967402e-02	2.217256e+01	-7.969768e-02	-9.012928e-02	-7.938490e-02	-1.449267e+00	9.672077e-01	5.494903e-02	-3.849280e-01	1.167886e+01
74	-7.973016e-02	2.732709e+00	-7.934187e-02	2.188022e+01	-9.909287e-02	9.241009e-02	-9.901588e-02	-2.923412e-01	9.675925e-01	5.459018e-02	-3.191768e-01	1.161754e+01
75	-1.401011e-01	2.871023e+00	-1.398638e-01	2.180224e+01	-6.037096e-02	1.383147e-01	-6.052192e-02	-7.797825e-02	9.678664e-01	5.396279e-02	-2.708592e-01	1.150684e+01
76	-1.258504e-01	3.000823e+00	-1.259051e-01	2.410597e+01	1.425076e-02	1.298000e-01	1.395868e-02	2.303727e+00	9.678205e-01	5.354473e-02	-2.653958e-01	1.155661e+01
77	-1.303349e-01	2.800823e+00	-1.303176e-01	2.217618e+01	-4.484497e-03	-2.000000e-01	-4.412454e-03	-1.929792e+00	9.677982e-01	5.255407e-02	-2.661901e-01	1.152118e+01
78	-1.328596e-01	2.685859e+00	-1.328497e-01	2.036768e+01	-2.524752e-03	-1.149639e-01	-2.532126e-03	-1.808499e+00	9.677912e-01	5.223111e-02	-2.656126e-01	1.154747e+01
79	-7.992404e-02	2.768435e+00	-8.013078e-02	2.169507e+01	5.293557e-02	8.257552e-02	5.271890e-02	1.327388e+00	9.677205e-01	5.212085e-02	-2.559056e-01	1.156262e+01
80	8.753420e-03	2.568435e+00	8.406216e-03	1.663226e+01	8.867746e-02	-2.000000e-01	8.853700e-02	-5.062810e+00	9.682613e-01	5.090115e-02	-3.681114e-01	1.181568e+01
81	7.086262e-02	2.768435e+00	7.061865e-02	2.018907e+01	6.210920e-02	2.000000e-01	6.221244e-02	3.556819e+00	9.680273e-01	5.014763e-02	-3.329912e-01	1.192877e+01
82	1.662059e-01	2.568435e+00	1.658326e-01	1.639662e+01	9.534332e-02	-2.000000e-01	9.521391e-02	-3.792459e+00	9.685996e-01	4.894700e-02	-3.937685e-01	1.205627e+01
83	2.538886e-01	2.768435e+00	2.535446e-01	1.895251e+01	8.768261e-02	2.000000e-01	8.771203e-02	2.555891e+00	9.683146e-01	4.829686e-02	-3.864802e-01	1.207289e+01
84	2.334695e-01	2.578541e+00	2.335479e-01	1.522614e+01	-2.041904e-02	-1.898944e-01	-1.999665e-02	-3.726365e+00	9.682294e-01	4.750432e-02	-3.727477e-01	1.220060e+01
85	2.069799e-01	2.778541e+00	2.070837e-01	1.833187e+01	-2.648957e-02	2.000000e-01	-2.646421e-02	3.105723e+00	9.683566e-01	4.654375e-02	-3.808339e-01	1.226165e+01
86	2.000271e-01	2.578541e+00	2.000547e-01	1.609684e+01	-6.952796e-03	-2.000000e-01	-7.029013e-03	-2.235021e+00	9.683274e-01	4.570437e-02	-3.815289e-01	1.224166e+01
87	1.809569e-01	2.685019e+00	1.810315e-01	1.777451e+01	-1.907025e-02	1.064788e-01	-1.902322e-02	1.677665e+00	9.683763e-01	4.543165e-02	-3.848332e-01	1.226011e+01
88	1.526834e-01	2.485019e+00	1.527942e-01	1.570358e+01	-2.827346e-02	-2.000000e-01	-2.823732e-02	-2.070929e+00	9.682680e-01	4.466559e-02	-3.897057e-01	1.222564e+01
89	1.326748e-01	2.516534e+00	1.327534e-01	1.612391e+01	-2.000866e-02	3.151439e-02	-2.004080e-02	4.203323e-01	9.682877e-01	4.463455e-02	-3.899645e-01	1.222605e+01
90	1.248413e-01	2.390656e+00	1.248722e-01	1.387973e+01	-7.833513e-03	-1.258777e-01	-7.881198e-03	-2.244181e+00	9.682680e-01	4.431883e-02	-3.873500e-01	1.226806e+01
91	1.037081e-01	2.590656e+00	1.037908e-01	1.639973e+01	-2.113317e-02	2.000000e-01	-2.108140e-02	2.519998e+00	9.683613e-01	4.343584e-02	-3.879226e-01	1.227348e+01
92	7.997428e-02	2.390656e+00	8.006732e-02	1.341133e+01	-2.373382e-02	-2.000000e-01	-2.372345e-02	-2.988398e+00	9.682735e-01	4.269592e-02	-3.819238e-01	1.232403e+01
93	6.892013e-02	2.564668e+00	6.896367e-02	1.543198e+01	-1.105416e-02	1.740115e-01	-1.110365e-02	2.020648e+00	9.683140e-01	4.205843e-02	-3.812613e-01	1.231360e+01
94	5.339865e-02	2.364668e+00	5.345945e-02	1.257432e+01	-1.552148e-02	-2.000000e-01	-1.550422e-02	-2.857661e+00	9.682567e-01	4.131928e-02	-3.783641e-01	1.235093e+01
95	3.147582e-02	2.507633e+00	3.156169e-02	1.301724e+01	-2.192283e-02	1.429659e-01	-2.189776e-02	4.429262e-01	9.683244e-01	4.087719e-02	-3.646461e-01	1.226147e+01
96	2.220540e-02	2.495431e+00	2.224195e-02	1.392198e+01	-9.270420e-03	-1.220257e-02	-9.319746e-03	9.047381e-01	9.683238e-01	4.087629e-02	-3.692735e-01	1.225538e+01
97	1.006791e-02	2.295431e+00	1.011547e-02	1.183194e+01	-1.213749e-02	-2.000000e-01	-1.212648e-02	-2.090047e+00	9.682797e-01	4.014970e-02	-3.712887e-01	1.222218e+01
98	-8.753264e-03	2.268701e+00	-8.679558e-03	1.175462e+01	-1.882118e-02	-2.673006e-02	-1.879503e-02	-7.731413e-02	9.682752e-01	4.014333e-02	-3.734546e-01	1.221910e+01
99	-2.315884e-02	2.124669e+00	-2.310228e-02	1.024342e+01	-1.440558e-02	-1.440316e-01	-1.442272e-02	-1.511204e+00	9.682392e-01	3.978396e-02	-3.751025e-01	1.220263e+01
100	-2.854909e-02	2.140472e+00	-2.852781e-02	1.068235e+01	-5.390250e-03	1.580277e-02	-5.425534e-03	4.389351e-01	9.682414e-01	3.977770e-02	-3.757273e-01	1.220446e+01
101	-3.802260e-02	1.983311e+00	-3.798551e-02	8.284620e+00	-9.473511e-03	-1.571613e-01	-9.457699e-03	-2.397733e+00	9.682149e-01	3.933774e-02	-3.735795e-01	1.224009e+01
102	-4.774665e-02	2.183311e+00	-4.770852e-02	1.100824e+01	-9.724054e-03	2.000000e-01	-9.723013e-03	2.723623e+00	9.682519e-01	3.857633e-02	-3.748110e-01	1.226542e+01
103	-5.637863e-02	1.983311e+00	-5.634476e-02	1.049369e+01	-8.631977e-03	-2.000000e-01	-8.636239e-03	-5.145481e-01	9.682220e-01	3.788370e-02	-3.825902e-01	1.208518e+01
104	-6.739751e-02	1.783311e+00	-6.735433e-02	9.329238e+00	-1.101887e-02	-2.000000e-01	-1.100957e-02	-1.164456e+00	9.681849e-01	3.720980e-02	-3.889956e-01	1.196891e+01
105	-7.467903e-02	1.583311e+00	-7.465042e-02	5.991329e+00	-7.281523e-03	-2.000000e-01	-7.296086e-03	-3.337909e+00	9.681605e-01	3.653963e-02	-3.857846e-01	1.205711e+01
106	-7.844917e-02	1.783311e+00	-7.843433e-02	7.473537e+00	-3.770145e-03	2.000000e-01	-3.783918e-03	1.482208e+00	9.681735e-01	3.584653e-02	-3.841507e-01	1.197043e+01
107	-8.035770e-02	1.719565e+00	-8.035018e-02	6.526004e+00	-1.908524e-03	-6.374588e-02	-1.915850e-03	-9.475332e-01	9.681715e-01	3.577954e-02	-3.839831e-01	1.197603e+01
108	-8.399128e-02	1.721685e+00	-8.397706e-02	6.470971e+00	-3.633585e-03	2.120063e-03	-3.626875e-03	-5.503271e-02	9.681718e-01	3.577935e-02	-3.838419e-01	1.197594e+01
109	-8.800833e-02	1.646901e+00	-8.799258e-02	7.038957e+00	-4.017044e-03	-7.478429e-02	-4.015520e-03	5.679857e-01	9.681670e-01	3.568905e-02	-3.866239e-01	1.192415e+01
110	-9.252751e-02	1.446901e+00	-9.250979e-02	5.754580e+00	-4.519183e-03	-2.000000e-01	-4.517215e-03	-1.284376e+00	9.681523e-01	3.503747e-02	-3.889361e-01	1.182182e+01
111	-9.669834e-02	1.290732e+00	-9.668198e-02	4.905311e+00	-4.170835e-03	-1.561682e-01	-4.172188e-03	-8.492691e-01	9.681418e-01	3.464631e-02	-3.908842e-01	1.174888e+01
112	-9.948727e-02	1.165332e+00	-9.947631e-02	4.532317e+00	-2.788925e-03	-1.254002e-01	-2.794328e-03	-3.729945e-01	9.681362e-01	3.439511e-02	-3.923290e-01	1.168392e+01
113	-1.012175e-01	1.010853e+00	-1.012107e-01	3.054337e+00	-1.730213e-03	-1.544789e-01	-1.734369e-03	-1.477979e+00	9.681320e-01	3.401413e-02	-3.925940e-01	1.166026e+01
114	-1.024563e-01	1.041397e+00	-1.024514e-01	3.735966e+00	-1.238805e-03	3.054392e-02	-1.240741e-03	6.816291e-01	9.681326e-01	3.399846e-02	-3.927851e-01	1.166497e+01
115	-1.027759e-01	9.220818e-01	-1.027747e-01	2.881432e+00	-3.196447e-04	-1.193154e-01	-3.232428e-04	-8.545341e-01	9.681320e-01	3.377096e-02	-3.928661e-01	1.163475e+01
116	-1.040657e-01	8.570647e-01	-1.040606e-01	1.541264e+00	-1.289735e-03	-6.501706e-02	-1.285960e-03	-1.340169e+00	9.681307e-01	3.370444e-02	-3.925089e-01	1.165275e+01
117	-1.043924e-01	9.777861e-01	-1.043911e-01	1.365793e+00	-3.267492e-04	1.207213e-01	-3.304962e-04	-1.754702e-01	9.681313e-01	3.347200e-02	-3.922651e-01	1.156267e+01
118	-1.040768e-01	1.139574e+00	-1.040781e-01	2.383415e+00	3.155678e-04	1.617884e-01	3.130441e-04	1.017621e+00	9.681305e-01	3.306178e-02	-3.923913e-01	1.149797e+01
119	-1.042951e-01	1.096862e+00	-1.042942e-01	2.818704e+00	-2.182318e-04	-4.271275e-02	-2.161565e-04	4.352892e-01	9.681303e-01	3.303326e-02	-3.924873e-01	1.147919e+01
120	-1.053283e-01	8.968617e-01	-1.053242e-01	3.570679e-01	-1.033194e-03	-2.000000e-01	-1.030002e-03	-2.461636e+00	9.681272e-01	3.242070e-02	-3.924073e-01	1.149467e+01
121	-1.055322e-01	9.572647e-01	-1.055314e-01	1.426277e+00	-2.038968e-04	6.040297e-02	-2.071238e-04	1.069209e+00	9.681274e-01	3.236434e-02	-3.924435e-01	1.150541e+01
122	-1.058666e-01	7.982101e-01	-1.058653e-01	0.000000e+00	-3.344390e-04	-1.590546e-01	-3.339416e-04	-1.426277e+00	9.681266e-01	3.198104e-02	-3.925068e-01	1.147530e+01
123	-1.066220e-01	7.605142e-01	-1.066191e-01	0.000000e+00	-7.553978e-04	-3.769586e-02	-7.537514e-04	0.000000e+00	9.681261e-01	3.195987e-02	-3.926618e-01	1.146756e+01
124	-1.065100e-01	7.049500e-01	-1.065104e-01	0.000000e+00	1.120094e-04	-5.556425e-02	1.086275e-04	0.000000e+00	9.681262e-01	3.191307e-02	-3.926280e-01	1.145077e+01
125	-1.064787e-01	6.496479e-01	-1.064788e-01	0.000000e+00	3.133333e-05	-5.530209e-02	3.163526e-05	0.000000e+00	9.681263e-01	3.186675e-02	-3.926186e-01	1.143416e+01
126	-1.065057e-01	5.946066e-01	-1.065056e-01	1.951040e-01	-2.699914e-05	-5.504129e-02	-2.677010e-05	1.951040e-01	9.681262e-01	3.182097e-02	-3.926291e-01	1.141264e+01
127	-1.054688e-01	5.049445e-01	-1.054729e-01	0.000000e+00	1.036814e-03	-8.966214e-02	1.032659e-03	-1.951040e-01	9.681277e-01	3.169872e-02	-3.922227e-01	1.137749e+01
128	-1.062701e-01	4.346792e-01	-1.062670e-01	0.000000e+00	-8.012878e-04	-7.026521e-02	-7.941239e-04	0.000000e+00	9.681268e-01	3.162518e-02	-3.925261e-01	1.135088e+01
129	-1.066282e-01	3.646729e-01	-1.066268e-01	0.000000e+00	-3.580407e-04	-7.000631e-02	-3.597441e-04	0.000000e+00	9.681264e-01	3.155217e-02	-3.926609e-01	1.132453e+01
130	-1.064375e-01	2.949256e-01	-1.064382e-01	0.000000e+00	1.906726e-04	-6.974735e-02	1.885225e-04	0.000000e+00	9.681266e-01	3.147931e-02	-3.925895e-01	1.129842e+01
131	-1.065909e-01	2.254376e-01	-1.065903e-01	0.000000e+00	-1.534272e-04	-6.948802e-02	-1.520915e-04	0.000000e+00	9.681265e-01	3.140740e-02	-3.926466e-01	1.127257e+01
132	-1.063782e-01	1.562096e-01	-1.063790e-01	0.000000e+00	2.127208e-04	-6.922801e-02	2.112958e-04	0.000000e+00	9.681267e-01	3.133590e-02	-3.925679e-01	1.124697e+01
133	-1.063561e-01	8.724255e-02	-1.063561e-01	0.000000e+00	2.216141e-05	-6.896701e-02	2.290022e-05	0.000000e+00	9.681267e-01	3.126522e-02	-3.925598e-01	1.122162e+01
134	-1.064057e-01	1.853781e-02	-1.064055e-01	0.000000e+00	-4.968354e-05	-6.870474e-02	-4.940001e-05	0.000000e+00	9.681267e-01	3.119533e-02	-3.925779e-01	1.119652e+01
135	-1.063202e-01	0.000000e+00	-1.063205e-01	0.000000e+00	8.552078e-05	-1.853781e-02	8.499375e-05	0.000000e+00	9.681267e-01	3.119022e-02	-3.925695e-01	1.119469e+01
136	-1.063086e-01	0.000000e+00	-1.063086e-01	2.727981e-01	1.162531e-05	0.000000e+00	1.191190e-05	2.727981e-01	9.681267e-01	3.119022e-02	1.000000e+00	1.200000e+01
137	-1.059419e-01	0.000000e+00	-1.059433e-01	0.000000e+00	3.667106e-04	0.000000e+00	3.653247e-04	-2.727981e-01	9.681267e-01	3.119022e-02	1.000000e+00	1.200000e+01
138	-1.067014e-01	0.000000e+00	-1.066985e-01	1.123170e+00	-7.595359e-04	0.000000e+00	-7.551419e-04	1.123170e+00	9.681267e-01	3.119022e-02	1.000000e+00	1.200000e+01
139	-1.069350e-01	0.000000e+00	-1.069341e-01	0.000000e+00	-2.335641e-04	0.000000e+00	-2.356015e-04	-1.123170e+00	9.681267e-01	3.119022e-02	1.000000e+00	1.200000e+01
140	-1.069977e-01	0.000000e+00	-1.069975e-01	0.000000e+00	-6.274136e-05	0.000000e+00	-6.341660e-05	0.000000e+00	9.681267e-01	3.119022e-02	1.000000e+00	1.200000e+01
141	-1.069331e-01	0.000000e+00	-1.069334e-01	0.000000e+00	6.460341e-05	0.000000e+00	6.410333e-05	0.000000e+00	9.681267e-01	3.119022e-02	1.000000e+00	1.200000e+01
142	-1.069216e-01	0.000000e+00	-1.069216e-01	0.000000e+00	1.153253e-05	0.000000e+00	1.173788e-05	0.000000e+00	9.681267e-01	3.119022e-02	1.000000e+00	1.200000e+01
143	-1.069156e-01	0.000000e+00	-1.069156e-01	0.000000e+00	5.978534e-06	0.000000e+00	6.001032e-06	0.000000e+00	1.000000e+00	1.000000e-01	1.000000e+00	1.200000e+01
144	-1.069179e-01	0.000000e+00	-1.069179e-01	2.322932e-02	-2.275797e-06	0.000000e+00	-2.243466e-06	2.322932e-02	1.000000e+00	1.000000e-01	1.000000e+00	1.200000e+01
145	-1.063138e-01	0.000000e+00	-1.063162e-01	0.000000e+00	6.040665e-04	0.000000e+00	6.016981e-04	-2.322932e-02	1.000000e+00	1.000000e-01	1.000000e+00	1.200000e+01
146	-1.067574e-01	0.000000e+00	-1.067556e-01	0.000000e+00	-4.435428e-04	0.000000e+00	-4.394598e-04	0.000000e+00	1.000000e+00	1.000000e-01	1.000000e+00	1.200000e+01
147	-1.068746e-01	0.000000e+00	-1.068742e-01	0.000000e+00	-1.172749e-04	0.000000e+00	-1.185334e-04	0.000000e+00	1.000000e+00	1.000000e-01	1.000000e+00	1.200000e+01
148	-1.068089e-01	0.000000e+00	-1.068091e-01	0.000000e+00	6.577448e-05	0.000000e+00	6.505452e-05	0.000000e+00	1.000000e+00	1.000000e-01	1.000000e+00	1.200000e+01
149	-1.067826e-01	0.000000e+00	-1.067827e-01	0.000000e+00	2.625068e-05	0.000000e+00	2.640226e-05	0.000000e+00	1.000000e+00	1.000000e-01	1.000000e+00	1.200000e+01
150	-1.068744e-01	0.000000e+00	-1.068740e-01	0.000000e+00	-9.174790e-05	0.000000e+00	-9.128637e-05	0.000000e+00	1.000000e+00	1.000000e-01	1.000000e+00	1.200000e+01
151	-1.070260e-01	0.000000e+00	-1.070254e-01	0.000000e+00	-1.516622e-04	0.000000e+00	-1.514264e-04	0.000000e+00	1.000000e+00	1.000000e-01	1.000000e+00	1.200000e+01
152	-1.073376e-01	0.000000e+00	-1.073364e-01	0.000000e+00	-3.116026e-04	0.000000e+00	-3.109769e-04	0.000000e+00	1.000000e+00	1.000000e-01	1.000000e+00	1.200000e+01
153	-1.068878e-01	0.000000e+00	-1.068895e-01	0.000000e+00	4.498404e-04	0.000000e+00	4.468685e-04	0.000000e+00	1.000000e+00	1.000000e-01	1.000000e+00	1.200000e+01
154	-1.068257e-01	0.000000e+00	-1.068260e-01	0.000000e+00	6.206089e-05	0.000000e+00	6.356405e-05	0.000000e+00	1.000000e+00	1.000000e-01	1.000000e+00	1.200000e+01
155	-1.069361e-01	0.000000e+00	-1.069357e-01	7.821852e-01	-1.103844e-04	0.000000e+00	-1.097049e-04	7.821852e-01	1.000000e+00	1.000000e-01	1.000000e+00	1.200000e+01
156	-1.060657e-01	0.000000e+00	-1.060691e-01	0.000000e+00	8.704319e-04	0.000000e+00	8.666032e-04	-7.821852e-01	1.000000e+00	1.000000e-01	1.000000e+00	1.200000e+01
157	-1.064885e-01	0.000000e+00	-1.064868e-01	0.000000e+00	-4.227845e-04	0.000000e+00	-4.177478e-04	0.000000e+00	1.000000e+00	1.000000e-01	1.000000e+00	1.200000e+01
158	-1.067347e-01	0.000000e+00	-1.067337e-01	0.000000e+00	-2.462344e-04	0.000000e+00	-2.469044e-04	0.000000e+00	1.000000e+00	1.000000e-01	1.000000e+00	1.200000e+01
159	-1.067226e-01	0.000000e+00	-1.067227e-01	0.000000e+00	1.205793e-05	0.000000e+00	1.104635e-05	0.000000e+00	1.000000e+00	1.000000e-01	1.000000e+00	1.200000e+01
160	-1.066593e-01	0.000000e+00	-1.066595e-01	0.000000e+00	6.334269e-05	0.000000e+00	6.313840e-05	0.000000e+00	1.000000e+00	1.000000e-01	1.000000e+00	1.200000e+01
161	-1.065883e-01	0.000000e+00	-1.065886e-01	0.000000e+00	7.096970e-05	0.000000e+00	7.093911e-05	0.000000e+00	1.000000e+00	1.000000e-01	1.000000e+00	1.200000e+01
162	-1.066086e-01	0.000000e+00	-1.066085e-01	0.000000e+00	-2.023894e-05	0.000000e+00	-1.988278e-05	0.000000e+00	1.000000e+00	1.000000e-01	1.000000e+00	1.200000e+01
163	-1.066693e-01	0.000000e+00	-1.066691e-01	0.000000e+00	-6.075914e-05	0.000000e+00	-6.059946e-05	0.000000e+00	1.000000e+00	1.000000e-01	1.000000e+00	1.200000e+01
164	-1.068527e-01	0.000000e+00	-1.068519e-01	0.000000e+00	-1.833368e-04	0.000000e+00	-1.828574e-04	0.000000e+00	1.000000e+00	1.000000e-01	1.000000e+00	1.200000e+01
165	-1.065782e-01	0.000000e+00	-1.065793e-01	0.000000e+00	2.744527e-04	0.000000e+00	2.726663e-04	0.000000e+00	1.000000e+00	1.000000e-01	1.000000e+00	1.200000e+01
166	-1.067443e-01	0.000000e+00	-1.067436e-01	0.000000e+00	-1.660809e-04	0.000000e+00	-1.643671e-04	0.000000e+00	1.000000e+00	1.000000e-01	1.000000e+00	1.200000e+01
167	-1.074708e-01	0.000000e+00	-1.074679e-01	0.000000e+00	-7.265031e-04	0.000000e+00	-7.243073e-04	0.000000e+00	1.000000e+00	1.000000e-01	1.000000e+00	1.200000e+01
168	-1.069726e-01	0.000000e+00	-1.069746e-01	0.000000e+00	4.981442e-04	0.000000e+00	4.933690e-04	0.000000e+00	1.000000e+00	1.000000e-01	1.000000e+00	1.200000e+01
169	-1.073052e-01	0.000000e+00	-1.073039e-01	0.000000e+00	-3.325230e-04	0.000000e+00	-3.292969e-04	0.000000e+00	1.000000e+00	1.000000e-01	1.000000e+00	1.200000e+01
170	-1.073988e-01	0.000000e+00	-1.073984e-01	0.000000e+00	-9.361891e-05	0.000000e+00	-9.453953e-05	0.000000e+00	1.000000e+00	1.000000e-01	1.000000e+00	1.200000e+01
171	-1.073186e-01	0.000000e+00	-1.073189e-01	0.000000e+00	8.020776e-05	0.000000e+00	7.952515e-05	0.000000e+00	1.000000e+00	1.000000e-01	1.000000e+00	1.200000e+01
172	-1.072971e-01	0.000000e+00	-1.072972e-01	0.000000e+00	2.147720e-05	0.000000e+00	2.170395e-05	0.000000e+00	1.000000e+00	1.000000e-01	1.000000e+00	1.200000e+01
173	-1.067544e-01	0.000000e+00	-1.067565e-01	0.000000e+00	5.426990e-04	0.000000e+00	5.406638e-04	0.000000e+00	1.000000e+00	1.000000e-01	1.000000e+00	1.200000e+01
174	-1.067977e-01	0.000000e+00	-1.067976e-01	0.000000e+00	-4.335093e-05	0.000000e+00	-4.106962e-05	0.000000e+00	1.000000e+00	1.000000e-01	1.000000e+00	1.200000e+01
175	-1.069352e-01	0.000000e+00	-1.069347e-01	0.000000e+00	-1.374854e-04	0.000000e+00	-1.371088e-04	0.000000e+00	1.000000e+00	1.000000e-01	1.000000e+00	1.200000e+01
176	-1.065467e-01	0.000000e+00	-1.065482e-01	0.000000e+00	3.885686e-04	0.000000e+00	3.865152e-04	0.000000e+00	1.000000e+00	1.000000e-01	1.000000e+00	1.200000e+01
177	-1.063566e-01	0.000000e+00	-1.063573e-01	0.000000e+00	1.900816e-04	0.000000e+00	1.908489e-04	0.000000e+00	1.000000e+00	1.000000e-01	1.000000e+00	1.200000e+01
178	-1.065630e-01	0.000000e+00	-1.065622e-01	0.000000e+00	-2.064213e-04	0.000000e+00	-2.048695e-04	0.000000e+00	1.000000e+00	1.000000e-01	1.000000e+00	1.200000e+01
179	-1.068987e-01	0.000000e+00	-1.068974e-01	0.000000e+00	-3.357087e-04	0.000000e+00	-3.351976e-04	0.000000e+00	1.000000e+00	1.000000e-01	1.000000e+00	1.200000e+01
180	-1.069045e-01	0.000000e+00	-1.069045e-01	0.000000e+00	-5.819755e-06	0.000000e+00	-7.106387e-06	0.000000e+00	1.000000e+00	1.000000e-01	1.000000e+00	1.200000e+01
181	-1.072326e-01	0.000000e+00	-1.072313e-01	0.000000e+00	-3.280582e-04	0.000000e+00	-3.268045e-04	0.000000e+00	1.000000e+00	1.000000e-01	1.000000e+00	1.200000e+01
182	-1.072557e-01	0.000000e+00	-1.072556e-01	0.000000e+00	-2.307734e-05	0.000000e+00	-2.426377e-05	0.000000e+00	1.000000e+00	1.000000e-01	1.000000e+00	1.200000e+01
183	-1.078334e-01	0.000000e+00	-1.078311e-01	0.000000e+00	-5.777354e-04	0.000000e+00	-5.755734e-04	0.000000e+00	1.000000e+00	1.000000e-01	1.000000e+00	1.200000e+01
184	-1.070462e-01	0.000000e+00	-1.070493e-01	0.000000e+00	7.871737e-04	0.000000e+00	7.818505e-04	0.000000e+00	1.000000e+00	1.000000e-01	1.000000e+00	1.200000e+01
185	-1.069661e-01	0.000000e+00	-1.069665e-01	0.000000e+00	8.009891e-05	0.000000e+00	8.284012e-05	0.000000e+00	1.000000e+00	1.000000e-01	1.000000e+00	1.200000e+01
186	-1.071627e-01	0.000000e+00	-1.071619e-01	0.000000e+00	-1.965373e-04	0.000000e+00	-1.954460e-04	0.000000e+00	1.000000e+00	1.000000e-01	1.000000e+00	1.200000e+01
187	-1.066976e-01	0.000000e+00	-1.066994e-01	0.000000e+00	4.650983e-04	0.000000e+00	4.625180e-04	0.000000e+00	1.000000e+00	1.000000e-01	1.000000e+00	1.200000e+01
188	-1.066713e-01	0.000000e+00	-1.066714e-01	0.000000e+00	2.629445e-05	0.000000e+00	2.799845e-05	0.000000e+00	1.000000e+00	1.000000e-01	1.000000e+00	1.200000e+01
189	-1.071135e-01	0.000000e+00	-1.071118e-01	1.001464e-01	-4.422659e-04	0.000000e+00	-4.404289e-04	1.001464e-01	1.000000e+00	1.000000e-01	1.000000e+00	1.200000e+01
190	-1.050833e-01	0.000000e+00	-1.050912e-01	0.000000e+00	2.030242e-03	0.000000e+00	2.020591e-03	-1.001464e-01	1.000000e+00	1.000000e-01	1.000000e+00	1.200000e+01
191	-1.062592e-01	0.000000e+00	-1.062547e-01	0.000000e+00	-1.175935e-03	0.000000e+00	-1.163448e-03	0.000000e+00	1.000000e+00	1.000000e-01	1.000000e+00	1.200000e+01
192	-1.069379e-01	0.000000e+00	-1.069352e-01	0.000000e+00	-6.786269e-04	0.000000e+00	-6.805207e-04	0.000000e+00	1.000000e+00	1.000000e-01	1.000000e+00	1.200000e+01
193	-1.071677e-01	0.000000e+00	-1.071668e-01	0.000000e+00	-2.298678e-04	0.000000e+00	-2.316282e-04	0.000000e+00	1.000000e+00	1.000000e-01	1.000000e+00	1.200000e+01
194	-1.070045e-01	0.000000e+00	-1.070052e-01	0.000000e+00	1.631911e-04	0.000000e+00	1.616488e-04	0.000000e+00	1.000000e+00	1.000000e-01	1.000000e+00	1.200000e+01
195	-1.063461e-01	0.000000e+00	-1.063487e-01	0.000000e+00	6.584320e-04	0.000000e+00	6.564914e-04	0.000000e+00	1.000000e+00	1.000000e-01	1.000000e+00	1.200000e+01
196	-1.067874e-01	0.000000e+00	-1.067856e-01	0.000000e+00	-4.412500e-04	0.000000e+00	-4.369619e-04	0.000000e+00	1.000000e+00	1.000000e-01	1.000000e+00	1.200000e+01
197	-1.065661e-01	0.000000e+00	-1.065670e-01	0.000000e+00	2.212202e-04	0.000000e+00	2.186492e-04	0.000000e+00	1.000000e+00	1.000000e-01	1.000000e+00	1.200000e+01
198	-1.068770e-01	0.000000e+00	-1.068758e-01	0.000000e+00	-3.108359e-04	0.000000e+00	-3.087676e-04	0.000000e+00	1.000000e+00	1.000000e-01	1.000000e+00	1.200000e+01
199	-1.061110e-01	0.000000e+00	-1.061140e-01	0.000000e+00	7.659773e-04	0.000000e+00	7.617791e-04	0.000000e+00	1.000000e+00	1.000000e-01	1.000000e+00	1.200000e+01
200	-1.062985e-01	0.000000e+00	-1.062978e-01	0.000000e+00	-1.874834e-04	0.000000e+00	-1.837754e-04	0.000000e+00	1.000000e+00	1.000000e-01	1.000000e+00	1.200000e+01
201	-1.064848e-01	0.000000e+00	-1.064841e-01	0.000000e+00	-1.863256e-04	0.000000e+00	-1.863156e-04	0.000000e+00	1.000000e+00	1.000000e-01	1.000000e+00	1.200000e+01
202	-1.067729e-01	0.000000e+00	-1.067718e-01	0.000000e+00	-2.880921e-04	0.000000e+00	-2.876945e-04	0.000000e+00	1.000000e+00	1.000000e-01	1.000000e+00	1.200000e+01
203	-1.067553e-01	0.000000e+00	-1.067554e-01	0.000000e+00	1.758248e-05	0.000000e+00	1.638999e-05	0.000000e+00	1.000000e+00	1.000000e-01	1.000000e+00	1.200000e+01
204	-1.073544e-01	0.000000e+00	-1.073521e-01	0.000000e+00	-5.991309e-04	0.000000e+00	-5.967265e-04	0.000000e+00	1.000000e+00	1.000000e-01	1.000000e+00	1.200000e+01
205	-1.083913e-01	0.000000e+00	-1.083873e-01	0.000000e+00	-1.036865e-03	0.000000e+00	-1.035146e-03	0.000000e+00	1.000000e+00	1.000000e-01	1.000000e+00	1.200000e+01
206	-1.070151e-01	0.000000e+00	-1.070205e-01	0.000000e+00	1.376197e-03	0.000000e+00	1.366778e-03	0.000000e+00	1.000000e+00	1.000000e-01	1.000000e+00	1.200000e+01
207	-1.076163e-01	0.000000e+00	-1.076139e-01	0.000000e+00	-6.011459e-04	0.000000e+00	-5.934586e-04	0.000000e+00	1.000000e+00	1.000000e-01	1.000000e+00	1.200000e+01
208	-1.069542e-01	0.000000e+00	-1.069567e-01	0.000000e+00	6.621059e-04	0.000000e+00	6.572013e-04	0.000000e+00	1.000000e+00	1.000000e-01	1.000000e+00	1.200000e+01
209	-1.058993e-01	0.000000e+00	-1.059034e-01	0.000000e+00	1.054837e-03	0.000000e+00	1.053283e-03	0.000000e+00	1.000000e+00	1.000000e-01	1.000000e+00	1.200000e+01
210	-1.057130e-01	0.000000e+00	-1.057138e-01	0.000000e+00	1.862987e-04	0.000000e+00	1.896854e-04	0.000000e+00	1.000000e+00	1.000000e-01	1.000000e+00	1.200000e+01
211	-1.059900e-01	0.000000e+00	-1.059889e-01	0.000000e+00	-2.769497e-04	0.000000e+00	-2.751270e-04	0.000000e+00	1.000000e+00	1.000000e-01	1.000000e+00	1.200000e+01
212	-1.061526e-01	0.000000e+00	-1.061520e-01	0.000000e+00	-1.626693e-04	0.000000e+00	-1.631086e-04	0.000000e+00	1.000000e+00	1.000000e-01	1.000000e+00	1.200000e+01
213	-1.058729e-01	0.000000e+00	-1.058740e-01	0.000000e+00	2.797502e-04	0.000000e+00	2.780203e-04	0.000000e+00	1.000000e+00	1.000000e-01	1.000000e+00	1.200000e+01
214	-1.058436e-01	0.000000e+00	-1.058437e-01	2.584721e-01	2.926611e-05	0.000000e+00	3.023781e-05	2.584721e-01	1.000000e+00	1.000000e-01	1.000000e+00	1.200000e+01
215	-1.049854e-01	0.000000e+00	-1.049887e-01	0.000000e+00	8.582439e-04	0.000000e+00	8.550095e-04	-2.584721e-01	1.000000e+00	1.000000e-01	1.000000e+00	1.200000e+01
216	-1.064423e-01	0.000000e+00	-1.064367e-01	0.000000e+00	-1.456960e-03	0.000000e+00	-1.447929e-03	0.000000e+00	1.000000e+00	1.000000e-01	1.000000e+00	1.200000e+01
217	-1.064807e-01	0.000000e+00	-1.064805e-01	0.000000e+00	-3.834643e-05	0.000000e+00	-4.385261e-05	0.000000e+00	1.000000e+00	1.000000e-01	1.000000e+00	1.200000e+01
218	-1.061194e-01	0.000000e+00	-1.061208e-01	0.000000e+00	3.613118e-04	0.000000e+00	3.597291e-04	0.000000e+00	1.000000e+00	1.000000e-01	1.000000e+00	1.200000e+01
219	-1.060505e-01	0.000000e+00	-1.060507e-01	0.000000e+00	6.892016e-05	0.000000e+00	7.005613e-05	0.000000e+00	1.000000e+00	1.000000e-01	1.000000e+00	1.200000e+01
220	-1.061332e-01	0.000000e+00	-1.061329e-01	0.000000e+00	-8.275696e-05	0.000000e+00	-8.216004e-05	0.000000e+00	1.000000e+00	1.000000e-01	1.000000e+00	1.200000e+01
221	-1.061552e-01	0.000000e+00	-1.061552e-01	0.000000e+00	-2.203084e-05	0.000000e+00	-2.226572e-05	0.000000e+00	1.000000e+00	1.000000e-01	1.000000e+00	1.200000e+01
222	-1.061281e-01	0.000000e+00	-1.061282e-01	0.000000e+00	2.711100e-05	0.000000e+00	2.691812e-05	0.000000e+00	1.000000e+00	1.000000e-01	1.000000e+00	1.200000e+01
223	-1.061278e-01	0.000000e+00	-1.061278e-01	0.000000e+00	3.587185e-07	0.000000e+00	4.624661e-07	0.000000e+00	1.000000e+00	1.000000e-01	1.000000e+00	1.200000e+01
224	-1.061340e-01	0.000000e+00	-1.061339e-01	0.000000e+00	-6.187545e-06	0.000000e+00	-6.161568e-06	0.000000e+00	1.000000e+00	1.000000e-01	1.000000e+00	1.200000e+01
225	-1.061359e-01	0.000000e+00	-1.061359e-01	0.000000e+00	-1.977425e-06	0.000000e+00	-1.993769e-06	0.000000e+00	1.000000e+00	1.000000e-01	1.000000e+00	1.200000e+01
226	-1.061312e-01	0.000000e+00	-1.061312e-01	0.000000e+00	4.729791e-06	0.000000e+00	4.703527e-06	0.000000e+00	1.000000e+00	1.000000e-01	1.000000e+00	1.200000e+01
227	-1.061311e-01	0.000000e+00	-1.061311e-01	3.475817e-01	9.018409e-08	0.000000e+00	1.082050e-07	3.475817e-01	1.000000e+00	1.000000e-01	1.000000e+00	1.200000e+01
228	-1.059486e-01	0.000000e+00	-1.059493e-01	0.000000e+00	1.824858e-04	0.000000e+00	1.817734e-04	-3.475817e-01	1.000000e+00	1.000000e-01	1.000000e+00	1.200000e+01
229	-1.061951e-01	0.000000e+00	-1.061941e-01	0.000000e+00	-2.464800e-04	0.000000e+00	-2.448072e-04	0.000000e+00	1.000000e+00	1.000000e-01	1.000000e+00	1.200000e+01
230	-1.062402e-01	0.000000e+00	-1.062400e-01	3.118450e-01	-4.510755e-05	0.000000e+00	-4.588763e-05	3.118450e-01	1.000000e+00	1.000000e-01	1.000000e+00	1.200000e+01
231	-1.063457e-01	0.000000e+00	-1.063453e-01	0.000000e+00	-1.055122e-04	0.000000e+00	-1.052793e-04	-3.118450e-01	1.000000e+00	1.000000e-01	1.000000e+00	1.200000e+01
232	-1.063541e-01	0.000000e+00	-1.063541e-01	0.000000e+00	-8.388868e-06	0.000000e+00	-8.767346e-06	0.000000e+00	1.000000e+00	1.000000e-01	1.000000e+00	1.200000e+01
233	-1.063292e-01	0.000000e+00	-1.063293e-01	0.000000e+00	2.493880e-05	0.000000e+00	2.480714e-05	0.000000e+00	1.000000e+00	1.000000e-01	1.000000e+00	1.200000e+01
234	-1.063257e-01	0.000000e+00	-1.063257e-01	0.000000e+00	3.522018e-06	0.000000e+00	3.605163e-06	0.000000e+00	1.000000e+00	1.000000e-01	1.000000e+00	1.200000e+01
235	-1.062490e-01	0.000000e+00	-1.062493e-01	0.000000e+00	7.665421e-05	0.000000e+00	7.636886e-05	0.000000e+00	1.000000e+00	1.000000e-01	1.000000e+00	1.200000e+01
236	-1.061615e-01	0.000000e+00	-1.061619e-01	0.000000e+00	8.746093e-05	0.000000e+00	8.741760e-05	0.000000e+00	1.000000e+00	1.000000e-01	1.000000e+00	1.200000e+01
237	-1.061687e-01	0.000000e+00	-1.061687e-01	0.000000e+00	-7.201878e-06	0.000000e+00	-6.832270e-06	0.000000e+00	1.000000e+00	1.000000e-01	1.000000e+00	1.200000e+01
238	-1.064400e-01	0.000000e+00	-1.064389e-01	0.000000e+00	-2.712436e-04	0.000000e+00	-2.702107e-04	0.000000e+00	1.000000e+00	1.000000e-01	1.000000e+00	1.200000e+01
239	-1.063144e-01	0.000000e+00	-1.063149e-01	0.000000e+00	1.256014e-04	0.000000e+00	1.240552e-04	0.000000e+00	1.000000e+00	1.000000e-01	1.000000e+00	1.200000e+01
240	-1.062363e-01	0.000000e+00	-1.062366e-01	0.000000e+00	7.811754e-05	0.000000e+00	7.829699e-05	0.000000e+00	1.000000e+00	1.000000e-01	1.000000e+00	1.200000e+01
241	-1.062710e-01	0.000000e+00	-1.062709e-01	0.000000e+00	-3.471717e-05	0.000000e+00	-3.427571e-05	0.000000e+00	1.000000e+00	1.000000e-01	1.000000e+00	1.200000e+01
242	-1.063366e-01	0.000000e+00	-1.063364e-01	0.000000e+00	-6.562484e-05	0.000000e+00	-6.550239e-05	0.000000e+00	1.000000e+00	1.000000e-01	1.000000e+00	1.200000e+01
243	-1.065089e-01	0.000000e+00	-1.065082e-01	0.000000e+00	-1.722869e-04	0.000000e+00	-1.718698e-04	0.000000e+00	1.000000e+00	1.000000e-01	1.000000e+00	1.200000e+01
244	-1.065108e-01	0.000000e+00	-1.065108e-01	0.000000e+00	-1.881768e-06	0.000000e+00	-2.545784e-06	0.000000e+00	1.000000e+00	1.000000e-01	1.000000e+00	1.200000e+01
245	-1.064679e-01	0.000000e+00	-1.064681e-01	0.000000e+00	4.286434e-05	0.000000e+00	4.268695e-05	0.000000e+00	1.000000e+00	1.000000e-01	1.000000e+00	1.200000e+01
246	-1.064666e-01	0.000000e+00	-1.064666e-01	0.000000e+00	1.302531e-06	0.000000e+00	1.464189e-06	0.000000e+00	1.000000e+00	1.000000e-01	1.000000e+00	1.200000e+01
247	-1.064770e-01	0.000000e+00	-1.064770e-01	0.000000e+00	-1.040162e-05	0.000000e+00	-1.035527e-05	0.000000e+00	1.000000e+00	1.000000e-01	1.000000e+00	1.200000e+01
248	-1.064789e-01	0.000000e+00	-1.064789e-01	0.000000e+00	-1.917306e-06	0.000000e+00	-1.950267e-06	0.000000e+00	1.000000e+00	1.000000e-01	1.000000e+00	1.200000e+01
249	-1.064765e-01	0.000000e+00	-1.064766e-01	0.000000e+00	2.388446e-06	0.000000e+00	2.371498e-06	0.000000e+00	1.000000e+00	1.000000e-01	1.000000e+00	1.200000e+01
250	-1.062414e-01	0.000000e+00	-1.062423e-01	0.000000e+00	2.351453e-04	0.000000e+00	2.342360e-04	0.000000e+00	1.000000e+00	1.000000e-01	1.000000e+00	1.200000e+01
251	-1.066009e-01	0.000000e+00	-1.065995e-01	0.000000e+00	-3.595244e-04	0.000000e+00	-3.572050e-04	0.000000e+00	1.000000e+00	1.000000e-01	1.000000e+00	1.200000e+01
252	-1.064071e-01	0.000000e+00	-1.064079e-01	0.000000e+00	1.938045e-04	0.000000e+00	1.916522e-04	0.000000e+00	1.000000e+00	1.000000e-01	1.000000e+00	1.200000e+01
253	-1.065757e-01	0.000000e+00	-1.065750e-01	0.000000e+00	-1.685865e-04	0.000000e+00	-1.671793e-04	0.000000e+00	1.000000e+00	1.000000e-01	1.000000e+00	1.200000e+01
254	-1.066440e-01	0.000000e+00	-1.066437e-01	0.000000e+00	-6.825505e-05	0.000000e+00	-6.864147e-05	0.000000e+00	1.000000e+00	1.000000e-01	1.000000e+00	1.200000e+01
255	-1.060153e-01	0.000000e+00	-1.060177e-01	0.000000e+00	6.286670e-04	0.000000e+00	6.259432e-04	0.000000e+00	1.000000e+00	1.000000e-01	1.000000e+00	1.200000e+01
256	-1.061215e-01	0.000000e+00	-1.061211e-01	0.000000e+00	-1.061745e-04	0.000000e+00	-1.033146e-04	0.000000e+00	1.000000e+00	1.000000e-01	1.000000e+00	1.200000e+01
257	-1.063907e-01	0.000000e+00	-1.063896e-01	0.000000e+00	-2.692184e-04	0.000000e+00	-2.685704e-04	0.000000e+00	1.000000e+00	1.000000e-01	1.000000e+00	1.200000e+01
258	-1.063701e-01	0.000000e+00	-1.063701e-01	0.000000e+00	2.062924e-05	0.000000e+00	1.949955e-05	0.000000e+00	1.000000e+00	1.000000e-01	1.000000e+00	1.200000e+01
259	-1.063036e-01	0.000000e+00	-1.063038e-01	0.000000e+00	6.649129e-05	0.000000e+00	6.630773e-05	0.000000e+00	1.000000e+00	1.000000e-01	1.000000e+00	1.200000e+01
260	-1.063097e-01	0.000000e+00	-1.063097e-01	0.000000e+00	-6.112516e-06	0.000000e+00	-5.829624e-06	0.000000e+00	1.000000e+00	1.000000e-01	1.000000e+00	1.200000e+01
261	-1.066189e-01	0.000000e+00	-1.066177e-01	0.000000e+00	-3.092534e-04	0.000000e+00	-3.080682e-04	0.000000e+00	1.000000e+00	1.000000e-01	1.000000e+00	1.200000e+01
262	-1.066167e-01	0.000000e+00	-1.066167e-01	0.000000e+00	2.201610e-06	0.000000e+00	9.896184e-07	0.000000e+00	1.000000e+00	1.000000e-01	1.000000e+00	1.200000e+01
263	-1.065399e-01	0.000000e+00	-1.065402e-01	0.000000e+00	7.685373e-05	0.000000e+00	7.655739e-05	0.000000e+00	1.000000e+00	1.000000e-01	1.000000e+00	1.200000e+01
264	-1.071403e-01	0.000000e+00	-1.071380e-01	0.000000e+00	-6.004338e-04	0.000000e+00	-5.977893e-04	0.000000e+00	1.000000e+00	1.000000e-01	1.000000e+00	1.200000e+01
265	-1.070595e-01	0.000000e+00	-1.070598e-01	0.000000e+00	8.076677e-05	0.000000e+00	7.811617e-05	0.000000e+00	1.000000e+00	1.000000e-01	1.000000e+00	1.200000e+01
266	-1.069149e-01	0.000000e+00	-1.069155e-01	0.000000e+00	1.446357e-04	0.000000e+00	1.443759e-04	0.000000e+00	1.000000e+00	1.000000e-01	1.000000e+00	1.200000e+01
267	-1.077990e-01	0.000000e+00	-1.077956e-01	0.000000e+00	-8.841143e-04	0.000000e+00	-8.800968e-04	0.000000e+00	1.000000e+00	1.000000e-01	1.000000e+00	1.200000e+01
268	-1.066998e-01	0.000000e+00	-1.067041e-01	0.000000e+00	1.099224e-03	0.000000e+00	1.091492e-03	0.000000e+00	1.000000e+00	1.000000e-01	1.000000e+00	1.200000e+01
269	-1.065443e-01	0.000000e+00	-1.065449e-01	0.000000e+00	1.554838e-04	0.000000e+00	1.591401e-04	0.000000e+00	1.000000e+00	1.000000e-01	1.000000e+00	1.200000e+01
270	-1.062055e-01	0.000000e+00	-1.062068e-01	0.000000e+00	3.388123e-04	0.000000e+00	3.381105e-04	0.000000e+00	1.000000e+00	1.000000e-01	1.000000e+00	1.200000e+01
271	-1.062845e-01	0.000000e+00	-1.062842e-01	0.000000e+00	-7.904465e-05	0.000000e+00	-7.741513e-05	0.000000e+00	1.000000e+00	1.000000e-01	1.000000e+00	1.200000e+01
272	-1.063613e-01	0.000000e+00	-1.063610e-01	0.000000e+00	-7.679500e-05	0.000000e+00	-7.679742e-05	0.000000e+00	1.000000e+00	1.000000e-01	1.000000e+00	1.200000e+01
273	-1.060300e-01	0.000000e+00	-1.060313e-01	0.000000e+00	3.313305e-04	0.000000e+00	3.297363e-04	0.000000e+00	1.000000e+00	1.000000e-01	1.000000e+00	1.200000e+01
274	-1.058966e-01	0.000000e+00	-1.058971e-01	0.000000e+00	1.334447e-04	0.000000e+00	1.342115e-04	0.000000e+00	1.000000e+00	1.000000e-01	1.000000e+00	1.200000e+01
275	-1.059714e-01	0.000000e+00	-1.059711e-01	0.000000e+00	-7.487425e-05	0.000000e+00	-7.405751e-05	0.000000e+00	1.000000e+00	1.000000e-01	1.000000e+00	1.200000e+01
276	-1.060590e-01	0.000000e+00	-1.060587e-01	0.000000e+00	-8.755923e-05	0.000000e+00	-8.750649e-05	0.000000e+00	1.000000e+00	1.000000e-01	1.000000e+00	1.200000e+01
277	-1.059658e-01	0.000000e+00	-1.059661e-01	0.000000e+00	9.324697e-05	0.000000e+00	9.254090e-05	0.000000e+00	1.000000e+00	1.000000e-01	1.000000e+00	1.200000e+01
278	-1.059389e-01	0.000000e+00	-1.059390e-01	0.000000e+00	2.684314e-05	0.000000e+00	2.709977e-05	0.000000e+00	1.000000e+00	1.000000e-01	1.000000e+00	1.200000e+01
279	-1.059641e-01	0.000000e+00	-1.059640e-01	0.000000e+00	-2.519877e-05	0.000000e+00	-2.499448e-05	0.000000e+00	1.000000e+00	1.000000e-01	1.000000e+00	1.200000e+01
280	-1.060198e-01	0.000000e+00	-1.060196e-01	0.000000e+00	-5.568786e-05	0.000000e+00	-5.556796e-05	0.000000e+00	1.000000e+00	1.000000e-01	1.000000e+00	1.200000e+01
281	-1.060188e-01	0.000000e+00	-1.060188e-01	0.000000e+00	1.024419e-06	0.000000e+00	8.033549e-07	0.000000e+00	1.000000e+00	1.000000e-01	1.000000e+00	1.200000e+01
282	-1.060047e-01	0.000000e+00	-1.060048e-01	0.000000e+00	1.403361e-05	0.000000e+00	1.398193e-05	0.000000e+00	1.000000e+00	1.000000e-01	1.000000e+00	1.200000e+01
283	-1.061794e-01	0.000000e+00	-1.061787e-01	0.000000e+00	-1.746589e-04	0.000000e+00	-1.739220e-04	0.000000e+00	1.000000e+00	1.000000e-01	1.000000e+00	1.200000e+01
284	-1.061821e-01	0.000000e+00	-1.061820e-01	0.000000e+00	-2.660333e-06	0.000000e+00	-3.329324e-06	0.000000e+00	1.000000e+00	1.000000e-01	1.000000e+00	1.200000e+01
285	-1.071360e-01	0.000000e+00	-1.071323e-01	0.000000e+00	-9.539751e-04	0.000000e+00	-9.502616e-04	0.000000e+00	1.000000e+00	1.000000e-01	1.000000e+00	1.200000e+01
286	-1.072202e-01	0.000000e+00	-1.072199e-01	0.000000e+00	-8.420850e-05	0.000000e+00	-8.759152e-05	0.000000e+00	1.000000e+00	1.000000e-01	1.000000e+00	1.200000e+01
287	-1.060133e-01	0.000000e+00	-1.060181e-01	0.000000e+00	1.206900e-03	0.000000e+00	1.201843e-03	0.000000e+00	1.000000e+00	1.000000e-01	1.000000e+00	1.200000e+01
288	-1.054664e-01	0.000000e+00	-1.054686e-01	0.000000e+00	5.469280e-04	0.000000e+00	5.494863e-04	0.000000e+00	1.000000e+00	1.000000e-01	1.000000e+00	1.200000e+01
289	-1.058173e-01	0.000000e+00	-1.058159e-01	0.000000e+00	-3.508784e-04	0.000000e+00	-3.473613e-04	0.000000e+00	1.000000e+00	1.000000e-01	1.000000e+00	1.200000e+01
290	-1.059534e-01	0.000000e+00	-1.059528e-01	0.000000e+00	-1.360647e-04	0.000000e+00	-1.368901e-04	0.000000e+00	1.000000e+00	1.000000e-01	1.000000e+00	1.200000e+01
291	-1.057035e-01	0.000000e+00	-1.057045e-01	0.000000e+00	2.498394e-04	0.000000e+00	2.483287e-04	0.000000e+00	1.000000e+00	1.000000e-01	1.000000e+00	1.200000e+01
292	-1.057024e-01	0.000000e+00	-1.057024e-01	0.000000e+00	1.112145e-06	0.000000e+00	2.077835e-06	0.000000e+00	1.000000e+00	1.000000e-01	1.000000e+00	1.200000e+01
293	-1.058218e-01	0.000000e+00	-1.058213e-01	0.000000e+00	-1.193584e-04	0.000000e+00	-1.188840e-04	0.000000e+00	1.000000e+00	1.000000e-01	1.000000e+00	1.200000e+01
294	-1.058213e-01	0.000000e+00	-1.058213e-01	0.000000e+00	5.017515e-07	0.000000e+00	3.540085e-08	0.000000e+00	1.000000e+00	1.000000e-01	1.000000e+00	1.200000e+01
295	-1.056884e-01	0.000000e+00	-1.056889e-01	0.000000e+00	1.328976e-04	0.000000e+00	1.323786e-04	0.000000e+00	1.000000e+00	1.000000e-01	1.000000e+00	1.200000e+01
296	-1.056846e-01	0.000000e+00	-1.056846e-01	0.000000e+00	3.739406e-06	0.000000e+00	4.241903e-06	0.000000e+00	1.000000e+00	1.000000e-01	1.000000e+00	1.200000e+01
297	-1.057177e-01	0.000000e+00	-1.057175e-01	0.000000e+00	-3.303986e-05	0.000000e+00	-3.289423e-05	0.000000e+00	1.000000e+00	1.000000e-01	1.000000e+00	1.200000e+01
298	-1.057206e-01	0.000000e+00	-1.057206e-01	0.000000e+00	-2.928631e-06	0.000000e+00	-3.045684e-06	0.000000e+00	1.000000e+00	1.000000e-01	1.000000e+00	1.200000e+01
299	-1.057122e-01	0.000000e+00	-1.057122e-01	0.000000e+00	8.417819e-06	0.000000e+00	8.373040e-06	0.000000e+00	1.000000e+00	1.000000e-01	1.000000e+00	1.200000e+01
300	-1.057128e-01	0.000000e+00	-1.057128e-01	0.000000e+00	-6.504292e-07	0.000000e+00	-6.151813e-07	0.000000e+00	1.000000e+00	1.000000e-01	1.000000e+00	1.200000e+01
301	-1.057149e-01	0.000000e+00	-1.057148e-01	0.000000e+00	-2.033672e-06	0.000000e+00	-2.028131e-06	0.000000e+00	1.000000e+00	1.000000e-01	1.000000e+00	1.200000e+01
302	-1.057148e-01	0.000000e+00	-1.057148e-01	0.000000e+00	4.783751e-08	0.000000e+00	3.972825e-08	0.000000e+00	1.000000e+00	1.000000e-01	1.000000e+00	1.200000e+01
303	-1.057557e-01	0.000000e+00	-1.057555e-01	0.000000e+00	-4.085502e-05	0.000000e+00	-4.069528e-05	0.000000e+00	1.000000e+00	1.000000e-01	1.000000e+00	1.200000e+01
304	-1.057906e-01	0.000000e+00	-1.057904e-01	0.000000e+00	-3.492259e-05	0.000000e+00	-3.494514e-05	0.000000e+00	1.000000e+00	1.000000e-01	1.000000e+00	1.200000e+01
305	-1.057563e-01	0.000000e+00	-1.057565e-01	0.000000e+00	3.426111e-05	0.000000e+00	3.399077e-05	0.000000e+00	1.000000e+00	1.000000e-01	1.000000e+00	1.200000e+01
306	-1.057717e-01	0.000000e+00	-1.057716e-01	0.000000e+00	-1.533540e-05	0.000000e+00	-1.514272e-05	0.000000e+00	1.000000e+00	1.000000e-01	1.000000e+00	1.200000e+01
307	-1.057816e-01	0.000000e+00	-1.057816e-01	0.000000e+00	-9.966305e-06	0.000000e+00	-9.986525e-06	0.000000e+00	1.000000e+00	1.000000e-01	1.000000e+00	1.200000e+01
308	-1.059048e-01	0.000000e+00	-1.059043e-01	0.000000e+00	-1.231424e-04	0.000000e+00	-1.227003e-04	0.000000e+00	1.000000e+00	1.000000e-01	1.000000e+00	1.200000e+01
309	-1.058993e-01	0.000000e+00	-1.058994e-01	0.000000e+00	5.430711e-06	0.000000e+00	4.930199e-06	0.000000e+00	1.000000e+00	1.000000e-01	1.000000e+00	1.200000e+01
310	-1.058677e-01	0.000000e+00	-1.058678e-01	0.000000e+00	3.162911e-05	0.000000e+00	3.152482e-05	0.000000e+00	1.000000e+00	1.000000e-01	1.000000e+00	1.200000e+01
311	-1.058660e-01	0.000000e+00	-1.058660e-01	0.000000e+00	1.699769e-06	0.000000e+00	1.816273e-06	0.000000e+00	1.000000e+00	1.000000e-01	1.000000e+00	1.200000e+01
312	-1.058739e-01	0.000000e+00	-1.058739e-01	0.000000e+00	-7.882931e-06	0.000000e+00	-7.845044e-06	0.000000e+00	1.000000e+00	1.000000e-01	1.000000e+00	1.200000e+01
313	-1.058753e-01	0.000000e+00	-1.058753e-01	0.000000e+00	-1.420640e-06	0.000000e+00	-1.445735e-06	0.000000e+00	1.000000e+00	1.000000e-01	1.000000e+00	1.200000e+01
314	-1.060882e-01	0.000000e+00	-1.060874e-01	0.000000e+00	-2.129219e-04	0.000000e+00	-2.120958e-04	0.000000e+00	1.000000e+00	1.000000e-01	1.000000e+00	1.200000e+01
315	-1.062549e-01	0.000000e+00	-1.062543e-01	0.000000e+00	-1.666864e-04	0.000000e+00	-1.668638e-04	0.000000e+00	1.000000e+00	1.000000e-01	1.000000e+00	1.200000e+01
316	-1.063512e-01	0.000000e+00	-1.063508e-01	0.000000e+00	-9.626273e-05	0.000000e+00	-9.653851e-05	0.000000e+00	1.000000e+00	1.000000e-01	1.000000e+00	1.200000e+01
317	-1.062997e-01	0.000000e+00	-1.062999e-01	0.000000e+00	5.144188e-05	0.000000e+00	5.086383e-05	0.000000e+00	1.000000e+00	1.000000e-01	1.000000e+00	1.200000e+01
318	-1.065023e-01	0.000000e+00	-1.065015e-01	0.000000e+00	-2.025770e-04	0.000000e+00	-2.015870e-04	0.000000e+00	1.000000e+00	1.000000e-01	1.000000e+00	1.200000e+01
319	-1.066793e-01	0.000000e+00	-1.066786e-01	0.000000e+00	-1.769437e-04	0.000000e+00	-1.770400e-04	0.000000e+00	1.000000e+00	1.000000e-01	1.000000e+00	1.200000e+01
320	-1.066430e-01	0.000000e+00	-1.066432e-01	0.000000e+00	3.621442e-05	0.000000e+00	3.538140e-05	0.000000e+00	1.000000e+00	1.000000e-01	1.000000e+00	1.200000e+01
321	-1.064812e-01	0.000000e+00	-1.064818e-01	0.000000e+00	1.618573e-04	0.000000e+00	1.613632e-04	0.000000e+00	1.000000e+00	1.000000e-01	1.000000e+00	1.200000e+01
322	-1.064613e-01	0.000000e+00	-1.064614e-01	0.000000e+00	1.984698e-05	0.000000e+00	2.039978e-05	0.000000e+00	1.000000e+00	1.000000e-01	1.000000e+00	1.200000e+01
323	-1.066704e-01	0.000000e+00	-1.066696e-01	0.000000e+00	-2.090538e-04	0.000000e+00	-2.081575e-04	0.000000e+00	1.000000e+00	1.000000e-01	1.000000e+00	1.200000e+01
324	-1.065774e-01	0.000000e+00	-1.065777e-01	0.000000e+00	9.304366e-05	0.000000e+00	9.186710e-05	0.000000e+00	1.000000e+00	1.000000e-01	1.000000e+00	1.200000e+01
325	-1.065063e-01	0.000000e+00	-1.065066e-01	0.000000e+00	7.104682e-05	0.000000e+00	7.112815e-05	0.000000e+00	1.000000e+00	1.000000e-01	1.000000e+00	1.200000e+01
326	-1.065178e-01	0.000000e+00	-1.065178e-01	0.000000e+00	-1.150330e-05	0.000000e+00	-1.118052e-05	0.000000e+00	1.000000e+00	1.000000e-01	1.000000e+00	1.200000e+01
327	-1.063807e-01	0.000000e+00	-1.063813e-01	0.000000e+00	1.370820e-04	0.000000e+00	1.365029e-04	0.000000e+00	1.000000e+00	1.000000e-01	1.000000e+00	1.200000e+01
328	-1.063618e-01	0.000000e+00	-1.063618e-01	0.000000e+00	1.896805e-05	0.000000e+00	1.942717e-05	0.000000e+00	1.000000e+00	1.000000e-01	1.000000e+00	1.200000e+01
329	-1.063947e-01	0.000000e+00	-1.063945e-01	0.000000e+00	-3.290314e-05	0.000000e+00	-3.269873e-05	0.000000e+00	1.000000e+00	1.000000e-01	1.000000e+00	1.200000e+01
330	-1.063045e-01	0.000000e+00	-1.063049e-01	0.000000e+00	9.013002e-05	0.000000e+00	8.965022e-05	0.000000e+00	1.000000e+00	1.000000e-01	1.000000e+00	1.200000e+01
331	-1.061660e-01	0.000000e+00	-1.061665e-01	0.000000e+00	1.385714e-04	0.000000e+00	1.383803e-04	0.000000e+00	1.000000e+00	1.000000e-01	1.000000e+00	1.200000e+01
332	-1.061862e-01	0.000000e+00	-1.061861e-01	0.000000e+00	-2.025284e-05	0.000000e+00	-1.963318e-05	0.000000e+00	1.000000e+00	1.000000e-01	1.000000e+00	1.200000e+01
333	-1.062395e-01	0.000000e+00	-1.062393e-01	0.000000e+00	-5.327197e-05	0.000000e+00	-5.314057e-05	0.000000e+00	1.000000e+00	1.000000e-01	1.000000e+00	1.200000e+01
334	-1.062019e-01	0.000000e+00	-1.062021e-01	0.000000e+00	3.757472e-05	0.000000e+00	3.722036e-05	0.000000e+00	1.000000e+00	1.000000e-01	1.000000e+00	1.200000e+01
335	-1.063547e-01	0.000000e+00	-1.063541e-01	0.000000e+00	-1.527842e-04	0.000000e+00	-1.520420e-04	0.000000e+00	1.000000e+00	1.000000e-01	1.000000e+00	1.200000e+01
336	-1.062073e-01	0.000000e+00	-1.062079e-01	0.000000e+00	1.474008e-04	0.000000e+00	1.462311e-04	0.000000e+00	1.000000e+00	1.000000e-01	1.000000e+00	1.200000e+01
337	-1.061071e-01	0.000000e+00	-1.061074e-01	0.000000e+00	1.002467e-04	0.000000e+00	1.004264e-04	0.000000e+00	1.000000e+00	1.000000e-01	1.000000e+00	1.200000e+01
338	-1.061390e-01	0.000000e+00	-1.061389e-01	0.000000e+00	-3.197385e-05	0.000000e+00	-3.145666e-05	0.000000e+00	1.000000e+00	1.000000e-01	1.000000e+00	1.200000e+01
339	-1.061654e-01	0.000000e+00	-1.061653e-01	0.000000e+00	-2.632973e-05	0.000000e+00	-2.634976e-05	0.000000e+00	1.000000e+00	1.000000e-01	1.000000e+00	1.200000e+01
340	-1.061549e-01	0.000000e+00	-1.061549e-01	0.000000e+00	1.049554e-05	0.000000e+00	1.035161e-05	0.000000e+00	1.000000e+00	1.000000e-01	1.000000e+00	1.200000e+01
341	-1.061480e-01	0.000000e+00	-1.061480e-01	0.000000e+00	6.841082e-06	0.000000e+00	6.854795e-06	0.000000e+00	1.000000e+00	1.000000e-01	1.000000e+00	1.200000e+01
342	-1.062633e-01	0.000000e+00	-1.062628e-01	0.000000e+00	-1.152483e-04	0.000000e+00	-1.147713e-04	0.000000e+00	1.000000e+00	1.000000e-01	1.000000e+00	1.200000e+01
343	-1.064261e-01	0.000000e+00	-1.064255e-01	0.000000e+00	-1.628309e-04	0.000000e+00	-1.626431e-04	0.000000e+00	1.000000e+00	1.000000e-01	1.000000e+00	1.200000e+01
344	-1.072266e-01	0.000000e+00	-1.072234e-01	0.000000e+00	-8.004805e-04	0.000000e+00	-7.979890e-04	0.000000e+00	1.000000e+00	1.000000e-01	1.000000e+00	1.200000e+01
345	-1.072290e-01	0.000000e+00	-1.072290e-01	0.000000e+00	-2.451175e-06	0.000000e+00	-5.558744e-06	0.000000e+00	1.000000e+00	1.000000e-01	1.000000e+00	1.200000e+01
346	-1.080162e-01	0.000000e+00	-1.080132e-01	0.000000e+00	-7.872219e-04	0.000000e+00	-7.841686e-04	0.000000e+00	1.000000e+00	1.000000e-01	1.000000e+00	1.200000e+01
347	-1.068282e-01	0.000000e+00	-1.068328e-01	0.000000e+00	1.188064e-03	0.000000e+00	1.180360e-03	0.000000e+00	1.000000e+00	1.000000e-01	1.000000e+00	1.200000e+01
348	-1.059339e-01	0.000000e+00	-1.059374e-01	0.000000e+00	8.942868e-04	0.000000e+00	8.954042e-04	0.000000e+00	1.000000e+00	1.000000e-01	1.000000e+00	1.200000e+01
349	-1.061085e-01	0.000000e+00	-1.061078e-01	0.000000e+00	-1.745752e-04	0.000000e+00	-1.703956e-04	0.000000e+00	1.000000e+00	1.000000e-01	1.000000e+00	1.200000e+01
350	-1.065229e-01	0.000000e+00	-1.065213e-01	0.000000e+00	-4.144716e-04	0.000000e+00	-4.135182e-04	0.000000e+00	1.000000e+00	1.000000e-01	1.000000e+00	1.200000e+01
351	-1.065290e-01	0.000000e+00	-1.065290e-01	0.000000e+00	-6.084663e-06	0.000000e+00	-7.676200e-06	0.000000e+00	1.000000e+00	1.000000e-01	1.000000e+00	1.200000e+01
352	-1.064254e-01	0.000000e+00	-1.064258e-01	0.000000e+00	1.036625e-04	0.000000e+00	1.032276e-04	0.000000e+00	1.000000e+00	1.000000e-01	1.000000e+00	1.200000e+01
353	-1.064280e-01	0.000000e+00	-1.064280e-01	0.000000e+00	-2.623460e-06	0.000000e+00	-2.209980e-06	0.000000e+00	1.000000e+00	1.000000e-01	1.000000e+00	1.200000e+01
354	-1.069907e-01	0.000000e+00	-1.069885e-01	0.000000e+00	-5.626960e-04	0.000000e+00	-5.605066e-04	0.000000e+00	1.000000e+00	1.000000e-01	1.000000e+00	1.200000e+01
355	-1.062445e-01	0.000000e+00	-1.062474e-01	0.000000e+00	7.461721e-04	0.000000e+00	7.410679e-04	0.000000e+00	1.000000e+00	1.000000e-01	1.000000e+00	1.200000e+01
356	-1.066999e-01	0.000000e+00	-1.066981e-01	0.000000e+00	-4.553943e-04	0.000000e+00	-4.507206e-04	0.000000e+00	1.000000e+00	1.000000e-01	1.000000e+00	1.200000e+01
357	-1.068489e-01	0.000000e+00	-1.068483e-01	0.000000e+00	-1.490060e-04	0.000000e+00	-1.501846e-04	0.000000e+00	1.000000e+00	1.000000e-01	1.000000e+00	1.200000e+01
358	-1.060586e-01	0.000000e+00	-1.060617e-01	0.000000e+00	7.903364e-04	0.000000e+00	7.866625e-04	0.000000e+00	1.000000e+00	1.000000e-01	1.000000e+00	1.200000e+01
359	-1.058153e-01	0.000000e+00	-1.058162e-01	0.000000e+00	2.432982e-04	0.000000e+00	2.454207e-04	0.000000e+00	1.000000e+00	1.000000e-01	1.000000e+00	1.200000e+01
360	-1.060309e-01	0.000000e+00	-1.060300e-01	0.000000e+00	-2.155831e-04	0.000000e+00	-2.137823e-04	0.000000e+00	1.000000e+00	1.000000e-01	1.000000e+00	1.200000e+01
361	-1.060146e-01	0.000000e+00	-1.060146e-01	0.000000e+00	1.628878e-05	0.000000e+00	1.539007e-05	0.000000e+00	1.000000e+00	1.000000e-01	1.000000e+00	1.200000e+01
362	-1.059631e-01	0.000000e+00	-1.059633e-01	0.000000e+00	5.149163e-05	0.000000e+00	5.135061e-05	0.000000e+00	1.000000e+00	1.000000e-01	1.000000e+00	1.200000e+01
363	-1.059747e-01	0.000000e+00	-1.059746e-01	0.000000e+00	-1.157122e-05	0.000000e+00	-1.132543e-05	0.000000e+00	1.000000e+00	1.000000e-01	1.000000e+00	1.200000e+01
364	-1.060418e-01	0.000000e+00	-1.060415e-01	0.000000e+00	-6.713389e-05	0.000000e+00	-6.691589e-05	0.000000e+00	1.000000e+00	1.000000e-01	1.000000e+00	1.200000e+01
365	-1.059976e-01	0.000000e+00	-1.059978e-01	0.000000e+00	4.418835e-05	0.000000e+00	4.375435e-05	0.000000e+00	1.000000e+00	1.000000e-01	1.000000e+00	1.200000e+01
366	-1.060191e-01	0.000000e+00	-1.060190e-01	0.000000e+00	-2.149946e-05	0.000000e+00	-2.124456e-05	0.000000e+00	1.000000e+00	1.000000e-01	1.000000e+00	1.200000e+01
367	-1.060510e-01	0.000000e+00	-1.060509e-01	0.000000e+00	-3.187838e-05	0.000000e+00	-3.183684e-05	0.000000e+00	1.000000e+00	1.000000e-01	1.000000e+00	1.200000e+01
368	-1.059710e-01	0.000000e+00	-1.059714e-01	0.000000e+00	7.993203e-05	0.000000e+00	7.949544e-05	0.000000e+00	1.000000e+00	1.000000e-01	1.000000e+00	1.200000e+01
369	-1.060228e-01	0.000000e+00	-1.060226e-01	0.000000e+00	-5.170783e-05	0.000000e+00	-5.119532e-05	0.000000e+00	1.000000e+00	1.000000e-01	1.000000e+00	1.200000e+01
370	-1.060489e-01	0.000000e+00	-1.060488e-01	0.000000e+00	-2.613227e-05	0.000000e+00	-2.623017e-05	0.000000e+00	1.000000e+00	1.000000e-01	1.000000e+00	1.200000e+01
371	-1.059673e-01	0.000000e+00	-1.059676e-01	0.000000e+00	8.162872e-05	0.000000e+00	8.120739e-05	0.000000e+00	1.000000e+00	1.000000e-01	1.000000e+00	1.200000e+01
372	-1.060024e-01	0.000000e+00	-1.060022e-01	0.000000e+00	-3.512747e-05	0.000000e+00	-3.467303e-05	0.000000e+00	1.000000e+00	1.000000e-01	1.000000e+00	1.200000e+01
373	-1.060263e-01	0.000000e+00	-1.060262e-01	0.000000e+00	-2.395598e-05	0.000000e+00	-2.399785e-05	0.000000e+00	1.000000e+00	1.000000e-01	1.000000e+00	1.200000e+01
374	-1.059535e-01	0.000000e+00	-1.059538e-01	0.000000e+00	7.284612e-05	0.000000e+00	7.246783e-05	0.000000e+00	1.000000e+00	1.000000e-01	1.000000e+00	1.200000e+01
375	-1.059518e-01	0.000000e+00	-1.059518e-01	0.000000e+00	1.677787e-06	0.000000e+00	1.954310e-06	0.000000e+00	1.000000e+00	1.000000e-01	1.000000e+00	1.200000e+01
376	-1.060591e-01	0.000000e+00	-1.060586e-01	0.000000e+00	-1.072440e-04	0.000000e+00	-1.068174e-04	0.000000e+00	1.000000e+00	1.000000e-01	1.000000e+00	1.200000e+01
377	-1.059953e-01	0.000000e+00	-1.059955e-01	0.000000e+00	6.376083e-05	0.000000e+00	6.309450e-05	0.000000e+00	1.000000e+00	1.000000e-01	1.000000e+00	1.200000e+01
378	-1.059619e-01	0.000000e+00	-1.059621e-01	0.000000e+00	3.335583e-05	0.000000e+00	3.347199e-05	0.000000e+00	1.000000e+00	1.000000e-01	1.000000e+00	1.200000e+01
379	-1.059769e-01	0.000000e+00	-1.059768e-01	0.000000e+00	-1.492791e-05	0.000000e+00	-1.473885e-05	0.000000e+00	1.000000e+00	1.000000e-01	1.000000e+00	1.200000e+01
380	-1.059840e-01	0.000000e+00	-1.059840e-01	0.000000e+00	-7.124634e-06	0.000000e+00	-7.154377e-06	0.000000e+00	1.000000e+00	1.000000e-01	1.000000e+00	1.200000e+01
381	-1.059297e-01	0.000000e+00	-1.059299e-01	0.000000e+00	5.427727e-05	0.000000e+00	5.403730e-05	0.000000e+00	1.000000e+00	1.000000e-01	1.000000e+00	1.200000e+01
382	-1.059193e-01	0.000000e+00	-1.059193e-01	0.000000e+00	1.044098e-05	0.000000e+00	1.061127e-05	0.000000e+00	1.000000e+00	1.000000e-01	1.000000e+00	1.200000e+01
383	-1.059313e-01	0.000000e+00	-1.059312e-01	0.000000e+00	-1.198349e-05	0.000000e+00	-1.189523e-05	0.000000e+00	1.000000e+00	1.000000e-01	1.000000e+00	1.200000e+01
384	-1.059349e-01	0.000000e+00	-1.059349e-01	0.000000e+00	-3.673190e-06	0.000000e+00	-3.705307e-06	0.000000e+00	1.000000e+00	1.000000e-01	1.000000e+00	1.200000e+01
385	-1.059317e-01	0.000000e+00	-1.059317e-01	0.000000e+00	3.224538e-06	0.000000e+00	3.197469e-06	0.000000e+00	1.000000e+00	1.000000e-01	1.000000e+00	1.200000e+01
386	-1.059305e-01	0.000000e+00	-1.059305e-01	0.000000e+00	1.177491e-06	0.000000e+00	1.185382e-06	0.000000e+00	1.000000e+00	1.000000e-01	1.000000e+00	1.200000e+01
387	-1.059311e-01	0.000000e+00	-1.059311e-01	0.000000e+00	-5.880302e-07	0.000000e+00	-5.811028e-07	0.000000e+00	1.000000e+00	1.000000e-01	1.000000e+00	1.200000e+01
388	-1.059315e-01	0.000000e+00	-1.059315e-01	0.000000e+00	-3.820868e-07	0.000000e+00	-3.828642e-07	0.000000e+00	1.000000e+00	1.000000e-01	1.000000e+00	1.200000e+01
389	-1.059636e-01	0.000000e+00	-1.059635e-01	0.000000e+00	-3.207738e-05	0.000000e+00	-3.195357e-05	0.000000e+00	1.000000e+00	1.000000e-01	1.000000e+00	1.200000e+01
390	-1.059670e-01	0.000000e+00	-1.059670e-01	0.000000e+00	-3.427611e-06	0.000000e+00	-3.539041e-06	0.000000e+00	1.000000e+00	1.000000e-01	1.000000e+00	1.200000e+01
391	-1.060131e-01	0.000000e+00	-1.060129e-01	0.000000e+00	-4.612178e-05	0.000000e+00	-4.595544e-05	0.000000e+00	1.000000e+00	1.000000e-01	1.000000e+00	1.200000e+01
392	-1.059424e-01	0.000000e+00	-1.059426e-01	0.000000e+00	7.076946e-05	0.000000e+00	7.031350e-05	0.000000e+00	1.000000e+00	1.000000e-01	1.000000e+00	1.200000e+01
393	-1.059419e-01	0.000000e+00	-1.059419e-01	0.000000e+00	4.713170e-07	0.000000e+00	7.441380e-07	0.000000e+00	1.000000e+00	1.000000e-01	1.000000e+00	1.200000e+01
394	-1.060047e-01	0.000000e+00	-1.060044e-01	0.000000e+00	-6.277939e-05	0.000000e+00	-6.253125e-05	0.000000e+00	1.000000e+00	1.000000e-01	1.000000e+00	1.200000e+01
395	-1.059467e-01	0.000000e+00	-1.059469e-01	0.000000e+00	5.800557e-05	0.000000e+00	5.753473e-05	0.000000e+00	1.000000e+00	1.000000e-01	1.000000e+00	1.200000e+01
396	-1.059260e-01	0.000000e+00	-1.059261e-01	0.000000e+00	2.065261e-05	0.000000e+00	2.079668e-05	0.000000e+00	1.000000e+00	1.000000e-01	1.000000e+00	1.200000e+01
397	-1.059385e-01	0.000000e+00	-1.059385e-01	0.000000e+00	-1.250798e-05	0.000000e+00	-1.237789e-05	0.000000e+00	1.000000e+00	1.000000e-01	1.000000e+00	1.200000e+01
398	-1.059121e-01	0.000000e+00	-1.059122e-01	0.000000e+00	2.641086e-05	0.000000e+00	2.625935e-05	0.000000e+00	1.000000e+00	1.000000e-01	1.000000e+00	1.200000e+01
399	-1.059807e-01	0.000000e+00	-1.059805e-01	0.000000e+00	-6.861177e-05	0.000000e+00	-6.824117e-05	0.000000e+00	1.000000e+00	1.000000e-01	1.000000e+00	1.200000e+01
400	-1.059901e-01	0.000000e+00	-1.059901e-01	0.000000e+00	-9.405987e-06	0.000000e+00	-9.635812e-06	0.000000e+00	1.000000e+00	1.000000e-01	1.000000e+00	1.200000e+01
401	-1.059757e-01	0.000000e+00	-1.059757e-01	0.000000e+00	1.443988e-05	0.000000e+00	1.434583e-05	0.000000e+00	1.000000e+00	1.000000e-01	1.000000e+00	1.200000e+01
402	-1.059747e-01	0.000000e+00	-1.059747e-01	0.000000e+00	9.542844e-07	0.000000e+00	1.006595e-06	0.000000e+00	1.000000e+00	1.000000e-01	1.000000e+00	1.200000e+01
403	-1.059235e-01	0.000000e+00	-1.059237e-01	0.000000e+00	5.125305e-05	0.000000e+00	5.105678e-05	0.000000e+00	1.000000e+00	1.000000e-01	1.000000e+00	1.200000e+01
404	-1.059494e-01	0.000000e+00	-1.059493e-01	0.000000e+00	-2.589259e-05	0.000000e+00	-2.559201e-05	0.000000e+00	1.000000e+00	1.000000e-01	1.000000e+00	1.200000e+01
405	-1.059657e-01	0.000000e+00	-1.059657e-01	0.000000e+00	-1.636206e-05	0.000000e+00	-1.639811e-05	0.000000e+00	1.000000e+00	1.000000e-01	1.000000e+00	1.200000e+01
406	-1.059597e-01	0.000000e+00	-1.059597e-01	0.000000e+00	6.057266e-06	0.000000e+00	5.969550e-06	0.000000e+00	1.000000e+00	1.000000e-01	1.000000e+00	1.200000e+01
407	-1.059559e-01	0.000000e+00	-1.059560e-01	0.000000e+00	3.734318e-06	0.000000e+00	3.743049e-06	0.000000e+00	1.000000e+00	1.000000e-01	1.000000e+00	1.200000e+01
408	-1.059578e-01	0.000000e+00	-1.059578e-01	0.000000e+00	-1.888202e-06	0.000000e+00	-1.866205e-06	0.000000e+00	1.000000e+00	1.000000e-01	1.000000e+00	1.200000e+01
409	-1.059169e-01	0.000000e+00	-1.059171e-01	0.000000e+00	4.089017e-05	0.000000e+00	4.072316e-05	0.000000e+00	1.000000e+00	1.000000e-01	1.000000e+00	1.200000e+01
410	-1.059182e-01	0.000000e+00	-1.059182e-01	0.000000e+00	-1.299107e-06	0.000000e+00	-1.134958e-06	0.000000e+00	1.000000e+00	1.000000e-01	1.000000e+00	1.200000e+01
411	-1.059555e-01	0.000000e+00	-1.059554e-01	0.000000e+00	-3.727669e-05	0.000000e+00	-3.713551e-05	0.000000e+00	1.000000e+00	1.000000e-01	1.000000e+00	1.200000e+01
412	-1.059183e-01	0.000000e+00	-1.059184e-01	0.000000e+00	3.722729e-05	0.000000e+00	3.693681e-05	0.000000e+00	1.000000e+00	1.000000e-01	1.000000e+00	1.200000e+01
413	-1.059133e-01	0.000000e+00	-1.059133e-01	0.000000e+00	5.026642e-06	0.000000e+00	5.151291e-06	0.000000e+00	1.000000e+00	1.000000e-01	1.000000e+00	1.200000e+01
414	-1.059223e-01	0.000000e+00	-1.059223e-01	0.000000e+00	-9.028511e-06	0.000000e+00	-8.973121e-06	0.000000e+00	1.000000e+00	1.000000e-01	1.000000e+00	1.200000e+01
415	-1.059991e-01	0.000000e+00	-1.059988e-01	0.000000e+00	-7.680099e-05	0.000000e+00	-7.653604e-05	0.000000e+00	1.000000e+00	1.000000e-01	1.000000e+00	1.200000e+01
416	-1.059360e-01	0.000000e+00	-1.059362e-01	0.000000e+00	6.310383e-05	0.000000e+00	6.255836e-05	0.000000e+00	1.000000e+00	1.000000e-01	1.000000e+00	1.200000e+01
417	-1.059631e-01	0.000000e+00	-1.059630e-01	0.000000e+00	-2.716195e-05	0.000000e+00	-2.681148e-05	0.000000e+00	1.000000e+00	1.000000e-01	1.000000e+00	1.200000e+01
418	-1.059786e-01	0.000000e+00	-1.059786e-01	0.000000e+00	-1.548131e-05	0.000000e+00	-1.552557e-05	0.000000e+00	1.000000e+00	1.000000e-01	1.000000e+00	1.200000e+01
419	-1.059729e-01	0.000000e+00	-1.059729e-01	0.000000e+00	5.733149e-06	0.000000e+00	5.650108e-06	0.000000e+00	1.000000e+00	1.000000e-01	1.000000e+00	1.200000e+01
420	-1.060271e-01	0.000000e+00	-1.060269e-01	2.428390e-01	-5.423458e-05	0.000000e+00	-5.400065e-05	2.428390e-01	1.000000e+00	1.000000e-01	1.000000e+00	1.200000e+01
421	-1.050044e-01	0.000000e+00	-1.050084e-01	0.000000e+00	1.022749e-03	0.000000e+00	1.018543e-03	-2.428390e-01	1.000000e+00	1.000000e-01	1.000000e+00	1.200000e+01
422	-1.060617e-01	0.000000e+00	-1.060576e-01	0.000000e+00	-1.057297e-03	0.000000e+00	-1.049188e-03	0.000000e+00	1.000000e+00	1.000000e-01	1.000000e+00	1.200000e+01
423	-1.064865e-01	0.000000e+00	-1.064848e-01	0.000000e+00	-4.248164e-04	0.000000e+00	-4.272553e-04	0.000000e+00	1.000000e+00	1.000000e-01	1.000000e+00	1.200000e+01
424	-1.062649e-01	0.000000e+00	-1.062657e-01	0.000000e+00	2.216411e-04	0.000000e+00	2.191063e-04	0.000000e+00	1.000000e+00	1.000000e-01	1.000000e+00	1.200000e+01
425	-1.061616e-01	0.000000e+00	-1.061620e-01	0.000000e+00	1.032246e-04	0.000000e+00	1.036773e-04	0.000000e+00	1.000000e+00	1.000000e-01	1.000000e+00	1.200000e+01
426	-1.062238e-01	0.000000e+00	-1.062236e-01	0.000000e+00	-6.217451e-05	0.000000e+00	-6.152665e-05	0.000000e+00	1.000000e+00	1.000000e-01	1.000000e+00	1.200000e+01
427	-1.062472e-01	0.000000e+00	-1.062471e-01	0.000000e+00	-2.342045e-05	0.000000e+00	-2.356931e-05	0.000000e+00	1.000000e+00	1.000000e-01	1.000000e+00	1.200000e+01
428	-1.063193e-01	0.000000e+00	-1.063190e-01	0.000000e+00	-7.203332e-05	0.000000e+00	-7.184401e-05	0.000000e+00	1.000000e+00	1.000000e-01	1.000000e+00	1.200000e+01
429	-1.064155e-01	0.000000e+00	-1.064151e-01	0.000000e+00	-9.620165e-05	0.000000e+00	-9.610650e-05	0.000000e+00	1.000000e+00	1.000000e-01	1.000000e+00	1.200000e+01
430	-1.064097e-01	0.000000e+00	-1.064097e-01	0.000000e+00	5.803353e-06	0.000000e+00	5.405268e-06	0.000000e+00	1.000000e+00	1.000000e-01	1.000000e+00	1.200000e+01
431	-1.063846e-01	0.000000e+00	-1.063847e-01	0.000000e+00	2.503057e-05	0.000000e+00	2.495391e-05	0.000000e+00	1.000000e+00	1.000000e-01	1.000000e+00	1.200000e+01
432	-1.064733e-01	0.000000e+00	-1.064729e-01	0.000000e+00	-8.866311e-05	0.000000e+00	-8.821929e-05	0.000000e+00	1.000000e+00	1.000000e-01	1.000000e+00	1.200000e+01
433	-1.066743e-01	0.000000e+00	-1.066736e-01	0.000000e+00	-2.010485e-04	0.000000e+00	-2.006078e-04	0.000000e+00	1.000000e+00	1.000000e-01	1.000000e+00	1.200000e+01
434	-1.068142e-01	0.000000e+00	-1.068137e-01	0.000000e+00	-1.399120e-04	0.000000e+00	-1.401491e-04	0.000000e+00	1.000000e+00	1.000000e-01	1.000000e+00	1.200000e+01
435	-1.067156e-01	0.000000e+00	-1.067159e-01	1.499090e-01	9.868997e-05	0.000000e+00	9.775700e-05	1.499090e-01	1.000000e+00	1.000000e-01	1.000000e+00	1.200000e+01
436	-1.066201e-01	0.000000e+00	-1.066204e-01	0.000000e+00	9.549843e-05	0.000000e+00	9.550726e-05	-1.499090e-01	1.000000e+00	1.000000e-01	1.000000e+00	1.200000e+01
437	-1.068990e-01	0.000000e+00	-1.068979e-01	0.000000e+00	-2.789654e-04	0.000000e+00	-2.775027e-04	0.000000e+00	1.000000e+00	1.000000e-01	1.000000e+00	1.200000e+01
438	-1.068452e-01	0.000000e+00	-1.068454e-01	0.000000e+00	5.382656e-05	0.000000e+00	5.253230e-05	0.000000e+00	1.000000e+00	1.000000e-01	1.000000e+00	1.200000e+01
439	-1.067712e-01	0.000000e+00	-1.067715e-01	0.000000e+00	7.395370e-05	0.000000e+00	7.387003e-05	0.000000e+00	1.000000e+00	1.000000e-01	1.000000e+00	1.200000e+01
440	-1.069025e-01	0.000000e+00	-1.069020e-01	0.000000e+00	-1.312456e-04	0.000000e+00	-1.304444e-04	0.000000e+00	1.000000e+00	1.000000e-01	1.000000e+00	1.200000e+01
441	-1.072135e-01	0.000000e+00	-1.072123e-01	0.000000e+00	-3.110551e-04	0.000000e+00	-3.103495e-04	0.000000e+00	1.000000e+00	1.000000e-01	1.000000e+00	1.200000e+01
442	-1.071734e-01	0.000000e+00	-1.071735e-01	0.000000e+00	4.017603e-05	0.000000e+00	3.880679e-05	0.000000e+00	1.000000e+00	1.000000e-01	1.000000e+00	1.200000e+01
443	-1.070961e-01	0.000000e+00	-1.070964e-01	0.000000e+00	7.728140e-05	0.000000e+00	7.713111e-05	0.000000e+00	1.000000e+00	1.000000e-01	1.000000e+00	1.200000e+01
444	-1.070357e-01	0.000000e+00	-1.070359e-01	0.000000e+00	6.043508e-05	0.000000e+00	6.050030e-05	0.000000e+00	1.000000e+00	1.000000e-01	1.000000e+00	1.200000e+01
445	-1.071324e-01	0.000000e+00	-1.071320e-01	0.000000e+00	-9.672379e-05	0.000000e+00	-9.610963e-05	0.000000e+00	1.000000e+00	1.000000e-01	1.000000e+00	1.200000e+01
446	-1.070942e-01	0.000000e+00	-1.070944e-01	0.000000e+00	3.815801e-05	0.000000e+00	3.763353e-05	0.000000e+00	1.000000e+00	1.000000e-01	1.000000e+00	1.200000e+01
447	-1.071345e-01	0.000000e+00	-1.071343e-01	0.000000e+00	-4.026646e-05	0.000000e+00	-3.996216e-05	0.000000e+00	1.000000e+00	1.000000e-01	1.000000e+00	1.200000e+01
448	-1.070798e-01	0.000000e+00	-1.070800e-01	0.000000e+00	5.465941e-05	0.000000e+00	5.428980e-05	0.000000e+00	1.000000e+00	1.000000e-01	1.000000e+00	1.200000e+01
449	-1.070650e-01	0.000000e+00	-1.070651e-01	0.000000e+00	1.483101e-05	0.000000e+00	1.498515e-05	0.000000e+00	1.000000e+00	1.000000e-01	1.000000e+00	1.200000e+01
450	-1.070771e-01	0.000000e+00	-1.070771e-01	0.000000e+00	-1.211079e-05	0.000000e+00	-1.200494e-05	0.000000e+00	1.000000e+00	1.000000e-01	1.000000e+00	1.200000e+01
451	-1.070821e-01	0.000000e+00	-1.070821e-01	0.000000e+00	-4.994162e-06	0.000000e+00	-5.021548e-06	0.000000e+00	1.000000e+00	1.000000e-01	1.000000e+00	1.200000e+01
452	-1.071553e-01	0.000000e+00	-1.071550e-01	0.000000e+00	-7.319153e-05	0.000000e+00	-7.292524e-05	0.000000e+00	1.000000e+00	1.000000e-01	1.000000e+00	1.200000e+01
453	-1.071549e-01	0.000000e+00	-1.071549e-01	0.000000e+00	3.922418e-07	0.000000e+00	1.058454e-07	0.000000e+00	1.000000e+00	1.000000e-01	1.000000e+00	1.200000e+01
454	-1.071367e-01	0.000000e+00	-1.071367e-01	0.000000e+00	1.822929e-05	0.000000e+00	1.815850e-05	0.000000e+00	1.000000e+00	1.000000e-01	1.000000e+00	1.200000e+01
455	-1.070784e-01	0.000000e+00	-1.070786e-01	0.000000e+00	5.830324e-05	0.000000e+00	5.814643e-05	0.000000e+00	1.000000e+00	1.000000e-01	1.000000e+00	1.200000e+01
456	-1.071510e-01	0.000000e+00	-1.071507e-01	0.000000e+00	-7.264899e-05	0.000000e+00	-7.213807e-05	0.000000e+00	1.000000e+00	1.000000e-01	1.000000e+00	1.200000e+01
457	-1.070350e-01	0.000000e+00	-1.070355e-01	0.000000e+00	1.160063e-04	0.000000e+00	1.152713e-04	0.000000e+00	1.000000e+00	1.000000e-01	1.000000e+00	1.200000e+01
458	-1.070227e-01	0.000000e+00	-1.070227e-01	0.000000e+00	1.235454e-05	0.000000e+00	1.275656e-05	0.000000e+00	1.000000e+00	1.000000e-01	1.000000e+00	1.200000e+01
459	-1.070517e-01	0.000000e+00	-1.070516e-01	0.000000e+00	-2.902665e-05	0.000000e+00	-2.886344e-05	0.000000e+00	1.000000e+00	1.000000e-01	1.000000e+00	1.200000e+01
460	-1.070176e-01	0.000000e+00	-1.070177e-01	0.000000e+00	3.409696e-05	0.000000e+00	3.385102e-05	0.000000e+00	1.000000e+00	1.000000e-01	1.000000e+00	1.200000e+01
461	-1.070092e-01	0.000000e+00	-1.070092e-01	0.000000e+00	8.430120e-06	0.000000e+00	8.529421e-06	0.000000e+00	1.000000e+00	1.000000e-01	1.000000e+00	1.200000e+01
462	-1.070693e-01	0.000000e+00	-1.070691e-01	0.000000e+00	-6.015332e-05	0.000000e+00	-5.988503e-05	0.000000e+00	1.000000e+00	1.000000e-01	1.000000e+00	1.200000e+01
463	-1.071687e-01	0.000000e+00	-1.071683e-01	0.000000e+00	-9.936523e-05	0.000000e+00	-9.921101e-05	0.000000e+00	1.000000e+00	1.000000e-01	1.000000e+00	1.200000e+01
464	-1.072175e-01	0.000000e+00	-1.072173e-01	0.000000e+00	-4.886357e-05	0.000000e+00	-4.906024e-05	0.000000e+00	1.000000e+00	1.000000e-01	1.000000e+00	1.200000e+01
465	-1.072921e-01	0.000000e+00	-1.072918e-01	0.000000e+00	-7.454656e-05	0.000000e+00	-7.444700e-05	0.000000e+00	1.000000e+00	1.000000e-01	1.000000e+00	1.200000e+01
466	-1.071876e-01	0.000000e+00	-1.071880e-01	0.000000e+00	1.044758e-04	0.000000e+00	1.037769e-04	0.000000e+00	1.000000e+00	1.000000e-01	1.000000e+00	1.200000e+01
467	-1.071859e-01	0.000000e+00	-1.071859e-01	0.000000e+00	1.671159e-06	0.000000e+00	2.070010e-06	0.000000e+00	1.000000e+00	1.000000e-01	1.000000e+00	1.200000e+01
468	-1.073144e-01	0.000000e+00	-1.073139e-01	0.000000e+00	-1.285010e-04	0.000000e+00	-1.279910e-04	0.000000e+00	1.000000e+00	1.000000e-01	1.000000e+00	1.200000e+01
469	-1.072232e-01	0.000000e+00	-1.072236e-01	0.000000e+00	9.119242e-05	0.000000e+00	9.033623e-05	0.000000e+00	1.000000e+00	1.000000e-01	1.000000e+00	1.200000e+01
470	-1.072455e-01	0.000000e+00	-1.072454e-01	0.000000e+00	-2.222400e-05	0.000000e+00	-2.178431e-05	0.000000e+00	1.000000e+00	1.000000e-01	1.000000e+00	1.200000e+01
471	-1.071977e-01	0.000000e+00	-1.071979e-01	0.000000e+00	4.778956e-05	0.000000e+00	4.751779e-05	0.000000e+00	1.000000e+00	1.000000e-01	1.000000e+00	1.200000e+01
472	-1.071876e-01	0.000000e+00	-1.071877e-01	0.000000e+00	1.003435e-05	0.000000e+00	1.018077e-05	0.000000e+00	1.000000e+00	1.000000e-01	1.000000e+00	1.200000e+01
473	-1.071995e-01	0.000000e+00	-1.071994e-01	0.000000e+00	-1.183377e-05	0.000000e+00	-1.174778e-05	0.000000e+00	1.000000e+00	1.000000e-01	1.000000e+00	1.200000e+01
474	-1.072016e-01	0.000000e+00	-1.072016e-01	0.000000e+00	-2.164257e-06	0.000000e+00	-2.201692e-06	0.000000e+00	1.000000e+00	1.000000e-01	1.000000e+00	1.200000e+01
475	-1.071920e-01	0.000000e+00	-1.071921e-01	0.000000e+00	9.628021e-06	0.000000e+00	9.581811e-06	0.000000e+00	1.000000e+00	1.000000e-01	1.000000e+00	1.200000e+01
476	-1.071899e-01	0.000000e+00	-1.071899e-01	0.000000e+00	2.093082e-06	0.000000e+00	2.122335e-06	0.000000e+00	1.000000e+00	1.000000e-01	1.000000e+00	1.200000e+01
477	-1.072878e-01	0.000000e+00	-1.072874e-01	0.000000e+00	-9.783209e-05	0.000000e+00	-9.744164e-05	0.000000e+00	1.000000e+00	1.000000e-01	1.000000e+00	1.200000e+01
