#sequence delta(k-1),f(k-1),theta(k),v(k),delta_diff(k-1),f_diff(k-1),theta_diff(k),v_diff(k),phi(1,1;k),phi(1,2;k),phi(2,1;k),phi(2,2;k)
1	-2.482044e+00	0.000000e+00	-2.481816e+00	0.000000e+00	-2.482044e+00	0.000000e+00	-5.814590e-02	-6.668416e-03	2.996286e-01	1.000000e-01	1.000000e+00	1.000000e+01
2	3.089580e+00	2.000000e-01	3.092360e+00	3.475785e+00	5.571624e+00	2.000000e-01	5.574176e+00	3.475785e+00	9.211622e-01	1.223107e-01	3.446951e-01	9.976477e+00
3	-9.076518e-01	2.524459e-01	-8.920268e-01	4.398417e+00	-3.997232e+00	5.244585e-02	-3.984387e+00	9.226320e-01	9.863580e-01	1.214553e-01	-3.064322e-02	9.981402e+00
4	2.427932e+00	3.228222e-01	2.439507e+00	5.337981e+00	3.335584e+00	7.037633e-02	3.331534e+00	9.395642e-01	9.942990e-01	1.216228e-01	5.124252e-02	9.983129e+00
5	-1.507568e+00	4.289784e-01	-1.492150e+00	7.543800e+00	-3.935501e+00	1.061562e-01	-3.931657e+00	2.205819e+00	1.001030e+00	1.214413e-01	-2.366940e-01	9.990896e+00
6	2.576549e+00	4.545265e-01	2.585200e+00	6.831016e+00	4.084118e+00	2.554806e-02	4.077350e+00	-7.127840e-01	9.981062e-01	1.214230e-01	-2.369735e-01	9.990894e+00
7	-1.483645e+00	6.545265e-01	-1.467751e+00	9.177346e+00	-4.060194e+00	2.000000e-01	-4.052951e+00	2.346330e+00	1.003255e+00	1.211693e-01	-1.091291e-01	9.984597e+00
8	2.526261e+00	7.965019e-01	2.535204e+00	1.101399e+01	4.009906e+00	1.419755e-01	4.002955e+00	1.836645e+00	9.954240e-01	1.208921e-01	7.117570e-02	9.990981e+00
9	-1.405642e+00	8.755365e-01	-1.390248e+00	1.121740e+01	-3.931904e+00	7.903452e-02	-3.925452e+00	2.034099e-01	9.999354e-01	1.208014e-01	1.366954e-01	9.989664e+00
10	2.569853e+00	1.070246e+00	2.578928e+00	1.471760e+01	3.975495e+00	1.947097e-01	3.969176e+00	3.500202e+00	9.936734e-01	1.204947e-01	3.508391e-01	1.000015e+01
11	-1.410743e+00	9.826688e-01	-1.395159e+00	1.465425e+01	-3.980597e+00	-8.757740e-02	-3.974087e+00	-6.335172e-02	9.953936e-01	1.205325e-01	-1.170659e-01	9.989858e+00
12	2.520447e+00	9.513562e-01	2.529696e+00	1.327790e+01	3.931191e+00	-3.131260e-02	3.924855e+00	-1.376355e+00	9.987198e-01	1.205060e-01	-2.461529e-01	9.990886e+00
13	-1.446530e+00	1.151356e+00	-1.430998e+00	1.531543e+01	-3.966978e+00	2.000000e-01	-3.960694e+00	2.037533e+00	1.003574e+00	1.202613e-01	-4.748605e-02	9.980870e+00
14	2.475980e+00	1.334289e+00	2.485262e+00	1.745105e+01	3.922510e+00	1.829324e-01	3.916260e+00	2.135615e+00	9.945318e-01	1.198396e-01	5.862980e-02	9.985819e+00
15	-1.444940e+00	1.418035e+00	-1.429587e+00	1.854612e+01	-3.920919e+00	8.374620e-02	-3.914849e+00	1.095074e+00	9.999767e-01	1.197233e-01	-4.610060e-02	9.988056e+00
16	2.493036e+00	1.469602e+00	2.502257e+00	1.824044e+01	3.937975e+00	5.156726e-02	3.931844e+00	-3.056809e-01	9.973673e-01	1.196892e-01	-1.826645e-01	9.986267e+00
17	-1.444561e+00	1.669602e+00	-1.429144e+00	2.025459e+01	-3.937597e+00	2.000000e-01	-3.931400e+00	2.014151e+00	1.003360e+00	1.193848e-01	-3.291314e-02	9.978661e+00
18	2.463536e+00	1.758816e+00	2.472873e+00	2.013690e+01	3.908096e+00	8.921369e-02	3.902017e+00	-1.176912e-01	9.969446e-01	1.192383e-01	-2.218214e-01	9.974349e+00
19	-1.412277e+00	1.958816e+00	-1.397101e+00	2.228590e+01	-3.875812e+00	2.000000e-01	-3.869974e+00	2.149007e+00	1.003387e+00	1.189059e-01	-6.955026e-02	9.966491e+00
20	2.518885e+00	1.990427e+00	2.528132e+00	2.347581e+01	3.931162e+00	3.161160e-02	3.925233e+00	1.189902e+00	9.984653e-01	1.188663e-01	1.761262e-01	9.968467e+00
21	-1.440827e+00	1.898706e+00	-1.425323e+00	2.183487e+01	-3.959713e+00	-9.172153e-02	-3.953456e+00	-1.640939e+00	9.961083e-01	1.188117e-01	1.823377e-01	9.968611e+00
22	2.444091e+00	2.095973e+00	2.453520e+00	2.399008e+01	3.884919e+00	1.972670e-01	3.878844e+00	2.155210e+00	9.930075e-01	1.186543e-01	7.039173e-02	9.962926e+00
23	-1.344542e+00	2.130948e+00	-1.329705e+00	2.513473e+01	-3.788633e+00	3.497559e-02	-3.783226e+00	1.144649e+00	9.985608e-01	1.186030e-01	-1.635135e-01	9.965086e+00
24	2.527050e+00	2.048582e+00	2.536528e+00	2.498742e+01	3.871592e+00	-8.236646e-02	3.866234e+00	-1.473015e-01	1.000721e+00	1.185571e-01	1.192287e-01	9.959070e+00
25	-1.295251e+00	2.010173e+00	-1.280283e+00	2.268839e+01	-3.822301e+00	-3.840908e-02	-3.816811e+00	-2.299030e+00	9.979232e-01	1.185289e-01	4.385490e-01	9.962279e+00
26	2.613332e+00	2.210173e+00	2.622667e+00	2.587148e+01	3.908583e+00	2.000000e-01	3.902950e+00	3.183085e+00	9.933727e-01	1.182961e-01	3.263040e-01	9.956536e+00
27	-1.341327e+00	2.149109e+00	-1.325842e+00	2.629108e+01	-3.954659e+00	-6.106361e-02	-3.948509e+00	4.195990e-01	9.961058e-01	1.183383e-01	-1.672931e-01	9.948914e+00
28	2.516323e+00	2.069317e+00	2.525858e+00	2.544976e+01	3.857650e+00	-7.979269e-02	3.851701e+00	-8.413159e-01	1.000124e+00	1.182552e-01	-3.754650e-02	9.946230e+00
29	-1.425309e+00	2.165293e+00	-1.409874e+00	2.634873e+01	-3.941632e+00	9.597639e-02	-3.935733e+00	8.989705e-01	1.001183e+00	1.182294e-01	5.911083e-03	9.945172e+00
30	2.448897e+00	2.232933e+00	2.458368e+00	2.663666e+01	3.874206e+00	6.764014e-02	3.868242e+00	2.879225e-01	9.971715e-01	1.181594e-01	-8.227674e-02	9.943633e+00
31	-1.234986e+00	2.318757e+00	-1.220559e+00	2.685073e+01	-3.683884e+00	8.582387e-02	-3.678927e+00	2.140758e-01	1.000677e+00	1.180777e-01	1.294392e-01	9.938700e+00
32	2.644007e+00	2.423292e+00	2.653454e+00	2.730188e+01	3.878993e+00	1.045348e-01	3.874014e+00	4.511446e-01	9.963673e-01	1.179616e-01	-1.060164e-01	9.932355e+00
33	-1.253906e+00	2.498125e+00	-1.238643e+00	2.837422e+01	-3.897913e+00	7.483317e-02	-3.892098e+00	1.072346e+00	1.000064e+00	1.178906e-01	-8.789529e-02	9.932007e+00
34	2.465279e+00	2.410168e+00	2.475354e+00	2.731098e+01	3.719186e+00	-8.795660e-02	3.713998e+00	-1.063239e+00	1.001167e+00	1.178645e-01	-5.728177e-02	9.931283e+00
35	-1.384969e+00	2.429759e+00	-1.369889e+00	2.728430e+01	-3.850248e+00	1.959036e-02	-3.845244e+00	-2.668416e-02	9.996042e-01	1.178725e-01	3.876417e-02	9.930794e+00
36	2.438515e+00	2.460029e+00	2.448182e+00	2.858678e+01	3.823483e+00	3.027027e-02	3.818071e+00	1.302481e+00	9.979723e-01	1.178595e-01	2.253325e-01	9.932271e+00
37	-1.305326e+00	2.274320e+00	-1.290664e+00	2.806045e+01	-3.743841e+00	-1.857091e-01	-3.738846e+00	-5.263332e-01	9.936976e-01	1.176475e-01	-2.536910e-01	9.908510e+00
38	2.577404e+00	2.074320e+00	2.586838e+00	2.592621e+01	3.882730e+00	-2.000000e-01	3.877502e+00	-2.134240e+00	1.002915e+00	1.171727e-01	-7.428355e-02	9.899269e+00
39	-1.276366e+00	2.139715e+00	-1.261275e+00	2.675748e+01	-3.853770e+00	6.539520e-02	-3.848114e+00	8.312705e-01	1.000911e+00	1.172067e-01	-5.204968e-02	9.898891e+00
40	2.545760e+00	2.122051e+00	2.555433e+00	2.593114e+01	3.822126e+00	-1.766422e-02	3.816708e+00	-8.263352e-01	9.994179e-01	1.172136e-01	-1.509828e-01	9.899349e+00
41	-1.406694e+00	2.209067e+00	-1.391217e+00	2.665010e+01	-3.952454e+00	8.701615e-02	-3.946649e+00	7.189555e-01	1.000844e+00	1.171822e-01	6.456579e-03	9.895882e+00
42	2.475903e+00	2.183145e+00	2.485341e+00	2.512982e+01	3.882597e+00	-2.592222e-02	3.876558e+00	-1.520274e+00	9.994877e-01	1.171913e-01	-2.719447e-01	9.897741e+00
43	-1.232791e+00	2.328627e+00	-1.218267e+00	2.673397e+01	-3.708694e+00	1.454827e-01	-3.703608e+00	1.604146e+00	1.002584e+00	1.170698e-01	-8.336758e-02	9.890344e+00
44	2.612830e+00	2.213275e+00	2.622409e+00	2.490938e+01	3.845621e+00	-1.153528e-01	3.840676e+00	-1.824591e+00	1.002284e+00	1.170788e-01	-1.623202e-01	9.892712e+00
45	-1.378734e+00	2.245837e+00	-1.363104e+00	2.572411e+01	-3.991564e+00	3.256282e-02	-3.985513e+00	8.147336e-01	9.998830e-01	1.170984e-01	-1.294801e-01	9.892444e+00
46	2.479120e+00	2.088325e+00	2.488655e+00	2.353513e+01	3.857854e+00	-1.575128e-01	3.851759e+00	-2.188978e+00	1.002658e+00	1.169851e-01	-1.579358e-01	9.893606e+00
47	-1.128765e+00	2.133509e+00	-1.114634e+00	2.477655e+01	-3.607885e+00	4.518389e-02	-3.603289e+00	1.241413e+00	1.000627e+00	1.170105e-01	-2.091847e-01	9.894248e+00
48	2.638067e+00	1.933509e+00	2.647952e+00	2.319476e+01	3.766831e+00	-2.000000e-01	3.762586e+00	-1.581791e+00	1.004330e+00	1.168139e-01	5.211194e-02	9.880374e+00
49	-1.181064e+00	1.813753e+00	-1.166107e+00	2.270072e+01	-3.819131e+00	-1.197557e-01	-3.814059e+00	-4.940394e-01	9.965495e-01	1.165699e-01	-1.420191e-01	9.874287e+00
50	2.591440e+00	1.661617e+00	2.601306e+00	2.152732e+01	3.772504e+00	-1.521358e-01	3.767413e+00	-1.173399e+00	1.002207e+00	1.163418e-01	4.860768e-02	9.866599e+00
51	-1.096231e+00	1.572580e+00	-1.081788e+00	2.044124e+01	-3.687671e+00	-8.903678e-02	-3.683094e+00	-1.086077e+00	9.970273e-01	1.162167e-01	5.496867e-02	9.866753e+00
52	2.632551e+00	1.563511e+00	2.642585e+00	2.153783e+01	3.728782e+00	-9.069525e-03	3.724373e+00	1.096590e+00	9.987490e-01	1.162125e-01	2.734956e-01	9.866221e+00
53	-1.285111e+00	1.363511e+00	-1.269769e+00	1.945838e+01	-3.917662e+00	-2.000000e-01	-3.912354e+00	-2.079450e+00	9.936870e-01	1.159541e-01	6.688986e-02	9.855674e+00
54	2.556381e+00	1.287885e+00	2.565978e+00	1.764030e+01	3.841492e+00	-7.562582e-02	3.835747e+00	-1.818084e+00	9.996252e-01	1.158372e-01	-2.225980e-01	9.861373e+00
55	-1.061429e+00	1.385349e+00	-1.047260e+00	1.820953e+01	-3.617810e+00	9.746441e-02	-3.613238e+00	5.692370e-01	1.001463e+00	1.157877e-01	4.993558e-02	9.854031e+00
56	2.734701e+00	1.329991e+00	2.744471e+00	1.740314e+01	3.796130e+00	-5.535871e-02	3.791731e+00	-8.063944e-01	1.000685e+00	1.157990e-01	-4.903486e-02	9.855474e+00
57	-1.268555e+00	1.239986e+00	-1.252879e+00	1.647907e+01	-4.003256e+00	-9.000456e-02	-3.997351e+00	-9.240734e-01	9.966634e-01	1.157086e-01	1.714511e-04	9.856581e+00
58	2.560189e+00	1.125548e+00	2.569838e+00	1.473537e+01	3.828745e+00	-1.144380e-01	3.822718e+00	-1.743699e+00	1.001024e+00	1.155783e-01	-1.343020e-01	9.860600e+00
59	-9.214017e-01	1.120717e+00	-9.077640e-01	1.332219e+01	-3.481591e+00	-4.831028e-03	-3.477602e+00	-1.413175e+00	9.991240e-01	1.155757e-01	2.950487e-01	9.861196e+00
60	2.774908e+00	1.227716e+00	2.785066e+00	1.524061e+01	3.696310e+00	1.069993e-01	3.692830e+00	1.918417e+00	9.962994e-01	1.154939e-01	2.441230e-01	9.859721e+00
61	-1.006566e+00	1.027716e+00	-9.917546e-01	1.347764e+01	-3.781474e+00	-2.000000e-01	-3.776821e+00	-1.762966e+00	9.932746e-01	1.153339e-01	-4.784687e-03	9.846557e+00
62	2.713271e+00	8.277164e-01	2.723342e+00	1.251235e+01	3.719837e+00	-2.000000e-01	3.715097e+00	-9.652894e-01	1.002922e+00	1.148152e-01	2.226457e-01	9.834329e+00
63	-9.422777e-01	6.277164e-01	-9.279589e-01	1.022336e+01	-3.655549e+00	-2.000000e-01	-3.651301e+00	-2.288991e+00	9.943787e-01	1.143478e-01	1.117717e-01	9.828263e+00
64	2.742115e+00	5.462721e-01	2.752322e+00	9.374355e+00	3.684393e+00	-8.144425e-02	3.680281e+00	-8.490080e-01	1.000200e+00	1.142191e-01	8.356539e-03	9.830549e+00
65	-1.192650e+00	4.353013e-01	-1.177240e+00	7.751200e+00	-3.934765e+00	-1.109708e-01	-3.929562e+00	-1.623154e+00	9.962120e-01	1.141067e-01	1.150549e-01	9.833558e+00
66	2.547883e+00	4.082994e-01	2.557875e+00	6.978288e+00	3.740533e+00	-2.700195e-02	3.735115e+00	-7.729128e-01	9.988412e-01	1.140877e-01	-9.331490e-02	9.835062e+00
67	-8.109272e-01	3.639384e-01	-7.977679e-01	6.817106e+00	-3.358810e+00	-4.436100e-02	-3.355643e+00	-1.611811e-01	9.977997e-01	1.140739e-01	-8.411122e-02	9.835184e+00
68	2.814573e+00	1.760950e-01	2.825006e+00	3.747455e+00	3.625500e+00	-1.878433e-01	3.622774e+00	-3.069651e+00	1.003853e+00	1.137603e-01	-2.922305e-01	9.845967e+00
69	-1.082055e+00	2.637128e-01	-1.066793e+00	3.175123e+00	-3.896628e+00	8.761777e-02	-3.891799e+00	-5.723324e-01	1.001727e+00	1.138081e-01	2.619666e-01	9.833505e+00
70	2.347114e+00	3.577018e-01	2.358322e+00	5.010019e+00	3.429169e+00	9.398899e-02	3.425115e+00	1.834896e+00	9.968355e-01	1.136741e-01	2.648833e-01	9.833585e+00
71	-8.478085e-01	1.577018e-01	-8.352846e-01	4.108040e+00	-3.194922e+00	-2.000000e-01	-3.193606e+00	-9.019783e-01	9.933808e-01	1.134578e-01	-2.087048e-01	9.803939e+00
72	2.783226e+00	0.000000e+00	2.793635e+00	2.319380e+00	3.631034e+00	-1.577018e-01	3.628919e+00	-1.788660e+00	1.002410e+00	1.130656e-01	-9.184490e-02	9.798864e+00
73	-1.234932e+00	0.000000e+00	-1.219195e+00	0.000000e+00	-4.018158e+00	0.000000e+00	-4.012830e+00	-2.319380e+00	9.992521e-01	1.130656e-01	1.000000e+00	1.000000e+01
74	1.444207e+00	0.000000e+00	1.458347e+00	0.000000e+00	2.679139e+00	0.000000e+00	2.677542e+00	0.000000e+00	9.993649e-01	1.130656e-01	1.000000e+00	1.000000e+01
75	6.137389e-01	0.000000e+00	6.170382e-01	3.814749e-01	-8.304678e-01	0.000000e+00	-8.413083e-01	3.814749e-01	1.002699e+00	1.130656e-01	1.000000e+00	1.000000e+01
76	-2.152187e+00	0.000000e+00	-2.141370e+00	0.000000e+00	-2.765926e+00	0.000000e+00	-2.758408e+00	-3.814749e-01	9.986194e-01	1.130656e-01	1.000000e+00	1.000000e+01
77	1.413822e+00	0.000000e+00	1.424478e+00	6.714123e-01	3.566010e+00	0.000000e+00	3.565848e+00	6.714123e-01	9.997156e-01	1.130656e-01	1.000000e+00	1.000000e+01
78	-8.961000e-01	0.000000e+00	-8.870352e-01	0.000000e+00	-2.309922e+00	0.000000e+00	-2.311514e+00	-6.714123e-01	1.000388e+00	1.130656e-01	1.000000e+00	1.000000e+01
79	2.093883e+00	0.000000e+00	2.106782e+00	0.000000e+00	2.989983e+00	0.000000e+00	2.993817e+00	0.000000e+00	1.001082e+00	1.130656e-01	1.000000e+00	1.000000e+01
80	3.220282e-01	0.000000e+00	3.289999e-01	0.000000e+00	-1.771854e+00	0.000000e+00	-1.777782e+00	0.000000e+00	1.002396e+00	1.130656e-01	1.000000e+00	1.000000e+01
81	-1.436428e+00	0.000000e+00	-1.429532e+00	0.000000e+00	-1.758456e+00	0.000000e+00	-1.758532e+00	0.000000e+00	1.001038e+00	1.130656e-01	1.000000e+00	1.000000e+01
82	1.860270e+00	0.000000e+00	1.871963e+00	1.421200e-02	3.296698e+00	0.000000e+00	3.301495e+00	1.421200e-02	1.001373e+00	1.130656e-01	1.000000e+00	1.000000e+01
83	-1.258240e+00	0.000000e+00	-1.246012e+00	0.000000e+00	-3.118510e+00	0.000000e+00	-3.117975e+00	-1.421200e-02	1.000156e+00	1.130656e-01	1.000000e+00	1.000000e+01
84	1.643564e+00	0.000000e+00	1.656820e+00	3.890974e-01	2.901804e+00	0.000000e+00	2.902833e+00	3.890974e-01	1.000308e+00	1.130656e-01	1.000000e+00	1.000000e+01
85	-1.218714e+00	0.000000e+00	-1.207482e+00	7.808920e-01	-2.862278e+00	0.000000e+00	-2.864302e+00	3.917947e-01	1.000613e+00	1.130656e-01	1.000000e+00	1.000000e+01
86	-3.121330e+00	0.000000e+00	-3.113854e+00	0.000000e+00	-1.902615e+00	0.000000e+00	-1.906372e+00	-7.808920e-01	1.001446e+00	1.130656e-01	1.000000e+00	1.000000e+01
87	-2.671743e+00	0.000000e+00	-2.673470e+00	0.000000e+00	4.495863e-01	0.000000e+00	4.403834e-01	0.000000e+00	9.995350e-01	1.130656e-01	1.000000e+00	1.000000e+01
88	-3.056459e+00	0.000000e+00	-3.054963e+00	1.452886e-01	-3.847154e-01	0.000000e+00	-3.814924e-01	1.452886e-01	9.990170e-01	1.130656e-01	1.000000e+00	1.000000e+01
89	-2.190413e+00	0.000000e+00	-2.193790e+00	3.263950e-01	8.660455e-01	0.000000e+00	8.611723e-01	1.811065e-01	9.978138e-01	1.130656e-01	1.000000e+00	1.000000e+01
90	-1.977113e+00	0.000000e+00	-1.977960e+00	0.000000e+00	2.133000e-01	0.000000e+00	2.158307e-01	-3.263950e-01	9.981107e-01	1.130656e-01	1.000000e+00	1.000000e+01
91	2.622802e+00	0.000000e+00	2.629374e+00	0.000000e+00	4.599915e+00	0.000000e+00	4.607334e+00	0.000000e+00	1.001150e+00	1.130656e-01	1.000000e+00	1.000000e+01
92	1.448305e-01	0.000000e+00	1.545357e-01	0.000000e+00	-2.477971e+00	0.000000e+00	-2.474838e+00	0.000000e+00	9.994199e-01	1.130656e-01	1.000000e+00	1.000000e+01
93	-2.366258e+00	0.000000e+00	-2.356411e+00	0.000000e+00	-2.511089e+00	0.000000e+00	-2.510947e+00	0.000000e+00	9.997976e-01	1.130656e-01	1.000000e+00	1.000000e+01
94	2.394880e+00	0.000000e+00	2.400864e+00	0.000000e+00	4.761138e+00	0.000000e+00	4.757275e+00	0.000000e+00	9.992660e-01	1.130656e-01	1.000000e+00	1.000000e+01
95	1.885909e-01	0.000000e+00	1.972326e-01	0.000000e+00	-2.206289e+00	0.000000e+00	-2.203632e+00	0.000000e+00	9.989491e-01	1.130656e-01	1.000000e+00	1.000000e+01
96	-2.154833e+00	0.000000e+00	-2.145645e+00	0.000000e+00	-2.343424e+00	0.000000e+00	-2.342878e+00	0.000000e+00	9.995187e-01	1.130656e-01	1.000000e+00	1.000000e+01
97	2.410642e+00	0.000000e+00	2.417387e+00	2.450905e-01	4.565475e+00	0.000000e+00	4.563033e+00	2.450905e-01	9.994722e-01	1.130656e-01	1.000000e+00	1.000000e+01
98	-9.098628e-01	0.000000e+00	-8.968657e-01	0.000000e+00	-3.320504e+00	0.000000e+00	-3.314253e+00	-2.450905e-01	9.983827e-01	1.130656e-01	1.000000e+00	1.000000e+01
99	2.578276e+00	0.000000e+00	2.589245e+00	0.000000e+00	3.488139e+00	0.000000e+00	3.486111e+00	0.000000e+00	9.992278e-01	1.130656e-01	1.000000e+00	1.000000e+01
100	-6.081781e-01	0.000000e+00	-5.956882e-01	0.000000e+00	-3.186454e+00	0.000000e+00	-3.184933e+00	0.000000e+00	9.994618e-01	1.130656e-01	1.000000e+00	1.000000e+01
101	2.807980e+00	0.000000e+00	2.819228e+00	0.000000e+00	3.416158e+00	0.000000e+00	3.414916e+00	0.000000e+00	9.996035e-01	1.130656e-01	1.000000e+00	1.000000e+01
102	-8.679036e-01	0.000000e+00	-8.535007e-01	0.000000e+00	-3.675884e+00	0.000000e+00	-3.672729e+00	0.000000e+00	9.992214e-01	1.130656e-01	1.000000e+00	1.000000e+01
103	2.571735e+00	0.000000e+00	2.582899e+00	5.954923e-01	3.439639e+00	0.000000e+00	3.436400e+00	5.954923e-01	9.990889e-01	1.130656e-01	1.000000e+00	1.000000e+01
104	-1.171625e+00	0.000000e+00	-1.156959e+00	0.000000e+00	-3.743360e+00	0.000000e+00	-3.739858e+00	-5.954923e-01	9.990685e-01	1.130656e-01	1.000000e+00	1.000000e+01
105	2.610907e+00	0.000000e+00	2.620733e+00	0.000000e+00	3.782532e+00	0.000000e+00	3.777692e+00	0.000000e+00	9.987783e-01	1.130656e-01	1.000000e+00	1.000000e+01
106	-6.349737e-01	0.000000e+00	-6.222561e-01	7.092092e-01	-3.245881e+00	0.000000e+00	-3.242989e+00	7.092092e-01	9.990423e-01	1.130656e-01	1.000000e+00	1.000000e+01
107	-3.004189e+00	0.000000e+00	-2.994885e+00	0.000000e+00	-2.369215e+00	0.000000e+00	-2.372628e+00	-7.092092e-01	1.000722e+00	1.130656e-01	1.000000e+00	1.000000e+01
108	-2.847633e+00	0.000000e+00	-2.848208e+00	0.000000e+00	1.565558e-01	0.000000e+00	1.466762e-01	0.000000e+00	9.999881e-01	1.130656e-01	1.000000e+00	1.000000e+01
109	-2.373132e+00	0.000000e+00	-2.374988e+00	0.000000e+00	4.745009e-01	0.000000e+00	4.732203e-01	0.000000e+00	9.997298e-01	1.130656e-01	1.000000e+00	1.000000e+01
110	-2.740586e+00	0.000000e+00	-2.739158e+00	9.286849e-02	-3.674534e-01	0.000000e+00	-3.641695e-01	9.286849e-02	9.992091e-01	1.130656e-01	1.000000e+00	1.000000e+01
111	-2.188517e+00	0.000000e+00	-2.190668e+00	0.000000e+00	5.520689e-01	0.000000e+00	5.484899e-01	-9.286849e-02	9.984940e-01	1.130656e-01	1.000000e+00	1.000000e+01
112	-2.780757e+00	0.000000e+00	-2.778452e+00	0.000000e+00	-5.922402e-01	0.000000e+00	-5.877842e-01	0.000000e+00	9.976410e-01	1.130656e-01	1.000000e+00	1.000000e+01
113	-2.580205e+00	0.000000e+00	-2.580980e+00	0.000000e+00	2.005517e-01	0.000000e+00	1.974722e-01	0.000000e+00	9.973976e-01	1.130656e-01	1.000000e+00	1.000000e+01
114	-2.598528e+00	0.000000e+00	-2.598459e+00	0.000000e+00	-1.832265e-02	0.000000e+00	-1.747970e-02	0.000000e+00	9.973907e-01	1.130656e-01	1.000000e+00	1.000000e+01
115	-2.634786e+00	0.000000e+00	-2.634644e+00	0.000000e+00	-3.625808e-02	0.000000e+00	-3.618473e-02	0.000000e+00	9.973911e-01	1.130656e-01	1.000000e+00	1.000000e+01
116	-2.597176e+00	4.527827e-03	-2.597322e+00	2.212052e-01	3.761027e-02	4.527827e-03	3.732201e-02	2.212052e-01	9.973785e-01	1.130641e-01	1.002469e+00	1.000030e+01
117	-2.104422e+00	0.000000e+00	-2.106347e+00	1.099128e+00	4.927539e-01	-4.527827e-03	4.909749e-01	8.779224e-01	9.973837e-01	1.130641e-01	1.092057e+00	9.999474e+00
118	-2.207986e+00	0.000000e+00	-2.207589e+00	0.000000e+00	-1.035638e-01	0.000000e+00	-1.012414e-01	-1.099128e+00	9.972833e-01	1.130641e-01	1.000000e+00	1.000000e+01
119	-3.061491e+00	0.000000e+00	-3.058155e+00	0.000000e+00	-8.535053e-01	0.000000e+00	-8.505667e-01	0.000000e+00	9.970991e-01	1.130641e-01	1.000000e+00	1.000000e+01
120	-2.297666e+00	0.000000e+00	-2.300637e+00	0.000000e+00	7.638246e-01	0.000000e+00	7.575184e-01	0.000000e+00	9.959502e-01	1.130641e-01	1.000000e+00	1.000000e+01
121	-2.855182e+00	0.000000e+00	-2.853016e+00	5.871639e-01	-5.575158e-01	0.000000e+00	-5.523789e-01	5.871639e-01	9.952903e-01	1.130641e-01	1.000000e+00	1.000000e+01
122	-2.273343e+00	0.000000e+00	-2.275607e+00	0.000000e+00	5.818395e-01	0.000000e+00	5.774090e-01	-5.871639e-01	9.948908e-01	1.130641e-01	1.000000e+00	1.000000e+01
123	-2.744696e+00	0.000000e+00	-2.742863e+00	0.000000e+00	-4.713532e-01	0.000000e+00	-4.672565e-01	0.000000e+00	9.945506e-01	1.130641e-01	1.000000e+00	1.000000e+01
124	-2.590272e+00	0.000000e+00	-2.590868e+00	0.000000e+00	1.544237e-01	0.000000e+00	1.519953e-01	0.000000e+00	9.944355e-01	1.130641e-01	1.000000e+00	1.000000e+01
125	-2.622190e+00	0.000000e+00	-2.622068e+00	8.167862e-01	-3.191790e-02	0.000000e+00	-3.119949e-02	8.167862e-01	9.944273e-01	1.130641e-01	1.000000e+00	1.000000e+01
126	-2.190593e+00	0.000000e+00	-2.192279e+00	0.000000e+00	4.315968e-01	0.000000e+00	4.297890e-01	-8.167862e-01	9.945394e-01	1.130641e-01	1.000000e+00	1.000000e+01
127	-2.837004e+00	0.000000e+00	-2.834485e+00	2.129828e-01	-6.464107e-01	0.000000e+00	-6.422068e-01	2.129828e-01	9.943681e-01	1.130641e-01	1.000000e+00	1.000000e+01
128	-2.185982e+00	0.000000e+00	-2.188515e+00	0.000000e+00	6.510224e-01	0.000000e+00	6.459707e-01	-2.129828e-01	9.940147e-01	1.130641e-01	1.000000e+00	1.000000e+01
129	-2.310443e+00	0.000000e+00	-2.309967e+00	0.000000e+00	-1.244619e-01	0.000000e+00	-1.214524e-01	0.000000e+00	9.938818e-01	1.130641e-01	1.000000e+00	1.000000e+01
130	-2.725561e+00	0.000000e+00	-2.723938e+00	0.000000e+00	-4.151180e-01	0.000000e+00	-4.139708e-01	0.000000e+00	9.941347e-01	1.130641e-01	1.000000e+00	1.000000e+01
131	-2.587228e+00	0.000000e+00	-2.587762e+00	0.000000e+00	1.383330e-01	0.000000e+00	1.361756e-01	0.000000e+00	9.940470e-01	1.130641e-01	1.000000e+00	1.000000e+01
132	-2.550713e+00	0.000000e+00	-2.550858e+00	4.284052e-01	3.651498e-02	0.000000e+00	3.690428e-02	4.284052e-01	9.940576e-01	1.130641e-01	1.000000e+00	1.000000e+01
133	-2.022214e+00	0.000000e+00	-2.024279e+00	0.000000e+00	5.284995e-01	0.000000e+00	5.265792e-01	-4.284052e-01	9.943264e-01	1.130641e-01	1.000000e+00	1.000000e+01
134	-2.511539e+00	0.000000e+00	-2.509635e+00	1.675480e-01	-4.893248e-01	0.000000e+00	-4.853564e-01	1.675480e-01	9.940789e-01	1.130641e-01	1.000000e+00	1.000000e+01
135	-2.177821e+00	0.000000e+00	-2.179117e+00	5.398399e-01	3.337180e-01	0.000000e+00	3.305185e-01	3.722919e-01	9.938952e-01	1.130641e-01	1.000000e+00	1.000000e+01
136	-2.001751e+00	0.000000e+00	-2.002444e+00	0.000000e+00	1.760692e-01	0.000000e+00	1.766725e-01	-5.398399e-01	9.940334e-01	1.130641e-01	1.000000e+00	1.000000e+01
137	-2.327508e+00	0.000000e+00	-2.326239e+00	0.000000e+00	-3.257568e-01	0.000000e+00	-3.237942e-01	0.000000e+00	9.940306e-01	1.130641e-01	1.000000e+00	1.000000e+01
138	-2.117835e+00	0.000000e+00	-2.118649e+00	0.000000e+00	2.096736e-01	0.000000e+00	2.075898e-01	0.000000e+00	9.939495e-01	1.130641e-01	1.000000e+00	1.000000e+01
139	-2.218757e+00	0.000000e+00	-2.218366e+00	0.000000e+00	-1.009219e-01	0.000000e+00	-9.971676e-02	0.000000e+00	9.939212e-01	1.130641e-01	1.000000e+00	1.000000e+01
140	-2.187200e+00	0.000000e+00	-2.187322e+00	0.000000e+00	3.155614e-02	0.000000e+00	3.104336e-02	0.000000e+00	9.939163e-01	1.130641e-01	1.000000e+00	1.000000e+01
141	-2.180952e+00	0.000000e+00	-2.180977e+00	1.955128e-01	6.248255e-03	0.000000e+00	6.345111e-03	1.955128e-01	9.939167e-01	1.130641e-01	1.000000e+00	1.000000e+01
142	-2.032958e+00	0.000000e+00	-2.033536e+00	0.000000e+00	1.479943e-01	0.000000e+00	1.474409e-01	-1.955128e-01	9.939409e-01	1.130641e-01	1.000000e+00	1.000000e+01
143	-2.199529e+00	0.000000e+00	-2.198880e+00	0.000000e+00	-1.665710e-01	0.000000e+00	-1.653443e-01	0.000000e+00	9.939239e-01	1.130641e-01	1.000000e+00	1.000000e+01
144	-2.146625e+00	0.000000e+00	-2.146829e+00	0.000000e+00	5.290416e-02	0.000000e+00	5.205163e-02	0.000000e+00	9.939106e-01	1.130641e-01	1.000000e+00	1.000000e+01
145	-2.152123e+00	0.000000e+00	-2.152102e+00	0.000000e+00	-5.498061e-03	0.000000e+00	-5.273258e-03	0.000000e+00	9.939101e-01	1.130641e-01	1.000000e+00	1.000000e+01
146	-2.160028e+00	0.000000e+00	-2.159997e+00	0.000000e+00	-7.905513e-03	0.000000e+00	-7.895231e-03	0.000000e+00	9.939102e-01	1.130641e-01	1.000000e+00	1.000000e+01
147	-2.150626e+00	0.000000e+00	-2.150662e+00	0.000000e+00	9.402474e-03	0.000000e+00	9.334905e-03	0.000000e+00	9.939102e-01	1.130641e-01	1.000000e+00	1.000000e+01
148	-2.159868e+00	0.000000e+00	-2.159832e+00	0.000000e+00	-9.241924e-03	0.000000e+00	-9.169358e-03	0.000000e+00	9.939101e-01	1.130641e-01	1.000000e+00	1.000000e+01
149	-2.151030e+00	0.000000e+00	-2.151064e+00	0.000000e+00	8.837657e-03	0.000000e+00	8.767317e-03	0.000000e+00	9.939100e-01	1.130641e-01	1.000000e+00	1.000000e+01
150	-2.161409e+00	0.000000e+00	-2.161368e+00	0.000000e+00	-1.037867e-02	0.000000e+00	-1.030388e-02	0.000000e+00	9.939100e-01	1.130641e-01	1.000000e+00	1.000000e+01
151	-2.145177e+00	0.000000e+00	-2.145240e+00	0.000000e+00	1.623194e-02	0.000000e+00	1.612829e-02	0.000000e+00	9.939099e-01	1.130641e-01	1.000000e+00	1.000000e+01
152	-2.171042e+00	0.000000e+00	-2.170941e+00	4.308874e-01	-2.586540e-02	0.000000e+00	-2.570136e-02	4.308874e-01	9.939099e-01	1.130641e-01	1.000000e+00	1.000000e+01
153	-2.077802e+00	0.000000e+00	-2.078165e+00	0.000000e+00	9.324057e-02	0.000000e+00	9.277596e-02	-4.308874e-01	9.939144e-01	1.130641e-01	1.000000e+00	1.000000e+01
154	-2.267447e+00	0.000000e+00	-2.266707e+00	2.053286e+00	-1.896452e-01	0.000000e+00	-1.885420e-01	2.053286e+00	9.939189e-01	1.130641e-01	1.000000e+00	1.000000e+01
155	-2.069502e+00	0.000000e+00	-2.070272e+00	1.107945e+00	1.979451e-01	0.000000e+00	1.964354e-01	-9.453408e-01	9.938907e-01	1.130641e-01	1.000000e+00	1.000000e+01
156	-1.977020e+00	0.000000e+00	-1.977385e+00	0.000000e+00	9.248147e-02	0.000000e+00	9.288754e-02	-1.107945e+00	9.939332e-01	1.130641e-01	1.000000e+00	1.000000e+01
157	-2.116261e+00	0.000000e+00	-2.115719e+00	0.000000e+00	-1.392410e-01	0.000000e+00	-1.383342e-01	0.000000e+00	9.939291e-01	1.130641e-01	1.000000e+00	1.000000e+01
158	-1.930411e+00	0.000000e+00	-1.931135e+00	0.000000e+00	1.858500e-01	0.000000e+00	1.845836e-01	0.000000e+00	9.939171e-01	1.130641e-01	1.000000e+00	1.000000e+01
159	-2.205898e+00	0.000000e+00	-2.204825e+00	0.000000e+00	-2.754867e-01	0.000000e+00	-2.736895e-01	0.000000e+00	9.939018e-01	1.130641e-01	1.000000e+00	1.000000e+01
160	-1.838675e+00	0.000000e+00	-1.840105e+00	0.000000e+00	3.672233e-01	0.000000e+00	3.647197e-01	0.000000e+00	9.938587e-01	1.130641e-01	1.000000e+00	1.000000e+01
161	-2.342726e+00	0.000000e+00	-2.340763e+00	0.000000e+00	-5.040516e-01	0.000000e+00	-5.006580e-01	0.000000e+00	9.937953e-01	1.130641e-01	1.000000e+00	1.000000e+01
162	-2.245775e+00	0.000000e+00	-2.246147e+00	0.000000e+00	9.695083e-02	0.000000e+00	9.461642e-02	0.000000e+00	9.937159e-01	1.130641e-01	1.000000e+00	1.000000e+01
163	-2.146939e+00	0.000000e+00	-2.147326e+00	0.000000e+00	9.883683e-02	0.000000e+00	9.882035e-02	0.000000e+00	9.937442e-01	1.130641e-01	1.000000e+00	1.000000e+01
164	-2.256802e+00	0.000000e+00	-2.256375e+00	0.000000e+00	-1.098635e-01	0.000000e+00	-1.090484e-01	0.000000e+00	9.937375e-01	1.130641e-01	1.000000e+00	1.000000e+01
165	-2.155578e+00	0.000000e+00	-2.155971e+00	0.000000e+00	1.012245e-01	0.000000e+00	1.004031e-01	0.000000e+00	9.937286e-01	1.130641e-01	1.000000e+00	1.000000e+01
166	-2.239351e+00	0.000000e+00	-2.239025e+00	1.860448e-01	-8.377288e-02	0.000000e+00	-8.305344e-02	1.860448e-01	9.937209e-01	1.130641e-01	1.000000e+00	1.000000e+01
167	-2.090471e+00	0.000000e+00	-2.091051e+00	0.000000e+00	1.488798e-01	0.000000e+00	1.479738e-01	-1.860448e-01	9.937229e-01	1.130641e-01	1.000000e+00	1.000000e+01
168	-2.293378e+00	0.000000e+00	-2.292587e+00	1.218618e+00	-2.029068e-01	0.000000e+00	-2.015361e-01	1.218618e+00	9.937137e-01	1.130641e-01	1.000000e+00	1.000000e+01
169	-2.126353e+00	0.000000e+00	-2.127002e+00	0.000000e+00	1.670244e-01	0.000000e+00	1.655847e-01	-1.218618e+00	9.936832e-01	1.130641e-01	1.000000e+00	1.000000e+01
170	-2.137575e+00	0.000000e+00	-2.137534e+00	5.956102e-01	-1.122242e-02	0.000000e+00	-1.053177e-02	5.956102e-01	9.936799e-01	1.130641e-01	1.000000e+00	1.000000e+01
171	-2.032711e+00	0.000000e+00	-2.033120e+00	0.000000e+00	1.048650e-01	0.000000e+00	1.044142e-01	-5.956102e-01	9.936904e-01	1.130641e-01	1.000000e+00	1.000000e+01
172	-2.093576e+00	0.000000e+00	-2.093340e+00	0.000000e+00	-6.086557e-02	0.000000e+00	-6.021995e-02	0.000000e+00	9.936829e-01	1.130641e-01	1.000000e+00	1.000000e+01
173	-2.035511e+00	0.000000e+00	-2.035737e+00	0.000000e+00	5.806487e-02	0.000000e+00	5.760282e-02	0.000000e+00	9.936803e-01	1.130641e-01	1.000000e+00	1.000000e+01
174	-2.111579e+00	0.000000e+00	-2.111282e+00	0.000000e+00	-7.606735e-02	0.000000e+00	-7.554520e-02	0.000000e+00	9.936788e-01	1.130641e-01	1.000000e+00	1.000000e+01
175	-2.019753e+00	0.000000e+00	-2.020111e+00	0.000000e+00	9.182526e-02	0.000000e+00	9.117147e-02	0.000000e+00	9.936756e-01	1.130641e-01	1.000000e+00	1.000000e+01
176	-2.160827e+00	0.000000e+00	-2.160277e+00	0.000000e+00	-1.410735e-01	0.000000e+00	-1.401663e-01	0.000000e+00	9.936746e-01	1.130641e-01	1.000000e+00	1.000000e+01
177	-2.186023e+00	0.000000e+00	-2.185922e+00	1.174939e+00	-2.519614e-02	0.000000e+00	-2.564524e-02	1.174939e+00	9.936819e-01	1.130641e-01	1.000000e+00	1.000000e+01
178	-1.991898e+00	0.000000e+00	-1.992656e+00	0.000000e+00	1.941245e-01	0.000000e+00	1.932660e-01	-1.174939e+00	9.937152e-01	1.130641e-01	1.000000e+00	1.000000e+01
179	-2.044238e+00	0.000000e+00	-2.044037e+00	0.000000e+00	-5.233991e-02	0.000000e+00	-5.138052e-02	0.000000e+00	9.936995e-01	1.130641e-01	1.000000e+00	1.000000e+01
180	-2.045915e+00	0.000000e+00	-2.045908e+00	0.000000e+00	-1.677030e-03	0.000000e+00	-1.871184e-03	0.000000e+00	9.936997e-01	1.130641e-01	1.000000e+00	1.000000e+01
181	-2.031721e+00	0.000000e+00	-2.031777e+00	0.000000e+00	1.419393e-02	0.000000e+00	1.413118e-02	0.000000e+00	9.936999e-01	1.130641e-01	1.000000e+00	1.000000e+01
182	-2.045106e+00	0.000000e+00	-2.045054e+00	0.000000e+00	-1.338410e-02	0.000000e+00	-1.327662e-02	0.000000e+00	9.936997e-01	1.130641e-01	1.000000e+00	1.000000e+01
183	-2.032432e+00	0.000000e+00	-2.032482e+00	0.000000e+00	1.267312e-02	0.000000e+00	1.257176e-02	0.000000e+00	9.936996e-01	1.130641e-01	1.000000e+00	1.000000e+01
184	-2.045262e+00	0.000000e+00	-2.045212e+00	0.000000e+00	-1.282918e-02	0.000000e+00	-1.272996e-02	0.000000e+00	9.936995e-01	1.130641e-01	1.000000e+00	1.000000e+01
185	-2.067575e+00	0.000000e+00	-2.067488e+00	0.000000e+00	-2.231353e-02	0.000000e+00	-2.227610e-02	0.000000e+00	9.937006e-01	1.130641e-01	1.000000e+00	1.000000e+01
186	-1.982778e+00	0.000000e+00	-1.983109e+00	0.000000e+00	8.479680e-02	0.000000e+00	8.437854e-02	0.000000e+00	9.937052e-01	1.130641e-01	1.000000e+00	1.000000e+01
187	-2.048986e+00	0.000000e+00	-2.048729e+00	0.000000e+00	-6.620750e-02	0.000000e+00	-6.561928e-02	0.000000e+00	9.936998e-01	1.130641e-01	1.000000e+00	1.000000e+01
188	-2.065262e+00	0.000000e+00	-2.065197e+00	6.974197e-01	-1.627612e-02	0.000000e+00	-1.646887e-02	6.974197e-01	9.937021e-01	1.130641e-01	1.000000e+00	1.000000e+01
189	-2.032948e+00	0.000000e+00	-2.033074e+00	9.272306e-01	3.231351e-02	0.000000e+00	3.212296e-02	2.298109e-01	9.937023e-01	1.130641e-01	1.000000e+00	1.000000e+01
190	-2.028919e+00	0.000000e+00	-2.028936e+00	0.000000e+00	4.029159e-03	0.000000e+00	4.138900e-03	-9.272306e-01	9.937026e-01	1.130641e-01	1.000000e+00	1.000000e+01
191	-2.026021e+00	0.000000e+00	-2.026032e+00	0.000000e+00	2.898492e-03	0.000000e+00	2.903338e-03	0.000000e+00	9.937026e-01	1.130641e-01	1.000000e+00	1.000000e+01
192	-2.028341e+00	0.000000e+00	-2.028332e+00	0.000000e+00	-2.319863e-03	0.000000e+00	-2.299460e-03	0.000000e+00	9.937026e-01	1.130641e-01	1.000000e+00	1.000000e+01
193	-1.972771e+00	0.000000e+00	-1.972988e+00	0.000000e+00	5.556982e-02	0.000000e+00	5.534377e-02	0.000000e+00	9.937059e-01	1.130641e-01	1.000000e+00	1.000000e+01
194	-2.022314e+00	0.000000e+00	-2.022121e+00	0.000000e+00	-4.954306e-02	0.000000e+00	-4.913335e-02	0.000000e+00	9.937036e-01	1.130641e-01	1.000000e+00	1.000000e+01
195	-2.033937e+00	0.000000e+00	-2.033890e+00	0.000000e+00	-1.162270e-02	0.000000e+00	-1.176923e-02	0.000000e+00	9.937048e-01	1.130641e-01	1.000000e+00	1.000000e+01
196	-2.020659e+00	0.000000e+00	-2.020711e+00	0.000000e+00	1.327742e-02	0.000000e+00	1.317958e-02	0.000000e+00	9.937047e-01	1.130641e-01	1.000000e+00	1.000000e+01
197	-2.018725e+00	0.000000e+00	-2.018733e+00	0.000000e+00	1.934480e-03	0.000000e+00	1.978406e-03	0.000000e+00	9.937047e-01	1.130641e-01	1.000000e+00	1.000000e+01
198	-1.984788e+00	0.000000e+00	-1.984920e+00	5.512538e-02	3.393711e-02	0.000000e+00	3.381227e-02	5.512538e-02	9.937062e-01	1.130641e-01	1.000000e+00	1.000000e+01
199	-2.007203e+00	0.000000e+00	-2.007116e+00	1.391652e-01	-2.241561e-02	0.000000e+00	-2.219597e-02	8.403982e-02	9.937053e-01	1.130641e-01	1.000000e+00	1.000000e+01
200	-2.020754e+00	0.000000e+00	-2.020701e+00	2.725758e-01	-1.355052e-02	0.000000e+00	-1.358429e-02	1.334106e-01	9.937061e-01	1.130641e-01	1.000000e+00	1.000000e+01
201	-2.017430e+00	0.000000e+00	-2.017443e+00	0.000000e+00	3.323518e-03	0.000000e+00	3.257472e-03	-2.725758e-01	9.937060e-01	1.130641e-01	1.000000e+00	1.000000e+01
202	-1.998146e+00	0.000000e+00	-1.998222e+00	0.000000e+00	1.928413e-02	0.000000e+00	1.922153e-02	0.000000e+00	9.937066e-01	1.130641e-01	1.000000e+00	1.000000e+01
203	-2.031234e+00	0.000000e+00	-2.031105e+00	0.000000e+00	-3.308815e-02	0.000000e+00	-3.288381e-02	0.000000e+00	9.937066e-01	1.130641e-01	1.000000e+00	1.000000e+01
204	-2.035897e+00	0.000000e+00	-2.035879e+00	0.000000e+00	-4.663084e-03	0.000000e+00	-4.773321e-03	0.000000e+00	9.937069e-01	1.130641e-01	1.000000e+00	1.000000e+01
205	-2.027735e+00	0.000000e+00	-2.027767e+00	3.653166e-01	8.162366e-03	0.000000e+00	8.111836e-03	3.653166e-01	9.937069e-01	1.130641e-01	1.000000e+00	1.000000e+01
206	-2.009954e+00	0.000000e+00	-2.010024e+00	0.000000e+00	1.778073e-02	0.000000e+00	1.774296e-02	-3.653166e-01	9.937076e-01	1.130641e-01	1.000000e+00	1.000000e+01
207	-2.002523e+00	0.000000e+00	-2.002552e+00	0.000000e+00	7.431517e-03	0.000000e+00	7.471796e-03	0.000000e+00	9.937079e-01	1.130641e-01	1.000000e+00	1.000000e+01
208	-2.026569e+00	0.000000e+00	-2.026475e+00	0.000000e+00	-2.404657e-02	0.000000e+00	-2.392345e-02	0.000000e+00	9.937082e-01	1.130641e-01	1.000000e+00	1.000000e+01
209	-2.020411e+00	0.000000e+00	-2.020435e+00	0.000000e+00	6.158357e-03	0.000000e+00	6.040850e-03	0.000000e+00	9.937080e-01	1.130641e-01	1.000000e+00	1.000000e+01
210	-2.017198e+00	0.000000e+00	-2.017210e+00	1.441640e-01	3.213407e-03	0.000000e+00	3.224452e-03	1.441640e-01	9.937080e-01	1.130641e-01	1.000000e+00	1.000000e+01
211	-2.039295e+00	0.000000e+00	-2.039209e+00	0.000000e+00	-2.209751e-02	0.000000e+00	-2.199859e-02	-1.441640e-01	9.937084e-01	1.130641e-01	1.000000e+00	1.000000e+01
212	-2.012127e+00	0.000000e+00	-2.012233e+00	0.000000e+00	2.716798e-02	0.000000e+00	2.697592e-02	0.000000e+00	9.937082e-01	1.130641e-01	1.000000e+00	1.000000e+01
213	-2.021487e+00	0.000000e+00	-2.021451e+00	1.802923e+00	-9.359864e-03	0.000000e+00	-9.217927e-03	1.802923e+00	9.937078e-01	1.130641e-01	1.000000e+00	1.000000e+01
214	-2.001901e+00	0.000000e+00	-2.001977e+00	0.000000e+00	1.958581e-02	0.000000e+00	1.947330e-02	-1.802923e+00	9.937079e-01	1.130641e-01	1.000000e+00	1.000000e+01
215	-2.011355e+00	0.000000e+00	-2.011318e+00	0.000000e+00	-9.453820e-03	0.000000e+00	-9.340823e-03	0.000000e+00	9.937076e-01	1.130641e-01	1.000000e+00	1.000000e+01
216	-2.021249e+00	0.000000e+00	-2.021210e+00	4.175171e-01	-9.894282e-03	0.000000e+00	-9.892120e-03	4.175171e-01	9.937079e-01	1.130641e-01	1.000000e+00	1.000000e+01
217	-2.014152e+00	0.000000e+00	-2.014180e+00	0.000000e+00	7.096913e-03	0.000000e+00	7.030550e-03	-4.175171e-01	9.937079e-01	1.130641e-01	1.000000e+00	1.000000e+01
218	-1.986545e+00	0.000000e+00	-1.986653e+00	0.000000e+00	2.760770e-02	0.000000e+00	2.752732e-02	0.000000e+00	9.937091e-01	1.130641e-01	1.000000e+00	1.000000e+01
219	-2.013052e+00	0.000000e+00	-2.012949e+00	0.000000e+00	-2.650753e-02	0.000000e+00	-2.629646e-02	0.000000e+00	9.937085e-01	1.130641e-01	1.000000e+00	1.000000e+01
220	-2.015674e+00	0.000000e+00	-2.015664e+00	0.000000e+00	-2.622341e-03	0.000000e+00	-2.714818e-03	0.000000e+00	9.937087e-01	1.130641e-01	1.000000e+00	1.000000e+01
221	-2.008128e+00	0.000000e+00	-2.008157e+00	3.070389e-02	7.546969e-03	0.000000e+00	7.506884e-03	3.070389e-02	9.937087e-01	1.130641e-01	1.000000e+00	1.000000e+01
222	-2.038630e+00	0.000000e+00	-2.038511e+00	1.122190e-01	-3.050290e-02	0.000000e+00	-3.035442e-02	8.151514e-02	9.937093e-01	1.130641e-01	1.000000e+00	1.000000e+01
223	-2.047166e+00	0.000000e+00	-2.047132e+00	2.896313e-01	-8.535346e-03	0.000000e+00	-8.620577e-03	1.774123e-01	9.937099e-01	1.130641e-01	1.000000e+00	1.000000e+01
224	-2.039660e+00	0.000000e+00	-2.039690e+00	3.936512e-01	7.505411e-03	0.000000e+00	7.442419e-03	1.040199e-01	9.937098e-01	1.130641e-01	1.000000e+00	1.000000e+01
225	-2.004786e+00	0.000000e+00	-2.004922e+00	0.000000e+00	3.487419e-02	0.000000e+00	3.476703e-02	-3.936512e-01	9.937117e-01	1.130641e-01	1.000000e+00	1.000000e+01
226	-1.971018e+00	0.000000e+00	-1.971150e+00	8.026443e-01	3.376823e-02	0.000000e+00	3.377213e-02	8.026443e-01	9.937151e-01	1.130641e-01	1.000000e+00	1.000000e+01
227	-2.011805e+00	0.000000e+00	-2.011646e+00	0.000000e+00	-4.078732e-02	0.000000e+00	-4.049607e-02	-8.026443e-01	9.937145e-01	1.130641e-01	1.000000e+00	1.000000e+01
228	-1.996759e+00	0.000000e+00	-1.996817e+00	0.000000e+00	1.504622e-02	0.000000e+00	1.482926e-02	0.000000e+00	9.937136e-01	1.130641e-01	1.000000e+00	1.000000e+01
229	-2.004812e+00	0.000000e+00	-2.004781e+00	0.000000e+00	-8.053150e-03	0.000000e+00	-7.963765e-03	0.000000e+00	9.937134e-01	1.130641e-01	1.000000e+00	1.000000e+01
230	-1.998596e+00	0.000000e+00	-1.998621e+00	0.000000e+00	6.215700e-03	0.000000e+00	6.160312e-03	0.000000e+00	9.937134e-01	1.130641e-01	1.000000e+00	1.000000e+01
231	-2.004723e+00	0.000000e+00	-2.004700e+00	1.946189e-01	-6.126960e-03	0.000000e+00	-6.078963e-03	1.946189e-01	9.937134e-01	1.130641e-01	1.000000e+00	1.000000e+01
232	-2.015986e+00	0.000000e+00	-2.015942e+00	0.000000e+00	-1.126232e-02	0.000000e+00	-1.124207e-02	-1.946189e-01	9.937136e-01	1.130641e-01	1.000000e+00	1.000000e+01
233	-1.983672e+00	0.000000e+00	-1.983798e+00	0.000000e+00	3.231335e-02	0.000000e+00	3.214321e-02	0.000000e+00	9.937141e-01	1.130641e-01	1.000000e+00	1.000000e+01
234	-2.027259e+00	0.000000e+00	-2.027089e+00	0.000000e+00	-4.358636e-02	0.000000e+00	-4.329054e-02	0.000000e+00	9.937137e-01	1.130641e-01	1.000000e+00	1.000000e+01
235	-1.966597e+00	0.000000e+00	-1.966833e+00	1.239553e+00	6.066209e-02	0.000000e+00	6.025603e-02	1.239553e+00	9.937130e-01	1.130641e-01	1.000000e+00	1.000000e+01
236	-2.015509e+00	0.000000e+00	-2.015319e+00	1.091795e+00	-4.891263e-02	0.000000e+00	-4.848619e-02	-1.477582e-01	9.937102e-01	1.130641e-01	1.000000e+00	1.000000e+01
237	-1.996616e+00	0.000000e+00	-1.996690e+00	0.000000e+00	1.889281e-02	0.000000e+00	1.862961e-02	-1.091795e+00	9.937089e-01	1.130641e-01	1.000000e+00	1.000000e+01
238	-1.988464e+00	0.000000e+00	-1.988496e+00	0.000000e+00	8.152659e-03	0.000000e+00	8.193585e-03	0.000000e+00	9.937093e-01	1.130641e-01	1.000000e+00	1.000000e+01
239	-2.005785e+00	0.000000e+00	-2.005717e+00	0.000000e+00	-1.732068e-02	0.000000e+00	-1.722101e-02	0.000000e+00	9.937094e-01	1.130641e-01	1.000000e+00	1.000000e+01
240	-1.986860e+00	0.000000e+00	-1.986933e+00	3.033265e-01	1.892477e-02	0.000000e+00	1.878358e-02	3.033265e-01	9.937092e-01	1.130641e-01	1.000000e+00	1.000000e+01
241	-1.989962e+00	0.000000e+00	-1.989951e+00	0.000000e+00	-3.102702e-03	0.000000e+00	-3.017209e-03	-3.033265e-01	9.937091e-01	1.130641e-01	1.000000e+00	1.000000e+01
242	-2.004290e+00	0.000000e+00	-2.004234e+00	0.000000e+00	-1.432788e-02	0.000000e+00	-1.428370e-02	0.000000e+00	9.937094e-01	1.130641e-01	1.000000e+00	1.000000e+01
243	-1.991773e+00	0.000000e+00	-1.991822e+00	0.000000e+00	1.251705e-02	0.000000e+00	1.241236e-02	0.000000e+00	9.937092e-01	1.130641e-01	1.000000e+00	1.000000e+01
244	-1.999161e+00	0.000000e+00	-1.999133e+00	0.000000e+00	-7.388231e-03	0.000000e+00	-7.310885e-03	0.000000e+00	9.937091e-01	1.130641e-01	1.000000e+00	1.000000e+01
245	-1.995295e+00	0.000000e+00	-1.995310e+00	0.000000e+00	3.866216e-03	0.000000e+00	3.822556e-03	0.000000e+00	9.937091e-01	1.130641e-01	1.000000e+00	1.000000e+01
246	-1.998203e+00	0.000000e+00	-1.998192e+00	3.996428e-01	-2.907937e-03	0.000000e+00	-2.881646e-03	3.996428e-01	9.937091e-01	1.130641e-01	1.000000e+00	1.000000e+01
247	-1.994626e+00	0.000000e+00	-1.994640e+00	0.000000e+00	3.576762e-03	0.000000e+00	3.551534e-03	-3.996428e-01	9.937091e-01	1.130641e-01	1.000000e+00	1.000000e+01
248	-1.998408e+00	0.000000e+00	-1.998393e+00	0.000000e+00	-3.781277e-03	0.000000e+00	-3.752633e-03	0.000000e+00	9.937091e-01	1.130641e-01	1.000000e+00	1.000000e+01
249	-1.993733e+00	0.000000e+00	-1.993751e+00	0.000000e+00	4.675133e-03	0.000000e+00	4.642212e-03	0.000000e+00	9.937091e-01	1.130641e-01	1.000000e+00	1.000000e+01
250	-2.000540e+00	0.000000e+00	-2.000514e+00	0.000000e+00	-6.807786e-03	0.000000e+00	-6.763060e-03	0.000000e+00	9.937090e-01	1.130641e-01	1.000000e+00	1.000000e+01
251	-1.989819e+00	0.000000e+00	-1.989861e+00	0.000000e+00	1.072150e-02	0.000000e+00	1.065320e-02	0.000000e+00	9.937090e-01	1.130641e-01	1.000000e+00	1.000000e+01
252	-2.005714e+00	0.000000e+00	-2.005652e+00	0.000000e+00	-1.589551e-02	0.000000e+00	-1.579180e-02	0.000000e+00	9.937090e-01	1.130641e-01	1.000000e+00	1.000000e+01
253	-2.028926e+00	0.000000e+00	-2.028836e+00	3.842966e-01	-2.321209e-02	0.000000e+00	-2.318311e-02	3.842966e-01	9.937103e-01	1.130641e-01	1.000000e+00	1.000000e+01
254	-1.994241e+00	0.000000e+00	-1.994377e+00	0.000000e+00	3.468509e-02	0.000000e+00	3.445905e-02	-3.842966e-01	9.937102e-01	1.130641e-01	1.000000e+00	1.000000e+01
255	-1.984657e+00	0.000000e+00	-1.984695e+00	0.000000e+00	9.584646e-03	0.000000e+00	9.681811e-03	0.000000e+00	9.937109e-01	1.130641e-01	1.000000e+00	1.000000e+01
256	-2.010852e+00	0.000000e+00	-2.010750e+00	7.733633e-01	-2.619504e-02	0.000000e+00	-2.605490e-02	7.733633e-01	9.937112e-01	1.130641e-01	1.000000e+00	1.000000e+01
257	-1.995426e+00	0.000000e+00	-1.995486e+00	0.000000e+00	1.542538e-02	0.000000e+00	1.526335e-02	-7.733633e-01	9.937107e-01	1.130641e-01	1.000000e+00	1.000000e+01
258	-2.013216e+00	0.000000e+00	-2.013147e+00	0.000000e+00	-1.779003e-02	0.000000e+00	-1.766092e-02	0.000000e+00	9.937106e-01	1.130641e-01	1.000000e+00	1.000000e+01
259	-1.954706e+00	0.000000e+00	-1.954934e+00	0.000000e+00	5.851034e-02	0.000000e+00	5.821280e-02	0.000000e+00	9.937125e-01	1.130641e-01	1.000000e+00	1.000000e+01
260	-2.058857e+00	0.000000e+00	-2.058451e+00	0.000000e+00	-1.041507e-01	0.000000e+00	-1.035165e-01	0.000000e+00	9.937135e-01	1.130641e-01	1.000000e+00	1.000000e+01
261	-2.027606e+00	0.000000e+00	-2.027727e+00	0.000000e+00	3.125061e-02	0.000000e+00	3.072417e-02	0.000000e+00	9.937086e-01	1.130641e-01	1.000000e+00	1.000000e+01
262	-2.000582e+00	0.000000e+00	-2.000688e+00	7.849952e-01	2.702458e-02	0.000000e+00	2.703903e-02	7.849952e-01	9.937110e-01	1.130641e-01	1.000000e+00	1.000000e+01
263	-1.983603e+00	0.000000e+00	-1.983670e+00	0.000000e+00	1.697855e-02	0.000000e+00	1.701785e-02	-7.849952e-01	9.937122e-01	1.130641e-01	1.000000e+00	1.000000e+01
264	-1.997080e+00	0.000000e+00	-1.997028e+00	0.000000e+00	-1.347699e-02	0.000000e+00	-1.335787e-02	0.000000e+00	9.937120e-01	1.130641e-01	1.000000e+00	1.000000e+01
265	-1.980258e+00	0.000000e+00	-1.980323e+00	0.000000e+00	1.682247e-02	0.000000e+00	1.670457e-02	0.000000e+00	9.937119e-01	1.130641e-01	1.000000e+00	1.000000e+01
266	-2.007884e+00	0.000000e+00	-2.007776e+00	6.440564e-01	-2.762647e-02	0.000000e+00	-2.745330e-02	6.440564e-01	9.937119e-01	1.130641e-01	1.000000e+00	1.000000e+01
267	-1.995875e+00	0.000000e+00	-1.995921e+00	0.000000e+00	1.200942e-02	0.000000e+00	1.185527e-02	-6.440564e-01	9.937114e-01	1.130641e-01	1.000000e+00	1.000000e+01
268	-1.973032e+00	0.000000e+00	-1.973122e+00	0.000000e+00	2.284245e-02	0.000000e+00	2.279953e-02	0.000000e+00	9.937125e-01	1.130641e-01	1.000000e+00	1.000000e+01
269	-2.002642e+00	0.000000e+00	-2.002526e+00	0.000000e+00	-2.960932e-02	0.000000e+00	-2.940460e-02	0.000000e+00	9.937123e-01	1.130641e-01	1.000000e+00	1.000000e+01
270	-1.979085e+00	0.000000e+00	-1.979177e+00	0.000000e+00	2.355616e-02	0.000000e+00	2.334929e-02	0.000000e+00	9.937116e-01	1.130641e-01	1.000000e+00	1.000000e+01
271	-1.996760e+00	0.000000e+00	-1.996691e+00	0.000000e+00	-1.767452e-02	0.000000e+00	-1.751427e-02	0.000000e+00	9.937112e-01	1.130641e-01	1.000000e+00	1.000000e+01
272	-1.982207e+00	0.000000e+00	-1.982263e+00	2.003212e-01	1.455336e-02	0.000000e+00	1.442810e-02	2.003212e-01	9.937110e-01	1.130641e-01	1.000000e+00	1.000000e+01
273	-1.990371e+00	0.000000e+00	-1.990339e+00	0.000000e+00	-8.164426e-03	0.000000e+00	-8.076174e-03	-2.003212e-01	9.937108e-01	1.130641e-01	1.000000e+00	1.000000e+01
274	-1.990210e+00	0.000000e+00	-1.990210e+00	7.463958e-01	1.610356e-04	0.000000e+00	1.288590e-04	7.463958e-01	9.937108e-01	1.130641e-01	1.000000e+00	1.000000e+01
275	-1.992943e+00	0.000000e+00	-1.992932e+00	0.000000e+00	-2.732629e-03	0.000000e+00	-2.721452e-03	-7.463958e-01	9.937108e-01	1.130641e-01	1.000000e+00	1.000000e+01
276	-1.941406e+00	0.000000e+00	-1.941608e+00	0.000000e+00	5.153618e-02	0.000000e+00	5.132423e-02	0.000000e+00	9.937136e-01	1.130641e-01	1.000000e+00	1.000000e+01
277	-1.993829e+00	0.000000e+00	-1.993625e+00	0.000000e+00	-5.242299e-02	0.000000e+00	-5.201772e-02	0.000000e+00	9.937117e-01	1.130641e-01	1.000000e+00	1.000000e+01
278	-1.972233e+00	0.000000e+00	-1.972316e+00	0.000000e+00	2.159677e-02	0.000000e+00	2.130922e-02	0.000000e+00	9.937101e-01	1.130641e-01	1.000000e+00	1.000000e+01
279	-1.972528e+00	0.000000e+00	-1.972527e+00	0.000000e+00	-2.951723e-04	0.000000e+00	-2.107801e-04	0.000000e+00	9.937101e-01	1.130641e-01	1.000000e+00	1.000000e+01
280	-1.977705e+00	0.000000e+00	-1.977685e+00	0.000000e+00	-5.177060e-03	0.000000e+00	-5.157660e-03	0.000000e+00	9.937101e-01	1.130641e-01	1.000000e+00	1.000000e+01
281	-1.973451e+00	0.000000e+00	-1.973468e+00	0.000000e+00	4.253432e-03	0.000000e+00	4.216670e-03	0.000000e+00	9.937101e-01	1.130641e-01	1.000000e+00	1.000000e+01
282	-1.976141e+00	0.000000e+00	-1.976131e+00	0.000000e+00	-2.689750e-03	0.000000e+00	-2.662772e-03	0.000000e+00	9.937101e-01	1.130641e-01	1.000000e+00	1.000000e+01
283	-1.974899e+00	0.000000e+00	-1.974904e+00	0.000000e+00	1.241850e-03	0.000000e+00	1.226597e-03	0.000000e+00	9.937101e-01	1.130641e-01	1.000000e+00	1.000000e+01
284	-1.975365e+00	0.000000e+00	-1.975363e+00	5.275556e-01	-4.653717e-04	0.000000e+00	-4.587625e-04	5.275556e-01	9.937101e-01	1.130641e-01	1.000000e+00	1.000000e+01
285	-1.991899e+00	0.000000e+00	-1.991834e+00	0.000000e+00	-1.653395e-02	0.000000e+00	-1.647115e-02	-5.275556e-01	9.937104e-01	1.130641e-01	1.000000e+00	1.000000e+01
286	-1.966020e+00	0.000000e+00	-1.966121e+00	0.000000e+00	2.587823e-02	0.000000e+00	2.571281e-02	0.000000e+00	9.937104e-01	1.130641e-01	1.000000e+00	1.000000e+01
287	-1.981736e+00	0.000000e+00	-1.981676e+00	8.821487e-01	-1.571614e-02	0.000000e+00	-1.555431e-02	8.821487e-01	9.937099e-01	1.130641e-01	1.000000e+00	1.000000e+01
288	-1.994310e+00	0.000000e+00	-1.994261e+00	0.000000e+00	-1.257339e-02	0.000000e+00	-1.258503e-02	-8.821487e-01	9.937105e-01	1.130641e-01	1.000000e+00	1.000000e+01
289	-1.975509e+00	0.000000e+00	-1.975582e+00	0.000000e+00	1.880113e-02	0.000000e+00	1.867853e-02	0.000000e+00	9.937104e-01	1.130641e-01	1.000000e+00	1.000000e+01
290	-1.975446e+00	0.000000e+00	-1.975447e+00	0.000000e+00	6.276509e-05	0.000000e+00	1.354829e-04	0.000000e+00	9.937104e-01	1.130641e-01	1.000000e+00	1.000000e+01
291	-1.980122e+00	0.000000e+00	-1.980104e+00	0.000000e+00	-4.676365e-03	0.000000e+00	-4.657568e-03	0.000000e+00	9.937105e-01	1.130641e-01	1.000000e+00	1.000000e+01
292	-1.978615e+00	0.000000e+00	-1.978621e+00	0.000000e+00	1.507526e-03	0.000000e+00	1.483444e-03	0.000000e+00	9.937104e-01	1.130641e-01	1.000000e+00	1.000000e+01
293	-1.978814e+00	0.000000e+00	-1.978813e+00	0.000000e+00	-1.992684e-04	0.000000e+00	-1.926953e-04	0.000000e+00	9.937104e-01	1.130641e-01	1.000000e+00	1.000000e+01
294	-1.978929e+00	0.000000e+00	-1.978929e+00	0.000000e+00	-1.149488e-04	0.000000e+00	-1.152525e-04	0.000000e+00	9.937104e-01	1.130641e-01	1.000000e+00	1.000000e+01
295	-1.974053e+00	0.000000e+00	-1.974072e+00	9.500114e-01	4.876139e-03	0.000000e+00	4.856642e-03	9.500114e-01	9.937105e-01	1.130641e-01	1.000000e+00	1.000000e+01
296	-1.991726e+00	0.000000e+00	-1.991657e+00	2.480269e-01	-1.767291e-02	0.000000e+00	-1.758491e-02	-7.019845e-01	9.937107e-01	1.130641e-01	1.000000e+00	1.000000e+01
297	-1.996675e+00	0.000000e+00	-1.996656e+00	0.000000e+00	-4.949283e-03	0.000000e+00	-4.998641e-03	-2.480269e-01	9.937109e-01	1.130641e-01	1.000000e+00	1.000000e+01
298	-1.958740e+00	0.000000e+00	-1.958888e+00	0.000000e+00	3.793526e-02	0.000000e+00	3.776755e-02	0.000000e+00	9.937121e-01	1.130641e-01	1.000000e+00	1.000000e+01
299	-1.980264e+00	0.000000e+00	-1.980180e+00	0.000000e+00	-2.152367e-02	0.000000e+00	-2.129206e-02	0.000000e+00	9.937112e-01	1.130641e-01	1.000000e+00	1.000000e+01
300	-1.977045e+00	0.000000e+00	-1.977057e+00	0.000000e+00	3.218683e-03	0.000000e+00	3.122938e-03	0.000000e+00	9.937110e-01	1.130641e-01	1.000000e+00	1.000000e+01
301	-1.973938e+00	0.000000e+00	-1.973950e+00	0.000000e+00	3.106890e-03	0.000000e+00	3.106953e-03	0.000000e+00	9.937111e-01	1.130641e-01	1.000000e+00	1.000000e+01
302	-1.978114e+00	0.000000e+00	-1.978097e+00	2.335883e-02	-4.175754e-03	0.000000e+00	-4.147306e-03	2.335883e-02	9.937111e-01	1.130641e-01	1.000000e+00	1.000000e+01
303	-1.994818e+00	0.000000e+00	-1.994753e+00	0.000000e+00	-1.670427e-02	0.000000e+00	-1.665522e-02	-2.335883e-02	9.937115e-01	1.130641e-01	1.000000e+00	1.000000e+01
304	-1.957786e+00	0.000000e+00	-1.957930e+00	0.000000e+00	3.703193e-02	0.000000e+00	3.682221e-02	0.000000e+00	9.937119e-01	1.130641e-01	1.000000e+00	1.000000e+01
305	-1.984951e+00	0.000000e+00	-1.984846e+00	1.964150e-01	-2.716518e-02	0.000000e+00	-2.691523e-02	1.964150e-01	9.937109e-01	1.130641e-01	1.000000e+00	1.000000e+01
306	-1.999410e+00	0.000000e+00	-1.999353e+00	0.000000e+00	-1.445831e-02	0.000000e+00	-1.450697e-02	-1.964150e-01	9.937118e-01	1.130641e-01	1.000000e+00	1.000000e+01
307	-1.954991e+00	0.000000e+00	-1.955164e+00	0.000000e+00	4.441866e-02	0.000000e+00	4.418848e-02	0.000000e+00	9.937129e-01	1.130641e-01	1.000000e+00	1.000000e+01
308	-1.975568e+00	0.000000e+00	-1.975488e+00	0.000000e+00	-2.057678e-02	0.000000e+00	-2.032379e-02	0.000000e+00	9.937117e-01	1.130641e-01	1.000000e+00	1.000000e+01
309	-1.974705e+00	0.000000e+00	-1.974708e+00	7.998900e-01	8.627252e-04	0.000000e+00	7.799654e-04	7.998900e-01	9.937116e-01	1.130641e-01	1.000000e+00	1.000000e+01
310	-1.989585e+00	0.000000e+00	-1.989527e+00	7.717821e-02	-1.488050e-02	0.000000e+00	-1.481933e-02	-7.227117e-01	9.937119e-01	1.130641e-01	1.000000e+00	1.000000e+01
311	-1.981285e+00	0.000000e+00	-1.981318e+00	0.000000e+00	8.300006e-03	0.000000e+00	8.209696e-03	-7.717821e-02	9.937117e-01	1.130641e-01	1.000000e+00	1.000000e+01
312	-1.938903e+00	0.000000e+00	-1.939069e+00	0.000000e+00	4.238222e-02	0.000000e+00	4.224873e-02	0.000000e+00	9.937144e-01	1.130641e-01	1.000000e+00	1.000000e+01
313	-2.012322e+00	0.000000e+00	-2.012036e+00	0.000000e+00	-7.341858e-02	0.000000e+00	-7.296676e-02	0.000000e+00	9.937147e-01	1.130641e-01	1.000000e+00	1.000000e+01
314	-1.983358e+00	0.000000e+00	-1.983470e+00	0.000000e+00	2.896339e-02	0.000000e+00	2.856522e-02	0.000000e+00	9.937118e-01	1.130641e-01	1.000000e+00	1.000000e+01
315	-1.935706e+00	0.000000e+00	-1.935892e+00	0.000000e+00	4.765282e-02	0.000000e+00	4.757826e-02	0.000000e+00	9.937169e-01	1.130641e-01	1.000000e+00	1.000000e+01
316	-2.029594e+00	0.000000e+00	-2.029228e+00	1.769596e+00	-9.388870e-02	0.000000e+00	-9.333609e-02	1.769596e+00	9.937185e-01	1.130641e-01	1.000000e+00	1.000000e+01
317	-1.959325e+00	0.000000e+00	-1.959598e+00	0.000000e+00	7.026910e-02	0.000000e+00	6.963001e-02	-1.769596e+00	9.937119e-01	1.130641e-01	1.000000e+00	1.000000e+01
318	-1.916687e+00	0.000000e+00	-1.916855e+00	0.000000e+00	4.263769e-02	0.000000e+00	4.274313e-02	0.000000e+00	9.937195e-01	1.130641e-01	1.000000e+00	1.000000e+01
319	-1.956675e+00	0.000000e+00	-1.956519e+00	3.563121e-01	-3.998705e-02	0.000000e+00	-3.966388e-02	3.563121e-01	9.937181e-01	1.130641e-01	1.000000e+00	1.000000e+01
320	-1.985404e+00	0.000000e+00	-1.985291e+00	0.000000e+00	-2.872908e-02	0.000000e+00	-2.877180e-02	-3.563121e-01	9.937212e-01	1.130641e-01	1.000000e+00	1.000000e+01
321	-1.933014e+00	0.000000e+00	-1.933218e+00	0.000000e+00	5.238992e-02	0.000000e+00	5.207288e-02	0.000000e+00	9.937215e-01	1.130641e-01	1.000000e+00	1.000000e+01
322	-1.942739e+00	0.000000e+00	-1.942702e+00	0.000000e+00	-9.724998e-03	0.000000e+00	-9.483600e-03	0.000000e+00	9.937206e-01	1.130641e-01	1.000000e+00	1.000000e+01
323	-1.950234e+00	0.000000e+00	-1.950205e+00	1.242107e+00	-7.495561e-03	0.000000e+00	-7.503326e-03	1.242107e+00	9.937208e-01	1.130641e-01	1.000000e+00	1.000000e+01
324	-1.970035e+00	0.000000e+00	-1.969958e+00	0.000000e+00	-1.980105e-02	0.000000e+00	-1.975301e-02	-1.242107e+00	9.937215e-01	1.130641e-01	1.000000e+00	1.000000e+01
325	-1.933401e+00	0.000000e+00	-1.933544e+00	0.000000e+00	3.663416e-02	0.000000e+00	3.641390e-02	0.000000e+00	9.937217e-01	1.130641e-01	1.000000e+00	1.000000e+01
326	-1.980084e+00	0.000000e+00	-1.979902e+00	0.000000e+00	-4.668290e-02	0.000000e+00	-4.635831e-02	0.000000e+00	9.937210e-01	1.130641e-01	1.000000e+00	1.000000e+01
327	-1.923710e+00	0.000000e+00	-1.923929e+00	0.000000e+00	5.637442e-02	0.000000e+00	5.597312e-02	0.000000e+00	9.937197e-01	1.130641e-01	1.000000e+00	1.000000e+01
328	-1.995057e+00	0.000000e+00	-1.994779e+00	0.000000e+00	-7.134737e-02	0.000000e+00	-7.085003e-02	0.000000e+00	9.937181e-01	1.130641e-01	1.000000e+00	1.000000e+01
329	-1.886603e+00	0.000000e+00	-1.887026e+00	0.000000e+00	1.084536e-01	0.000000e+00	1.077532e-01	0.000000e+00	9.937171e-01	1.130641e-01	1.000000e+00	1.000000e+01
330	-1.926421e+00	0.000000e+00	-1.926267e+00	0.000000e+00	-3.981791e-02	0.000000e+00	-3.924146e-02	0.000000e+00	9.937109e-01	1.130641e-01	1.000000e+00	1.000000e+01
331	-1.945076e+00	0.000000e+00	-1.945003e+00	0.000000e+00	-1.865509e-02	0.000000e+00	-1.873551e-02	0.000000e+00	9.937127e-01	1.130641e-01	1.000000e+00	1.000000e+01
332	-1.932281e+00	0.000000e+00	-1.932330e+00	0.000000e+00	1.279576e-02	0.000000e+00	1.267260e-02	0.000000e+00	9.937124e-01	1.130641e-01	1.000000e+00	1.000000e+01
333	-1.932847e+00	0.000000e+00	-1.932845e+00	4.642016e-01	-5.661730e-04	0.000000e+00	-5.144590e-04	4.642016e-01	9.937124e-01	1.130641e-01	1.000000e+00	1.000000e+01
334	-1.974378e+00	0.000000e+00	-1.974216e+00	3.256312e-01	-4.153150e-02	0.000000e+00	-4.137128e-02	-1.385703e-01	9.937144e-01	1.130641e-01	1.000000e+00	1.000000e+01
335	-1.974497e+00	0.000000e+00	-1.974495e+00	0.000000e+00	-1.181741e-04	0.000000e+00	-2.793191e-04	-3.256312e-01	9.937144e-01	1.130641e-01	1.000000e+00	1.000000e+01
336	-1.904289e+00	0.000000e+00	-1.904564e+00	0.000000e+00	7.020713e-02	0.000000e+00	6.993180e-02	0.000000e+00	9.937199e-01	1.130641e-01	1.000000e+00	1.000000e+01
337	-2.012810e+00	0.000000e+00	-2.012387e+00	6.885745e-01	-1.085208e-01	0.000000e+00	-1.078237e-01	6.885745e-01	9.937191e-01	1.130641e-01	1.000000e+00	1.000000e+01
338	-1.974686e+00	0.000000e+00	-1.974833e+00	0.000000e+00	3.812437e-02	0.000000e+00	3.755426e-02	-6.885745e-01	9.937132e-01	1.130641e-01	1.000000e+00	1.000000e+01
339	-1.870328e+00	0.000000e+00	-1.870736e+00	8.040748e-01	1.043580e-01	0.000000e+00	1.040971e-01	8.040748e-01	9.937326e-01	1.130641e-01	1.000000e+00	1.000000e+01
340	-1.946650e+00	0.000000e+00	-1.946354e+00	0.000000e+00	-7.632260e-02	0.000000e+00	-7.561783e-02	-8.040748e-01	9.937244e-01	1.130641e-01	1.000000e+00	1.000000e+01
341	-1.980147e+00	0.000000e+00	-1.980015e+00	0.000000e+00	-3.349661e-02	0.000000e+00	-3.366114e-02	0.000000e+00	9.937304e-01	1.130641e-01	1.000000e+00	1.000000e+01
342	-1.921283e+00	0.000000e+00	-1.921513e+00	0.000000e+00	5.886378e-02	0.000000e+00	5.850236e-02	0.000000e+00	9.937306e-01	1.130641e-01	1.000000e+00	1.000000e+01
343	-2.022070e+00	0.000000e+00	-2.021678e+00	0.000000e+00	-1.007873e-01	0.000000e+00	-1.001650e-01	0.000000e+00	9.937311e-01	1.130641e-01	1.000000e+00	1.000000e+01
344	-1.845244e+00	0.000000e+00	-1.845933e+00	0.000000e+00	1.768262e-01	0.000000e+00	1.757442e-01	0.000000e+00	9.937333e-01	1.130641e-01	1.000000e+00	1.000000e+01
345	-1.929014e+00	0.000000e+00	-1.928689e+00	0.000000e+00	-8.376924e-02	0.000000e+00	-8.275552e-02	0.000000e+00	9.937139e-01	1.130641e-01	1.000000e+00	1.000000e+01
346	-2.044414e+00	0.000000e+00	-2.043962e+00	0.000000e+00	-1.154007e-01	0.000000e+00	-1.152732e-01	0.000000e+00	9.937464e-01	1.130641e-01	1.000000e+00	1.000000e+01
347	-1.835804e+00	0.000000e+00	-1.836617e+00	0.000000e+00	2.086101e-01	0.000000e+00	2.073449e-01	0.000000e+00	9.937503e-01	1.130641e-01	1.000000e+00	1.000000e+01
348	-2.107814e+00	0.000000e+00	-2.106755e+00	0.000000e+00	-2.720103e-01	0.000000e+00	-2.701378e-01	0.000000e+00	9.937288e-01	1.130641e-01	1.000000e+00	1.000000e+01
349	-2.031668e+00	0.000000e+00	-2.031961e+00	6.333900e-01	7.614628e-02	0.000000e+00	7.479361e-02	6.333900e-01	9.936972e-01	1.130641e-01	1.000000e+00	1.000000e+01
350	-1.926527e+00	0.000000e+00	-1.926939e+00	0.000000e+00	1.051410e-01	0.000000e+00	1.050225e-01	-6.333900e-01	9.937242e-01	1.130641e-01	1.000000e+00	1.000000e+01
351	-1.996918e+00	0.000000e+00	-1.996645e+00	0.000000e+00	-7.039111e-02	0.000000e+00	-6.970590e-02	0.000000e+00	9.937161e-01	1.130641e-01	1.000000e+00	1.000000e+01
352	-1.894365e+00	0.000000e+00	-1.894765e+00	0.000000e+00	1.025528e-01	0.000000e+00	1.018799e-01	0.000000e+00	9.937147e-01	1.130641e-01	1.000000e+00	1.000000e+01
353	-2.067267e+00	0.000000e+00	-2.066593e+00	0.000000e+00	-1.729011e-01	0.000000e+00	-1.718277e-01	0.000000e+00	9.937158e-01	1.130641e-01	1.000000e+00	1.000000e+01
354	-1.988158e+00	0.000000e+00	-1.988465e+00	0.000000e+00	7.910816e-02	0.000000e+00	7.812794e-02	0.000000e+00	9.936977e-01	1.130641e-01	1.000000e+00	1.000000e+01
355	-1.958612e+00	0.000000e+00	-1.958729e+00	1.281503e+00	2.954641e-02	0.000000e+00	2.973618e-02	1.281503e+00	9.937030e-01	1.130641e-01	1.000000e+00	1.000000e+01
356	-1.965498e+00	0.000000e+00	-1.965472e+00	0.000000e+00	-6.886244e-03	0.000000e+00	-6.743187e-03	-1.281503e+00	9.937027e-01	1.130641e-01	1.000000e+00	1.000000e+01
357	-1.987061e+00	0.000000e+00	-1.986976e+00	0.000000e+00	-2.156262e-02	0.000000e+00	-2.150473e-02	0.000000e+00	9.937035e-01	1.130641e-01	1.000000e+00	1.000000e+01
358	-1.955619e+00	0.000000e+00	-1.955742e+00	0.000000e+00	3.144154e-02	0.000000e+00	3.123472e-02	0.000000e+00	9.937033e-01	1.130641e-01	1.000000e+00	1.000000e+01
359	-1.992130e+00	0.000000e+00	-1.991988e+00	0.000000e+00	-3.651067e-02	0.000000e+00	-3.624604e-02	0.000000e+00	9.937027e-01	1.130641e-01	1.000000e+00	1.000000e+01
360	-1.946567e+00	0.000000e+00	-1.946744e+00	0.000000e+00	4.556297e-02	0.000000e+00	4.524341e-02	0.000000e+00	9.937020e-01	1.130641e-01	1.000000e+00	1.000000e+01
361	-2.009732e+00	0.000000e+00	-2.009486e+00	4.866651e-01	-6.316516e-02	0.000000e+00	-6.274169e-02	4.866651e-01	9.937013e-01	1.130641e-01	1.000000e+00	1.000000e+01
362	-1.971630e+00	0.000000e+00	-1.971778e+00	0.000000e+00	3.810197e-02	0.000000e+00	3.770805e-02	-4.866651e-01	9.936985e-01	1.130641e-01	1.000000e+00	1.000000e+01
363	-1.945947e+00	0.000000e+00	-1.946048e+00	0.000000e+00	2.568271e-02	0.000000e+00	2.572968e-02	0.000000e+00	9.937010e-01	1.130641e-01	1.000000e+00	1.000000e+01
364	-1.989078e+00	0.000000e+00	-1.988910e+00	0.000000e+00	-4.313070e-02	0.000000e+00	-4.286171e-02	0.000000e+00	9.937011e-01	1.130641e-01	1.000000e+00	1.000000e+01
365	-1.932823e+00	0.000000e+00	-1.933042e+00	0.000000e+00	5.625558e-02	0.000000e+00	5.586841e-02	0.000000e+00	9.937002e-01	1.130641e-01	1.000000e+00	1.000000e+01
366	-2.023436e+00	0.000000e+00	-2.023083e+00	0.000000e+00	-9.061385e-02	0.000000e+00	-9.004165e-02	0.000000e+00	9.937001e-01	1.130641e-01	1.000000e+00	1.000000e+01
367	-1.987362e+00	0.000000e+00	-1.987502e+00	0.000000e+00	3.607441e-02	0.000000e+00	3.558177e-02	0.000000e+00	9.936956e-01	1.130641e-01	1.000000e+00	1.000000e+01
368	-1.975319e+00	0.000000e+00	-1.975366e+00	7.513519e-02	1.204311e-02	0.000000e+00	1.213506e-02	7.513519e-02	9.936966e-01	1.130641e-01	1.000000e+00	1.000000e+01
369	-1.965749e+00	0.000000e+00	-1.965787e+00	0.000000e+00	9.569505e-03	0.000000e+00	9.579526e-03	-7.513519e-02	9.936969e-01	1.130641e-01	1.000000e+00	1.000000e+01
370	-1.989535e+00	0.000000e+00	-1.989442e+00	1.146503e+00	-2.378562e-02	0.000000e+00	-2.365529e-02	1.146503e+00	9.936971e-01	1.130641e-01	1.000000e+00	1.000000e+01
371	-1.960211e+00	0.000000e+00	-1.960325e+00	0.000000e+00	2.932426e-02	0.000000e+00	2.911731e-02	-1.146503e+00	9.936968e-01	1.130641e-01	1.000000e+00	1.000000e+01
372	-1.970247e+00	0.000000e+00	-1.970208e+00	0.000000e+00	-1.003610e-02	0.000000e+00	-9.883153e-03	0.000000e+00	9.936964e-01	1.130641e-01	1.000000e+00	1.000000e+01
373	-1.959441e+00	0.000000e+00	-1.959483e+00	0.000000e+00	1.080597e-02	0.000000e+00	1.072516e-02	0.000000e+00	9.936963e-01	1.130641e-01	1.000000e+00	1.000000e+01
374	-1.976843e+00	0.000000e+00	-1.976775e+00	0.000000e+00	-1.740190e-02	0.000000e+00	-1.729203e-02	0.000000e+00	9.936963e-01	1.130641e-01	1.000000e+00	1.000000e+01
375	-1.977593e+00	0.000000e+00	-1.977590e+00	1.275772e+00	-7.503890e-04	0.000000e+00	-8.150048e-04	1.275772e+00	9.936963e-01	1.130641e-01	1.000000e+00	1.000000e+01
376	-1.955671e+00	0.000000e+00	-1.955756e+00	0.000000e+00	2.192240e-02	0.000000e+00	2.183358e-02	-1.275772e+00	9.936968e-01	1.130641e-01	1.000000e+00	1.000000e+01
377	-1.963233e+00	0.000000e+00	-1.963204e+00	3.490605e-01	-7.562102e-03	0.000000e+00	-7.447275e-03	3.490605e-01	9.936966e-01	1.130641e-01	1.000000e+00	1.000000e+01
378	-1.964340e+00	0.000000e+00	-1.964336e+00	0.000000e+00	-1.107631e-03	0.000000e+00	-1.132395e-03	-3.490605e-01	9.936966e-01	1.130641e-01	1.000000e+00	1.000000e+01
379	-1.956341e+00	0.000000e+00	-1.956372e+00	0.000000e+00	7.999421e-03	0.000000e+00	7.963749e-03	0.000000e+00	9.936967e-01	1.130641e-01	1.000000e+00	1.000000e+01
380	-1.962418e+00	0.000000e+00	-1.962394e+00	0.000000e+00	-6.076457e-03	0.000000e+00	-6.021612e-03	0.000000e+00	9.936966e-01	1.130641e-01	1.000000e+00	1.000000e+01
381	-1.957104e+00	0.000000e+00	-1.957125e+00	0.000000e+00	5.313532e-03	0.000000e+00	5.269254e-03	0.000000e+00	9.936966e-01	1.130641e-01	1.000000e+00	1.000000e+01
382	-1.964661e+00	0.000000e+00	-1.964632e+00	0.000000e+00	-7.556970e-03	0.000000e+00	-7.506868e-03	0.000000e+00	9.936966e-01	1.130641e-01	1.000000e+00	1.000000e+01
383	-1.953754e+00	0.000000e+00	-1.953796e+00	0.000000e+00	1.090720e-02	0.000000e+00	1.083527e-02	0.000000e+00	9.936966e-01	1.130641e-01	1.000000e+00	1.000000e+01
384	-1.969209e+00	0.000000e+00	-1.969149e+00	0.000000e+00	-1.545546e-02	0.000000e+00	-1.535276e-02	0.000000e+00	9.936965e-01	1.130641e-01	1.000000e+00	1.000000e+01
385	-1.961017e+00	0.000000e+00	-1.961049e+00	0.000000e+00	8.192000e-03	0.000000e+00	8.100028e-03	0.000000e+00	9.936964e-01	1.130641e-01	1.000000e+00	1.000000e+01
386	-1.958161e+00	0.000000e+00	-1.958173e+00	0.000000e+00	2.855765e-03	0.000000e+00	2.876251e-03	0.000000e+00	9.936964e-01	1.130641e-01	1.000000e+00	1.000000e+01
387	-1.961165e+00	0.000000e+00	-1.961153e+00	2.090624e-02	-3.003344e-03	0.000000e+00	-2.980377e-03	2.090624e-02	9.936964e-01	1.130641e-01	1.000000e+00	1.000000e+01
388	-1.969179e+00	0.000000e+00	-1.969148e+00	3.379927e-02	-8.014229e-03	0.000000e+00	-7.994566e-03	1.289302e-02	9.936965e-01	1.130641e-01	1.000000e+00	1.000000e+01
389	-1.970393e+00	0.000000e+00	-1.970388e+00	3.159933e-01	-1.213945e-03	0.000000e+00	-1.240431e-03	2.821940e-01	9.936966e-01	1.130641e-01	1.000000e+00	1.000000e+01
390	-1.961436e+00	0.000000e+00	-1.961471e+00	1.231015e+00	8.957336e-03	0.000000e+00	8.917500e-03	9.150214e-01	9.936966e-01	1.130641e-01	1.000000e+00	1.000000e+01
391	-1.957730e+00	0.000000e+00	-1.957745e+00	0.000000e+00	3.705627e-03	0.000000e+00	3.725986e-03	-1.231015e+00	9.936967e-01	1.130641e-01	1.000000e+00	1.000000e+01
392	-1.955380e+00	0.000000e+00	-1.955389e+00	0.000000e+00	2.350205e-03	0.000000e+00	2.355579e-03	0.000000e+00	9.936967e-01	1.130641e-01	1.000000e+00	1.000000e+01
393	-1.957641e+00	0.000000e+00	-1.957632e+00	0.000000e+00	-2.261247e-03	0.000000e+00	-2.243212e-03	0.000000e+00	9.936967e-01	1.130641e-01	1.000000e+00	1.000000e+01
394	-1.956935e+00	0.000000e+00	-1.956938e+00	3.872644e-01	7.062103e-04	0.000000e+00	6.946891e-04	3.872644e-01	9.936967e-01	1.130641e-01	1.000000e+00	1.000000e+01
395	-1.962236e+00	0.000000e+00	-1.962215e+00	1.573195e+00	-5.301010e-03	0.000000e+00	-5.277590e-03	1.185931e+00	9.936968e-01	1.130641e-01	1.000000e+00	1.000000e+01
396	-1.959267e+00	0.000000e+00	-1.959278e+00	0.000000e+00	2.969013e-03	0.000000e+00	2.936799e-03	-1.573195e+00	9.936967e-01	1.130641e-01	1.000000e+00	1.000000e+01
397	-1.955053e+00	0.000000e+00	-1.955069e+00	0.000000e+00	4.214247e-03	0.000000e+00	4.209257e-03	0.000000e+00	9.936968e-01	1.130641e-01	1.000000e+00	1.000000e+01
398	-1.960138e+00	0.000000e+00	-1.960118e+00	3.145241e-01	-5.085681e-03	0.000000e+00	-5.049373e-03	3.145241e-01	9.936968e-01	1.130641e-01	1.000000e+00	1.000000e+01
399	-1.962090e+00	0.000000e+00	-1.962082e+00	0.000000e+00	-1.951395e-03	0.000000e+00	-1.963496e-03	-3.145241e-01	9.936968e-01	1.130641e-01	1.000000e+00	1.000000e+01
400	-1.953845e+00	0.000000e+00	-1.953877e+00	0.000000e+00	8.244463e-03	0.000000e+00	8.204588e-03	0.000000e+00	9.936968e-01	1.130641e-01	1.000000e+00	1.000000e+01
401	-1.960183e+00	0.000000e+00	-1.960159e+00	9.180244e-01	-6.338193e-03	0.000000e+00	-6.281385e-03	9.180244e-01	9.936968e-01	1.130641e-01	1.000000e+00	1.000000e+01
402	-1.961641e+00	0.000000e+00	-1.961635e+00	0.000000e+00	-1.457697e-03	0.000000e+00	-1.476540e-03	-9.180244e-01	9.936968e-01	1.130641e-01	1.000000e+00	1.000000e+01
403	-1.955218e+00	0.000000e+00	-1.955243e+00	0.000000e+00	6.422842e-03	0.000000e+00	6.391985e-03	0.000000e+00	9.936968e-01	1.130641e-01	1.000000e+00	1.000000e+01
404	-1.955909e+00	0.000000e+00	-1.955907e+00	3.071799e-01	-6.909024e-04	0.000000e+00	-6.632349e-04	3.071799e-01	9.936968e-01	1.130641e-01	1.000000e+00	1.000000e+01
405	-1.965569e+00	0.000000e+00	-1.965531e+00	0.000000e+00	-9.659788e-03	0.000000e+00	-9.624646e-03	-3.071799e-01	9.936969e-01	1.130641e-01	1.000000e+00	1.000000e+01
406	-1.963666e+00	0.000000e+00	-1.963673e+00	1.993895e-02	1.903164e-03	0.000000e+00	1.858133e-03	1.993895e-02	9.936969e-01	1.130641e-01	1.000000e+00	1.000000e+01
407	-1.964000e+00	0.000000e+00	-1.963999e+00	0.000000e+00	-3.346788e-04	0.000000e+00	-3.261131e-04	-1.993895e-02	9.936969e-01	1.130641e-01	1.000000e+00	1.000000e+01
408	-1.964204e+00	0.000000e+00	-1.964203e+00	0.000000e+00	-2.036048e-04	0.000000e+00	-2.040834e-04	0.000000e+00	9.936969e-01	1.130641e-01	1.000000e+00	1.000000e+01
409	-1.963892e+00	0.000000e+00	-1.963893e+00	0.000000e+00	3.120842e-04	0.000000e+00	3.100679e-04	0.000000e+00	9.936969e-01	1.130641e-01	1.000000e+00	1.000000e+01
410	-1.964331e+00	0.000000e+00	-1.964329e+00	0.000000e+00	-4.388419e-04	0.000000e+00	-4.359164e-04	0.000000e+00	9.936969e-01	1.130641e-01	1.000000e+00	1.000000e+01
411	-1.963697e+00	0.000000e+00	-1.963700e+00	4.736725e-01	6.336199e-04	0.000000e+00	6.294421e-04	4.736725e-01	9.936969e-01	1.130641e-01	1.000000e+00	1.000000e+01
412	-1.964326e+00	0.000000e+00	-1.964323e+00	3.062296e-01	-6.285885e-04	0.000000e+00	-6.236743e-04	-1.674429e-01	9.936969e-01	1.130641e-01	1.000000e+00	1.000000e+01
413	-1.964586e+00	0.000000e+00	-1.964585e+00	0.000000e+00	-2.600516e-04	0.000000e+00	-2.614720e-04	-3.062296e-01	9.936969e-01	1.130641e-01	1.000000e+00	1.000000e+01
414	-1.963783e+00	0.000000e+00	-1.963786e+00	1.823581e-01	8.028595e-04	0.000000e+00	7.987019e-04	1.823581e-01	9.936969e-01	1.130641e-01	1.000000e+00	1.000000e+01
415	-1.964259e+00	0.000000e+00	-1.964257e+00	0.000000e+00	-4.761035e-04	0.000000e+00	-4.711238e-04	-1.823581e-01	9.936969e-01	1.130641e-01	1.000000e+00	1.000000e+01
416	-1.964221e+00	0.000000e+00	-1.964221e+00	0.000000e+00	3.799422e-05	0.000000e+00	3.600547e-05	0.000000e+00	9.936969e-01	1.130641e-01	1.000000e+00	1.000000e+01
417	-1.964113e+00	0.000000e+00	-1.964113e+00	0.000000e+00	1.084281e-04	0.000000e+00	1.081452e-04	0.000000e+00	9.936969e-01	1.130641e-01	1.000000e+00	1.000000e+01
418	-1.996105e+00	0.000000e+00	-1.995980e+00	3.187666e-04	-3.199221e-02	0.000000e+00	-3.186681e-02	3.187666e-04	9.936981e-01	1.130641e-01	1.000000e+00	1.000000e+01
419	-1.981867e+00	0.000000e+00	-1.981922e+00	5.144451e-01	1.423788e-02	0.000000e+00	1.405779e-02	5.141264e-01	9.936975e-01	1.130641e-01	1.000000e+00	1.000000e+01
420	-1.968349e+00	0.000000e+00	-1.968402e+00	0.000000e+00	1.351765e-02	0.000000e+00	1.351976e-02	-5.144451e-01	9.936980e-01	1.130641e-01	1.000000e+00	1.000000e+01
421	-1.969895e+00	0.000000e+00	-1.969889e+00	7.976821e-01	-1.545223e-03	0.000000e+00	-1.486376e-03	7.976821e-01	9.936980e-01	1.130641e-01	1.000000e+00	1.000000e+01
422	-1.973833e+00	0.000000e+00	-1.973818e+00	0.000000e+00	-3.938591e-03	0.000000e+00	-3.929012e-03	-7.976821e-01	9.936980e-01	1.130641e-01	1.000000e+00	1.000000e+01
423	-1.969979e+00	0.000000e+00	-1.969994e+00	0.000000e+00	3.854209e-03	0.000000e+00	3.823806e-03	0.000000e+00	9.936980e-01	1.130641e-01	1.000000e+00	1.000000e+01
424	-2.030317e+00	0.000000e+00	-2.030081e+00	0.000000e+00	-6.033808e-02	0.000000e+00	-6.008745e-02	0.000000e+00	9.937017e-01	1.130641e-01	1.000000e+00	1.000000e+01
425	-1.970460e+00	0.000000e+00	-1.970693e+00	1.456022e-01	5.985729e-02	0.000000e+00	5.938876e-02	1.456022e-01	9.936991e-01	1.130641e-01	1.000000e+00	1.000000e+01
426	-1.976616e+00	0.000000e+00	-1.976593e+00	0.000000e+00	-6.156668e-03	0.000000e+00	-5.900631e-03	-1.456022e-01	9.936985e-01	1.130641e-01	1.000000e+00	1.000000e+01
427	-2.029118e+00	0.000000e+00	-2.028913e+00	0.000000e+00	-5.250173e-02	0.000000e+00	-5.231969e-02	0.000000e+00	9.937022e-01	1.130641e-01	1.000000e+00	1.000000e+01
428	-1.982076e+00	0.000000e+00	-1.982259e+00	0.000000e+00	4.704185e-02	0.000000e+00	4.665372e-02	0.000000e+00	9.937001e-01	1.130641e-01	1.000000e+00	1.000000e+01
429	-1.969013e+00	0.000000e+00	-1.969065e+00	0.000000e+00	1.306352e-02	0.000000e+00	1.319473e-02	0.000000e+00	9.937015e-01	1.130641e-01	1.000000e+00	1.000000e+01
430	-2.042912e+00	0.000000e+00	-2.042624e+00	0.000000e+00	-7.389972e-02	0.000000e+00	-7.355951e-02	0.000000e+00	9.937058e-01	1.130641e-01	1.000000e+00	1.000000e+01
431	-1.983251e+00	0.000000e+00	-1.983482e+00	0.000000e+00	5.966198e-02	0.000000e+00	5.914158e-02	0.000000e+00	9.937017e-01	1.130641e-01	1.000000e+00	1.000000e+01
432	-1.978615e+00	0.000000e+00	-1.978634e+00	0.000000e+00	4.635692e-03	0.000000e+00	4.848605e-03	0.000000e+00	9.937023e-01	1.130641e-01	1.000000e+00	1.000000e+01
433	-1.995254e+00	0.000000e+00	-1.995189e+00	0.000000e+00	-1.663943e-02	0.000000e+00	-1.655549e-02	0.000000e+00	9.937024e-01	1.130641e-01	1.000000e+00	1.000000e+01
434	-1.990848e+00	0.000000e+00	-1.990865e+00	0.000000e+00	4.406588e-03	0.000000e+00	4.324705e-03	0.000000e+00	9.937023e-01	1.130641e-01	1.000000e+00	1.000000e+01
435	-1.988560e+00	0.000000e+00	-1.988569e+00	0.000000e+00	2.287174e-03	0.000000e+00	2.295133e-03	0.000000e+00	9.937024e-01	1.130641e-01	1.000000e+00	1.000000e+01
436	-1.990835e+00	0.000000e+00	-1.990826e+00	0.000000e+00	-2.274799e-03	0.000000e+00	-2.256948e-03	0.000000e+00	9.937023e-01	1.130641e-01	1.000000e+00	1.000000e+01
437	-1.990398e+00	0.000000e+00	-1.990400e+00	0.000000e+00	4.367829e-04	0.000000e+00	4.262605e-04	0.000000e+00	9.937023e-01	1.130641e-01	1.000000e+00	1.000000e+01
438	-1.990012e+00	0.000000e+00	-1.990013e+00	0.000000e+00	3.868656e-04	0.000000e+00	3.870195e-04	0.000000e+00	9.937023e-01	1.130641e-01	1.000000e+00	1.000000e+01
439	-1.990331e+00	0.000000e+00	-1.990330e+00	0.000000e+00	-3.195797e-04	0.000000e+00	-3.168195e-04	0.000000e+00	9.937023e-01	1.130641e-01	1.000000e+00	1.000000e+01
440	-1.990218e+00	6.123891e-03	-1.990218e+00	0.000000e+00	1.134541e-04	6.123891e-03	1.117733e-04	0.000000e+00	9.937023e-01	1.130621e-01	9.999967e-01	9.999822e+00
441	-1.990257e+00	2.009947e-02	-1.990257e+00	0.000000e+00	-3.898052e-05	1.397558e-02	-3.839164e-05	0.000000e+00	9.937023e-01	1.130516e-01	9.999993e-01	9.998894e+00
442	-1.990226e+00	4.192634e-02	-1.990226e+00	0.000000e+00	3.044676e-05	2.182687e-02	3.017786e-05	0.000000e+00	9.937023e-01	1.130260e-01	9.999961e-01	9.996632e+00
443	-1.990271e+00	7.160394e-02	-1.990271e+00	0.000000e+00	-4.508743e-05	2.967760e-02	-4.479342e-05	0.000000e+00	9.937024e-01	1.129787e-01	1.000002e+00	9.992452e+00
444	-2.011511e+00	1.091316e-01	-2.011428e+00	1.103895e+00	-2.123928e-02	3.752764e-02	-2.115649e-02	1.103895e+00	9.937456e-01	1.129023e-01	9.924416e-01	1.000581e+01
445	-1.970801e+00	0.000000e+00	-1.970959e+00	0.000000e+00	4.071000e-02	-1.091316e-01	4.046833e-02	-1.103895e+00	9.939825e-01	1.122673e-01	9.914362e-01	1.000851e+01
446	-1.997161e+00	0.000000e+00	-1.997059e+00	0.000000e+00	-2.636057e-02	0.000000e+00	-2.609952e-02	0.000000e+00	9.939812e-01	1.122673e-01	1.000000e+00	1.000000e+01
447	-1.997589e+00	0.000000e+00	-1.997587e+00	3.612188e-01	-4.277859e-04	0.000000e+00	-5.280661e-04	3.612188e-01	9.939813e-01	1.122673e-01	1.000000e+00	1.000000e+01
448	-1.966569e+00	0.000000e+00	-1.966690e+00	1.125706e+00	3.101990e-02	0.000000e+00	3.089666e-02	7.644869e-01	9.939822e-01	1.122673e-01	1.000000e+00	1.000000e+01
449	-1.980621e+00	0.000000e+00	-1.980566e+00	0.000000e+00	-1.405165e-02	0.000000e+00	-1.387607e-02	-1.125706e+00	9.939816e-01	1.122673e-01	1.000000e+00	1.000000e+01
450	-2.009985e+00	0.000000e+00	-2.009871e+00	0.000000e+00	-2.936465e-02	0.000000e+00	-2.930415e-02	0.000000e+00	9.939832e-01	1.122673e-01	1.000000e+00	1.000000e+01
451	-1.968242e+00	0.000000e+00	-1.968404e+00	0.000000e+00	4.174363e-02	0.000000e+00	4.146610e-02	0.000000e+00	9.939827e-01	1.122673e-01	1.000000e+00	1.000000e+01
452	-2.010879e+00	0.000000e+00	-2.010713e+00	0.000000e+00	-4.263741e-02	0.000000e+00	-4.230888e-02	0.000000e+00	9.939812e-01	1.122673e-01	1.000000e+00	1.000000e+01
453	-1.972987e+00	0.000000e+00	-1.973134e+00	0.000000e+00	3.789269e-02	0.000000e+00	3.757941e-02	0.000000e+00	9.939797e-01	1.122673e-01	1.000000e+00	1.000000e+01
454	-2.012601e+00	0.000000e+00	-2.012447e+00	1.890664e-01	-3.961437e-02	0.000000e+00	-3.931283e-02	1.890664e-01	9.939785e-01	1.122673e-01	1.000000e+00	1.000000e+01
455	-1.982863e+00	0.000000e+00	-1.982979e+00	0.000000e+00	2.973751e-02	0.000000e+00	2.946778e-02	-1.890664e-01	9.939772e-01	1.122673e-01	1.000000e+00	1.000000e+01
456	-1.987871e+00	0.000000e+00	-1.987852e+00	4.389216e-02	-5.007360e-03	0.000000e+00	-4.872692e-03	4.389216e-02	9.939770e-01	1.122673e-01	1.000000e+00	1.000000e+01
457	-1.975253e+00	0.000000e+00	-1.975303e+00	0.000000e+00	1.261743e-02	0.000000e+00	1.254911e-02	-4.389216e-02	9.939770e-01	1.122673e-01	1.000000e+00	1.000000e+01
458	-1.999298e+00	0.000000e+00	-1.999204e+00	0.000000e+00	-2.404467e-02	0.000000e+00	-2.390172e-02	0.000000e+00	9.939771e-01	1.122673e-01	1.000000e+00	1.000000e+01
459	-1.984511e+00	0.000000e+00	-1.984568e+00	0.000000e+00	1.478745e-02	0.000000e+00	1.463632e-02	0.000000e+00	9.939766e-01	1.122673e-01	1.000000e+00	1.000000e+01
460	-1.990319e+00	0.000000e+00	-1.990297e+00	2.051137e+00	-5.808646e-03	0.000000e+00	-5.728783e-03	2.051137e+00	9.939765e-01	1.122673e-01	1.000000e+00	1.000000e+01
461	-2.000695e+00	0.000000e+00	-2.000655e+00	5.221425e-01	-1.037610e-02	0.000000e+00	-1.035794e-02	-1.528995e+00	9.939767e-01	1.122673e-01	1.000000e+00	1.000000e+01
462	-1.992787e+00	0.000000e+00	-1.992817e+00	5.925577e-01	7.908535e-03	0.000000e+00	7.837182e-03	7.041522e-02	9.939766e-01	1.122673e-01	1.000000e+00	1.000000e+01
463	-1.989320e+00	0.000000e+00	-1.989333e+00	0.000000e+00	3.466926e-03	0.000000e+00	3.483997e-03	-5.925577e-01	9.939767e-01	1.122673e-01	1.000000e+00	1.000000e+01
464	-2.001505e+00	0.000000e+00	-2.001458e+00	0.000000e+00	-1.218567e-02	0.000000e+00	-1.212446e-02	0.000000e+00	9.939768e-01	1.122673e-01	1.000000e+00	1.000000e+01
465	-1.996290e+00	0.000000e+00	-1.996310e+00	3.717011e-01	5.215904e-03	0.000000e+00	5.148168e-03	3.717011e-01	9.939767e-01	1.122673e-01	1.000000e+00	1.000000e+01
466	-1.989247e+00	0.000000e+00	-1.989275e+00	0.000000e+00	7.042517e-03	0.000000e+00	7.035117e-03	-3.717011e-01	9.939768e-01	1.122673e-01	1.000000e+00	1.000000e+01
467	-1.997883e+00	0.000000e+00	-1.997849e+00	0.000000e+00	-8.635724e-03	0.000000e+00	-8.574510e-03	0.000000e+00	9.939767e-01	1.122673e-01	1.000000e+00	1.000000e+01
468	-1.998434e+00	0.000000e+00	-1.998431e+00	0.000000e+00	-5.509557e-04	0.000000e+00	-5.822977e-04	0.000000e+00	9.939768e-01	1.122673e-01	1.000000e+00	1.000000e+01
469	-1.996012e+00	0.000000e+00	-1.996021e+00	0.000000e+00	2.421852e-03	0.000000e+00	2.410117e-03	0.000000e+00	9.939768e-01	1.122673e-01	1.000000e+00	1.000000e+01
470	-1.997672e+00	0.000000e+00	-1.997666e+00	0.000000e+00	-1.660619e-03	0.000000e+00	-1.644717e-03	0.000000e+00	9.939768e-01	1.122673e-01	1.000000e+00	1.000000e+01
471	-1.997273e+00	0.000000e+00	-1.997275e+00	0.000000e+00	3.994418e-04	0.000000e+00	3.914568e-04	0.000000e+00	9.939768e-01	1.122673e-01	1.000000e+00	1.000000e+01
472	-1.997086e+00	0.000000e+00	-1.997086e+00	0.000000e+00	1.874283e-04	0.000000e+00	1.882252e-04	0.000000e+00	9.939768e-01	1.122673e-01	1.000000e+00	1.000000e+01
473	-1.997270e+00	0.000000e+00	-1.997269e+00	1.486183e+00	-1.838979e-04	0.000000e+00	-1.824443e-04	1.486183e+00	9.939768e-01	1.122673e-01	1.000000e+00	1.000000e+01
474	-2.022124e+00	0.000000e+00	-2.022027e+00	4.318947e-01	-2.485471e-02	0.000000e+00	-2.475833e-02	-1.054288e+00	9.939774e-01	1.122673e-01	1.000000e+00	1.000000e+01
475	-2.015594e+00	0.000000e+00	-2.015619e+00	0.000000e+00	6.530500e-03	0.000000e+00	6.408278e-03	-4.318947e-01	9.939771e-01	1.122673e-01	1.000000e+00	1.000000e+01
476	-2.013015e+00	0.000000e+00	-2.013025e+00	0.000000e+00	2.578628e-03	0.000000e+00	2.593588e-03	0.000000e+00	9.939772e-01	1.122673e-01	1.000000e+00	1.000000e+01
477	-2.016861e+00	0.000000e+00	-2.016846e+00	0.000000e+00	-3.845572e-03	0.000000e+00	-3.820419e-03	0.000000e+00	9.939772e-01	1.122673e-01	1.000000e+00	1.000000e+01
478	-2.014885e+00	0.000000e+00	-2.014893e+00	0.000000e+00	1.975205e-03	0.000000e+00	1.952565e-03	0.000000e+00	9.939771e-01	1.122673e-01	1.000000e+00	1.000000e+01
479	-2.014938e+00	0.000000e+00	-2.014938e+00	0.000000e+00	-5.229310e-05	0.000000e+00	-4.446162e-05	0.000000e+00	9.939771e-01	1.122673e-01	1.000000e+00	1.000000e+01
480	-2.015395e+00	0.000000e+00	-2.015393e+00	0.000000e+00	-4.573501e-04	0.000000e+00	-4.557372e-04	0.000000e+00	9.939771e-01	1.122673e-01	1.000000e+00	1.000000e+01
481	-2.015036e+00	0.000000e+00	-2.015038e+00	0.000000e+00	3.586779e-04	0.000000e+00	3.554966e-04	0.000000e+00	9.939771e-01	1.122673e-01	1.000000e+00	1.000000e+01
482	-2.015344e+00	0.000000e+00	-2.015343e+00	0.000000e+00	-3.079904e-04	0.000000e+00	-3.053986e-04	0.000000e+00	9.939771e-01	1.122673e-01	1.000000e+00	1.000000e+01
483	-2.015061e+00	0.000000e+00	-2.015063e+00	3.649949e-01	2.829821e-04	0.000000e+00	2.806838e-04	3.649949e-01	9.939771e-01	1.122673e-01	1.000000e+00	1.000000e+01
484	-2.009932e+00	0.000000e+00	-2.009952e+00	0.000000e+00	5.129554e-03	0.000000e+00	5.110613e-03	-3.649949e-01	9.939772e-01	1.122673e-01	1.000000e+00	1.000000e+01
485	-2.020221e+00	0.000000e+00	-2.020181e+00	0.000000e+00	-1.028957e-02	0.000000e+00	-1.022942e-02	0.000000e+00	9.939772e-01	1.122673e-01	1.000000e+00	1.000000e+01
486	-2.013257e+00	0.000000e+00	-2.013284e+00	5.375122e-01	6.964434e-03	0.000000e+00	6.897270e-03	5.375122e-01	9.939771e-01	1.122673e-01	1.000000e+00	1.000000e+01
487	-2.008731e+00	0.000000e+00	-2.008749e+00	0.000000e+00	4.525911e-03	0.000000e+00	4.535174e-03	-5.375122e-01	9.939772e-01	1.122673e-01	1.000000e+00	1.000000e+01
488	-2.019288e+00	0.000000e+00	-2.019247e+00	0.000000e+00	-1.055718e-02	0.000000e+00	-1.049822e-02	0.000000e+00	9.939772e-01	1.122673e-01	1.000000e+00	1.000000e+01
489	-2.014553e+00	0.000000e+00	-2.014571e+00	1.720453e-01	4.735740e-03	0.000000e+00	4.676233e-03	1.720453e-01	9.939771e-01	1.122673e-01	1.000000e+00	1.000000e+01
490	-2.008583e+00	0.000000e+00	-2.008607e+00	0.000000e+00	5.969430e-03	0.000000e+00	5.964379e-03	-1.720453e-01	9.939772e-01	1.122673e-01	1.000000e+00	1.000000e+01
491	-2.016526e+00	0.000000e+00	-2.016495e+00	8.284029e-02	-7.942469e-03	0.000000e+00	-7.888146e-03	8.284029e-02	9.939772e-01	1.122673e-01	1.000000e+00	1.000000e+01
492	-2.011602e+00	0.000000e+00	-2.011621e+00	2.099809e-01	4.923307e-03	0.000000e+00	4.873263e-03	1.271407e-01	9.939771e-01	1.122673e-01	1.000000e+00	1.000000e+01
493	-2.029109e+00	0.000000e+00	-2.029041e+00	0.000000e+00	-1.750720e-02	0.000000e+00	-1.741978e-02	-2.099809e-01	9.939773e-01	1.122673e-01	1.000000e+00	1.000000e+01
494	-2.039954e+00	0.000000e+00	-2.039912e+00	0.000000e+00	-1.084476e-02	0.000000e+00	-1.087045e-02	0.000000e+00	9.939778e-01	1.122673e-01	1.000000e+00	1.000000e+01
495	-2.014134e+00	0.000000e+00	-2.014235e+00	0.000000e+00	2.582010e-02	0.000000e+00	2.567678e-02	0.000000e+00	9.939779e-01	1.122673e-01	1.000000e+00	1.000000e+01
496	-2.022635e+00	0.000000e+00	-2.022603e+00	1.916567e-01	-8.501264e-03	0.000000e+00	-8.367756e-03	1.916567e-01	9.939776e-01	1.122673e-01	1.000000e+00	1.000000e+01
497	-2.012157e+00	0.000000e+00	-2.012198e+00	0.000000e+00	1.047804e-02	0.000000e+00	1.040442e-02	-1.916567e-01	9.939775e-01	1.122673e-01	1.000000e+00	1.000000e+01
498	-2.026159e+00	0.000000e+00	-2.026105e+00	0.000000e+00	-1.400172e-02	0.000000e+00	-1.390639e-02	0.000000e+00	9.939775e-01	1.122673e-01	1.000000e+00	1.000000e+01
499	-2.024211e+00	0.000000e+00	-2.024218e+00	5.220736e-01	1.948546e-03	0.000000e+00	1.886613e-03	5.220736e-01	9.939774e-01	1.122673e-01	1.000000e+00	1.000000e+01
