#sequence delta(k-1),f(k-1),theta(k),v(k),delta_diff(k-1),f_diff(k-1),theta_diff(k),v_diff(k),phi(1,1;k),phi(1,2;k),phi(2,1;k),phi(2,2;k)
1	1.447899e+00	0.000000e+00	1.447635e+00	0.000000e+00	1.447899e+00	0.000000e+00	6.740030e-02	-6.869855e-03	5.364525e-01	1.000000e-01	1.000000e+00	1.100000e+01
2	2.683490e+00	2.000000e-01	2.678663e+00	2.420418e+00	1.235592e+00	2.000000e-01	1.231028e+00	2.420418e+00	7.168649e-01	1.292026e-01	6.659019e-01	1.094592e+01
3	1.912178e+00	2.301298e-01	1.915173e+00	3.310669e+00	-7.713120e-01	3.012979e-02	-7.634904e-01	8.902511e-01	7.774013e-01	1.268379e-01	3.627150e-01	1.095776e+01
4	1.365820e+00	2.175766e-01	1.367966e+00	1.538396e+00	-5.463581e-01	-1.255324e-02	-5.472063e-01	-1.772273e+00	8.046949e-01	1.274650e-01	6.870879e-01	1.096522e+01
5	1.417017e+00	4.175766e-01	1.416826e+00	4.645967e+00	5.119688e-02	2.000000e-01	4.885937e-02	3.107571e+00	8.042703e-01	1.258063e-01	7.080262e-01	1.104701e+01
6	1.574557e+00	3.923037e-01	1.573941e+00	3.854811e+00	1.575402e-01	-2.527290e-02	1.571156e-01	-7.911555e-01	8.067523e-01	1.254081e-01	6.619546e-01	1.105440e+01
7	1.565717e+00	5.923037e-01	1.565749e+00	6.076056e+00	-8.840464e-03	2.000000e-01	-8.192198e-03	2.221245e+00	8.068600e-01	1.229735e-01	6.618878e-01	1.105591e+01
8	1.442324e+00	6.451384e-01	1.442806e+00	7.157294e+00	-1.233925e-01	5.283477e-02	-1.229425e-01	1.081237e+00	8.085956e-01	1.222303e-01	6.282680e-01	1.107031e+01
9	1.393514e+00	6.377548e-01	1.393706e+00	7.120783e+00	-4.881075e-02	-7.383669e-03	-4.910033e-02	-3.651030e-02	8.087977e-01	1.222609e-01	6.265105e-01	1.107004e+01
10	1.423982e+00	7.326586e-01	1.423864e+00	8.395169e+00	3.046835e-02	9.490385e-02	3.015753e-02	1.274386e+00	8.087101e-01	1.219878e-01	6.294585e-01	1.107923e+01
11	1.437338e+00	7.710651e-01	1.437286e+00	8.067621e+00	1.335650e-02	3.840645e-02	1.342213e-02	-3.275479e-01	8.086970e-01	1.219501e-01	6.246314e-01	1.106535e+01
12	1.407611e+00	9.710651e-01	1.407727e+00	1.142029e+01	-2.972739e-02	2.000000e-01	-2.955884e-02	3.352669e+00	8.091108e-01	1.191658e-01	6.086051e-01	1.117317e+01
13	1.361284e+00	8.188325e-01	1.361465e+00	1.034360e+01	-4.632751e-02	-1.522326e-01	-4.626201e-02	-1.076692e+00	8.089074e-01	1.184972e-01	5.944277e-01	1.112658e+01
14	1.301379e+00	8.256413e-01	1.301614e+00	1.048628e+01	-5.990408e-02	6.808808e-03	-5.985079e-02	1.426861e-01	8.092539e-01	1.184578e-01	5.915154e-01	1.112691e+01
15	1.254628e+00	9.229064e-01	1.254811e+00	1.173238e+01	-4.675173e-02	9.726512e-02	-4.680290e-02	1.246099e+00	8.097063e-01	1.175166e-01	5.872875e-01	1.113571e+01
16	1.143418e+00	9.797995e-01	1.143853e+00	1.205511e+01	-1.112097e-01	5.689308e-02	-1.109581e-01	3.227267e-01	8.111528e-01	1.167766e-01	6.001558e-01	1.112912e+01
17	9.415160e-01	1.092801e+00	9.423063e-01	1.273108e+01	-2.019021e-01	1.130016e-01	-2.015469e-01	6.759686e-01	8.159135e-01	1.141121e-01	6.431651e-01	1.110505e+01
18	6.687762e-01	1.230711e+00	6.698447e-01	1.376154e+01	-2.727397e-01	1.379099e-01	-2.724616e-01	1.030467e+00	8.240412e-01	1.100024e-01	6.834665e-01	1.108467e+01
19	4.372845e-01	1.336672e+00	4.381930e-01	1.412303e+01	-2.314917e-01	1.059608e-01	-2.316517e-01	3.614846e-01	8.296380e-01	1.074405e-01	7.532114e-01	1.105275e+01
20	1.078561e-01	1.483773e+00	1.091465e-01	1.567276e+01	-3.294284e-01	1.471015e-01	-3.290465e-01	1.549728e+00	8.401491e-01	1.027469e-01	7.279444e-01	1.106403e+01
21	-1.326675e-01	1.499335e+00	-1.317229e-01	1.504107e+01	-2.405236e-01	1.556153e-02	-2.408694e-01	-6.316830e-01	8.446337e-01	1.024568e-01	7.977527e-01	1.105952e+01
22	-3.586491e-01	1.666742e+00	-3.577627e-01	1.693307e+01	-2.259816e-01	1.674071e-01	-2.260398e-01	1.891993e+00	8.500361e-01	9.845465e-02	7.749504e-01	1.107641e+01
23	-5.782617e-01	1.653112e+00	-5.774003e-01	1.705076e+01	-2.196125e-01	-1.363028e-02	-2.196376e-01	1.176918e-01	8.532564e-01	9.865452e-02	7.302528e-01	1.107363e+01
24	-6.813021e-01	1.656155e+00	-6.808962e-01	1.671273e+01	-1.030405e-01	3.043219e-03	-1.034959e-01	-3.380333e-01	8.540293e-01	9.863169e-02	7.446875e-01	1.107321e+01
25	-7.235470e-01	1.787299e+00	-7.233804e-01	1.860619e+01	-4.224492e-02	1.311438e-01	-4.248418e-02	1.893459e+00	8.544137e-01	9.743822e-02	7.352906e-01	1.110238e+01
26	-7.708467e-01	1.724033e+00	-7.706613e-01	1.818164e+01	-4.729970e-02	-6.326540e-02	-4.728088e-02	-4.245472e-01	8.544295e-01	9.745928e-02	7.282885e-01	1.109301e+01
27	-8.108193e-01	1.761686e+00	-8.106624e-01	1.885613e+01	-3.997258e-02	3.765266e-02	-4.000113e-02	6.744933e-01	8.546099e-01	9.728932e-02	7.228678e-01	1.109812e+01
28	-8.093048e-01	1.779227e+00	-8.093101e-01	1.974874e+01	1.514462e-03	1.754103e-02	1.352292e-03	8.926042e-01	8.546087e-01	9.727559e-02	7.233690e-01	1.110392e+01
29	-7.618285e-01	1.722618e+00	-7.620140e-01	1.991140e+01	4.747631e-02	-5.660867e-02	4.729614e-02	1.626622e-01	8.548838e-01	9.694765e-02	7.403916e-01	1.108363e+01
30	-7.088590e-01	1.683768e+00	-7.090666e-01	1.871617e+01	5.296953e-02	-3.885068e-02	5.294737e-02	-1.195228e+00	8.551707e-01	9.673716e-02	7.202101e-01	1.109843e+01
31	-6.045728e-01	1.883768e+00	-6.049810e-01	2.287766e+01	1.042862e-01	2.000000e-01	1.040857e-01	4.161486e+00	8.549561e-01	9.632543e-02	8.103846e-01	1.127137e+01
32	-3.954773e-01	1.683768e+00	-3.962956e-01	2.083877e+01	2.090955e-01	-2.000000e-01	2.086853e-01	-2.038882e+00	8.596447e-01	9.184078e-02	8.147644e-01	1.126718e+01
33	8.172233e-02	1.726462e+00	7.985507e-02	2.029267e+01	4.771996e-01	4.269459e-02	4.761507e-01	-5.461071e-01	8.722528e-01	9.296882e-02	5.268530e-01	1.124142e+01
34	5.395751e-01	1.926462e+00	5.377793e-01	2.319053e+01	4.578527e-01	2.000000e-01	4.579242e-01	2.897862e+00	8.799804e-01	9.634437e-02	6.058079e-01	1.127591e+01
35	2.412313e-01	1.805870e+00	2.423896e-01	2.189512e+01	-2.983438e-01	-1.205921e-01	-2.953896e-01	-1.295406e+00	8.828415e-01	9.750084e-02	5.727813e-01	1.126256e+01
36	-1.702895e-01	1.860271e+00	-1.686775e-01	2.333710e+01	-4.115208e-01	5.440063e-02	-4.110671e-01	1.441981e+00	8.923912e-01	9.623842e-02	3.811156e-01	1.128789e+01
37	-5.696298e-01	1.768198e+00	-5.680636e-01	2.192068e+01	-3.993403e-01	-9.207301e-02	-3.993861e-01	-1.416422e+00	8.983684e-01	9.761656e-02	4.204742e-01	1.129697e+01
38	-3.969425e-01	1.904284e+00	-3.976109e-01	2.362420e+01	1.726873e-01	1.360858e-01	1.704527e-01	1.703514e+00	8.985312e-01	9.774478e-02	4.279664e-01	1.130287e+01
39	1.924451e-01	1.898603e+00	1.901402e-01	2.381389e+01	5.893876e-01	-5.680882e-03	5.877511e-01	1.896948e-01	9.125382e-01	9.760977e-02	4.283640e-01	1.130287e+01
40	9.491724e-01	1.889544e+00	9.462074e-01	2.185122e+01	7.567273e-01	-9.059071e-03	7.560673e-01	-1.962670e+00	9.310947e-01	9.738762e-02	-1.820285e-01	1.131018e+01
41	6.724449e-01	2.089544e+00	6.735143e-01	2.265971e+01	-2.767275e-01	2.000000e-01	-2.726931e-01	8.084897e-01	9.353812e-01	9.428964e-02	4.766770e-03	1.117517e+01
42	2.186786e-02	2.289544e+00	2.441335e-02	2.505528e+01	-6.505771e-01	2.000000e-01	-6.491009e-01	2.395570e+00	9.502905e-01	8.970625e-02	-3.629086e-02	1.118780e+01
43	-1.250321e-01	2.263676e+00	-1.244483e-01	2.320079e+01	-1.468999e-01	-2.586751e-02	-1.488617e-01	-1.854492e+00	9.507697e-01	8.979063e-02	7.208363e-02	1.120688e+01
44	-2.285667e-02	2.463676e+00	-2.325351e-02	2.455939e+01	1.021754e-01	2.000000e-01	1.011948e-01	1.358602e+00	9.501112e-01	8.850181e-02	2.994496e-02	1.112440e+01
45	-2.322092e-01	2.592986e+00	-2.313929e-01	2.688697e+01	-2.093525e-01	1.293103e-01	-2.081394e-01	2.327579e+00	9.521068e-01	8.726919e-02	-5.647436e-02	1.117777e+01
46	-6.028793e-01	2.406710e+00	-6.014281e-01	2.413307e+01	-3.706701e-01	-1.862768e-01	-3.700352e-01	-2.753903e+00	9.522465e-01	8.733938e-02	5.582128e-02	1.123421e+01
47	-6.969243e-01	2.584545e+00	-6.965513e-01	2.685500e+01	-9.404507e-02	1.778356e-01	-9.512316e-02	2.721930e+00	9.531704e-01	8.559228e-02	2.388693e-02	1.129459e+01
48	-5.855530e-01	2.434288e+00	-5.859866e-01	2.487329e+01	1.113713e-01	-1.502573e-01	1.105647e-01	-1.981707e+00	9.540683e-01	8.438089e-02	8.951035e-03	1.131475e+01
49	-6.654682e-01	2.551222e+00	-6.651577e-01	2.551559e+01	-7.991515e-02	1.169336e-01	-7.917109e-02	6.423043e-01	9.545491e-01	8.367735e-02	3.450935e-02	1.127735e+01
50	-8.256691e-01	2.654471e+00	-8.250421e-01	2.870198e+01	-1.602009e-01	1.032499e-01	-1.598844e-01	3.186388e+00	9.557154e-01	8.292570e-02	-1.170243e-01	1.137501e+01
51	-7.459301e-01	2.454471e+00	-7.462391e-01	2.752464e+01	7.973902e-02	-2.000000e-01	7.880299e-02	-1.177345e+00	9.564254e-01	8.114485e-02	-7.604581e-02	1.127223e+01
52	-6.467027e-01	2.275602e+00	-6.470916e-01	2.636688e+01	9.922733e-02	-1.788692e-01	9.914755e-02	-1.157758e+00	9.572914e-01	7.958375e-02	-3.606306e-02	1.120016e+01
53	-6.357526e-01	2.211379e+00	-6.357969e-01	2.591155e+01	1.095011e-02	-6.422328e-02	1.129463e-02	-4.553344e-01	9.573221e-01	7.940343e-02	-3.469089e-02	1.119211e+01
54	-4.907675e-01	2.237058e+00	-4.913340e-01	2.638054e+01	1.449852e-01	2.567935e-02	1.444629e-01	4.689912e-01	9.575692e-01	7.944719e-02	-2.197694e-02	1.119436e+01
55	-5.199058e-01	2.236736e+00	-5.197942e-01	2.657385e+01	-2.913839e-02	-3.222864e-04	-2.846026e-02	1.933145e-01	9.575766e-01	7.944727e-02	-2.469247e-02	1.119433e+01
56	-8.514793e-01	2.225179e+00	-8.501836e-01	2.519569e+01	-3.315734e-01	-1.155741e-02	-3.303894e-01	-1.378162e+00	9.593626e-01	7.950953e-02	1.629500e-01	1.120087e+01
57	-8.224208e-01	2.425179e+00	-8.225292e-01	2.772286e+01	2.905852e-02	2.000000e-01	2.765442e-02	2.527168e+00	9.591445e-01	7.800830e-02	1.667680e-01	1.122715e+01
58	-6.070353e-01	2.318841e+00	-6.078771e-01	2.755304e+01	2.153854e-01	-1.063373e-01	2.146521e-01	-1.698217e-01	9.607715e-01	7.720504e-02	2.650263e-01	1.117864e+01
59	-5.712337e-01	2.166143e+00	-5.713768e-01	2.595062e+01	3.580166e-02	-1.526979e-01	3.650030e-02	-1.602415e+00	9.610048e-01	7.620967e-02	2.666231e-01	1.117183e+01
60	-4.496585e-01	2.215640e+00	-4.501340e-01	2.593717e+01	1.215752e-01	4.949641e-02	1.212428e-01	-1.344851e-02	9.610413e-01	7.622450e-02	2.323372e-01	1.115787e+01
61	-8.412761e-02	2.322074e+00	-8.555732e-02	2.801174e+01	3.655309e-01	1.064343e-01	3.645767e-01	2.074563e+00	9.618788e-01	7.646838e-02	3.621856e-01	1.119568e+01
62	7.287113e-01	2.140752e+00	7.255306e-01	2.682287e+01	8.128389e-01	-1.813220e-01	8.110879e-01	-1.188867e+00	9.742350e-01	7.371207e-02	5.189300e-01	1.116071e+01
63	1.102774e+00	2.049368e+00	1.101301e+00	2.500485e+01	3.740630e-01	-9.138365e-02	3.757702e-01	-1.818020e+00	9.772258e-01	7.298140e-02	3.547995e-01	1.120081e+01
64	6.758785e-01	2.232256e+00	6.775403e-01	2.527392e+01	-4.268958e-01	1.828876e-01	-4.237604e-01	2.690711e-01	9.808745e-01	7.141826e-02	6.527742e-01	1.107315e+01
65	4.282237e-01	2.432256e+00	4.291975e-01	2.835512e+01	-2.476549e-01	2.000000e-01	-2.483428e-01	3.081197e+00	9.830811e-01	6.963628e-02	5.376503e-01	1.116612e+01
66	5.576764e-01	2.232256e+00	5.571746e-01	2.731535e+01	1.294528e-01	-2.000000e-01	1.279770e-01	-1.039764e+00	9.839566e-01	6.828370e-02	6.048496e-01	1.106230e+01
67	3.540737e-01	2.045002e+00	3.548671e-01	2.428847e+01	-2.036027e-01	-1.872543e-01	-2.023075e-01	-3.026883e+00	9.829492e-01	6.735719e-02	6.823734e-01	1.113360e+01
68	-2.985934e-02	2.245002e+00	-2.835650e-02	2.575088e+01	-3.839331e-01	2.000000e-01	-3.832236e-01	1.462410e+00	9.861687e-01	6.568005e-02	7.661331e-01	1.108997e+01
69	-3.852542e-02	2.328783e+00	-3.848569e-02	2.743989e+01	-8.666073e-03	8.378146e-02	-1.012919e-02	1.689010e+00	9.861978e-01	6.539906e-02	7.629889e-01	1.112037e+01
70	2.462958e-02	2.142035e+00	2.438304e-02	2.497277e+01	6.315500e-02	-1.867484e-01	6.286873e-02	-2.467124e+00	9.865744e-01	6.428539e-02	7.500824e-01	1.115853e+01
71	-5.275400e-02	2.219746e+00	-5.245269e-02	2.470522e+01	-7.738358e-02	7.771090e-02	-7.683572e-02	-2.675423e-01	9.867749e-01	6.408407e-02	7.894200e-01	1.111903e+01
72	1.217604e-01	2.372345e+00	1.210799e-01	2.578139e+01	1.745144e-01	1.525998e-01	1.735326e-01	1.076162e+00	9.860925e-01	6.348739e-02	7.282009e-01	1.106550e+01
73	6.433437e-01	2.387220e+00	6.413037e-01	2.704077e+01	5.215833e-01	1.487469e-02	5.202237e-01	1.259389e+00	9.871719e-01	6.351817e-02	8.841126e-01	1.106994e+01
74	7.809270e-01	2.187220e+00	7.803816e-01	2.374027e+01	1.375833e-01	-2.000000e-01	1.390780e-01	-3.300503e+00	9.881853e-01	6.204506e-02	8.074171e-01	1.118143e+01
75	4.469803e-01	2.353668e+00	4.482827e-01	2.573962e+01	-3.339467e-01	1.664475e-01	-3.320989e-01	1.999349e+00	9.900279e-01	6.112665e-02	7.469307e-01	1.121158e+01
76	3.375200e-01	2.251031e+00	3.379526e-01	2.341941e+01	-1.094604e-01	-1.026369e-01	-1.103301e-01	-2.320212e+00	9.898062e-01	6.091874e-02	8.028562e-01	1.126402e+01
77	3.210867e-01	2.414039e+00	3.211525e-01	2.505422e+01	-1.643330e-02	1.630081e-01	-1.680009e-02	1.634812e+00	9.898868e-01	6.011921e-02	8.043052e-01	1.124965e+01
78	-6.503332e-02	2.348971e+00	-6.352479e-02	2.520374e+01	-3.861200e-01	-6.506821e-02	-3.846773e-01	1.495236e-01	9.896399e-01	6.007760e-02	6.012375e-01	1.121543e+01
79	-4.416212e-01	2.155821e+00	-4.401442e-01	2.348295e+01	-3.765879e-01	-1.931495e-01	-3.766195e-01	-1.720795e+00	9.883805e-01	5.943168e-02	4.909317e-01	1.115885e+01
80	-4.994255e-01	2.105678e+00	-4.991939e-01	2.165338e+01	-5.780430e-02	-5.014335e-02	-5.904967e-02	-1.829568e+00	9.883514e-01	5.940643e-02	5.249242e-01	1.118834e+01
81	-4.842713e-01	2.305678e+00	-4.843296e-01	2.414981e+01	1.515414e-02	2.000000e-01	1.486428e-02	2.496430e+00	9.882668e-01	5.828941e-02	5.266940e-01	1.121170e+01
82	-6.522969e-01	2.170846e+00	-6.516408e-01	2.226363e+01	-1.680256e-01	-1.348313e-01	-1.673111e-01	-1.886185e+00	9.877518e-01	5.787616e-02	5.490025e-01	1.122960e+01
83	-7.324241e-01	2.208749e+00	-7.321085e-01	2.443102e+01	-8.012717e-02	3.790215e-02	-8.046773e-02	2.167391e+00	9.878851e-01	5.781312e-02	4.813019e-01	1.126162e+01
84	-7.377029e-01	2.008749e+00	-7.376811e-01	2.246210e+01	-5.278848e-03	-2.000000e-01	-5.572554e-03	-1.968920e+00	9.878575e-01	5.676953e-02	4.805990e-01	1.123499e+01
85	-7.589862e-01	1.918141e+00	-7.589030e-01	2.154144e+01	-2.128332e-02	-9.060765e-02	-2.122195e-02	-9.206573e-01	9.878077e-01	5.655755e-02	4.795164e-01	1.123038e+01
86	-7.980598e-01	1.880551e+00	-7.979068e-01	2.127426e+01	-3.907353e-02	-3.758961e-02	-3.900379e-02	-2.671830e-01	9.877759e-01	5.652690e-02	4.762973e-01	1.122728e+01
87	-7.945921e-01	1.825885e+00	-7.946050e-01	1.906972e+01	3.467675e-03	-5.466643e-02	3.301771e-03	-2.204538e+00	9.877807e-01	5.644998e-02	4.736783e-01	1.126857e+01
88	-7.809576e-01	2.025885e+00	-7.810110e-01	2.191696e+01	1.363445e-02	2.000000e-01	1.359409e-02	2.847236e+00	9.877099e-01	5.541032e-02	4.774054e-01	1.132324e+01
89	-7.837443e-01	1.825885e+00	-7.837336e-01	1.957526e+01	-2.786677e-03	-2.000000e-01	-2.722689e-03	-2.341692e+00	9.876954e-01	5.437540e-02	4.775037e-01	1.133030e+01
90	-7.909819e-01	1.822395e+00	-7.909536e-01	1.890685e+01	-7.237601e-03	-3.490126e-03	-7.219965e-03	-6.684116e-01	9.876950e-01	5.437520e-02	4.796537e-01	1.133133e+01
91	-7.899501e-01	1.878450e+00	-7.899540e-01	1.846242e+01	1.031832e-03	5.605514e-02	9.995986e-04	-4.444274e-01	9.876935e-01	5.429365e-02	4.791251e-01	1.130262e+01
92	-7.877156e-01	1.970309e+00	-7.877243e-01	2.084003e+01	2.234521e-03	9.185916e-02	2.229697e-03	2.377607e+00	9.876883e-01	5.407794e-02	4.805396e-01	1.136077e+01
93	-7.916995e-01	1.770309e+00	-7.916840e-01	1.844698e+01	-3.983913e-03	-2.000000e-01	-3.959641e-03	-2.393049e+00	9.876683e-01	5.307292e-02	4.807603e-01	1.137185e+01
94	-7.985897e-01	1.707315e+00	-7.985628e-01	1.718872e+01	-6.890248e-03	-6.299393e-02	-6.878800e-03	-1.258261e+00	9.876576e-01	5.297528e-02	4.825195e-01	1.138793e+01
95	-7.986398e-01	1.732094e+00	-7.986395e-01	1.820878e+01	-5.011477e-05	2.477901e-02	-7.678932e-05	1.020058e+00	9.876576e-01	5.295951e-02	4.825020e-01	1.139661e+01
96	-7.980422e-01	1.532094e+00	-7.980446e-01	1.602143e+01	5.976195e-04	-2.000000e-01	5.949851e-04	-2.187349e+00	9.876606e-01	5.197257e-02	4.825275e-01	1.138807e+01
97	-8.042215e-01	1.507385e+00	-8.041974e-01	1.512470e+01	-6.179303e-03	-2.470887e-02	-6.152841e-03	-8.967268e-01	9.876569e-01	5.195808e-02	4.843243e-01	1.139526e+01
98	-8.141050e-01	1.564683e+00	-8.140663e-01	1.729260e+01	-9.883428e-03	5.729724e-02	-9.868855e-03	2.167897e+00	9.876714e-01	5.187428e-02	4.772016e-01	1.143655e+01
99	-8.352416e-01	1.364683e+00	-8.351588e-01	1.419650e+01	-2.113660e-02	-2.000000e-01	-2.109259e-02	-3.096097e+00	9.875714e-01	5.092837e-02	4.850615e-01	1.151092e+01
100	-8.474532e-01	1.424368e+00	-8.474052e-01	1.415404e+01	-1.221166e-02	5.968559e-02	-1.224635e-02	-4.246153e-02	9.875901e-01	5.083708e-02	4.892508e-01	1.149045e+01
101	-8.639252e-01	1.425679e+00	-8.638607e-01	1.479555e+01	-1.647198e-02	1.310965e-03	-1.645547e-02	6.415025e-01	9.875921e-01	5.083692e-02	4.842871e-01	1.149084e+01
102	-8.886231e-01	1.225679e+00	-8.885264e-01	1.099433e+01	-2.469792e-02	-2.000000e-01	-2.466572e-02	-3.801214e+00	9.874784e-01	4.991577e-02	5.014317e-01	1.162968e+01
103	-9.074928e-01	1.425679e+00	-9.074187e-01	1.389801e+01	-1.886971e-02	2.000000e-01	-1.889235e-02	2.903683e+00	9.875683e-01	4.896202e-02	4.962725e-01	1.168436e+01
104	-9.224947e-01	1.225679e+00	-9.224358e-01	1.143798e+01	-1.500189e-02	-2.000000e-01	-1.501709e-02	-2.460038e+00	9.875013e-01	4.806887e-02	4.970809e-01	1.169514e+01
105	-9.577577e-01	1.188920e+00	-9.576197e-01	1.241826e+01	-3.526296e-02	-3.675909e-02	-3.518387e-02	9.802864e-01	9.874778e-01	4.804436e-02	4.731977e-01	1.167024e+01
106	-9.953413e-01	9.889200e-01	-9.951940e-01	1.004911e+01	-3.758364e-02	-2.000000e-01	-3.757427e-02	-2.369152e+00	9.873178e-01	4.719297e-02	4.735007e-01	1.167185e+01
107	-1.028173e+00	9.422036e-01	-1.028044e+00	8.925281e+00	-3.283168e-02	-4.671647e-02	-3.285021e-02	-1.123829e+00	9.872903e-01	4.715376e-02	4.822666e-01	1.168432e+01
108	-1.045387e+00	9.665906e-01	-1.045320e+00	8.880929e+00	-1.721426e-02	2.438710e-02	-1.727534e-02	-4.435212e-02	9.873020e-01	4.713720e-02	4.848902e-01	1.168061e+01
109	-1.064051e+00	9.156182e-01	-1.063978e+00	7.874147e+00	-1.866378e-02	-5.097245e-02	-1.865836e-02	-1.006782e+00	9.872828e-01	4.708471e-02	4.884518e-01	1.169033e+01
110	-1.092046e+00	8.928064e-01	-1.091937e+00	8.155245e+00	-2.799514e-02	-2.281181e-02	-2.795866e-02	2.810989e-01	9.872727e-01	4.707654e-02	4.809907e-01	1.168426e+01
111	-1.121050e+00	7.087303e-01	-1.120937e+00	6.030361e+00	-2.900410e-02	-1.840761e-01	-2.900002e-02	-2.124885e+00	9.871603e-01	4.636316e-02	4.804509e-01	1.168083e+01
112	-1.152617e+00	6.718500e-01	-1.152493e+00	4.385170e+00	-3.156671e-02	-3.688025e-02	-3.155668e-02	-1.645191e+00	9.871406e-01	4.634015e-02	4.984113e-01	1.170181e+01
113	-1.160313e+00	8.000643e-01	-1.160283e+00	6.019955e+00	-7.696455e-03	1.282143e-01	-7.789659e-03	1.634785e+00	9.871629e-01	4.596966e-02	4.979099e-01	1.171017e+01
114	-1.176886e+00	6.325505e-01	-1.176821e+00	3.471322e+00	-1.657242e-02	-1.675139e-01	-1.653812e-02	-2.548633e+00	9.871045e-01	4.537949e-02	5.024022e-01	1.175557e+01
115	-1.197611e+00	6.554160e-01	-1.197530e+00	3.492366e+00	-2.072499e-02	2.286549e-02	-2.070864e-02	2.104467e-02	9.871172e-01	4.536551e-02	5.047376e-01	1.175300e+01
116	-1.199268e+00	5.854817e-01	-1.199261e+00	3.219944e+00	-1.657280e-03	-6.993425e-02	-1.731700e-03	-2.724221e-01	9.871147e-01	4.526355e-02	5.043054e-01	1.173476e+01
117	-1.205324e+00	4.074644e-01	-1.205300e+00	1.098555e+00	-6.055822e-03	-1.780173e-01	-6.038931e-03	-2.121390e+00	9.870921e-01	4.459793e-02	5.043885e-01	1.173720e+01
118	-1.208917e+00	3.670550e-01	-1.208902e+00	8.055487e-01	-3.592611e-03	-4.040942e-02	-3.602167e-03	-2.930059e-01	9.870891e-01	4.456444e-02	5.040763e-01	1.173369e+01
119	-1.212261e+00	2.673438e-01	-1.212248e+00	0.000000e+00	-3.344382e-03	-9.971114e-02	-3.345389e-03	-8.055487e-01	9.870822e-01	4.435711e-02	5.034976e-01	1.171644e+01
120	-1.216402e+00	2.135211e-01	-1.216386e+00	0.000000e+00	-4.141070e-03	-5.382271e-02	-4.137962e-03	0.000000e+00	9.870776e-01	4.429744e-02	5.022549e-01	1.170029e+01
121	-1.214445e+00	1.744830e-01	-1.214452e+00	0.000000e+00	1.957471e-03	-3.903817e-02	1.933661e-03	0.000000e+00	9.870792e-01	4.426537e-02	5.026783e-01	1.169184e+01
122	-1.214035e+00	1.502101e-01	-1.214037e+00	0.000000e+00	4.094526e-04	-2.427286e-02	4.154065e-04	0.000000e+00	9.870794e-01	4.425286e-02	5.027335e-01	1.168857e+01
123	-1.215158e+00	1.406927e-01	-1.215153e+00	8.952124e-02	-1.122710e-03	-9.517344e-03	-1.116702e-03	8.952124e-02	9.870792e-01	4.425099e-02	5.026261e-01	1.168766e+01
124	-1.199657e+00	1.322199e-01	-1.199718e+00	0.000000e+00	1.550080e-02	-8.472862e-03	1.543589e-02	-8.952124e-02	9.870829e-01	4.424894e-02	5.026387e-01	1.168765e+01
125	-1.212738e+00	1.460337e-01	-1.212687e+00	0.000000e+00	-1.308069e-02	1.381378e-02	-1.296929e-02	0.000000e+00	9.870871e-01	4.424455e-02	5.036009e-01	1.168664e+01
126	-1.216780e+00	1.745896e-01	-1.216764e+00	1.114656e-02	-4.041940e-03	2.855593e-02	-4.076812e-03	1.114656e-02	9.870897e-01	4.422624e-02	5.042160e-01	1.168229e+01
127	-1.188435e+00	2.161696e-01	-1.188546e+00	4.356334e-01	2.834468e-02	4.158001e-02	2.821803e-02	4.244869e-01	9.870682e-01	4.419469e-02	5.032000e-01	1.168080e+01
128	-1.183526e+00	2.068679e-01	-1.183545e+00	0.000000e+00	4.909099e-03	-9.301739e-03	5.000149e-03	-4.356334e-01	9.870695e-01	4.419219e-02	5.024319e-01	1.168226e+01
129	-1.221839e+00	2.488009e-01	-1.221689e+00	6.443760e-01	-3.831307e-02	4.193301e-02	-3.814388e-02	6.443760e-01	9.871091e-01	4.414885e-02	4.992749e-01	1.168571e+01
130	-1.204492e+00	2.072414e-01	-1.204559e+00	0.000000e+00	1.734696e-02	-4.155944e-02	1.713020e-02	-6.443760e-01	9.871243e-01	4.411253e-02	4.978970e-01	1.168901e+01
131	-1.213105e+00	2.342675e-01	-1.213072e+00	0.000000e+00	-8.613517e-03	2.702610e-02	-8.512955e-03	0.000000e+00	9.871292e-01	4.409710e-02	4.991715e-01	1.168501e+01
132	-1.217066e+00	2.759299e-01	-1.217050e+00	0.000000e+00	-3.960465e-03	4.166233e-02	-3.978248e-03	0.000000e+00	9.871328e-01	4.405942e-02	5.000828e-01	1.167543e+01
133	-1.226585e+00	3.321982e-01	-1.226548e+00	6.734677e-01	-9.519427e-03	5.626834e-02	-9.497782e-03	6.734677e-01	9.871444e-01	4.399057e-02	4.999868e-01	1.167600e+01
134	-1.192382e+00	3.011344e-01	-1.192515e+00	1.513467e+00	3.420365e-02	-3.106376e-02	3.403295e-02	8.399996e-01	9.871709e-01	4.396647e-02	5.192284e-01	1.165852e+01
135	-1.197468e+00	1.117435e-01	-1.197448e+00	0.000000e+00	-5.086077e-03	-1.893909e-01	-4.933268e-03	-1.513467e+00	9.871510e-01	4.322285e-02	5.175737e-01	1.159691e+01
136	-1.228158e+00	6.290978e-02	-1.228038e+00	6.192873e-01	-3.069061e-02	-4.883375e-02	-3.058999e-02	6.192873e-01	9.871245e-01	4.318077e-02	5.000874e-01	1.156908e+01
137	-1.203414e+00	0.000000e+00	-1.203510e+00	0.000000e+00	2.474453e-02	-6.290978e-02	2.452838e-02	-6.192873e-01	9.871576e-01	4.309672e-02	5.012149e-01	1.156622e+01
138	-1.206591e+00	0.000000e+00	-1.206579e+00	0.000000e+00	-3.176933e-03	0.000000e+00	-3.068709e-03	0.000000e+00	9.871575e-01	4.309672e-02	1.000000e+00	1.100000e+01
139	-1.214556e+00	0.000000e+00	-1.214525e+00	0.000000e+00	-7.965309e-03	0.000000e+00	-7.946181e-03	0.000000e+00	9.871578e-01	4.309672e-02	1.000000e+00	1.100000e+01
140	-1.214776e+00	0.000000e+00	-1.214775e+00	0.000000e+00	-2.198079e-04	0.000000e+00	-2.499890e-04	0.000000e+00	9.871578e-01	4.309672e-02	1.000000e+00	1.100000e+01
141	-1.212821e+00	0.000000e+00	-1.212829e+00	3.264924e-01	1.955043e-03	0.000000e+00	1.946429e-03	3.264924e-01	9.871578e-01	4.309672e-02	1.000000e+00	1.100000e+01
142	-1.199380e+00	0.000000e+00	-1.199432e+00	0.000000e+00	1.344097e-02	0.000000e+00	1.339607e-02	-3.264924e-01	9.871586e-01	4.309672e-02	1.000000e+00	1.100000e+01
143	-1.210838e+00	0.000000e+00	-1.210794e+00	0.000000e+00	-1.145848e-02	0.000000e+00	-1.136140e-02	0.000000e+00	9.871589e-01	4.309672e-02	1.000000e+00	1.100000e+01
144	-1.213401e+00	4.288320e-03	-1.213390e+00	1.095022e+00	-2.562106e-03	4.288320e-03	-2.596478e-03	1.095022e+00	9.871592e-01	4.309621e-02	9.987217e-01	1.100214e+01
145	-1.201677e+00	0.000000e+00	-1.201723e+00	0.000000e+00	1.172353e-02	-4.288320e-03	1.166760e-02	-1.095022e+00	9.871608e-01	4.309564e-02	9.928218e-01	1.100430e+01
146	-1.207420e+00	0.000000e+00	-1.207398e+00	0.000000e+00	-5.743270e-03	0.000000e+00	-5.675259e-03	0.000000e+00	9.871608e-01	4.309564e-02	1.000000e+00	1.100000e+01
147	-1.210172e+00	0.000000e+00	-1.210161e+00	4.454892e-02	-2.751365e-03	0.000000e+00	-2.762787e-03	4.454892e-02	9.871608e-01	4.309564e-02	1.000000e+00	1.100000e+01
148	-1.199857e+00	0.000000e+00	-1.199898e+00	0.000000e+00	1.031413e-02	0.000000e+00	1.026305e-02	-4.454892e-02	9.871612e-01	4.309564e-02	1.000000e+00	1.100000e+01
149	-1.209933e+00	0.000000e+00	-1.209894e+00	0.000000e+00	-1.007584e-02	0.000000e+00	-9.996394e-03	0.000000e+00	9.871615e-01	4.309564e-02	1.000000e+00	1.100000e+01
150	-1.208903e+00	1.477947e-02	-1.208907e+00	3.085814e-01	1.030322e-03	1.477947e-02	9.872491e-04	3.085814e-01	9.871612e-01	4.309096e-02	1.000071e+00	1.100102e+01
151	-1.199310e+00	0.000000e+00	-1.199348e+00	0.000000e+00	9.592923e-03	-1.477947e-02	9.559307e-03	-3.085814e-01	9.871645e-01	4.308586e-02	9.993621e-01	1.100211e+01
152	-1.205366e+00	2.318966e-02	-1.205342e+00	0.000000e+00	-6.055487e-03	2.318966e-02	-5.994491e-03	0.000000e+00	9.871674e-01	4.307468e-02	1.000078e+00	1.099937e+01
153	-1.206538e+00	6.138021e-02	-1.206534e+00	7.003869e-01	-1.172687e-03	3.819055e-02	-1.191522e-03	7.003869e-01	9.871683e-01	4.304424e-02	9.999217e-01	1.100447e+01
154	-1.195405e+00	5.428262e-03	-1.195449e+00	1.286826e-01	1.113296e-02	-5.595195e-02	1.108482e-02	-5.717043e-01	9.871815e-01	4.297782e-02	1.000095e+00	1.100360e+01
155	-1.191043e+00	4.529836e-03	-1.191061e+00	0.000000e+00	4.362005e-03	-8.984256e-04	4.388266e-03	-1.286826e-01	9.871818e-01	4.297777e-02	9.998401e-01	1.100365e+01
156	-1.207695e+00	2.972760e-02	-1.207630e+00	0.000000e+00	-1.665209e-02	2.519777e-02	-1.656990e-02	0.000000e+00	9.871914e-01	4.296325e-02	1.001901e+00	1.100053e+01
157	-1.205035e+00	6.997855e-02	-1.205046e+00	2.522744e-01	2.659897e-03	4.025094e-02	2.584781e-03	2.522744e-01	9.871892e-01	4.292943e-02	1.001657e+00	1.099684e+01
158	-1.187416e+00	8.585654e-02	-1.187485e+00	2.094384e+00	1.761937e-02	1.587800e-02	1.756064e-02	1.842110e+00	9.871848e-01	4.292555e-02	1.015461e+00	1.100928e+01
159	-1.206908e+00	0.000000e+00	-1.206832e+00	0.000000e+00	-1.949150e-02	-8.585654e-02	-1.934676e-02	-2.094384e+00	9.871518e-01	4.278009e-02	1.025877e+00	1.105516e+01
160	-1.221999e+00	0.000000e+00	-1.221940e+00	2.620756e-01	-1.509165e-02	0.000000e+00	-1.510827e-02	2.620756e-01	9.871533e-01	4.278009e-02	1.000000e+00	1.100000e+01
161	-1.203563e+00	0.000000e+00	-1.203635e+00	0.000000e+00	1.843641e-02	0.000000e+00	1.830538e-02	-2.620756e-01	9.871543e-01	4.278009e-02	1.000000e+00	1.100000e+01
162	-1.211121e+00	7.350111e-03	-1.211092e+00	8.886652e-01	-7.558174e-03	7.350111e-03	-7.457145e-03	8.886652e-01	9.871554e-01	4.277901e-02	9.970729e-01	1.100285e+01
163	-1.208501e+00	0.000000e+00	-1.208511e+00	0.000000e+00	2.620472e-03	-7.350111e-03	2.581106e-03	-8.886652e-01	9.871558e-01	4.277793e-02	9.960642e-01	1.100568e+01
164	-1.216357e+00	0.000000e+00	-1.216326e+00	0.000000e+00	-7.856164e-03	0.000000e+00	-7.815393e-03	0.000000e+00	9.871560e-01	4.277793e-02	1.000000e+00	1.100000e+01
165	-1.216271e+00	0.000000e+00	-1.216271e+00	4.620044e-01	8.551973e-05	0.000000e+00	5.465679e-05	4.620044e-01	9.871560e-01	4.277793e-02	1.000000e+00	1.100000e+01
166	-1.205282e+00	0.000000e+00	-1.205325e+00	0.000000e+00	1.098934e-02	0.000000e+00	1.094662e-02	-4.620044e-01	9.871565e-01	4.277793e-02	1.000000e+00	1.100000e+01
167	-1.215417e+00	0.000000e+00	-1.215378e+00	1.131845e+00	-1.013520e-02	0.000000e+00	-1.005285e-02	1.131845e+00	9.871567e-01	4.277793e-02	1.000000e+00	1.100000e+01
168	-1.213054e+00	0.000000e+00	-1.213064e+00	5.842374e-01	2.362603e-03	0.000000e+00	2.314105e-03	-5.476074e-01	9.871567e-01	4.277793e-02	1.000000e+00	1.100000e+01
169	-1.213952e+00	0.000000e+00	-1.213948e+00	0.000000e+00	-8.972393e-04	0.000000e+00	-8.846950e-04	-5.842374e-01	9.871567e-01	4.277793e-02	1.000000e+00	1.100000e+01
170	-1.220507e+00	0.000000e+00	-1.220482e+00	0.000000e+00	-6.555791e-03	0.000000e+00	-6.533638e-03	0.000000e+00	9.871569e-01	4.277793e-02	1.000000e+00	1.100000e+01
171	-1.220916e+00	0.000000e+00	-1.220914e+00	0.000000e+00	-4.084735e-04	0.000000e+00	-4.323999e-04	0.000000e+00	9.871569e-01	4.277793e-02	1.000000e+00	1.100000e+01
172	-1.219279e+00	0.000000e+00	-1.219285e+00	0.000000e+00	1.637241e-03	0.000000e+00	1.629156e-03	0.000000e+00	9.871569e-01	4.277793e-02	1.000000e+00	1.100000e+01
173	-1.219509e+00	0.000000e+00	-1.219508e+00	0.000000e+00	-2.297743e-04	0.000000e+00	-2.225128e-04	0.000000e+00	9.871569e-01	4.277793e-02	1.000000e+00	1.100000e+01
174	-1.219853e+00	0.000000e+00	-1.219852e+00	0.000000e+00	-3.447696e-04	0.000000e+00	-3.442920e-04	0.000000e+00	9.871569e-01	4.277793e-02	1.000000e+00	1.100000e+01
175	-1.219752e+00	0.000000e+00	-1.219752e+00	3.811816e-01	1.016473e-04	0.000000e+00	9.990535e-05	3.811816e-01	9.871569e-01	4.277793e-02	1.000000e+00	1.100000e+01
176	-1.218251e+00	0.000000e+00	-1.218257e+00	0.000000e+00	1.500873e-03	0.000000e+00	1.495400e-03	-3.811816e-01	9.871569e-01	4.277793e-02	1.000000e+00	1.100000e+01
177	-1.219437e+00	0.000000e+00	-1.219433e+00	0.000000e+00	-1.186652e-03	0.000000e+00	-1.176175e-03	0.000000e+00	9.871569e-01	4.277793e-02	1.000000e+00	1.100000e+01
178	-1.219815e+00	6.441191e-03	-1.219814e+00	6.075271e-02	-3.780939e-04	6.441191e-03	-3.812114e-04	6.075271e-02	9.871570e-01	4.277707e-02	1.000002e+00	1.099997e+01
179	-1.213843e+00	1.853569e-02	-1.213867e+00	0.000000e+00	5.972281e-03	1.209450e-02	5.947463e-03	-6.075271e-02	9.871557e-01	4.277439e-02	9.994351e-01	1.099882e+01
180	-1.215988e+00	5.124715e-02	-1.215979e+00	4.687094e-01	-2.144402e-03	3.271146e-02	-2.112793e-03	4.687094e-01	9.871571e-01	4.275273e-02	9.993220e-01	1.100055e+01
181	-1.210458e+00	2.477463e-02	-1.210480e+00	0.000000e+00	5.529593e-03	-2.647252e-02	5.499740e-03	-4.687094e-01	9.871602e-01	4.273798e-02	9.988415e-01	1.100285e+01
182	-1.216507e+00	5.460010e-02	-1.216484e+00	0.000000e+00	-6.049200e-03	2.982547e-02	-6.004087e-03	0.000000e+00	9.871639e-01	4.271947e-02	9.997666e-01	1.099829e+01
183	-1.216113e+00	9.974172e-02	-1.216114e+00	1.152431e+00	3.942111e-04	4.514162e-02	3.692178e-04	1.152431e+00	9.871635e-01	4.267774e-02	9.998893e-01	1.101233e+01
184	-1.210763e+00	0.000000e+00	-1.210784e+00	0.000000e+00	5.350238e-03	-9.974172e-02	5.330781e-03	-1.152431e+00	9.871744e-01	4.247474e-02	9.997391e-01	1.101513e+01
185	-1.217352e+00	0.000000e+00	-1.217326e+00	1.345474e+00	-6.589156e-03	0.000000e+00	-6.542594e-03	1.345474e+00	9.871746e-01	4.247474e-02	1.000000e+00	1.100000e+01
186	-1.216830e+00	0.000000e+00	-1.216832e+00	0.000000e+00	5.219686e-04	0.000000e+00	4.943727e-04	-1.345474e+00	9.871746e-01	4.247474e-02	1.000000e+00	1.100000e+01
187	-1.218694e+00	0.000000e+00	-1.218686e+00	0.000000e+00	-1.863773e-03	0.000000e+00	-1.854562e-03	0.000000e+00	9.871746e-01	4.247474e-02	1.000000e+00	1.100000e+01
188	-1.218186e+00	0.000000e+00	-1.218188e+00	4.798793e-01	5.079262e-04	0.000000e+00	4.986977e-04	4.798793e-01	9.871746e-01	4.247474e-02	1.000000e+00	1.100000e+01
189	-1.218173e+00	0.000000e+00	-1.218173e+00	0.000000e+00	1.322564e-05	0.000000e+00	1.512201e-05	-4.798793e-01	9.871746e-01	4.247474e-02	1.000000e+00	1.100000e+01
190	-1.217900e+00	0.000000e+00	-1.217901e+00	1.902679e-01	2.725868e-04	0.000000e+00	2.715810e-04	1.902679e-01	9.871746e-01	4.247474e-02	1.000000e+00	1.100000e+01
191	-1.213779e+00	0.000000e+00	-1.213795e+00	4.707150e-01	4.120730e-03	0.000000e+00	4.105694e-03	2.804470e-01	9.871746e-01	4.247474e-02	1.000000e+00	1.100000e+01
192	-1.217548e+00	0.000000e+00	-1.217534e+00	3.179725e-01	-3.768969e-03	0.000000e+00	-3.738209e-03	-1.527425e-01	9.871747e-01	4.247474e-02	1.000000e+00	1.100000e+01
193	-1.223285e+00	0.000000e+00	-1.223262e+00	0.000000e+00	-5.736664e-03	0.000000e+00	-5.728858e-03	-3.179725e-01	9.871748e-01	4.247474e-02	1.000000e+00	1.100000e+01
194	-1.231238e+00	0.000000e+00	-1.231207e+00	0.000000e+00	-7.953051e-03	0.000000e+00	-7.944363e-03	0.000000e+00	9.871752e-01	4.247474e-02	1.000000e+00	1.100000e+01
195	-1.229830e+00	0.000000e+00	-1.229836e+00	0.000000e+00	1.407698e-03	0.000000e+00	1.371166e-03	0.000000e+00	9.871752e-01	4.247474e-02	1.000000e+00	1.100000e+01
196	-1.227846e+00	0.000000e+00	-1.227854e+00	0.000000e+00	1.983883e-03	0.000000e+00	1.981490e-03	0.000000e+00	9.871752e-01	4.247474e-02	1.000000e+00	1.100000e+01
197	-1.228354e+00	0.000000e+00	-1.228352e+00	0.000000e+00	-5.076588e-04	0.000000e+00	-4.979355e-04	0.000000e+00	9.871752e-01	4.247474e-02	1.000000e+00	1.100000e+01
198	-1.228830e+00	0.000000e+00	-1.228828e+00	2.758310e-01	-4.759458e-04	0.000000e+00	-4.760317e-04	2.758310e-01	9.871752e-01	4.247474e-02	1.000000e+00	1.100000e+01
199	-1.218591e+00	0.000000e+00	-1.218631e+00	0.000000e+00	1.023936e-02	0.000000e+00	1.019750e-02	-2.758310e-01	9.871756e-01	4.247474e-02	1.000000e+00	1.100000e+01
200	-1.228564e+00	8.763134e-03	-1.228525e+00	0.000000e+00	-9.972925e-03	8.763134e-03	-9.894134e-03	0.000000e+00	9.871776e-01	4.247299e-02	1.000409e+00	1.099964e+01
201	-1.230261e+00	3.295159e-02	-1.230255e+00	6.046739e-01	-1.697750e-03	2.418846e-02	-1.729767e-03	6.046739e-01	9.871785e-01	4.246057e-02	1.000135e+00	1.100355e+01
202	-1.219461e+00	0.000000e+00	-1.219503e+00	1.034245e+00	1.079997e-02	-3.295159e-02	1.075103e-02	4.295713e-01	9.871861e-01	4.243728e-02	1.004141e+00	1.099133e+01
203	-1.221941e+00	0.000000e+00	-1.221932e+00	0.000000e+00	-2.479962e-03	0.000000e+00	-2.428278e-03	-1.034245e+00	9.871861e-01	4.243728e-02	1.000000e+00	1.100000e+01
204	-1.240259e+00	0.000000e+00	-1.240188e+00	0.000000e+00	-1.831800e-02	0.000000e+00	-1.825593e-02	0.000000e+00	9.871876e-01	4.243728e-02	1.000000e+00	1.100000e+01
205	-1.234153e+00	0.000000e+00	-1.234177e+00	0.000000e+00	6.105990e-03	0.000000e+00	6.010826e-03	0.000000e+00	9.871876e-01	4.243728e-02	1.000000e+00	1.100000e+01
206	-1.232898e+00	0.000000e+00	-1.232903e+00	2.539220e-01	1.255365e-03	0.000000e+00	1.273941e-03	2.539220e-01	9.871876e-01	4.243728e-02	1.000000e+00	1.100000e+01
207	-1.222097e+00	0.000000e+00	-1.222139e+00	8.267959e-01	1.080080e-02	0.000000e+00	1.076359e-02	5.728738e-01	9.871881e-01	4.243728e-02	1.000000e+00	1.100000e+01
208	-1.225419e+00	0.000000e+00	-1.225406e+00	0.000000e+00	-3.321979e-03	0.000000e+00	-3.266957e-03	-8.267959e-01	9.871881e-01	4.243728e-02	1.000000e+00	1.100000e+01
209	-1.246788e+00	0.000000e+00	-1.246704e+00	7.171623e-02	-2.136872e-02	0.000000e+00	-2.129801e-02	7.171623e-02	9.871902e-01	4.243728e-02	1.000000e+00	1.100000e+01
210	-1.234344e+00	0.000000e+00	-1.234393e+00	0.000000e+00	1.244335e-02	0.000000e+00	1.231155e-02	-7.171623e-02	9.871903e-01	4.243728e-02	1.000000e+00	1.100000e+01
211	-1.236932e+00	0.000000e+00	-1.236922e+00	1.467895e-01	-2.587456e-03	0.000000e+00	-2.529257e-03	1.467895e-01	9.871903e-01	4.243728e-02	1.000000e+00	1.100000e+01
212	-1.229848e+00	0.000000e+00	-1.229875e+00	4.891382e-02	7.084369e-03	0.000000e+00	7.046816e-03	-9.787563e-02	9.871905e-01	4.243728e-02	1.000000e+00	1.100000e+01
213	-1.230443e+00	0.000000e+00	-1.230441e+00	2.438308e-01	-5.952648e-04	0.000000e+00	-5.654130e-04	1.949170e-01	9.871905e-01	4.243728e-02	1.000000e+00	1.100000e+01
214	-1.232824e+00	0.000000e+00	-1.232814e+00	0.000000e+00	-2.380802e-03	0.000000e+00	-2.373710e-03	-2.438308e-01	9.871905e-01	4.243728e-02	1.000000e+00	1.100000e+01
215	-1.243794e+00	7.573252e-03	-1.243751e+00	0.000000e+00	-1.097002e-02	7.573252e-03	-1.093644e-02	0.000000e+00	9.871927e-01	4.243574e-02	1.000377e+00	1.099974e+01
216	-1.242632e+00	3.063837e-02	-1.242637e+00	5.525473e-01	1.161507e-03	2.306512e-02	1.114249e-03	5.525473e-01	9.871922e-01	4.242467e-02	1.000541e+00	1.100300e+01
217	-1.232510e+00	0.000000e+00	-1.232549e+00	1.013654e+00	1.012221e-02	-3.063837e-02	1.008702e-02	4.611062e-01	9.871989e-01	4.240439e-02	1.004328e+00	1.099154e+01
218	-1.234836e+00	0.000000e+00	-1.234827e+00	0.000000e+00	-2.325876e-03	0.000000e+00	-2.277388e-03	-1.013654e+00	9.871988e-01	4.240439e-02	1.000000e+00	1.100000e+01
219	-1.242759e+00	0.000000e+00	-1.242728e+00	0.000000e+00	-7.923657e-03	0.000000e+00	-7.901602e-03	0.000000e+00	9.871991e-01	4.240439e-02	1.000000e+00	1.100000e+01
220	-1.240979e+00	0.000000e+00	-1.240985e+00	0.000000e+00	1.780907e-03	0.000000e+00	1.743085e-03	0.000000e+00	9.871991e-01	4.240439e-02	1.000000e+00	1.100000e+01
221	-1.240462e+00	0.000000e+00	-1.240464e+00	8.262387e-01	5.168389e-04	0.000000e+00	5.216289e-04	8.262387e-01	9.871991e-01	4.240439e-02	1.000000e+00	1.100000e+01
222	-1.233373e+00	0.000000e+00	-1.233401e+00	0.000000e+00	7.088699e-03	0.000000e+00	7.063047e-03	-8.262387e-01	9.871993e-01	4.240439e-02	1.000000e+00	1.100000e+01
223	-1.238852e+00	0.000000e+00	-1.238831e+00	0.000000e+00	-5.479082e-03	0.000000e+00	-5.430089e-03	0.000000e+00	9.871994e-01	4.240439e-02	1.000000e+00	1.100000e+01
224	-1.240766e+00	0.000000e+00	-1.240759e+00	0.000000e+00	-1.914315e-03	0.000000e+00	-1.928049e-03	0.000000e+00	9.871994e-01	4.240439e-02	1.000000e+00	1.100000e+01
225	-1.239400e+00	0.000000e+00	-1.239405e+00	3.994415e-02	1.366679e-03	0.000000e+00	1.353809e-03	3.994415e-02	9.871994e-01	4.240439e-02	1.000000e+00	1.100000e+01
226	-1.231804e+00	0.000000e+00	-1.231834e+00	0.000000e+00	7.595239e-03	0.000000e+00	7.570859e-03	-3.994415e-02	9.871997e-01	4.240439e-02	1.000000e+00	1.100000e+01
227	-1.239657e+00	1.760778e-02	-1.239627e+00	6.967959e-01	-7.852618e-03	1.760778e-02	-7.792370e-03	6.967959e-01	9.872026e-01	4.239781e-02	9.980945e-01	1.100427e+01
228	-1.234879e+00	0.000000e+00	-1.234898e+00	0.000000e+00	4.778080e-03	-1.760778e-02	4.728977e-03	-6.967959e-01	9.872044e-01	4.239146e-02	9.969422e-01	1.100852e+01
229	-1.237735e+00	0.000000e+00	-1.237724e+00	5.249619e-03	-2.855670e-03	0.000000e+00	-2.826043e-03	5.249619e-03	9.872044e-01	4.239146e-02	1.000000e+00	1.100000e+01
230	-1.232798e+00	1.281935e-02	-1.232817e+00	2.660419e-01	4.936985e-03	1.281935e-02	4.906660e-03	2.607923e-01	9.872032e-01	4.238836e-02	1.000269e+00	1.100070e+01
231	-1.231270e+00	0.000000e+00	-1.231276e+00	7.259821e-01	1.527413e-03	-1.281935e-02	1.540613e-03	4.599402e-01	9.872036e-01	4.238485e-02	1.000704e+00	1.099705e+01
232	-1.235935e+00	0.000000e+00	-1.235917e+00	0.000000e+00	-4.665192e-03	0.000000e+00	-4.640951e-03	-7.259821e-01	9.872037e-01	4.238485e-02	1.000000e+00	1.100000e+01
233	-1.243846e+00	0.000000e+00	-1.243815e+00	2.590357e-02	-7.910009e-03	0.000000e+00	-7.897239e-03	2.590357e-02	9.872040e-01	4.238485e-02	1.000000e+00	1.100000e+01
234	-1.236795e+00	0.000000e+00	-1.236822e+00	9.393681e-01	7.050993e-03	0.000000e+00	6.992601e-03	9.134645e-01	9.872041e-01	4.238485e-02	1.000000e+00	1.100000e+01
235	-1.236874e+00	0.000000e+00	-1.236874e+00	6.844521e-01	-7.928912e-05	0.000000e+00	-5.166455e-05	-2.549160e-01	9.872041e-01	4.238485e-02	1.000000e+00	1.100000e+01
236	-1.240595e+00	0.000000e+00	-1.240580e+00	0.000000e+00	-3.721058e-03	0.000000e+00	-3.706725e-03	-6.844521e-01	9.872042e-01	4.238485e-02	1.000000e+00	1.100000e+01
237	-1.247875e+00	0.000000e+00	-1.247847e+00	1.546820e+00	-7.280481e-03	0.000000e+00	-7.266521e-03	1.546820e+00	9.872044e-01	4.238485e-02	1.000000e+00	1.100000e+01
238	-1.248213e+00	0.000000e+00	-1.248212e+00	0.000000e+00	-3.378822e-04	0.000000e+00	-3.649472e-04	-1.546820e+00	9.872044e-01	4.238485e-02	1.000000e+00	1.100000e+01
239	-1.247903e+00	0.000000e+00	-1.247904e+00	0.000000e+00	3.102908e-04	0.000000e+00	3.076532e-04	0.000000e+00	9.872044e-01	4.238485e-02	1.000000e+00	1.100000e+01
240	-1.248204e+00	0.000000e+00	-1.248203e+00	0.000000e+00	-3.014872e-04	0.000000e+00	-2.991077e-04	0.000000e+00	9.872044e-01	4.238485e-02	1.000000e+00	1.100000e+01
241	-1.248241e+00	0.000000e+00	-1.248241e+00	8.451660e-01	-3.683823e-05	0.000000e+00	-3.786272e-05	8.451660e-01	9.872044e-01	4.238485e-02	1.000000e+00	1.100000e+01
242	-1.247390e+00	0.000000e+00	-1.247394e+00	0.000000e+00	8.509382e-04	0.000000e+00	8.474664e-04	-8.451660e-01	9.872044e-01	4.238485e-02	1.000000e+00	1.100000e+01
243	-1.251293e+00	0.000000e+00	-1.251277e+00	0.000000e+00	-3.902224e-03	0.000000e+00	-3.883671e-03	0.000000e+00	9.872045e-01	4.238485e-02	1.000000e+00	1.100000e+01
