#sequence delta(k-1),f(k-1),theta(k),v(k),delta_diff(k-1),f_diff(k-1),theta_diff(k),v_diff(k),phi(1,1;k),phi(1,2;k),phi(2,1;k),phi(2,2;k)
1	1.298976e+00	0.000000e+00	1.299369e+00	1.963602e-01	1.298976e+00	0.000000e+00	-1.002368e-01	1.879691e-01	5.317310e-01	1.000000e-01	1.000000e+00	1.100000e+01
2	1.229324e+00	2.000000e-01	1.229598e+00	2.375853e+00	-6.965134e-02	2.000000e-01	-6.977082e-02	2.179493e+00	5.334375e-01	9.510006e-02	9.984097e-01	1.100457e+01
3	6.672568e-01	3.722543e-01	6.694535e-01	5.064491e+00	-5.620676e-01	1.722543e-01	-5.601445e-01	2.688638e+00	5.964266e-01	7.579606e-02	6.901254e-01	1.109904e+01
4	1.043411e+00	3.967445e-01	1.041950e+00	5.234733e+00	3.761539e-01	2.449018e-02	3.724965e-01	1.702422e-01	6.208312e-01	7.738496e-02	6.298748e-01	1.109512e+01
5	1.405759e+00	5.312612e-01	1.404338e+00	5.802306e+00	3.623483e-01	1.345168e-01	3.623880e-01	5.675727e-01	6.411740e-01	8.493694e-02	4.451960e-01	1.102656e+01
6	1.349817e+00	7.312612e-01	1.350030e+00	7.814851e+00	-5.594187e-02	2.000000e-01	-5.430777e-02	2.012545e+00	6.420955e-01	8.164245e-02	4.495624e-01	1.101095e+01
7	1.197965e+00	8.808406e-01	1.198559e+00	9.510124e+00	-1.518521e-01	1.495793e-01	-1.514711e-01	1.695273e+00	6.467630e-01	7.704483e-02	4.413438e-01	1.101905e+01
8	1.177650e+00	9.643467e-01	1.177732e+00	9.663157e+00	-2.031509e-02	8.350613e-02	-2.082742e-02	1.530334e-01	6.468988e-01	7.648673e-02	4.486329e-01	1.098909e+01
9	1.226201e+00	1.164347e+00	1.226012e+00	1.248284e+01	4.855098e-02	2.000000e-01	4.827997e-02	2.819684e+00	6.469344e-01	7.663326e-02	4.621849e-01	1.104491e+01
10	1.212495e+00	1.117745e+00	1.212548e+00	1.219106e+01	-1.370557e-02	-4.660202e-02	-1.346344e-02	-2.917789e-01	6.469410e-01	7.665593e-02	4.606940e-01	1.103984e+01
11	1.141373e+00	1.226098e+00	1.141651e+00	1.279423e+01	-7.112274e-02	1.083538e-01	-7.089751e-02	6.031715e-01	6.480530e-01	7.496187e-02	4.794642e-01	1.101125e+01
12	1.121842e+00	1.426098e+00	1.121919e+00	1.504478e+01	-1.953082e-02	2.000000e-01	-1.973147e-02	2.250545e+00	6.482537e-01	7.290701e-02	4.789399e-01	1.101662e+01
13	1.116928e+00	1.456280e+00	1.116947e+00	1.489786e+01	-4.913952e-03	3.018201e-02	-4.971832e-03	-1.469186e-01	6.482630e-01	7.284988e-02	4.800529e-01	1.100978e+01
14	1.088855e+00	1.629961e+00	1.088965e+00	1.741466e+01	-2.807244e-02	1.736805e-01	-2.798221e-02	2.516800e+00	6.485576e-01	7.102712e-02	4.719366e-01	1.105999e+01
15	1.054246e+00	1.553307e+00	1.054382e+00	1.633229e+01	-3.460912e-02	-7.665380e-02	-3.458324e-02	-1.082367e+00	6.486672e-01	7.126995e-02	4.755117e-01	1.106791e+01
16	1.026782e+00	1.723285e+00	1.026890e+00	1.806864e+01	-2.746414e-02	1.699774e-01	-2.749194e-02	1.736347e+00	6.489473e-01	6.953625e-02	4.772072e-01	1.105742e+01
17	1.005920e+00	1.788123e+00	1.006002e+00	1.854444e+01	-2.086229e-02	6.483832e-02	-2.088818e-02	4.757954e-01	6.490646e-01	6.917188e-02	4.794929e-01	1.105032e+01
18	9.789263e-01	1.888664e+00	9.790321e-01	2.101559e+01	-2.699362e-02	1.005411e-01	-2.696977e-02	2.471157e+00	6.492738e-01	6.839271e-02	4.619821e-01	1.111554e+01
19	9.242928e-01	1.693033e+00	9.245066e-01	1.846336e+01	-5.463352e-02	-1.956309e-01	-5.452546e-02	-2.552229e+00	6.494180e-01	6.890927e-02	4.709435e-01	1.114763e+01
20	8.884538e-01	1.893033e+00	8.885947e-01	2.170285e+01	-3.583894e-02	2.000000e-01	-3.591193e-02	3.239484e+00	6.498587e-01	6.645019e-02	4.538167e-01	1.124320e+01
21	8.637523e-01	1.773790e+00	8.638494e-01	2.050526e+01	-2.470151e-02	-1.192433e-01	-2.474530e-02	-1.197585e+00	6.498676e-01	6.649343e-02	4.520196e-01	1.123453e+01
22	8.115629e-01	1.883747e+00	8.117671e-01	2.102823e+01	-5.218945e-02	1.099571e-01	-5.208225e-02	5.229672e-01	6.504946e-01	6.517254e-02	4.689683e-01	1.119882e+01
23	7.444278e-01	2.064563e+00	7.446908e-01	2.182285e+01	-6.713511e-02	1.808159e-01	-6.707631e-02	7.946225e-01	6.515963e-01	6.220539e-02	5.064995e-01	1.109773e+01
24	6.876944e-01	2.264563e+00	6.879170e-01	2.438019e+01	-5.673338e-02	2.000000e-01	-5.677379e-02	2.557337e+00	6.524469e-01	5.920667e-02	4.968312e-01	1.113182e+01
25	6.166306e-01	2.168577e+00	6.169091e-01	2.325716e+01	-7.106375e-02	-9.598521e-02	-7.100793e-02	-1.123032e+00	6.530824e-01	6.006497e-02	4.974759e-01	1.113269e+01
26	4.974178e-01	2.236366e+00	4.978846e-01	2.291389e+01	-1.192128e-01	6.778813e-02	-1.190245e-01	-3.432651e-01	6.556203e-01	5.862183e-02	5.557412e-01	1.109956e+01
27	3.493200e-01	2.436366e+00	3.499003e-01	2.588909e+01	-1.480978e-01	2.000000e-01	-1.479843e-01	2.975195e+00	6.598926e-01	5.285229e-02	4.985897e-01	1.117674e+01
28	1.786349e-01	2.279280e+00	1.793039e-01	2.316536e+01	-1.706851e-01	-1.570857e-01	-1.705964e-01	-2.723728e+00	6.638133e-01	5.646064e-02	5.682973e-01	1.124089e+01
29	-7.483659e-02	2.479280e+00	-7.384386e-02	2.344796e+01	-2.534715e-01	2.000000e-01	-2.531478e-01	2.826002e-01	6.748198e-01	4.777601e-02	7.767428e-01	1.107642e+01
30	-2.283060e-01	2.679280e+00	-2.277027e-01	2.670483e+01	-1.534694e-01	2.000000e-01	-1.538588e-01	3.256872e+00	6.790484e-01	4.226539e-02	6.947293e-01	1.118330e+01
31	-4.755516e-01	2.497830e+00	-4.745835e-01	2.483265e+01	-2.472456e-01	-1.814496e-01	-2.468808e-01	-1.872185e+00	6.870481e-01	4.813627e-02	6.578501e-01	1.115623e+01
32	-7.249786e-01	2.605645e+00	-7.240005e-01	2.575069e+01	-2.494269e-01	1.078145e-01	-2.494170e-01	9.180454e-01	6.965589e-01	4.402525e-02	6.716381e-01	1.115027e+01
33	-7.589303e-01	2.677820e+00	-7.587939e-01	2.588368e+01	-3.395174e-02	7.217485e-02	-3.479340e-02	1.329915e-01	6.967891e-01	4.353582e-02	6.820710e-01	1.112810e+01
34	-6.679472e-01	2.800735e+00	-6.683020e-01	2.716024e+01	9.098313e-02	1.229156e-01	9.049181e-02	1.276558e+00	6.977180e-01	4.479070e-02	6.755217e-01	1.111925e+01
35	-6.817969e-01	2.773505e+00	-6.817442e-01	2.779812e+01	-1.384971e-02	-2.723066e-02	-1.344213e-02	6.378809e-01	6.977348e-01	4.482379e-02	6.692748e-01	1.110697e+01
36	-6.378541e-01	2.623556e+00	-6.380256e-01	2.547318e+01	4.394277e-02	-1.499487e-01	4.371861e-02	-2.324939e+00	6.981427e-01	4.343197e-02	6.550695e-01	1.115544e+01
37	-3.890086e-01	2.823556e+00	-3.899813e-01	2.631465e+01	2.488455e-01	2.000000e-01	2.480443e-01	8.414642e-01	7.055239e-01	4.936432e-02	4.804448e-01	1.101509e+01
38	-1.576085e-01	3.023556e+00	-1.585162e-01	2.862754e+01	2.314001e-01	2.000000e-01	2.314651e-01	2.312896e+00	7.116492e-01	5.465842e-02	4.803085e-01	1.101497e+01
39	9.605153e-03	2.894294e+00	8.948429e-03	2.727515e+01	1.672137e-01	-1.292623e-01	1.674647e-01	-1.352392e+00	7.159636e-01	5.132325e-02	4.796182e-01	1.101551e+01
40	9.672890e-02	2.938036e+00	9.638601e-02	2.851343e+01	8.712375e-02	4.374241e-02	8.743758e-02	1.238273e+00	7.169033e-01	5.179505e-02	5.090529e-01	1.103029e+01
41	1.989049e-02	2.788410e+00	2.018930e-02	2.772762e+01	-7.683841e-02	-1.496264e-01	-7.619671e-02	-7.858081e-01	7.173841e-01	5.273141e-02	4.765285e-01	1.096695e+01
42	-7.331411e-02	2.729587e+00	-7.294886e-02	2.678160e+01	-9.320460e-02	-5.882316e-02	-9.313816e-02	-9.460167e-01	7.184039e-01	5.337497e-02	4.878154e-01	1.097407e+01
43	-2.265777e-01	2.864196e+00	-2.259776e-01	2.920333e+01	-1.532636e-01	1.346096e-01	-1.530288e-01	2.421728e+00	7.219774e-01	5.023636e-02	4.151241e-01	1.103792e+01
44	-4.971008e-01	2.664196e+00	-4.960417e-01	2.749411e+01	-2.705230e-01	-2.000000e-01	-2.700641e-01	-1.709214e+00	7.298466e-01	5.605413e-02	3.408567e-01	1.098301e+01
45	-6.464849e-01	2.681359e+00	-6.458973e-01	2.700421e+01	-1.493842e-01	1.716307e-02	-1.498556e-01	-4.899037e-01	7.327788e-01	5.571725e-02	3.848839e-01	1.097795e+01
46	-6.579506e-01	2.831477e+00	-6.579035e-01	2.851435e+01	-1.146568e-02	1.501180e-01	-1.200626e-02	1.510136e+00	7.328432e-01	5.487338e-02	3.856025e-01	1.096854e+01
47	-7.383094e-01	2.778230e+00	-7.379953e-01	2.813251e+01	-8.035877e-02	-5.324752e-02	-8.009177e-02	-3.818397e-01	7.335377e-01	5.533357e-02	3.767425e-01	1.096267e+01
48	-8.434248e-01	2.748628e+00	-8.430130e-01	2.827282e+01	-1.051154e-01	-2.960216e-02	-1.050177e-01	1.403118e-01	7.348418e-01	5.570082e-02	3.517056e-01	1.095562e+01
49	-8.510590e-01	2.673742e+00	-8.510276e-01	2.670982e+01	-7.634177e-03	-7.488517e-02	-8.014581e-03	-1.563000e+00	7.348354e-01	5.563816e-02	3.543811e-01	1.098187e+01
50	-8.443637e-01	2.858260e+00	-8.443898e-01	2.778947e+01	6.695281e-03	1.845180e-01	6.637820e-03	1.079647e+00	7.348087e-01	5.490149e-02	3.514134e-01	1.090008e+01
51	-8.859818e-01	2.931555e+00	-8.858193e-01	2.748853e+01	-4.161806e-02	7.329429e-02	-4.142957e-02	-3.009317e-01	7.351017e-01	5.438555e-02	3.727907e-01	1.086243e+01
52	-8.910302e-01	3.056296e+00	-8.910098e-01	2.957610e+01	-5.048379e-03	1.247417e-01	-5.190493e-03	2.087569e+00	7.351213e-01	5.389970e-02	3.710431e-01	1.090561e+01
53	-8.163916e-01	2.856296e+00	-8.166831e-01	2.875236e+01	7.463857e-02	-2.000000e-01	7.432674e-02	-8.237395e-01	7.361695e-01	5.109106e-02	4.171348e-01	1.078211e+01
54	-7.064692e-01	2.656296e+00	-7.068997e-01	2.712413e+01	1.099224e-01	-2.000000e-01	1.097833e-01	-1.628234e+00	7.381582e-01	4.747268e-02	4.416798e-01	1.073745e+01
55	-4.690272e-01	2.651914e+00	-4.699564e-01	2.645845e+01	2.374420e-01	-4.382027e-03	2.369433e-01	-6.656811e-01	7.449461e-01	4.734741e-02	3.623175e-01	1.073891e+01
56	4.912038e-02	2.789151e+00	4.709273e-02	2.819507e+01	5.181476e-01	1.372364e-01	5.170492e-01	1.736622e+00	7.717518e-01	5.444718e-02	3.784833e-01	1.074319e+01
57	5.121896e-01	2.657966e+00	5.103728e-01	2.721517e+01	4.630692e-01	-1.311849e-01	4.632801e-01	-9.798953e-01	7.940366e-01	4.813402e-02	4.285900e-01	1.072900e+01
58	5.777201e-01	2.612884e+00	5.774570e-01	2.740603e+01	6.553050e-02	-4.508164e-02	6.708421e-02	1.908505e-01	7.945710e-01	4.776643e-02	4.486484e-01	1.071520e+01
59	1.661589e-01	2.502720e+00	1.677655e-01	2.612694e+01	-4.115612e-01	-1.101647e-01	-4.096915e-01	-1.279088e+00	8.084456e-01	5.148033e-02	4.332360e-01	1.071107e+01
60	3.447030e-02	2.575175e+00	3.499098e-02	2.638852e+01	-1.316886e-01	7.245559e-02	-1.327745e-01	2.615842e-01	8.103038e-01	5.045796e-02	4.615302e-01	1.069551e+01
61	2.156520e-01	2.633294e+00	2.149462e-01	2.518273e+01	1.811817e-01	5.811872e-02	1.799553e-01	-1.205797e+00	8.128575e-01	5.127713e-02	2.999891e-01	1.064369e+01
62	6.721124e-03	2.833294e+00	7.534503e-03	2.631480e+01	-2.089308e-01	2.000000e-01	-2.074117e-01	1.132076e+00	8.174143e-01	4.691514e-02	3.889585e-01	1.055852e+01
63	-2.607231e-01	2.902667e+00	-2.596753e-01	2.814469e+01	-2.674443e-01	6.937303e-02	-2.672098e-01	1.829889e+00	8.237592e-01	4.526934e-02	2.419441e-01	1.059666e+01
64	-4.293514e-01	2.702667e+00	-4.286886e-01	2.616025e+01	-1.686282e-01	-2.000000e-01	-1.690133e-01	-1.984438e+00	8.253895e-01	4.720296e-02	2.283371e-01	1.058052e+01
65	-5.402081e-01	2.676481e+00	-5.397725e-01	2.556879e+01	-1.108568e-01	-2.618606e-02	-1.110839e-01	-5.914574e-01	8.263494e-01	4.742971e-02	2.434612e-01	1.058409e+01
66	-5.588518e-01	2.710782e+00	-5.587773e-01	2.616080e+01	-1.864365e-02	3.430134e-02	-1.900475e-02	5.920004e-01	8.263956e-01	4.734463e-02	2.413951e-01	1.058789e+01
67	-6.802984e-01	2.611689e+00	-6.798237e-01	2.470884e+01	-1.214466e-01	-9.909296e-02	-1.210464e-01	-1.451952e+00	8.273070e-01	4.808823e-02	2.626769e-01	1.060526e+01
68	-7.155444e-01	2.698952e+00	-7.154049e-01	2.562532e+01	-3.524608e-02	8.726255e-02	-3.558123e-02	9.164718e-01	8.274840e-01	4.765004e-02	2.626720e-01	1.060527e+01
69	-7.196348e-01	2.624491e+00	-7.196182e-01	2.376557e+01	-4.090325e-03	-7.446085e-02	-4.213336e-03	-1.859750e+00	8.274787e-01	4.755413e-02	2.647432e-01	1.064297e+01
70	-7.659441e-01	2.820394e+00	-7.657631e-01	2.605513e+01	-4.630934e-02	1.959028e-01	-4.614490e-02	2.289566e+00	8.278482e-01	4.599078e-02	2.600682e-01	1.066275e+01
71	-8.029865e-01	2.628878e+00	-8.028410e-01	2.582332e+01	-3.704235e-02	-1.915156e-01	-3.707790e-02	-2.318125e-01	8.278069e-01	4.577693e-02	2.286446e-01	1.050028e+01
72	-7.992096e-01	2.428878e+00	-7.992238e-01	2.373236e+01	3.776877e-03	-2.000000e-01	3.617288e-03	-2.090956e+00	8.278239e-01	4.487852e-02	2.286591e-01	1.049952e+01
73	-7.960524e-01	2.461366e+00	-7.960648e-01	2.195710e+01	3.157155e-03	3.248797e-02	3.158952e-03	-1.775261e+00	8.278225e-01	4.486444e-02	2.254859e-01	1.046686e+01
74	-8.134688e-01	2.661366e+00	-8.134008e-01	2.318342e+01	-1.741634e-02	2.000000e-01	-1.733597e-02	1.226320e+00	8.279189e-01	4.375709e-02	2.324853e-01	1.038649e+01
75	-8.293542e-01	2.743074e+00	-8.292918e-01	2.355530e+01	-1.588539e-02	8.170798e-02	-1.589106e-02	3.718761e-01	8.279664e-01	4.351286e-02	2.360427e-01	1.036819e+01
76	-8.261304e-01	2.740468e+00	-8.261428e-01	2.404528e+01	3.223731e-03	-2.606475e-03	3.149064e-03	4.899803e-01	8.279673e-01	4.351213e-02	2.368332e-01	1.036755e+01
77	-8.289788e-01	2.572795e+00	-8.289677e-01	2.262540e+01	-2.848347e-03	-1.676724e-01	-2.824920e-03	-1.419879e+00	8.279582e-01	4.297576e-02	2.364074e-01	1.034248e+01
78	-8.461151e-01	2.544213e+00	-8.460481e-01	2.274494e+01	-1.713636e-02	-2.858236e-02	-1.708046e-02	1.195443e-01	8.279717e-01	4.299834e-02	2.329970e-01	1.033679e+01
79	-8.450519e-01	2.452958e+00	-8.450558e-01	2.216440e+01	1.063246e-03	-9.125475e-02	9.923717e-04	-5.805462e-01	8.279738e-01	4.282413e-02	2.331793e-01	1.032115e+01
80	-8.404444e-01	2.399165e+00	-8.404624e-01	2.142163e+01	4.607467e-03	-5.379348e-02	4.593345e-03	-7.427694e-01	8.279805e-01	4.274549e-02	2.327671e-01	1.032596e+01
81	-8.446830e-01	2.439040e+00	-8.446665e-01	2.152026e+01	-4.238567e-03	3.987500e-02	-4.204067e-03	9.863544e-02	8.279853e-01	4.270008e-02	2.333950e-01	1.032005e+01
82	-8.494916e-01	2.445910e+00	-8.494728e-01	2.069641e+01	-4.808655e-03	6.870472e-03	-4.806293e-03	-8.238552e-01	8.279879e-01	4.269644e-02	2.354361e-01	1.031714e+01
83	-8.446864e-01	2.564520e+00	-8.447051e-01	2.304129e+01	4.805265e-03	1.186096e-01	4.767720e-03	2.344883e+00	8.279782e-01	4.245726e-02	2.379747e-01	1.037980e+01
84	-8.386542e-01	2.364520e+00	-8.386778e-01	1.941840e+01	6.032197e-03	-2.000000e-01	6.027257e-03	-3.622887e+00	8.280049e-01	4.157022e-02	2.336253e-01	1.052401e+01
85	-8.362301e-01	2.564520e+00	-8.362396e-01	2.066577e+01	2.424106e-03	2.000000e-01	2.438181e-03	1.247366e+00	8.279960e-01	4.083602e-02	2.326567e-01	1.044409e+01
86	-8.340842e-01	2.568151e+00	-8.340926e-01	2.111737e+01	2.145886e-03	3.631326e-03	2.147028e-03	4.515999e-01	8.279963e-01	4.083640e-02	2.330778e-01	1.044481e+01
87	-8.213549e-01	2.391612e+00	-8.214047e-01	1.938756e+01	1.272927e-02	-1.765389e-01	1.268794e-02	-1.729812e+00	8.280520e-01	4.006383e-02	2.337394e-01	1.043563e+01
88	-8.117538e-01	2.397027e+00	-8.117915e-01	2.052962e+01	9.601078e-03	5.415253e-03	9.613136e-03	1.142064e+00	8.280586e-01	4.006755e-02	2.386796e-01	1.043842e+01
89	-8.039231e-01	2.197027e+00	-8.039538e-01	1.945586e+01	7.830766e-03	-2.000000e-01	7.837729e-03	-1.073763e+00	8.280927e-01	3.919517e-02	2.423701e-01	1.034416e+01
90	-7.887416e-01	2.039636e+00	-7.888010e-01	1.768221e+01	1.518144e-02	-1.573919e-01	1.515276e-02	-1.773645e+00	8.281550e-01	3.854908e-02	2.413072e-01	1.035518e+01
91	-7.692943e-01	2.127996e+00	-7.693705e-01	1.871878e+01	1.944729e-02	8.836080e-02	1.943052e-02	1.036570e+00	8.281543e-01	3.854569e-02	2.423825e-01	1.036007e+01
92	-7.567462e-01	2.031161e+00	-7.567955e-01	1.716845e+01	1.254812e-02	-9.683587e-02	1.257501e-02	-1.550332e+00	8.281894e-01	3.827487e-02	2.391190e-01	1.038525e+01
93	-7.439414e-01	2.136889e+00	-7.439916e-01	1.767518e+01	1.280480e-02	1.057285e-01	1.280390e-02	5.067298e-01	8.281782e-01	3.818260e-02	2.355244e-01	1.035557e+01
94	-7.314931e-01	2.143301e+00	-7.315419e-01	1.846470e+01	1.244829e-02	6.412342e-03	1.244968e-02	7.895146e-01	8.281894e-01	3.818837e-02	2.397823e-01	1.035776e+01
95	-7.063929e-01	1.943301e+00	-7.064912e-01	1.645708e+01	2.510018e-02	-2.000000e-01	2.505076e-02	-2.007619e+00	8.283285e-01	3.708031e-02	2.404591e-01	1.035237e+01
96	-6.740986e-01	1.958645e+00	-6.742251e-01	1.555723e+01	3.229439e-02	1.534376e-02	3.226610e-02	-8.998432e-01	8.284043e-01	3.711634e-02	2.241103e-01	1.034460e+01
97	-6.447928e-01	2.114555e+00	-6.449078e-01	1.559422e+01	2.930575e-02	1.559094e-01	2.931731e-02	3.698971e-02	8.283941e-01	3.706175e-02	2.023567e-01	1.022887e+01
98	-6.268900e-01	2.271681e+00	-6.269604e-01	1.565817e+01	1.790277e-02	1.571262e-01	1.794735e-02	6.394595e-02	8.283713e-01	3.686224e-02	1.893646e-01	1.011485e+01
99	-5.974500e-01	2.386391e+00	-5.975653e-01	1.753856e+01	2.944003e-02	1.147101e-01	2.939514e-02	1.880392e+00	8.283821e-01	3.690441e-02	1.992872e-01	1.015351e+01
100	-5.302061e-01	2.186391e+00	-5.304692e-01	1.690097e+01	6.724390e-02	-2.000000e-01	6.709606e-02	-6.375911e-01	8.289687e-01	3.515978e-02	2.423966e-01	1.002529e+01
101	-4.097241e-01	1.986391e+00	-4.101957e-01	1.494178e+01	1.204820e-01	-2.000000e-01	1.202735e-01	-1.959191e+00	8.304968e-01	3.262312e-02	2.433249e-01	1.002375e+01
102	-3.217583e-01	1.917971e+00	-3.221037e-01	1.460980e+01	8.796582e-02	-6.842021e-02	8.809202e-02	-3.319833e-01	8.312139e-01	3.206535e-02	2.571298e-01	1.001301e+01
103	-2.675937e-01	1.797377e+00	-2.678066e-01	1.476150e+01	5.416458e-02	-1.205938e-01	5.429711e-02	1.516990e-01	8.315491e-01	3.131909e-02	2.914415e-01	9.936618e+00
104	-1.682656e-01	1.597377e+00	-1.686545e-01	1.318705e+01	9.932806e-02	-2.000000e-01	9.915215e-02	-1.574449e+00	8.325996e-01	2.920395e-02	3.091149e-01	9.901033e+00
105	-8.728782e-02	1.528038e+00	-8.760565e-02	1.260146e+01	8.097782e-02	-6.933872e-02	8.104882e-02	-5.855919e-01	8.331982e-01	2.869136e-02	3.120179e-01	9.898547e+00
106	-4.442982e-02	1.495730e+00	-4.459848e-02	1.394232e+01	4.285799e-02	-3.230823e-02	4.300718e-02	1.340862e+00	8.333654e-01	2.856532e-02	3.455045e-01	9.873303e+00
107	-9.792222e-03	1.295730e+00	-9.928184e-03	1.150451e+01	3.463760e-02	-2.000000e-01	3.467029e-02	-2.437804e+00	8.335511e-01	2.749323e-02	3.378454e-01	9.917528e+00
108	3.733377e-02	1.346888e+00	3.714915e-02	1.350630e+01	4.712599e-02	5.115837e-02	4.707733e-02	2.001785e+00	8.336938e-01	2.764811e-02	3.708615e-01	9.953369e+00
109	7.603293e-02	1.146888e+00	7.588104e-02	1.254727e+01	3.869916e-02	-2.000000e-01	3.873189e-02	-9.590282e-01	8.339098e-01	2.653144e-02	3.891814e-01	9.858690e+00
110	8.859234e-02	9.468882e-01	8.854268e-02	9.889826e+00	1.255941e-02	-2.000000e-01	1.266165e-02	-2.657445e+00	8.339537e-01	2.583348e-02	3.851426e-01	9.923006e+00
111	8.685180e-02	1.039740e+00	8.685840e-02	1.199475e+01	-1.740538e-03	9.285176e-02	-1.684280e-03	2.104929e+00	8.339558e-01	2.571792e-02	3.841677e-01	9.975011e+00
112	8.585312e-02	8.397400e-01	8.585704e-02	8.311687e+00	-9.986838e-04	-2.000000e-01	-1.001362e-03	-3.683067e+00	8.339535e-01	2.525455e-02	3.849526e-01	1.013220e+01
113	8.673189e-02	1.039740e+00	8.672847e-02	1.046198e+01	8.787700e-04	2.000000e-01	8.714257e-04	2.150291e+00	8.339515e-01	2.479703e-02	3.850031e-01	1.014370e+01
114	8.471605e-02	8.397400e-01	8.472391e-02	8.774580e+00	-2.015837e-03	-2.000000e-01	-2.004558e-03	-1.687397e+00	8.339472e-01	2.436525e-02	3.846820e-01	1.011184e+01
115	7.978951e-02	7.491909e-01	7.980879e-02	7.567759e+00	-4.926539e-03	-9.054903e-02	-4.915125e-03	-1.206821e+00	8.339439e-01	2.430530e-02	3.853562e-01	1.012423e+01
116	7.508020e-02	7.757984e-01	7.509867e-02	7.955900e+00	-4.709314e-03	2.660750e-02	-4.710118e-03	3.881413e-01	8.339471e-01	2.428724e-02	3.850866e-01	1.012575e+01
117	7.285327e-02	6.656849e-01	7.286204e-02	6.290219e+00	-2.226930e-03	-1.101135e-01	-2.236630e-03	-1.665682e+00	8.339447e-01	2.416793e-02	3.856647e-01	1.015434e+01
118	7.155910e-02	7.378621e-01	7.156419e-02	6.759625e+00	-1.294171e-03	7.217722e-02	-1.297852e-03	4.694068e-01	8.339459e-01	2.410081e-02	3.858260e-01	1.014534e+01
119	6.956298e-02	6.716658e-01	6.957080e-02	4.912509e+00	-1.996118e-03	-6.619629e-02	-1.993390e-03	-1.847117e+00	8.339447e-01	2.406107e-02	3.869374e-01	1.018220e+01
120	6.787544e-02	8.265677e-01	6.788206e-02	6.653844e+00	-1.687536e-03	1.549019e-01	-1.688731e-03	1.741335e+00	8.339479e-01	2.376963e-02	3.868069e-01	1.019418e+01
121	6.528781e-02	6.265677e-01	6.529794e-02	5.423153e+00	-2.587632e-03	-2.000000e-01	-2.584121e-03	-1.230691e+00	8.339426e-01	2.336655e-02	3.858318e-01	1.011882e+01
122	6.249493e-02	4.323865e-01	6.250588e-02	2.749254e+00	-2.792876e-03	-1.941813e-01	-2.792060e-03	-2.673899e+00	8.339373e-01	2.299770e-02	3.867536e-01	1.018291e+01
123	6.060990e-02	5.755175e-01	6.061731e-02	4.527038e+00	-1.885030e-03	1.431310e-01	-1.888573e-03	1.777784e+00	8.339405e-01	2.275487e-02	3.864691e-01	1.020451e+01
124	6.082938e-02	3.755175e-01	6.082855e-02	3.649640e+00	2.194733e-04	-2.000000e-01	2.112387e-04	-8.773981e-01	8.339410e-01	2.232838e-02	3.865880e-01	1.009615e+01
